0,0,0,0,-0.156995531499447,0.04368482859422845,-0.09861248629809816,0.9984082640725868,-0.054630444812576326,-0.014016159643242309,0.0534205618393116,0.9957032057194263,-0.07563973620280764,0.018088167522916938,0.07477058659418205,0.997036698209261,162,162,83,96,162,162,83,96,230417_150121
0,0,0,0,-0.15743663506186664,0.04243423770126514,-0.09937525549853032,0.9984816732505368,-0.05495572472396335,-0.0037704778042740926,0.05467588099267105,0.9970689709272746,-0.05351649513654993,0.006700464199127241,0.05322908541473461,0.9985598471025294,162,157,147,99,145,161,141,105,230417_150122
0,0,0,0,-0.16462422582121453,0.042620708153142256,-0.10442817207168653,0.9984546452727352,-0.04220686591129434,0.036151096847025666,0.04003976543953259,0.9974720289093356,0.0587057810359499,-0.03853749494770272,-0.05716757834157154,0.9976205338051719,104,144,162,104,113,133,162,147,230417_150122
0,0,0,0,-0.16044189248055096,0.044325802381860846,-0.1043048349695822,0.9990733738139487,-0.04257274990417033,-0.006320973153773709,0.042606168973271935,0.9990781513627542,0.0052499366663316185,0.006091641932577361,-0.005514384387806702,0.9999662411618648,109,93,162,82,118,94,162,106,230417_150122
0,0,0,0,-0.15895919935147107,0.0448824784022083,-0.10410934287224738,0.9979385847280493,-0.04640601391345191,-0.044329030935085084,0.04532483576983077,0.9986571293333762,-0.025091777419290417,0.04543391215179529,0.023030846799149473,0.9987018272348844,162,100,144,159,162,121,162,154,230417_150122
0,0,0,0,-0.16033584797401831,0.045363440786427484,-0.09777123567702661,0.9987657212678024,-0.044858659096175965,-0.021324509947466194,0.042894756329079214,0.9954555730942536,-0.0850190677146038,0.025041443645993203,0.08399942082945881,0.9961511047027153,162,147,125,109,18,162,18,162,230417_150122
0,0,0,0,-0.1597705555721713,0.04794062491064058,-0.1014751850653769,0.9992006387385799,-0.03802356646517257,-0.012340661962882592,0.037676733206973845,0.998919303240691,-0.027215609270844925,0.013362159977491739,0.026728898338714904,0.9995534096156816,162,162,162,80,162,162,162,115,230417_150122
0,0,0,0,-0.1611866388689237,0.052201973201925156,-0.10777067752776504,0.9976568686780574,-0.06752475885167046,-0.01100814796037828,0.06771961870445746,0.9975345145681931,0.01841047222977573,0.009737844834289789,-0.01911280165816141,0.9997699111249345,104,152,154,162,31,146,138,162,230417_150123
0,0,0,0,-0.16054119335538783,0.04970399110825685,-0.10125680018492822,0.997993823168126,-0.06153947923194522,0.014873513846042793,0.06214963302824448,0.9970608366644937,-0.044800793568359386,-0.012072780654101632,0.04563529868162503,0.9988852123650228,105,89,162,162,18,18,18,90,230417_150123
0,0,0,0,-0.15892855615916188,0.05435312245099555,-0.10223437573687966,0.9978726150992576,-0.060863527865443245,-0.02336396821478119,0.06079972229274178,0.9981440842933955,-0.0034323110618028237,0.02352950921915566,0.002004486435960187,0.9997211332316797,152,84,162,138,159,92,162,162,230417_150123
0,0,0,0,-0.15439903600599564,0.052818589748847705,-0.10131529065361722,0.9999876684898994,-0.004527658537605314,-0.002040386311948959,0.0045144123423212345,0.999969005027442,-0.006450508943483824,0.002069528772121072,0.006441218253817788,0.9999771136171408,162,126,148,154,162,162,108,162,230417_150123
0,0,0,0,-0.16233417238353928,0.053922165392133334,-0.1076552945736291,0.9978536744451549,-0.06267187152586064,0.01898106729741901,0.06274279713017288,0.9980247147364569,-0.0031638874027310167,-0.018745287530073793,0.0043480219251020875,0.9998148373077654,162,162,99,112,162,150,120,122,230417_150123
0,0,0,0,-0.15792233489767873,0.056308467110960964,-0.10100757062358301,0.99749862586005,-0.061077665564058,0.03558103675495125,0.0640916767082229,0.9938005493872342,-0.09084451009478185,-0.02981188326893811,0.09289772229111609,0.995229252388153,162,162,122,92,162,146,149,72,230417_150124
0,0,0,0,-0.1636139476622726,0.054883804821211246,-0.10187301951939176,0.9963160821192082,-0.07694170798963725,0.03787133589230666,0.07690022255607842,0.9970355247738473,0.0025530589032296187,-0.037955503967885294,0.00036866051472901764,0.9992793622445972,162,162,162,18,162,162,162,41,230417_150124
0,0,0,0,-0.16249832304882536,0.054759257042971604,-0.10370437706441671,0.9968236755543941,-0.0794997468004892,-0.004727590600556163,0.07951703385577986,0.9968270489444658,0.0035882892091723627,0.004427322103393881,-0.0039528156202799265,0.9999823868787214,59,136,162,133,85,127,162,141,230417_150124
0,0,0,0,-0.15919518827285503,0.05645007530786059,-0.10635433384292314,0.9963285608949922,-0.08119768789193907,-0.027135479098720907,0.08100765259421255,0.9966811125961039,-0.008032435207877534,0.027697634665962874,0.0058047631473402365,0.999599492676299,119,84,162,160,106,18,162,162,230417_150124
0,0,0,0,-0.16050307402490796,0.059156013066241936,-0.09951579033684355,0.9954692278085886,-0.09392484418769631,0.01480338240031557,0.09428755348419732,0.9952034113909828,-0.026077331414766182,-0.012283067374956453,0.02735495567658268,0.9995503152196965,162,84,136,162,162,100,162,154,230417_150124
0,0,0,0,-0.16223233358688813,0.06213414680905999,-0.10819725268241676,0.9953515115223716,-0.09405156466074552,-0.020728523705174164,0.09437452779005957,0.9954208149589164,0.015193737227239412,0.019204609200233605,-0.017079353951267282,0.9996696847729621,138,162,112,120,138,162,101,144,230417_150124
0,0,0,0,-0.16213535943583668,0.061165084221301735,-0.09849932805100359,0.9975268264067677,-0.06769628041578854,-0.01890619519389048,0.06635892860548628,0.9957324203041477,-0.06413610332391384,0.023167287134546875,0.06272288874972752,0.9977620538152945,162,114,96,80,143,162,119,68,230417_150125
0,0,0,0,-0.1617510003896794,0.0655275443082371,-0.10284292948669382,0.995686618313808,-0.09171518852103691,-0.0140172146078952,0.09162284412003008,0.995768502893379,-0.007095285817705926,0.014608646281220553,0.005780384072785334,0.9998765796906143,162,162,162,18,162,162,162,162,230417_150125
0,0,0,0,-0.16333306330862768,0.06087868334249168,-0.10005529305406058,0.9965961159286818,-0.07858324426583031,0.024916970853665493,0.07885935509183258,0.996832562270855,-0.010297810982057636,-0.02402881250428118,0.012227694679648413,0.9996364837541972,71,162,154,162,76,162,154,162,230417_150125
0,0,0,0,-0.16153789535236762,0.06198005170742067,-0.10651260465935974,0.9960920382440801,-0.08272522674824641,-0.030938458368269892,0.08336295638600492,0.9963200843347871,0.019922526288291897,0.02917651194606609,-0.022423791173080257,0.9993227230179883,67,112,162,142,90,107,162,162,230417_150125
0,0,0,0,-0.1625660502282394,0.06536759996762612,-0.10564450563684524,0.9948352787354277,-0.10010307838040523,-0.01679707957268247,0.10047098050084192,0.9946807609729107,0.022710478364658608,0.014434343095684409,-0.024280804128338065,0.999600966531284,120,67,128,128,120,88,162,122,230417_150125
0,0,0,0,-0.16055739416838702,0.06638058688436291,-0.10162811375740788,0.995482147064955,-0.08899380498537912,-0.033096790617395865,0.08942146348213893,0.9959254945176509,0.011670957050917674,0.03192329468679503,-0.014577792836919862,0.9993840058817951,162,100,162,138,162,106,137,162,230417_150125
0,0,0,0,-0.16188943692100938,0.06419482020004655,-0.10200449248978882,0.9965096026077204,-0.08226413574674904,-0.014185340335827638,0.08231805602485456,0.9966007806247126,0.0032590965775797683,0.013869014488843255,-0.004415430675880484,0.9998940715941138,138,162,100,125,162,135,100,143,230417_150126
0,0,0,0,-0.16117867691934656,0.06684946245894344,-0.10561111510574728,0.9956305449403409,-0.08984703551342595,-0.025442645130739322,0.09026359408176861,0.9957937652005802,0.01572452769060143,0.02392282519355179,-0.01795236466597057,0.9995526054378824,120,120,136,90,18,90,162,82,230417_150126
0,0,0,0,-0.16042722851935098,0.06967326173711766,-0.10027880921991128,0.9929281972235217,-0.11215632146435425,0.038917280403862345,0.11527995283798603,0.9892099378924077,-0.09041145529505883,-0.02835714428711335,0.09425846556401761,0.9951438157559925,162,162,162,144,162,162,162,18,230417_150126
0,0,0,0,-0.15991841371169502,0.06758391734618714,-0.10594024064550622,0.9951185708031052,-0.09680499886097968,-0.019178692299308853,0.09677772208400566,0.9953032511963231,-0.0023474808329958866,0.01931586267856035,0.0004799516182414648,0.9998133161222784,65,145,162,149,18,146,138,162,230417_150126
0,0,0,0,-0.15745746611927078,0.06737510437281342,-0.10276660406857285,0.996737282977419,-0.07577915262890571,-0.027790443494800185,0.07373966174985767,0.9949396104463915,-0.0682468596332341,0.03282150221743936,0.06597493153938593,0.9972813331254946,130,40,156,162,124,92,162,114,230417_150126
0,0,0,0,-0.1566847897576753,0.0700629509196311,-0.10119547121870709,0.9938732233499973,-0.10873606577857867,0.019811206598364276,0.10972286455076968,0.9922415202843622,-0.05846074254190652,-0.013300710607327267,0.060276308967738584,0.9980931107239274,162,123,162,154,162,102,136,146,230417_150126
0,0,0,0,-0.15903082902346827,0.07141958374789902,-0.10520984743729123,0.9932052702316018,-0.11575385300517667,-0.01201402091835334,0.1159669479767832,0.9930734997767897,0.01888626532770848,0.009744647819220343,-0.020151167597303107,0.9997494547552125,161,129,18,162,162,162,129,114,230417_150126
0,0,0,0,-0.16018742686221946,0.0720188938026867,-0.10492174655890463,0.9941930520535801,-0.09908861360988433,-0.04197167975264552,0.09863090203389456,0.995041190376416,-0.012844244558009171,0.04303626856928959,0.008629954064568634,0.999036237320987,162,162,162,74,162,162,160,76,230417_150127
0,0,0,0,-0.15908390164132366,0.07277611806896953,-0.10253629080166493,0.9943723607752715,-0.10495731258212747,-0.01440731278729557,0.10418780760513845,0.9934687313392612,-0.046527202769919666,0.019196584921496986,0.044764298125804965,0.9988131200282943,162,162,162,162,162,162,162,18,230417_150127
0,0,0,0,-0.16069139146842723,0.07384948315408456,-0.10815422235085903,0.9895726913283319,-0.10857497649862467,-0.09464334659934873,0.10609436083354759,0.9938766333605452,-0.0308743301017258,0.09741599035334152,0.020511268567118334,0.9950323676570754,96,104,162,140,83,111,106,18,230417_150127
0,0,0,0,-0.1602567134106266,0.07407758763825731,-0.10523219224081348,0.9938896800341888,-0.10998942849666994,-0.009253623101955332,0.10991552020061988,0.9939075173912398,-0.008150171299337702,0.010093678247502732,0.0070832543479306745,0.9999239696933354,130,75,162,122,132,80,156,162,230417_150127
0,0,0,0,-0.157935828064078,0.07631295118442348,-0.10002479317024127,0.9901464530524223,-0.13655832004154572,-0.031013331571076955,0.1357336459622751,0.9903689312632663,-0.02730855804035975,0.034443850851709444,0.022829919314059244,0.9991458431693637,154,162,108,141,146,162,162,146,230417_150127
0,0,0,0,-0.16172991571914505,0.07424681048668691,-0.09966590520449337,0.9906312861608879,-0.13573777938660708,-0.014997003914707412,0.13578401504491935,0.9907362278899359,0.0021042824670097914,0.014572444458833673,-0.004120921451923106,0.9998853243591894,159,143,124,96,18,58,104,104,230417_150127
0,0,0,0,-0.16172408896817492,0.0768127666929333,-0.10437327303329436,0.9905793188054153,-0.1353945585205067,-0.0205164977039696,0.13483593228769472,0.9905126636855661,-0.026531762900985703,0.02391410711500744,0.02351545452597213,0.9994374111865779,162,162,162,54,162,162,162,21,230417_150128
0,0,0,0,-0.16275741163740284,0.07870977762859692,-0.10299108161178094,0.9906258641046244,-0.13209659217159703,0.03479781176478553,0.13400509249952258,0.9891715593099487,-0.05985199609470891,-0.02651476100516818,0.06395401933402867,0.997600546741962,162,162,162,93,162,162,162,18,230417_150128
0,0,0,0,-0.1617149133495454,0.07881023824310619,-0.10224711111908225,0.9908261691501957,-0.12458817230066564,0.052357328521675205,0.12637236476437258,0.9914581530301678,-0.03226075346095892,-0.0478907919229506,0.03858131818365013,0.9981071855949164,83,138,162,146,77,130,162,142,230417_150128
0,0,0,0,-0.15989511427847086,0.07859729951648864,-0.1062148867613486,0.9922533660931497,-0.11472050445125108,0.047670361182430135,0.11481801844252351,0.993386298098535,0.0006967000933300712,-0.04743500941019248,0.004782113396641845,0.9988628791149046,115,86,162,106,116,78,160,162,230417_150128
0,0,0,0,-0.1623174758976983,0.08140063183549501,-0.10234453773196761,0.9901847317958385,-0.13693605037720735,-0.027977044616871758,0.13664300198550805,0.9905459671941506,-0.012139888129339874,0.029374937051706032,0.008197864508250047,0.9995348458611698,162,88,120,156,162,92,162,154,230417_150128
0,0,0,0,-0.16727905873534019,0.08246971287048281,-0.10457928828502205,0.987451393418148,-0.15635461905889703,0.022203124453658164,0.15632714836573133,0.9877008414538843,0.002978334287393927,-0.02239572102871903,0.0005299907884976811,0.9997490439052032,138,162,112,120,138,162,103,139,230417_150128
0,0,0,0,-0.16129391176947444,0.08439967288260174,-0.10356404410648012,0.9941582009222361,-0.10123276219693433,-0.03743526942659515,0.1000975317353885,0.9944929282514986,-0.0310531769428389,0.04037270958885219,0.027124592452961213,0.9988164500070645,162,162,130,56,160,162,135,60,230417_150129
0,0,0,0,-0.1647050822622738,0.0853484724918379,-0.10719161132533139,0.9897111481141504,-0.13923190904551075,-0.032959350753813725,0.13854681997014978,0.9901061242615354,-0.022240534525036246,0.03572984711314834,0.017445291724224342,0.9992092072343649,162,162,162,44,162,162,162,162,230417_150129
0,0,0,0,-0.1650581364073115,0.08544393181862733,-0.10412057855528833,0.9912484587126197,-0.1307675847335687,-0.018064658391590046,0.13084185613472615,0.9913987510414863,0.002987493364306992,0.017518612475755528,-0.005324961627178865,0.999832357448284,147,162,162,66,112,162,162,95,230417_150129
0,0,0,0,-0.1631639719568051,0.08472697836087403,-0.10956698900207984,0.9896327644792156,-0.1370718120206802,-0.042875515374076016,0.13800490860383013,0.9902375122646775,0.019603941060692368,0.039769795957155255,-0.02531773396712206,0.9988880696435893,72,128,146,162,85,123,162,162,230417_150129
0,0,0,0,-0.1637396266353934,0.08816808891119304,-0.10377446800970447,0.9884989323676756,-0.15063987805944234,-0.013322456462730878,0.15022793274251597,0.988258982233757,-0.02785232949340372,0.01736170878326968,0.025530592874734033,0.9995232663102892,130,90,162,114,123,76,160,162,230417_150129
0,0,0,0,-0.1634721254401067,0.08646314101681539,-0.10430086418792495,0.9894336961828701,-0.14383657020607846,-0.0182209200990165,0.14365175972056304,0.9895662493441099,-0.011081971314451653,0.019624800306975373,0.008347408602698845,0.9997725681286376,162,90,113,152,162,122,162,154,230417_150129
0,0,0,0,-0.16480782283317813,0.08609565107980997,-0.10784955948000619,0.9901467403202492,-0.13941814756921952,-0.013115363569199713,0.1399262907580747,0.9887057494138962,0.05368029648382732,0.005483227869779643,-0.05498655475906785,0.9984720391717818,162,132,100,107,146,94,96,148,230417_150130
0,0,0,0,-0.16945263977966168,0.0910018535652732,-0.10214847791451254,0.9901717553443656,-0.13985434260427498,0.0008110320485646037,0.13983778075816744,0.9899258357306997,-0.02218636575706667,0.0022999980192528963,0.022081725648181793,0.9997535233253794,162,146,136,80,162,154,142,58,230417_150130
0,0,0,0,-0.16953032915747612,0.09444367346101086,-0.10529755201355095,0.9891761959254279,-0.14656398027540515,-0.007032289835469475,0.14660667900418548,0.9891766946869278,0.0059956950896577835,0.006077424278672229,-0.006961779519289549,0.9999572983583158,162,162,162,18,162,162,162,18,230417_150130
0,0,0,0,-0.16791905769200718,0.09265115578099044,-0.11134520489114574,0.9876132167854151,-0.15637174895596348,-0.012961873291224722,0.15689145096708249,0.985334899439631,0.06708359381945748,0.002281807224158134,-0.06828625099347235,0.9976631602304699,87,120,146,95,39,114,162,152,230417_150130
0,0,0,0,-0.16842363225776197,0.0965164256721916,-0.10088996320200994,0.9863500785781113,-0.16186923520934177,-0.03019723798123558,0.16125634760359103,0.9866728707535126,-0.021749401752030967,0.03331535451563468,0.016583027822572115,0.9993073052578638,158,90,148,162,142,73,162,162,230417_150130
0,0,0,0,-0.16884651288713085,0.09707227784369842,-0.10297998752043647,0.9820342215054612,-0.18837429494086527,-0.011131612537919,0.18863793907676568,0.9815343808818868,0.03171729950170087,0.004951336489562199,-0.033247317972162516,0.9994348903828728,154,162,162,122,154,162,125,154,230417_150130
0,0,0,0,-0.16994902664197142,0.1007036809305734,-0.10290286823314787,0.982165249195754,-0.17293687983492034,-0.07378522118422573,0.17287098176137494,0.9849172226743828,-0.007327219406961676,0.07393948158528851,-0.005558783350846851,0.997247237644987,162,124,144,96,140,142,138,120,230417_150131
0,0,0,0,-0.1705779591045783,0.10274982978524942,-0.10205249241355618,0.9751298325761192,-0.20807695840284499,0.07632685636058924,0.21331194372162468,0.9745901953999416,-0.0683517790258927,-0.06016497557359888,0.0829332889262372,0.9947372745112679,162,162,162,162,162,162,162,18,230417_150131
0,0,0,0,-0.1684048126852575,0.10388097177161183,-0.10327791849213686,0.9778310251361817,-0.19721979609872262,-0.07036219373997896,0.19692475217480146,0.9803549212224149,-0.011174543207031805,0.07118376403378052,-0.0029292425251602624,0.9974589170869204,100,108,162,136,18,122,162,162,230417_150131
0,0,0,0,-0.16946560144841186,0.10496165479737991,-0.10496871165810073,0.9795423139830418,-0.1944022314076572,-0.05200603369293831,0.19548701793142906,0.9805656744809093,0.01660674110340199,0.04776694397828233,-0.026433510049217703,0.9985086822904714,145,89,90,106,132,69,159,162,230417_150131
0,0,0,0,-0.16669159133322817,0.10498224677326923,-0.10163905371350812,0.9704414516823694,-0.23620023392804412,-0.049526138037930184,0.23674328471379624,0.9715576894265723,0.005317260480935252,0.04686156206889969,-0.016885070578380592,0.9987586737505841,162,162,108,108,162,132,123,147,230417_150131
0,0,0,0,-0.17418303700278073,0.10536020471600924,-0.1047715608396993,0.9667356431485767,-0.25331780512556756,0.03538765141222327,0.25176155269603845,0.9668262808648201,0.04316321597355619,-0.04514772253600259,-0.032818169288749297,0.9984411103887635,162,82,153,97,18,82,162,82,230417_150131
0,0,0,0,-0.17110739569438418,0.11306085525556252,-0.10347159013886154,0.9678415826114816,-0.2513361641702087,-0.010620901482868228,0.2513417634465808,0.9678980502246137,-0.000826026001058729,0.010487560043506879,-0.0018700137959535706,0.9999432554563967,162,162,162,18,162,162,162,18,230417_150132
0,0,0,0,-0.17136065972270573,0.1095254422959598,-0.1043016992892204,0.97023492475608,-0.24059943079858484,-0.027497357745061634,0.24017050737543597,0.9705636243617222,-0.01801050951143771,0.03102125353026235,0.010870370979533034,0.9994596124227225,85,135,154,162,49,132,162,145,230417_150132
0,0,0,0,-0.16975313515959609,0.11213419661048124,-0.10399876546847309,0.9712398550937622,-0.22604638787163936,0.07480758255439038,0.23554839160755583,0.9580669153870758,-0.16317089462212941,-0.034786478530332565,0.17609888179905261,0.9837576351625344,162,18,162,162,156,102,137,156,230417_150132
0,0,0,0,-0.1720651776268948,0.11487105206814736,-0.1005704547424926,0.9685642514238464,-0.24873734724952465,-0.0036087320533405584,0.24852577858913352,0.9681708411343645,-0.029667486476646687,0.010873281033273521,0.027838003887604365,0.9995533088830857,162,149,134,102,149,141,18,162,230417_150132
0,0,0,0,-0.17171462685257127,0.1168427596325067,-0.10413879820946392,0.9675808691013631,-0.24781537849397195,-0.04873191901556833,0.24900047591799396,0.9682993793043535,0.019876494444831857,0.04226138594110552,-0.031366386796892555,0.9986141021624142,162,162,162,18,162,162,162,96,230417_150132
0,0,0,0,-0.17561555028717898,0.11646830689006785,-0.10582703066662535,0.9653346055540366,-0.26098646207274284,-0.0038943464900643796,0.2609871852341174,0.964902572563745,0.029132706764708794,-0.0038455771224063157,-0.029139184522199872,0.9995679664044745,162,162,162,18,125,162,162,162,230417_150132
0,0,0,0,-0.17311259520239144,0.1217854128196606,-0.10201639050287648,0.9649993328536038,-0.26095799455757335,-0.02602331010054424,0.2601254964651187,0.9650611655358479,-0.03149083776856612,0.03333187184775492,0.023619310978097528,0.9991652087958451,18,18,162,143,33,96,162,159,230417_150133
0,0,0,0,-0.17363860435954873,0.12180233854073866,-0.10456894237243641,0.96286497153563,-0.26711509779184084,-0.039250109825918804,0.2678995849273474,0.9633104081856115,0.016213262380715552,0.033479232151386325,-0.0261262705514238,0.9990978725838763,162,84,130,140,146,76,152,162,230417_150133
0,0,0,0,-0.17522011676076407,0.1216832742446235,-0.10229928010412348,0.9698910578070066,-0.24204559578140047,-0.02693075470222947,0.2418649470305539,0.9702601939537143,-0.009823615770519942,0.028507602212608146,0.0030142315316115625,0.9995890310644479,162,137,115,99,154,122,118,127,230417_150133
0,0,0,0,-0.1759759453815402,0.12168255447723125,-0.10230700044605634,0.9766197422271724,-0.2129099453188973,-0.0297192576696638,0.2142467041829355,0.9753324713453397,0.0531499772920101,0.017669998270559678,-0.058274570128791885,0.9981442008234196,162,162,162,18,162,162,162,76,230417_150133
0,0,0,0,-0.17660690009180222,0.12611558505072995,-0.10210489207019446,0.9756490404283478,-0.21591902635828725,0.03857361750903054,0.21641705224639987,0.9762577612964288,-0.00918928753837596,-0.03567365145625844,0.01731350816482116,0.9992135072279618,96,162,162,162,26,162,162,162,230417_150133
0,0,0,0,-0.1748478132410106,0.12383184258391085,-0.11283808401448792,0.9721358957383257,-0.22225116656413157,-0.07454005083125105,0.22270520838672425,0.9748831918000259,-0.0022699126015337805,0.07317233339499572,-0.014393794033391074,0.9972154372646144,117,93,162,147,94,86,162,162,230417_150133
0,0,0,0,-0.17722239190065245,0.12834507082792418,-0.10651417318488177,0.9662211911379514,-0.2577139911281474,-0.0003295038072628238,0.257618620266542,0.965827228960748,0.028467706088924547,-0.007018282405339139,-0.02759098720240546,0.9995946584177388,154,162,149,153,152,78,162,162,230417_150133
0,0,0,0,-0.17577221538358456,0.13041494753315702,-0.10735416470697068,0.9609637884236197,-0.26056035609328276,-0.09304245359547408,0.26334612686528464,0.9645178363699503,0.01881916016410195,0.08483757895872326,-0.04258690123465746,0.9954842746320265,162,136,120,70,106,18,162,114,230417_150134
0,0,0,0,-0.18198534278574713,0.13184149572601303,-0.10056239234723774,0.959729283539625,-0.2807411397625185,0.010203664114462987,0.2809212362634307,0.959300511057444,-0.028736535997828345,-0.001720852330805873,0.03044572104205825,0.9995349402284468,162,138,154,70,77,154,158,82,230417_150134
0,0,0,0,-0.1829454198441668,0.1301581487957738,-0.10315314649558405,0.9607661562606219,-0.2773517284400986,0.0021004084076942566,0.2772674180709527,0.960614331232021,0.018517167923940356,-0.007153450947391767,-0.01720829343502078,0.9998263363087598,162,162,162,18,162,162,162,52,230417_150134
0,0,0,0,-0.17940114461228251,0.13194831406856705,-0.10664276719357058,0.9610252556939717,-0.2755033226993848,-0.02298645470565359,0.27626915714133565,0.9601281208544707,0.04277083535398465,0.010286434306994474,-0.04745430144950634,0.9988204435949372,97,159,162,18,56,162,162,125,230417_150134
0,0,0,0,-0.1764812465177011,0.13245507023712783,-0.10396132570151817,0.9606817808029803,-0.2695447776051866,-0.06660427087646635,0.2690647234989074,0.9629850766498875,-0.016245513782775323,0.06851781229484397,-0.002314090616326808,0.9976472093796223,136,89,18,162,96,72,162,162,230417_150134
0,0,0,0,-0.17785657398852783,0.13483112687751334,-0.10668714620526987,0.9477844818945081,-0.31848260484131485,-0.016535002069841962,0.3189024771783015,0.9468738311715117,0.04160718558285933,0.0024053959137551235,-0.04470769795096003,0.9989972151184526,162,162,162,106,160,86,133,154,230417_150134
0,0,0,0,-0.18270580297088176,0.13307869723946078,-0.10224146131864653,0.9531547408224925,-0.3017251936536958,0.021399709396322044,0.3006099829491689,0.9527398559938115,0.04382242522034446,-0.033610685784544285,-0.035336586076364876,0.9988101158306117,162,138,125,88,159,119,102,136,230417_150135
0,0,0,0,-0.18221177350035203,0.13340783984961843,-0.1111064703009158,0.9454204551348273,-0.32573140087565805,-0.008900421126958595,0.3258078527325856,0.9453913952621822,0.009184381416609254,0.00542274012262791,-0.011582929154812672,0.9999182114761971,144,162,162,73,89,146,138,132,230417_150135
0,0,0,0,-0.1776784115388361,0.13746070199201277,-0.10480830731721291,0.9491574909511739,-0.31298564557856956,-0.03376452329055186,0.3127737453311465,0.9497577823702723,-0.011521243796940781,0.03567410269087752,0.0003748184460343888,0.9993634063284152,76,154,162,18,162,162,162,18,230417_150135
0,0,0,0,-0.17815877950977246,0.14053183981107015,-0.10845197746641233,0.9418571426904714,-0.328557368398399,-0.07039302830579205,0.3292896207360201,0.9442281162385706,-0.0012689287166064399,0.06688399239331982,-0.02198454401797337,0.9975185268384001,90,18,138,162,70,91,98,18,230417_150135
0,0,0,0,-0.1770253583071604,0.14130133932106662,-0.10477200086902227,0.9414390732247823,-0.3285175118894506,-0.0759520624316919,0.3275413444408989,0.9444973146124552,-0.02532766020992121,0.08005709892015532,-0.0010329916869550437,0.9967897440486951,162,162,113,119,148,104,130,156,230417_150135
0,0,0,0,-0.17993521211062138,0.1423289467029467,-0.0999232334211213,0.9459496662212254,-0.3240287622354331,-0.01358639834998728,0.32345115986142503,0.9456591818794943,-0.03328751885171059,0.023634215879746345,0.027093781042465598,0.9993534664314585,162,82,162,153,162,114,162,127,230417_150135
0,0,0,0,-0.18131012296969024,0.1416222936023335,-0.10309532339753302,0.9442349159287272,-0.32911708173574794,-0.010117808597461161,0.3281383972350305,0.9430863815083839,-0.05397470957263197,0.027305966401053237,0.04764476385888991,0.9984910418605344,120,112,162,162,18,122,162,130,230417_150136
0,0,0,0,-0.17902278241883035,0.1393179819698983,-0.10137457873147626,0.9444167406494999,-0.3264291439235466,-0.03900043561700434,0.3213715762285909,0.9416928948942331,-0.09967347539876953,0.06926276036461801,0.08159966729747561,0.9942555829984636,162,128,102,136,148,125,133,141,230417_150136
0,0,0,0,-1.1691492498225562,0.48107169897874286,-0.981505339373987,0.3679837048977601,0.3696610487118052,0.8531932383669049,0.2123964651545548,0.8599011245426648,-0.4641743181177858,-0.905248990344407,0.35202381322227294,0.23791490160324671,162,162,162,162,162,162,162,18,230417_150136
0,0,0,0,-0.180163244602367,0.13822551961475837,-0.10428506190227427,0.9513102664958125,-0.30823171731537363,0.0014090069134792818,0.3081862436193297,0.9510687926433188,-0.022122181261967123,0.005478695417109246,0.021479294699689448,0.999754281709126,146,146,162,162,51,162,154,162,230417_150136
0,0,0,0,-0.1779682911402503,0.14309375649230438,-0.10428894594042615,0.9504977813125431,-0.3058354138278801,-0.05494240046323668,0.3002802124072396,0.949528263718882,-0.09070760957972959,0.07991096142955902,0.06971926597243304,0.9943608309842402,154,162,162,159,129,89,162,122,230417_150136
0,0,0,0,-0.17947579966662858,0.14092121739256655,-0.10423211297484991,0.9411120339734629,-0.32910402163491964,-0.07745116173469449,0.3279041772023392,0.9442930956853552,-0.02809626334985367,0.08238319054023245,0.001045172086254506,0.9966001793757223,162,139,118,88,162,144,120,126,230417_150136
0,0,0,0,-0.17800552532247785,0.14365409074875435,-0.10955547579786429,0.9444413872397702,-0.3248864781496564,-0.049791991164558534,0.32574120570862064,0.9454070162094087,0.009911639900561145,0.0438535400180296,-0.02558026617408328,0.9987104270059215,162,162,162,18,139,162,144,88,230417_150137
0,0,0,0,-0.17994405085550266,0.14083422758128905,-0.10558325295151139,0.9427627980836423,-0.332421763334624,-0.026345356535848703,0.3299351547772083,0.9413336106695153,-0.0709494683985172,0.048384916984955416,0.05819626006361705,0.997131934662092,112,160,162,18,162,162,162,18,230417_150137
0,0,0,0,-0.11669655984401625,0.07786293850617515,-0.20832261871826174,0.8734684835302218,-0.25046142747564787,-0.4175187200908188,0.4092176509838838,0.8422960674021616,0.35082509739482065,0.2638062213114907,-0.4772906956831588,0.8382123056908908,40,84,162,18,103,66,162,162,230417_150137
0,0,0,0,-0.6038882697100642,0.385370516242177,1.486274263235051,0.4030842743116063,0.25679144249345115,-0.8783969620079626,0.3636506584801101,0.8358525715616593,0.41122825438039035,0.8398102561827089,-0.48518927613447266,0.2435366500846206,18,162,162,18,162,147,162,162,230417_150137
0,0,0,0,-0.18187111798688294,0.14561283658357838,-0.10071625527951567,0.9298602717518862,-0.3653332685155877,-0.04349112476385926,0.3642005532810832,0.9307742191774251,-0.031895295960481906,0.05213283041674398,0.01381867686760633,0.9985445469093344,158,90,146,154,123,73,142,162,230417_150137
0,0,0,0,-0.18209816203955267,0.14411382870940037,-0.10461665464807146,0.9247494507780534,-0.3759430374731107,-0.05920545465731916,0.37609440843044883,0.9265377271389641,-0.008990891808547362,0.0582361505685189,-0.013952518183241126,0.9982053285788987,146,95,79,106,159,127,117,139,230417_150137
0,0,0,0,-0.18016273785217732,0.14368150037946179,-0.11385480807433801,0.9321502230040857,-0.35262110744662795,-0.08218464781543112,0.359169182008345,0.9292255903568319,0.0868176302455498,0.04575434896148468,-0.11044526612358788,0.9928284759927066,162,162,162,18,124,154,143,76,230417_150138
0,0,0,0,-0.1841368741935287,0.1450599141807812,-0.10604250387735525,0.9436278753679983,-0.3281470458152404,-0.04342751606077011,0.33029994415530495,0.9420477367725704,0.05871974567964112,0.021642082142906447,-0.0697536949875049,0.9973294552534332,162,162,162,18,162,162,162,162,230417_150138
0,0,0,0,-0.18487059272376782,0.1491402350046416,-0.10524156502238646,0.9376665486398013,-0.33854050365410937,-0.07856061957205453,0.34097615527859204,0.9398679195550755,0.019584568482422602,0.06720643639825696,-0.045151092753496325,0.9967169476485349,107,130,162,97,18,137,162,145,230417_150138
0,0,0,0,-0.18344707015086578,0.15049694429514243,-0.10231938673213159,0.9416829597081865,-0.33545203188861455,-0.026554428953193435,0.3344376077552367,0.9417153354554441,-0.03638287353955979,0.03721142182427607,0.02538033234300891,0.9989850593557315,146,81,162,114,121,81,162,162,230417_150138
0,0,0,0,-0.18337331905926396,0.14979961173628295,-0.10427620095350065,0.9398209575298015,-0.3367065133486564,-0.05801113389994993,0.33724823114046437,0.9414156364722437,-0.0004795812621077953,0.05477406667752959,-0.01911343177324326,0.9983158209431798,162,105,118,126,138,162,112,151,230417_150138
0,0,0,0,-0.18411273842651368,0.15062338879066356,-0.10411198205054162,0.9445517843145602,-0.32829298638425713,-0.006755874413192416,0.32835044410567893,0.9444934455750693,0.010868170100735356,0.0028129350834860353,-0.012483843824777581,0.9999181171673882,132,136,138,162,135,138,146,122,230417_150138
0,0,0,0,-0.18482907466785614,0.151833379852002,-0.10747902195528869,0.9478438569781658,-0.31867684423298986,-0.006090298716561631,0.3187023615840734,0.9478472518044633,0.0037936746645059172,0.004563716631029779,-0.005536803809846309,0.9999742578157115,162,162,162,18,162,162,162,18,230417_150139
0,0,0,0,-0.1834961503271862,0.15324311192032092,-0.10575774885499734,0.9430346887139428,-0.3281129211691625,-0.05502260302853152,0.32488999529256685,0.9438429682143592,-0.06005782472837827,0.07163844527202332,0.038760318808638346,0.9966772651389517,107,107,162,149,49,109,162,162,230417_150139
0,0,0,0,-0.18547238925831877,0.15305297436477464,-0.1059586817484457,0.9454767931040612,-0.31933125600173945,-0.06404047659106991,0.3214859075525228,0.9465437482877767,0.026490447758698132,0.05215788479981344,-0.045634214331760826,0.9975956463094313,155,92,162,147,138,72,127,162,230417_150139
0,0,0,0,-0.18385582779902826,0.1570013842410878,-0.1029678662990644,0.947299099911897,-0.31962424908507864,-0.021558170212432438,0.32020867557478566,0.9467352814488195,0.034039843517041125,0.009529920920480954,-0.03914902625637383,0.999187937452423,154,162,162,122,162,113,116,159,230417_150139
0,0,0,0,-0.18737567623946869,0.15810617516427883,-0.110923165213895,0.9442254657787248,-0.3281268559414406,-0.02776753833048385,0.3269506644046918,0.944204925495366,-0.03975326044013457,0.03926235882216684,0.028457425749274616,0.9988236291255049,18,90,156,108,132,140,156,124,230417_150139
0,0,0,0,-0.18997682512674738,0.1589710125308498,-0.10321751956528313,0.9358393118291113,-0.3517231580356223,0.022262132347652813,0.3515275031806066,0.9360968355066224,0.01229345606802968,-0.025163404833687026,-0.003678947667059703,0.9996765819009862,162,162,162,18,161,162,162,63,230417_150139
0,0,0,0,-0.1812091822353499,0.15838181180067679,-0.10126915074733833,0.9285117221651522,-0.37057890923227527,-0.023178736680848216,0.37114741956645964,0.9281197116126214,0.02904124420995773,0.01075056980169949,-0.03556786398311384,0.999309437712172,101,126,162,162,72,118,162,162,230417_150140
0,0,0,0,-0.18472415496052313,0.15921417116094297,-0.10940215520988794,0.9250538765754631,-0.37437035995194584,-0.06420404210139713,0.37853807132040984,0.9225889674389005,0.07442127196605632,0.031372822533717565,-0.09314736039991461,0.995157934830847,129,88,162,141,109,77,108,122,230417_150140
0,0,0,0,-0.18818782188448338,0.16144821442966212,-0.10503197598207581,0.9241991423530095,-0.3750955384978439,-0.0718281440173291,0.37456512134375153,0.9269575391980361,-0.021229470004249858,0.0745447191067334,-0.007284059509210697,0.9971910686174263,162,139,156,114,138,162,162,138,230417_150140
0,0,0,0,-0.18928785370640577,0.16373843079337516,-0.10243729784973765,0.9319374331525114,-0.36111346067293487,-0.03301044092290259,0.3612091040521502,0.9324792593678972,-0.003227072750896186,0.031946890912115375,-0.008916241894061552,0.9994497970341162,162,139,138,162,162,106,146,114,230417_150140
0,0,0,0,-0.19067712833151879,0.15841146879844067,-0.11667194058199615,0.9260812601595498,-0.37726997662643136,0.006392520441290648,0.3731313436552976,0.9181778910739328,0.13312535718268784,-0.05609367133012915,-0.12089964879733088,0.9910785917158081,81,154,162,18,64,133,162,162,230417_150140
0,0,0,0,-0.189520654131082,0.16335766316218528,-0.1066109082397404,0.9280823342331924,-0.37223464898880393,-0.010224821585306137,0.3712136279658762,0.9270058192046013,-0.0534850780425581,0.02938746836121802,0.04584296296039648,0.998516299040897,146,125,162,122,124,84,162,162,230417_150140
0,0,0,0,-0.1826897847178944,0.16190745916240962,-0.10753123932778719,0.8971179853182033,-0.4351684066865587,-0.07620878059967999,0.435895663851539,0.8999643336639608,-0.007692097777058176,0.07193254238545359,-0.026318357750188592,0.9970622113947043,146,94,148,82,152,120,120,139,230417_150141
0,0,0,0,-0.1732861537944113,0.15955562580199384,-0.1102646679399828,0.9013175691288238,-0.4095705936588727,-0.14099137700450542,0.41088615696094916,0.9114445779500467,-0.021008268451340104,0.13711019508982775,-0.03899628360984592,0.9897878986262915,162,162,162,18,162,162,160,88,230417_150141
0,0,0,0,-0.1733426196783631,0.14276753544803703,-0.10744811852191738,0.9203420494525498,-0.37942192038457856,-0.09491848261091812,0.38960060652439493,0.9107041803435968,0.1372197627913754,0.03437847299261409,-0.1632694161083961,0.9859823620929126,162,162,162,18,108,162,162,99,230417_150141
