0,0,0,0,-0.15197829066718868,0.04420058298971291,-0.10630151786329067,0.9986028064506709,-0.009620827883012677,-0.05196031774045765,0.007628767823569571,0.9992332780776403,-0.038401274506298294,0.05228993067826663,0.037951227293191274,0.9979105508494248,162,162,83,96,162,162,83,96,230417_150935
0,0,0,0,-0.1533490417296106,0.0431016065592181,-0.09783148476157222,0.9999239768941904,-0.011954386478610933,0.003022097951119992,0.012207528362683089,0.9942840681105846,-0.10606680985464606,-0.001736860207512494,0.10609563867279075,0.9943544130596655,151,162,136,85,151,162,136,85,230417_150936
0,0,0,0,-0.1569516872208098,0.042584606520825796,-0.10854283120778796,0.9999895407653979,-0.004476257575347481,0.0009388705590770704,0.004451601894922089,0.9996825889364543,0.024797270371478254,-0.0010495715205225563,-0.02479283153305009,0.9996920595384347,78,154,162,92,78,154,162,92,230417_150936
0,0,0,0,-0.15231881203293687,0.04420680051590098,-0.1091654808375957,0.9998186096171385,-0.011423876266649962,0.015239518177924285,0.012608464622393943,0.996711385049987,-0.0800464960607451,-0.014274960004036583,0.08022412332198664,0.9966746287300093,78,154,162,103,78,154,162,103,230417_150936
0,0,0,0,-0.15391224993976116,0.04680881732219741,-0.10864106531994555,0.9960157958811914,-0.025988601790514442,-0.08530607793194965,0.02990047571766503,0.9985437323544009,0.04490407695967608,0.08401485527580868,-0.04727586226307542,0.9953424018599165,87,128,162,162,87,128,162,162,230417_150936
0,0,0,0,-0.1507199256924168,0.047313464402945704,-0.11346258815961019,0.9946181696302996,-0.018585412004344312,-0.10192781319100695,0.022700703597358034,0.9989670309190991,0.039364313697351126,0.10109092292316335,-0.041466294713988334,0.9940126617429155,83,96,162,162,83,96,162,162,230417_150936
0,0,0,0,-0.1534527435798042,0.049015658356423686,-0.1063481111493434,0.9986927760360232,-0.016953420105055492,-0.04822157857435666,0.016195936392363892,0.9997399142917229,-0.01605600873048036,0.04848124109215722,0.015254026311772435,0.9987076068316711,136,85,151,162,136,85,151,162,230417_150936
0,0,0,0,-0.15034547084339825,0.048900173448720816,-0.11670274150966642,0.9969144291612884,-0.00942972324492291,-0.07792753845430148,0.015661973335582478,0.9966914357249316,0.07975515371316397,0.07691764115765604,-0.08072956256600856,0.993763761769689,162,92,78,154,162,92,78,154,230417_150937
0,0,0,0,-0.15421165172856746,0.050638842150247096,-0.11010544995054528,0.9958169827760238,-0.00018171599263201772,-0.09137014717156718,0.0013705597870026735,0.9999152225609201,0.01294871641576566,0.09136004805562481,-0.013019779961415972,0.9957328090150641,162,103,78,154,162,103,78,154,230417_150937
0,0,0,0,-0.15600976765337568,0.054953201908677196,-0.10410571236913202,0.9992050136597131,0.025198247665015525,-0.030893186820148997,-0.02735634955867768,0.9970618367493043,-0.07154945029086898,0.02899949682521217,0.0723376942728662,0.9969585182800585,162,162,87,128,162,162,87,128,230417_150937
0,0,0,0,-0.15672840484153866,0.05390758583322146,-0.10832525874956167,0.9990404984948837,0.01882533799068897,-0.03954350789485113,-0.019430529452062372,0.9996990379065884,-0.014976252330088312,0.039249673785986504,0.015730233888225417,0.9991056114593267,162,162,83,96,162,162,83,96,230417_150937
0,0,0,0,-0.1620898907424463,0.05606137611712532,-0.10565760660783907,0.9996419837702002,-0.011560463562184362,0.024130063535079942,0.009954271856157037,0.9977927859037602,0.06565416110366191,-0.024835795855846835,-0.06539045863609841,0.9975506358895109,151,162,136,85,151,162,136,85,230417_150937
0,0,0,0,-0.16122351397868942,0.05688813536422074,-0.1083135197807169,0.9997764598561378,0.006093214259304182,-0.02024606276585433,-0.005849659091826896,0.9999100770938143,0.012067278680486817,0.02031777069557852,-0.0119461485941425,0.9997222002775215,78,154,162,92,78,154,162,92,230417_150937
0,0,0,0,-0.15770373114778044,0.06062143864789972,-0.11511829827208342,0.9972825477633066,0.0020257528345352434,-0.07364384734776337,0.0018757319026446947,0.998599641478258,0.05287000727561692,0.07364782112565656,-0.05286447166999549,0.9958821948797435,78,154,162,103,78,154,162,103,230417_150938
0,0,0,0,-0.1529118303331922,0.05927830457537164,-0.11146645808772193,0.9990245000291906,-0.025125075799825456,-0.036314995628247776,0.02341977813733032,0.998636970027577,-0.046644571882905356,0.037437445604966424,0.045748580963723515,0.9982512233933805,87,128,162,162,87,128,162,162,230417_150938
0,0,0,0,-0.15650630178508182,0.05876419682494742,-0.10741869806987048,0.9979884742767319,-0.022536603355283038,-0.05925459239592917,0.023369804597875698,0.9996369984478884,0.013406101862703627,0.05893095488669949,-0.01476390338977769,0.9981528789282927,83,96,162,162,83,96,162,162,230417_150938
0,0,0,0,-0.15669367614027851,0.06288160492651773,-0.11016221243871194,0.9972519933646724,-0.01806809478585634,-0.07184709932207786,0.01446307041930713,0.9986252017335191,-0.05038378763784638,0.07265866310518924,0.049206202998186496,0.99614229318018,136,85,151,162,136,85,151,162,230417_150938
0,0,0,0,-0.15438912181740286,0.06615925879379118,-0.11358787877907339,0.9982118894506629,-0.008615706663294028,-0.059150598965951026,0.011454520382891078,0.9987901483542303,0.04782293919588864,0.05866700710055542,-0.048414968235327725,0.9971028899409707,162,92,78,154,162,92,78,154,230417_150938
0,0,0,0,-0.15557094853338474,0.06465840138012238,-0.10320009580846268,0.9951321503193179,-0.006321345860872074,-0.09834655045988495,0.0013846033176997997,0.9987389845338227,-0.05018489459989016,0.09853977001446715,0.0498044311166859,0.9938860258433253,162,103,78,154,162,103,78,154,230417_150938
0,0,0,0,-0.15837485081233707,0.06791229222063944,-0.10709785270737548,0.9996239641681388,0.015366732351171192,0.022711094152918814,-0.009272163865157881,0.9688599603404487,-0.24743565674001447,-0.02580614729154515,0.24713203108045737,0.9686381171397371,162,162,87,128,162,162,87,128,230417_150939
0,0,0,0,-0.15689530931738926,0.06939549446335813,-0.1082251599978461,0.9999631936319858,0.004705449407795487,0.0071742684079933615,-0.0027558006864528725,0.9680339541028261,-0.2508040455547387,-0.008125081162413056,0.2507750435149349,0.9680112915695699,162,162,83,96,162,162,83,96,230417_150939
0,0,0,0,-0.1600516153386201,0.07330621273073977,-0.11562940065574812,0.999771654737783,-0.008548637152091214,0.01958466710762851,0.007361813270802395,0.9981778291481919,0.059890108551973,-0.020060959305092795,-0.05973225426721456,0.9980128334404905,151,162,136,85,151,162,136,85,230417_150939
0,0,0,0,-0.16266920672323698,0.07201806550506089,-0.10848777587929215,0.9987941812152142,-0.008508103099880964,0.04835075751498087,0.010046419456089114,0.9994481309343698,-0.03166232821363097,-0.04805468787478475,0.03210990117451609,0.9983284535761866,78,154,162,92,78,154,162,92,230417_150939
0,0,0,0,-0.15795685593536682,0.07477973445635468,-0.11123411237446745,0.9982791875691583,-0.00843949734887122,-0.058029635107929,0.009562132435720818,0.9997719376515578,0.019095504909039065,0.05785524427001193,-0.019617532182917015,0.9981322172645813,78,154,162,103,78,154,162,103,230417_150939
0,0,0,0,-0.1588270073465056,0.07550943000461044,-0.10910134539253924,0.9972293771814198,-0.034960889410379156,-0.06566053227009717,0.03569276609320385,0.9993127148459051,0.010006217862982045,0.06526557848493417,-0.012322100427315092,0.9977918470833915,87,128,162,162,87,128,162,162,230417_150939
0,0,0,0,-0.1581021932619621,0.07595635580350357,-0.10566499659284834,0.9967263206727408,-0.03184575379005454,-0.07431345533430624,0.031507331098751507,0.9994871408411538,-0.005722183168092433,0.0744575702344252,0.003362031933037946,0.9972185151590732,83,96,162,162,83,96,162,162,230417_150940
0,0,0,0,-0.15880801513989573,0.07685910032547469,-0.1106878341743317,0.9941697379995124,-0.019668351603526316,-0.1060173947575644,0.028270976701179753,0.9963728259097241,0.08026171979862001,0.10405423548487816,-0.08279098824069518,0.9911197547944378,136,85,151,162,136,85,151,162,230417_150940
0,0,0,0,-0.15411962564172446,0.07748792245399257,-0.11435830617350973,0.9968411905886452,-0.013172486074476871,-0.0783206636618342,0.01882753364691472,0.9972334305829137,0.07190972746858673,0.07715675422532219,-0.07315716327503297,0.9943313656618519,162,92,78,154,162,92,78,154,230417_150940
0,0,0,0,-0.15890578934552424,0.07929909790681935,-0.11098642159064565,0.9963631799489384,-0.0196200272525797,-0.08291844289811057,0.021617778424397018,0.9994955981432422,0.02326415586855441,0.08242017530940403,-0.024972060845888037,0.9962847539127939,162,103,78,154,162,103,78,154,230417_150940
0,0,0,0,-0.15871633762648277,0.08275790250236695,-0.11871698045414913,0.9999396852669229,0.001619429645847213,-0.01086293127611142,-0.0007406849664052449,0.9967611820450818,0.08041515624476843,0.010957974907249509,-0.08040226001619695,0.9967022621476385,162,162,87,128,162,162,87,128,230417_150940
0,0,0,0,-0.15968713322915715,0.08412920393643782,-0.11527202271928605,0.9985486031772135,0.001584095399527929,-0.05383472610314528,0.0024050522025007995,0.9972587244666208,0.07395439269652422,0.05380430109887797,-0.07397653085251883,0.9958074964903045,162,162,83,96,162,162,83,96,230417_150940
0,0,0,0,-0.1612218122280163,0.08713031557343269,-0.11480885084716597,0.9990791295745565,-0.012797781070586914,-0.040952529204132886,0.01441362281005917,0.9991192570644682,0.0394075835396274,0.04041213092668327,-0.03996156857047397,0.9983836600783047,151,162,136,85,151,162,136,85,230417_150940
0,0,0,0,-0.1586236467551165,0.08595282816840653,-0.11942553913878595,0.9956549079516473,-0.015127494808050685,-0.09188287747251539,0.009030643500078265,0.9977514551909107,-0.06641145339768523,0.09268091362179909,0.06529312800939172,0.9935527442893899,78,154,162,92,78,154,162,92,230417_150941
0,0,0,0,-0.16115199284610177,0.0894163296428787,-0.11517983837871815,0.9953176158835969,-0.010532586648914108,-0.09608281912119819,0.01589722580012493,0.9983465419091065,0.05524002597745437,0.09534212984643052,-0.05650882122830991,0.9938393388268213,78,154,162,103,78,154,162,103,230417_150941
0,0,0,0,-0.1591704461260408,0.08972092333683543,-0.11134379383166837,0.9949676535287676,-0.03055283645280412,-0.09542480084415295,0.031095875996636074,0.9995075460397486,0.004208551485007073,0.09524922533784634,-0.007154690369846029,0.9954277449811472,87,128,162,162,87,128,162,162,230417_150941
0,0,0,0,-0.1610273438034368,0.08790265574062774,-0.11182293696540646,0.9980992807718843,-0.034649855333930564,-0.050962861457981665,0.037720939116499125,0.9974498472618891,0.06058822451105897,0.04873352516304477,-0.06239543030199253,0.9968610002415643,83,96,162,162,83,96,162,162,230417_150941
0,0,0,0,-0.16123515388107793,0.09341909845888968,-0.11500056011104065,0.9937338610715258,-0.027975191477375386,-0.1082146109436342,0.033312712833469364,0.9982996359505172,0.04783408852208261,0.10669243892400597,-0.05113927573663725,0.9929760812595536,136,85,151,162,136,85,151,162,230417_150941
0,0,0,0,-0.16138616978890216,0.09266973068868424,-0.11374962057580196,0.9968358894306912,-0.030894758197501336,-0.07323744574219075,0.03606893132182492,0.996865593661838,0.0704132115908113,0.07083249068205798,-0.07283201280445886,0.9948257416123827,162,92,78,154,162,92,78,154,230417_150941
0,0,0,0,-0.16134310958039985,0.09252358938679187,-0.11117922369895339,0.99969854098915,-0.023354943077928934,-0.007574548038800981,0.021315255727378045,0.9786658787056223,-0.2043495968447891,0.012185524914498886,0.20412654038899028,0.9788686676420796,162,103,78,154,162,103,78,154,230417_150942
0,0,0,0,-0.16448550556023742,0.09692793840437261,-0.10754783000222556,0.9950058507896504,-0.0005299103366302895,0.09981520970973655,0.011928864884927708,0.9934505491765283,-0.11363849930113007,-0.09910125668688916,0.11426165382966831,0.988495430129643,162,162,87,128,162,162,87,128,230417_150942
0,0,0,0,-0.16600044743908693,0.09506814158912721,-0.10531694413793169,0.998697226143898,-0.0035359813412814507,-0.05090527800177812,-7.58995330034884e-05,0.9974921724711674,-0.07077683306007,0.051027881905337746,0.0706884905391694,0.9961923973678721,162,162,83,96,162,162,83,96,230417_150942
0,0,0,0,-0.16216365368322894,0.09958105200453957,-0.12116574189670903,0.9997844244058055,-0.01645898025418425,-0.012657277927925589,0.016039811974510165,0.9993419082272632,-0.03253421110947023,0.013184428215692195,0.032324177169505704,0.9993904734501625,151,162,136,85,151,162,136,85,230417_150942
0,0,0,0,-0.16601468014968693,0.10155215764829591,-0.11149516119833336,0.9968481035717459,-0.015745862529793323,-0.07775555426210394,0.018963528973585112,0.9989866106788373,0.040818332318670755,0.07703403776436839,-0.0421641968689348,0.9961365054690625,78,154,162,92,78,154,162,92,230417_150942
0,0,0,0,-0.16222925103403008,0.10047347718163002,-0.12771187516313587,0.9935866268250585,-0.014796269723034067,-0.11210122834601562,0.02790661476276006,0.9928217868570205,0.11630185034862847,0.10957570828831194,-0.11868432897529096,0.9868673640407811,78,154,162,103,78,154,162,103,230417_150942
0,0,0,0,-0.16389704259113252,0.10441420855512602,-0.10939949664686044,0.9950756737998852,-0.03825222860623742,-0.09143943579419546,0.03680518985891709,0.9991699197259112,-0.017459940273798432,0.09203141534907347,0.01400851603745805,0.9956575616482178,87,128,162,162,87,128,162,162,230417_150943
0,0,0,0,-0.16513571044908545,0.1040577758883171,-0.11202030695537768,0.9976187207717122,-0.034623490053790645,-0.05964982734516357,0.03724400714228594,0.9983635516081668,0.04339473184976754,0.05804973641454402,-0.04551299547187598,0.9972756867312964,83,96,162,162,83,96,162,162,230417_150943
0,0,0,0,-0.1653841917817634,0.10814017068132979,-0.11111969890163798,0.9975743304493432,-0.03963103197013953,-0.05722618748027122,0.039557725839504225,0.9992143716681374,-0.0024136649013856005,0.05727688499693427,0.0001440723127442594,0.9983583212896143,136,85,151,162,136,85,151,162,230417_150943
0,0,0,0,-0.16649639356946402,0.1049234405819525,-0.10527667573141508,0.9989206037822412,-0.042528079045730076,-0.018681269550102738,0.042935460975741344,0.9988361291966247,0.021975741223095216,0.017724940906079047,-0.02275410961088227,0.9995839519348498,162,92,78,154,162,92,78,154,230417_150943
0,0,0,0,-0.16572073300149678,0.10798089166152613,-0.11126821065250814,0.9956415479418975,-0.02382465669213665,-0.09016814152107148,0.025356595365663745,0.9995522954578806,0.015882434207091272,0.08974937929213875,-0.01809956845845748,0.9957999068780301,162,103,78,154,162,103,78,154,230417_150943
0,0,0,0,-0.16373197544383072,0.10927514861519591,-0.11912365296933325,0.9838311516109124,-0.01161626498670396,-0.17872136835785774,0.0005608175389465779,0.9980893171949771,-0.06178511459043519,0.17909760077576256,0.06068589036196038,0.9819578769516245,162,162,87,128,162,162,87,128,230417_150943
0,0,0,0,-0.16659533931380907,0.11068113436576663,-0.11404925232766983,0.9987709810369133,-0.011464698168445007,0.04821916770815819,0.01104076542124989,0.9998981036207295,0.009048970912832355,-0.04831799806980796,-0.00850547303651039,0.9987957889333291,162,162,83,96,162,162,83,96,230417_150944
0,0,0,0,-0.1698989361929162,0.11233706781146445,-0.10970917464296537,0.997679227217718,-0.04217312933801115,0.05345640036605965,0.0429482659075719,0.9989869605644,-0.013434994523024922,-0.05283565116272861,0.01569967465078892,0.9984798015894312,151,162,136,85,151,162,136,85,230417_150944
0,0,0,0,-0.16870141982538864,0.11377098438149963,-0.10808712414558086,0.9992508349984387,-0.03816613272543825,-0.00641210322024119,0.038019346929922426,0.9990427431427557,-0.02163623425690712,0.00723173657879209,0.02137624117055547,0.9997453467255916,78,154,162,92,78,154,162,92,230417_150944
0,0,0,0,-0.16687263338629527,0.11408789297088208,-0.11409043246061312,0.9979398366495268,-0.04175431936919261,-0.04870995013271603,0.04287352181482587,0.99883466356195,0.022162490705704686,0.04772780693798796,-0.02420519946421163,0.9985670557172353,78,154,162,103,78,154,162,103,230417_150944
0,0,0,0,-0.17161603418540858,0.11321630978039596,-0.10107224448408947,0.9973215809818896,-0.06372864354796252,-0.035893231943089944,0.06394453795703184,0.9979414327818678,0.004898244862504677,0.03550718481160598,-0.0071803014426951054,0.9993436261356484,87,128,162,162,87,128,162,162,230417_150944
0,0,0,0,-0.1669761681953506,0.1152301649608587,-0.11128729141299809,0.9919180394114095,-0.059208686741531874,-0.11221824497187567,0.05551641195630941,0.9978175718742701,-0.03574942324616378,0.11409001312000157,0.02923054349955072,0.9930403034283143,83,96,162,162,83,96,162,162,230417_150944
0,0,0,0,-0.16987473921843046,0.1170444571391461,-0.10829097021697298,0.9981117316447434,-0.0590042588412664,-0.017072451251201454,0.06009210208138927,0.9955632633806016,0.07240668390699342,0.012724402562466352,-0.07329588014042943,0.9972290627202298,136,85,151,162,136,85,151,162,230417_150945
0,0,0,0,-0.16723898445020996,0.11787688573615722,-0.11377245950447235,0.9954809446632117,-0.05844718308207715,-0.07484394165335291,0.05820275436116721,0.9982899352318143,-0.005444685448564985,0.07503418019285595,0.001063957062259919,0.9971803948123709,162,92,78,154,162,92,78,154,230417_150945
0,0,0,0,-0.16828798423940622,0.11894008370875353,-0.10910257427052983,0.9946800055508328,-0.04048868422844048,-0.09472250528171793,0.042965999731008064,0.9987819235063565,0.02426091803821173,0.09362483337507396,-0.028201697225371476,0.9952080460130425,162,103,78,154,162,103,78,154,230417_150945
0,0,0,0,-0.1684930926678829,0.12210997380811128,-0.11697286208212387,0.9970991907690923,-0.02594654179193928,0.07155404067319097,0.026700900382334507,0.9995973116411643,-0.009606064674438452,-0.07127598253545286,0.011488756625326453,0.9973904665600177,162,162,87,128,162,162,87,128,230417_150945
0,0,0,0,-0.1683013506686056,0.12475649537977415,-0.11091680659651226,0.986795285100084,-0.03484659977964368,-0.15817958081889733,0.018791153484705756,0.99461873399631,-0.10188457456501258,0.16087870541174473,0.09756684102386803,0.9821398849846513,162,162,83,96,162,162,83,96,230417_150945
0,0,0,0,-0.17196620785730393,0.12862170074727386,-0.10602964420096805,0.9969282590192263,-0.055723516682755284,-0.05503577070779639,0.05213739554223886,0.9965498311330294,-0.06457651318243873,0.05844431841476646,0.06150872911413641,0.996393967207649,151,162,136,85,151,162,136,85,230417_150945
0,0,0,0,-0.17451553695389413,0.12737310831986162,-0.10356436004610126,0.998108003662131,-0.059953777374119485,-0.0136366273018801,0.06032218185519314,0.9977739056991357,0.028433562599887986,0.011901571401493581,-0.029202357515571854,0.9995026637851987,78,154,162,92,78,154,162,92,230417_150946
0,0,0,0,-0.1723269127524656,0.12722418741402022,-0.11175202772104842,0.9977506790700488,-0.06627959193801176,-0.010029860805971633,0.06661001452788236,0.9970821025692354,0.037287889464382315,0.007529168602966064,-0.037872106208174765,0.9992542295089397,78,154,162,103,78,154,162,103,230417_150946
0,0,0,0,-0.17104034135284674,0.13002003528714326,-0.10707163104860373,0.9897793903604329,-0.07749374579027359,-0.11971415029611683,0.07581797090316751,0.9969501002886433,-0.018496832771873178,0.12078242300043218,0.009231299900695078,0.9926360810469708,87,128,162,162,87,128,162,162,230417_150946
0,0,0,0,-0.1679751328964244,0.12923105106393662,-0.1192062418259,0.987903268464173,-0.07827676547343053,-0.1338651565748931,0.0803233337795916,0.9967192151377482,0.009948277525465957,0.1326472548088938,-0.02058043153601886,0.9909496211359361,83,96,162,162,83,96,162,162,230417_150946
0,0,0,0,-0.1733071940039526,0.1335061136563355,-0.10981157456363577,0.9961518871968503,-0.07913042716193396,-0.03768014240052441,0.080264304378076,0.9963342149240578,0.029593472495924103,0.03520027097704574,-0.03250396389416774,0.9988515571666838,136,85,151,162,136,85,151,162,230417_150946
0,0,0,0,-0.1706351333993652,0.1334429929925354,-0.10964061324140073,0.9943145707011506,-0.08129123886706338,-0.06877695089813941,0.07654140785616638,0.9946698777070606,-0.06908869130051137,0.07402666664643955,0.06343160778097429,0.9952368983109185,162,92,78,154,162,92,78,154,230417_150946
0,0,0,0,-0.1712308907832453,0.13340776476329494,-0.11021570312062368,0.9912623840561818,-0.06322233878668694,-0.11576623788305826,0.05984075324990811,0.9976800238745055,-0.032460040237970736,0.1175498626359857,0.02524887799702027,0.9927459513662861,162,103,78,154,162,103,78,154,230417_150947
0,0,0,0,-0.17583758945440542,0.13535471274308233,-0.10639615082752985,0.9982672457524745,-0.04391233791397191,-0.0391690264966828,0.043794360549167924,0.9990330889785691,-0.003865373206813275,0.039300891107685636,0.0021432929962152338,0.9992251229093844,162,162,87,128,162,162,87,128,230417_150947
0,0,0,0,-0.1746682606149758,0.13533025013860336,-0.11142587480928057,0.9984891955496056,-0.05382066548892865,-0.011075303022085831,0.05338127818842794,0.9978980868747374,-0.03674026878928404,0.013029409413778843,0.03609354759604546,0.9992634739207974,162,162,83,96,162,162,83,96,230417_150947
0,0,0,0,-0.1751981839557078,0.13849612289658522,-0.11595143435890987,0.9963900135007427,-0.0777697912705819,-0.03404115981749291,0.07933261494490407,0.995727385019342,0.0472579192151615,0.03022047653485258,-0.049787892988890796,0.9983025035076959,151,162,136,85,151,162,136,85,230417_150947
0,0,0,0,-0.17652695461781046,0.13900900279916367,-0.1139355317112889,0.991729568002073,-0.08052996103297215,-0.09993692674106651,0.08124412157067708,0.9966894414599475,0.003090306209344207,0.09935721745615882,-0.011184035867538042,0.9949889751555456,78,154,162,92,78,154,162,92,230417_150947
0,0,0,0,-0.17590684892871647,0.1408222063791325,-0.10794297444622791,0.9951675963251424,-0.08617012641262625,-0.0470761567937514,0.08654081332289525,0.9962308956415628,0.005889838590402964,0.04639119371011659,-0.009935385409801826,0.9988739386243437,78,154,162,103,78,154,162,103,230417_150947
0,0,0,0,-0.17566617523451283,0.14358371296305736,-0.10816380926769698,0.9888325413407043,-0.10719817942715194,-0.10353142282992067,0.10740765780691515,0.9942086703127189,-0.003565798570694571,0.10331408534230184,-0.007594089973010258,0.9946197914617251,87,128,162,162,87,128,162,162,230417_150948
0,0,0,0,-0.1769633484749113,0.14223804302001847,-0.1088948817310974,0.9937386886628353,-0.109501671919633,-0.022199155422536202,0.11040297373063743,0.9928883561686285,0.044540942695358715,0.01716397524179551,-0.046712910758848855,0.9987608832560148,83,96,162,162,83,96,162,162,230417_150948
0,0,0,0,-0.17389387394804,0.1438826842731729,-0.11513087934249877,0.9878676055016228,-0.10901639457952714,-0.11060298238913861,0.10809550803258712,0.994037567374264,-0.014306494743020398,0.11150316203439296,0.00217723713363586,0.9937616940166267,136,85,151,162,136,85,151,162,230417_150948
0,0,0,0,-0.17422006509747412,0.1453773446998373,-0.12040252974291821,0.9924448924246017,-0.10703861632914193,-0.05996557441285663,0.10916800007090945,0.9934610822143509,0.03342792075509884,0.05599538606741576,-0.03972169104952702,0.9976405685412593,162,92,78,154,162,92,78,154,230417_150948
0,0,0,0,-0.1745863527370267,0.1466809495641371,-0.1150453819116638,0.9941440177916224,-0.09759486698224054,-0.0463995024526018,0.10072063979546836,0.9924044667983449,0.07063092097576086,0.03915385815372021,-0.07489069513238292,0.9964227813404644,162,103,78,154,162,103,78,154,230417_150948
0,0,0,0,-0.17649479417696473,0.14944204125139676,-0.11109343423175544,0.9930626577846948,-0.07286768106643596,-0.09228682879803335,0.07002067940003807,0.9969752963439052,-0.03372481187996572,0.09446513732565352,0.027028864866694292,0.99516118206754,162,162,87,128,162,162,87,128,230417_150948
0,0,0,0,-0.18060421866777818,0.1492799564604546,-0.10616011578069895,0.9954921888543335,-0.08347764282758265,-0.04501982983041515,0.08321968098481075,0.9965024177718347,-0.007577339353262159,0.04549490770180027,0.003796646261993412,0.9989573558717939,162,162,83,96,162,162,83,96,230417_150949
0,0,0,0,-0.18105460127231,0.15293286253029661,-0.11124737296778553,0.9949819569044746,-0.09154443165938211,-0.04037972841294646,0.09142144104063478,0.9958003056476412,-0.004885835662305375,0.040657416944467686,0.0011697453680533426,0.9991724606609099,151,162,136,85,151,162,136,85,230417_150949
0,0,0,0,-0.1854774658564884,0.15080881470858695,-0.1018438722303927,0.9945031951876708,-0.1025221297252371,0.0212745782124012,0.10308102025477585,0.9943041243479535,-0.027085264774116866,-0.018376561831539236,0.0291293875879876,0.9994067143830886,78,154,162,92,78,154,162,92,230417_150949
0,0,0,0,-0.1815404562118118,0.152654733185735,-0.10898032381395195,0.9946706367033477,-0.10043565955934582,-0.02330241981072612,0.10134281803196667,0.9939766736344481,0.04171337320256485,0.018972551581054264,-0.0438526003730225,0.9988578436028964,78,154,162,103,78,154,162,103,230417_150949
0,0,0,0,-0.17709001362767207,0.1557520243095372,-0.11539008521588223,0.9834679151696778,-0.12089255366112267,-0.13481784118246432,0.12312717975433991,0.992355928814778,0.008331155496171576,0.13278010934454754,-0.02479316469213959,0.9908353756033332,87,128,162,162,87,128,162,162,230417_150949
0,0,0,0,-0.18241179985490028,0.1542477649728488,-0.10696216036073458,0.989302314145184,-0.12425341506787331,-0.07643310847371562,0.12496120713923815,0.9921512877317108,0.004529786155299925,0.07527036559821129,-0.014032501426300845,0.9970644216731597,83,96,162,162,83,96,162,162,230417_150949
0,0,0,0,-0.1824540293275611,0.1600305797761019,-0.11001887975725355,0.9872133768359141,-0.1405495288133649,-0.07520358067653624,0.14012606823361454,0.9900736227239386,-0.0109044297275189,0.07598969402241156,0.0002270168164813026,0.9971085772701714,136,85,151,162,136,85,151,162,230417_150950
0,0,0,0,-0.18482156900105978,0.16030172016278865,-0.11358718102598375,0.9887347655243798,-0.1425580454796535,-0.045615426255483385,0.1431338417644817,0.9896567891185537,0.009599119401970146,0.04377518458200518,-0.016020094274819388,0.9989129540626837,162,92,78,154,162,92,78,154,230417_150950
0,0,0,0,-0.17939546606886403,0.1582590302541392,-0.11739686583831954,0.9873240875791364,-0.1276185428528963,-0.09436447216050106,0.13085828362967028,0.9909781545434426,0.028955255536239188,0.08981790295661132,-0.04093659411548113,0.9951165457225105,162,103,78,154,162,103,78,154,230417_150950
0,0,0,0,-0.18092012457147227,0.16028920405572808,-0.11697119825733104,0.9927670623438166,-0.1088472161121607,-0.050654155504372085,0.10492736010473555,0.9916853862134581,-0.07450063001153223,0.05834217194002718,0.06864676478390393,0.995933638681827,162,162,87,128,162,162,87,128,230417_150950
0,0,0,0,-0.18341900117480728,0.16200818737917916,-0.11082609563108692,0.9888509682102119,-0.11978853359902808,-0.08845603364339273,0.11234858262378816,0.9900448385635083,-0.08478805114037766,0.09773207586126621,0.07390483645846212,0.9924648691494806,162,162,83,96,162,162,83,96,230417_150950
0,0,0,0,-0.18890779282480982,0.1632252479170979,-0.10849223306594513,0.9906559773621875,-0.12981620310564715,-0.04181492470162595,0.1312622336528275,0.9907674667431527,0.03391242928230137,0.03702648421116852,-0.03908427119174448,0.9985496778890723,151,162,136,85,151,162,136,85,230417_150950
0,0,0,0,-0.18569336052640967,0.1621904116430762,-0.11666599544251377,0.991216863607175,-0.13224558990845867,0.00048296016317312247,0.13176015335072352,0.9878781164734414,0.08207368020188445,-0.011330988030583558,-0.08128918096924811,0.9966261474432626,78,154,162,92,78,154,162,92,230417_150950
0,0,0,0,-0.18381361029857576,0.16534420728515575,-0.11241804371496544,0.9882572145405288,-0.13833392114251267,-0.06489533242023177,0.13731273221679388,0.9903265725862206,-0.01996229447704969,0.06702903460258335,0.010816926132987787,0.997692388779868,78,154,162,103,78,154,162,103,230417_150951
0,0,0,0,-0.18387547509697716,0.1656149229245254,-0.10955335200111438,0.9830537412581157,-0.1696665802986659,-0.06941608839582765,0.16664106860926808,0.9848817608845003,-0.04731459954185209,0.07639434567546378,0.03494522294679106,0.9964651199826398,87,128,162,162,87,128,162,162,230417_150951
0,0,0,0,-0.18453711948657495,0.16730183001946963,-0.10522167490847834,0.9839230125485394,-0.16808487089611684,-0.060357116840047575,0.1665103037759548,0.9855750226504375,-0.030268687847830007,0.06457417528584238,0.019731976673051193,0.9977178082918674,83,96,162,162,83,96,162,162,230417_150951
0,0,0,0,-0.1865408610489483,0.17161303284287327,-0.10905839987442345,0.9852798623185735,-0.16952713360970895,-0.022003269747227973,0.16948064216341385,0.9855255025053072,-0.00397439851282136,0.022358551862097974,0.00018676653305682377,0.999749998888168,136,85,151,162,136,85,151,162,230417_150951
0,0,0,0,-0.188203079049369,0.17236639888384156,-0.11045715299883152,0.9845475058338472,-0.17401251304782903,-0.01964316825592655,0.17395342021251245,0.9847427082792093,-0.004691064623239609,0.020159770651484964,0.0012015796725878046,0.9997960491288059,162,92,78,154,162,92,78,154,230417_150951
0,0,0,0,-0.19057288739426714,0.16931832867577937,-0.10313418601260016,0.9850576301058719,-0.17142519507957757,-0.016579139366420987,0.17119367479365002,0.9851305451041471,-0.014509817829734087,0.018819964953431224,0.01145476297157208,0.9997572692030884,162,103,78,154,162,103,78,154,230417_150951
0,0,0,0,-0.19057004580763703,0.1705112904224451,-0.10333939541097836,0.9897433412147284,-0.14060161617894273,-0.025284462600089635,0.14022771950181828,0.9899898817595062,-0.016006895299187245,0.027281957488888238,0.01229713550665237,0.9995521373364701,162,162,87,128,162,162,87,128,230417_150952
0,0,0,0,-0.1886247151025089,0.17247119160299398,-0.10959406661598714,0.9883105086281028,-0.1487612045960208,-0.03335329882338118,0.14863230388512935,0.9888723020778777,-0.006325221339679705,0.033923100935195544,0.0012939050731158334,0.9994236084026643,162,162,83,96,162,162,83,96,230417_150952
0,0,0,0,-0.19466647463326467,0.17338530744470665,-0.10247415729406895,0.9851407687610322,-0.17155528483553845,0.008151685096973312,0.17105473283227268,0.984316445376183,0.04314410432117763,-0.015425436804272594,-0.041108631782075404,0.9990356031155262,151,162,136,85,151,162,136,85,230417_150952
0,0,0,0,-0.19247622497239925,0.1738214219109713,-0.10619047573799589,0.9838487627951378,-0.17371522381735455,-0.043181396000627086,0.1735507493556955,0.9847959268781301,-0.007557764373297891,0.043837761627995346,-5.846650596755573e-05,0.999038661532733,78,154,162,92,78,154,162,92,230417_150952
0,0,0,0,-0.19134228986658758,0.17390312328623692,-0.10940198399277179,0.9789522775276784,-0.18074723442957946,-0.0947780331586945,0.1842759350030388,0.9824217451681427,0.02983109786010121,0.08772011230115719,-0.04666853186936439,0.9950513705487927,78,154,162,103,78,154,162,103,230417_150952
0,0,0,0,-0.18508265276813293,0.17581569996611482,-0.12132600259664483,0.9738851513088758,-0.19134870889978436,-0.12220222445795838,0.19763847801451784,0.9793962792830747,0.04149650749852224,0.11174410082054707,-0.06456469413584767,0.9916373612379437,87,128,162,162,87,128,162,162,230417_150952
0,0,0,0,-0.18732769506954267,0.17831564620610996,-0.113443139134766,0.9594620720707062,-0.20788936761642565,-0.19030119045825689,0.19845488710008274,0.9777777060610051,-0.06757525668594926,0.2001204388459125,0.027069694533205943,0.9793972848614592,83,96,162,162,83,96,162,162,230417_150953
0,0,0,0,-0.1917552232646607,0.18246069001712842,-0.10509772166054288,0.9737073315961937,-0.21888070450075098,-0.06312899170012616,0.21818927201084534,0.9757453825979683,-0.017731043909551818,0.06547880554191989,0.0034907787097554354,0.9978478543790146,136,85,151,162,136,85,151,162,230417_150953
0,0,0,0,-0.1934130735494221,0.18177626159094903,-0.11398953393494038,0.9703260678010319,-0.21990080049738459,-0.10055326989410343,0.21779621476305325,0.9754830022520826,-0.03158672430232776,0.10503395156173598,0.008749300422009663,0.9944301477537034,162,92,78,154,162,92,78,154,230417_150953
0,0,0,0,-0.1923820689201918,0.18257059491952868,-0.11174132635690315,0.9738964339290975,-0.2152210376098979,-0.07215012786063393,0.21187189294480457,0.9759485873253796,-0.05132889904897264,0.08146187427362478,0.03470244757525885,0.9960721375342826,162,103,78,154,162,103,78,154,230417_150953
0,0,0,0,-0.18700233900744623,0.18190624743914202,-0.12487979590539555,0.9799113176773057,-0.17668792978951828,-0.09249424281878865,0.17891464811320973,0.9837296228103669,0.016296560861116534,0.08810992099901789,-0.0325177593334464,0.9955798497104483,162,162,87,128,162,162,87,128,230417_150953
0,0,0,0,-0.19035478115509824,0.18354798635879266,-0.11238133924194282,0.9780993164520524,-0.18998601981838084,-0.08501199579822853,0.18842216632796777,0.9817404481086742,-0.026130055178959683,0.08842406003065086,0.009539644697228603,0.9960372386546331,162,162,83,96,162,162,83,96,230417_150953
0,0,0,0,-0.1942680662002798,0.18495344371873174,-0.1126804385893464,0.9790801749250837,-0.2030354565845254,-0.013364671270943292,0.20346864355637712,0.9764235327725507,0.07209435301948415,-0.0015881303457586805,-0.07330544330050297,0.9973082722130212,151,162,136,85,151,162,136,85,230417_150954
0,0,0,0,-0.19555206022702654,0.1830060282323458,-0.1152132005003157,0.9737350289893656,-0.20702726201258628,-0.09476183885220611,0.212292940231961,0.975964899419292,0.0492363953713258,0.0822909523990857,-0.06806047226595188,0.9942816357894715,78,154,162,92,78,154,162,92,230417_150954
0,0,0,0,-0.19402954988807491,0.1857923249863095,-0.1139100327712943,0.976312560489668,-0.21603667007427854,-0.011913916791944056,0.2157698869190243,0.9762313402563202,-0.020389364882205177,0.01603558945158291,0.01733572855594341,0.9997211273081983,78,154,162,103,78,154,162,103,230417_150954
0,0,0,0,-0.1951885770036644,0.18810160448392482,-0.10318866665787607,0.9663230713352846,-0.2424936177874841,-0.08611949336520675,0.24382452064474502,0.9698058137824906,0.005127054323929253,0.08227590739397754,-0.025952435069142066,0.9962716226895553,87,128,162,162,87,128,162,162,230417_150954
0,0,0,0,-0.19323937940073052,0.1892905837783205,-0.10952659652400387,0.9674673301433339,-0.24314158195869395,-0.06992235856972037,0.24116874068598174,0.9698328659390634,-0.03552253735812441,0.07645000733333193,0.01750380721572827,0.9969197626246998,83,96,162,162,83,96,162,162,230417_150954
0,0,0,0,-0.19906085437086124,0.19125598966879687,-0.10385092290669673,0.9664061258726744,-0.25649109289751126,-0.01647783784386138,0.2569588558857102,0.9655857171740241,0.04020409396357287,0.005598772872271108,-0.04308760905138632,0.9990556099079568,136,85,151,162,136,85,151,162,230417_150954
0,0,0,0,-0.20003722821595288,0.19346889975776366,-0.11642753487989566,0.9652288279257174,-0.2570553961408,-0.04749561091345409,0.2585971984187425,0.9655281515150194,0.02971325633397118,0.038220396532781746,-0.04096232350450124,0.998429411296557,162,92,78,154,162,92,78,154,230417_150954
0,0,0,0,-0.20110916208280707,0.19225072909028257,-0.10597893905108258,0.9685540273830926,-0.2488000705458959,-0.0012731599853033752,0.2487761452086419,0.9685111687902608,-0.009825757154063119,0.0036777187385208902,0.009200044830278399,0.9999509155753603,162,103,78,154,162,103,78,154,230417_150955
0,0,0,0,-0.19634079410778482,0.19443790673992276,-0.10850984889407223,0.9705204151280897,-0.2327596091591596,-0.06255468138896665,0.23209685181340298,0.9725304976250092,-0.017761828947464493,0.06497057178374935,0.002719472986957748,0.997883474794911,162,162,87,128,162,162,87,128,230417_150955
0,0,0,0,-0.19398947033029568,0.19382933470121816,-0.11888393795766439,0.9675443754759996,-0.2317775490041356,-0.10068291445122798,0.23380072642463268,0.9722463408103821,0.008618184503451618,0.09589109347625577,-0.03187821448037532,0.9948812379542955,162,162,83,96,162,162,83,96,230417_150955
0,0,0,0,-0.1988685019448284,0.1968803812366127,-0.10936849615893918,0.9671796820534136,-0.24439464238153413,-0.0695321608916325,0.24380498542319232,0.9696757052409827,-0.01697515090363538,0.07157228308398972,-0.0005342664188407338,0.9974352725132288,151,162,136,85,151,162,136,85,230417_150955
0,0,0,0,-0.20377154246793178,0.19390798581675775,-0.11427722727415701,0.9658590953201985,-0.25095134009502307,0.0643399789536689,0.2501430379592794,0.9679927698827583,0.020456246361602513,-0.06741415687931848,-0.003663653806757666,0.9977183515867766,78,154,162,92,78,154,162,92,230417_150955
0,0,0,0,-0.20389779476948858,0.19541224367853638,-0.10209660340464133,0.9651464412445082,-0.261221757871569,-0.01598562377727537,0.2616053632054347,0.9646881682263285,0.0306491766004029,0.007414910330781594,-0.0337628686372729,0.9994023653194787,78,154,162,103,78,154,162,103,230417_150955
0,0,0,0,-0.1995845996311074,0.1990498024502398,-0.10874071407753938,0.9572418359601218,-0.2751703021226722,-0.08927134096345166,0.2811169806615512,0.9576320757191958,0.06256237477493934,0.06827379198073433,-0.08498301232284129,0.9940405308361965,87,128,162,162,87,128,162,162,230417_150956
0,0,0,0,-0.2008793199933053,0.1987563364543096,-0.10792779531963193,0.957339631939585,-0.28521266873166706,-0.04641726739845893,0.28641438882261555,0.9578630248114574,0.021569042037461465,0.038309620112280215,-0.03394347203817835,0.9986892478207855,83,96,162,162,83,96,162,162,230417_150956
0,0,0,0,-0.20013862817509603,0.2034123551751766,-0.11645395188443175,0.9571544037026166,-0.2855602286506263,-0.048070815321678,0.289517531540591,0.9470705558170109,0.13869737284859263,0.00592000028139322,-0.14667214499508976,0.9891674456224324,136,85,151,162,136,85,151,162,230417_150956
0,0,0,0,-0.20447359377765117,0.204080200522963,-0.11542787743462612,0.9549046318724836,-0.29611255640210626,0.021782974302984124,0.29616559725738945,0.955136252561927,0.0008234337437061057,-0.021049537516281587,0.005665066898580515,0.9997623837629546,162,92,78,154,162,92,78,154,230417_150956
0,0,0,0,-0.2043502174081593,0.20509279432994382,-0.11124621251166333,0.9574328311757314,-0.28814632272309404,0.01714848354761749,0.2878522029821136,0.9575107104637915,0.017729878326448532,-0.021528655907149818,-0.012038938835508599,0.9996957441774704,162,103,78,154,162,103,78,154,230417_150956
0,0,0,0,-0.20360126200455525,0.20505827051415756,-0.1104212604215925,0.959080901761892,-0.2761208974223942,-0.06261847876025059,0.27589872710789254,0.9611075042290149,-0.01233927448917166,0.06359022138537336,-0.005441996079223448,0.9979612559728122,162,162,87,128,162,162,87,128,230417_150956
0,0,0,0,-0.20531979668108186,0.20456540137125173,-0.10804963186589789,0.9562721945773263,-0.28511439783400566,-0.06521709918431236,0.28557577336705836,0.9583532933312724,-0.002332986692919166,0.06316618988090442,-0.016393453231558684,0.9978683716538341,162,162,83,96,162,162,83,96,230417_150957
0,0,0,0,-0.20548149222598522,0.2050690060038982,-0.11869194191161314,0.9505741074829048,-0.3042763733474101,-0.06184460207346814,0.3082321243879944,0.9487481075327145,0.06978528461184368,0.037440935863608124,-0.08539857771437906,0.9956431385019525,151,162,136,85,151,162,136,85,230417_150957
0,0,0,0,-0.20949056815656728,0.20349182464842455,-0.1169684790254516,0.951763027671919,-0.30651531626099765,-0.013982133392395497,0.3065096821053134,0.9476743977735679,0.08924713205591486,-0.014105103065277676,-0.08922777987783025,0.995911366219701,78,154,162,92,78,154,162,92,230417_150957
0,0,0,0,-0.21072447823063065,0.2052184030982341,-0.10217532440733479,0.9481801960020194,-0.317359476542701,-0.015403848808512614,0.31772835672507665,0.9473157535601068,0.040516100375416454,0.0017341402350683685,-0.04331080356437006,0.9990601418594647,78,154,162,103,78,154,162,103,230417_150957
0,0,0,0,-0.20483468672059196,0.2096236656506132,-0.11422364024912468,0.9386793906537697,-0.34052171957794664,-0.05409214413891933,0.3407555961749042,0.9401379548129595,-0.0051234359165083735,0.0525987189706483,-0.01362293712027462,0.9985228041195973,87,128,162,162,87,128,162,162,230417_150957
