0,0,0,0,-0.11060948298238622,0.08901882158180564,-0.20953953612592024,0.9799609747881693,-0.1713312233219145,0.10159773524660011,0.16886653168920987,0.985104695552467,0.032447392433593986,-0.10564365748817596,-0.014640721139987023,0.9942962671744383,162,162,83,96,162,162,83,96,230201_170744
0,0,0,0,-0.11297613957628623,0.08813980743103425,-0.2076083995717941,0.9783785168887047,-0.17335026935998346,0.11280585890582083,0.17063844872056108,0.9847694643447414,0.03334099447242286,-0.11686743562215796,-0.013371095953243857,0.9930575090517718,162,122,144,120,134,158,150,131,230201_170745
0,0,0,0,-0.11185813745956594,0.08752836611232927,-0.2092226649485308,0.9808078070581029,-0.16152413677031238,0.10920622168393662,0.15894062020925934,0.9867687698178327,0.032019902556013606,-0.11293327614734133,-0.014048065803023103,0.9935032596754892,144,91,162,138,130,68,162,162,230201_170745
0,0,0,0,-0.11341259758660444,0.08615223284875757,-0.21032683031682764,0.9798863482580238,-0.16159489388891277,0.11708900361087185,0.15704576709457232,0.9864651629711977,0.04714985982890925,-0.12312339962506352,-0.027813171578219036,0.9920015402969532,136,162,160,86,162,154,155,84,230201_170745
0,0,0,0,-0.11316425599858251,0.08757930224708935,-0.2088276879556683,0.9805208850468414,-0.16119747949169683,0.11222373453278359,0.15851231028007412,0.9868216008208706,0.03251116182185637,-0.11598552270276792,-0.014089029734418468,0.9931509743057741,124,92,162,162,111,70,162,162,230201_170745
0,0,0,0,-0.11215940357743334,0.0876951274697522,-0.21071501497274725,0.9819522165813783,-0.15708043617237147,0.10533556342857436,0.15466184609027014,0.9874872380058315,0.03080045680771167,-0.1088556737835346,-0.013953184135229404,0.9939596324487332,146,162,115,73,104,122,110,68,230201_170746
0,0,0,0,-0.11203711939980623,0.08737254506231804,-0.20938121837848978,0.9831749093277541,-0.14947203621083996,0.10500099075412475,0.1462730316181189,0.9885302936019422,0.037577371548628204,-0.10941342645949448,-0.0215863156245859,0.99376190965852,104,96,162,162,97,89,162,162,230201_170746
0,0,0,0,-0.11280544679265864,0.08917945501341715,-0.20872208062078002,0.9825882087022564,-0.14648602524125134,0.11429022936502993,0.14415047934541433,0.9891457372188052,0.028484203453038662,-0.11722223092817764,-0.011513251099765432,0.9930389688352289,162,162,96,131,114,18,124,144,230201_170746
0,0,0,0,-0.11240792421617002,0.08871616566895313,-0.20949330507894015,0.9848532346048628,-0.13158344019989332,0.11291547526136712,0.12980839223354934,0.9912731541638939,0.02296334339128106,-0.1149516750381668,-0.007958146714280148,0.9933392070721832,122,74,162,114,114,74,162,162,230201_170746
0,0,0,0,-0.11443362364250383,0.08607208440924555,-0.20830775205507834,0.9831103074601413,-0.14438573055336337,0.11245836642153093,0.14027898793162025,0.989149177287653,0.04365444554727163,-0.11754117963721553,-0.02714158955792457,0.9926970359610031,162,122,112,69,153,161,98,38,230201_170747
0,0,0,0,-0.11496605681510425,0.08537129906533394,-0.20983151966095792,0.9797628884453825,-0.1563457060023402,0.1249828093770952,0.15194240230953915,0.9874059560182664,0.04407929672828293,-0.1303003791459095,-0.024197070778992566,0.991179253697407,94,94,162,162,91,90,162,162,230201_170747
0,0,0,0,-0.11395254976051356,0.0892254440235301,-0.20957386593306848,0.9800727316363895,-0.1536250127250607,0.12592377125868798,0.15029730182328843,0.9880006933009825,0.03557177394251464,-0.12987748753122988,-0.015936922601398694,0.9914019632472857,138,162,113,153,162,133,149,160,230201_170747
0,0,0,0,-0.11343322426624938,0.0868663304691544,-0.21125692614427927,0.9810766961142421,-0.15533320119081787,0.11558595481015817,0.14998513039633582,0.9872307922892729,0.053663986209455894,-0.12244581251131915,-0.0353123117865067,0.9918467944368906,71,141,162,132,88,137,138,162,230201_170747
0,0,0,0,-0.11366327814995525,0.08831336392421679,-0.20869654733509713,0.9826378519287197,-0.1535345648283463,0.10416328220578132,0.15086788195825843,0.9880009190364235,0.03306155133400373,-0.10798950944577859,-0.016772638020069976,0.9940105353885882,162,111,120,162,146,160,161,162,230201_170748
0,0,0,0,-0.113229296989967,0.08772057523208403,-0.21097125658276916,0.9808758806526218,-0.15492581646277975,0.11781552591778756,0.15014730477415844,0.9874751939056242,0.048461616668286925,-0.12384786483020109,-0.02984514725025,0.9918522942266209,162,162,162,18,162,162,162,18,230201_170748
0,0,0,0,-0.11226575367221066,0.08694246498866096,-0.2111282943921856,0.9822245439954029,-0.1502737060518276,0.11248448089613548,0.14496622163016712,0.9879614148454263,0.05400960435788239,-0.11924655030355133,-0.03674310882424969,0.992184561558298,142,87,162,162,138,101,162,162,230201_170748
0,0,0,0,-0.11295573490687709,0.0891945883060179,-0.2083125126918749,0.9824841793988622,-0.15688425746245627,0.10055927103653231,0.15498897305213552,0.9875623293272867,0.026439817055149906,-0.1034565390064321,-0.010391123814061466,0.9945796946864999,162,130,116,76,162,162,117,69,230201_170748
0,0,0,0,-0.11352547682812197,0.08755907010070997,-0.20910737816798863,0.9819089104220742,-0.15884079231891582,0.10307518774774888,0.15530287321587471,0.9869932283914896,0.04153775006230972,-0.10833240145325194,-0.024778414090575837,0.9938058769148668,117,93,162,162,113,84,162,161,230201_170749
0,0,0,0,-0.11439107066298113,0.089425030150583,-0.2075257287332637,0.9819064757455706,-0.15471371809057718,0.10919403978012426,0.1532858592700395,0.9879500835530384,0.02140275111734018,-0.11118955992699847,-0.0042775977060238455,0.993790009972482,130,162,92,138,162,153,118,144,230201_170749
0,0,0,0,-0.11518348427311895,0.08814298789421712,-0.20853646379903268,0.9804714100892524,-0.15867389321515488,0.11618265623378919,0.15510558337876856,0.9871201190019191,0.039193477344684084,-0.1209052190863781,-0.02040750532480679,0.9924542617793995,92,101,162,161,90,100,162,156,230201_170749
0,0,0,0,-0.11453701606201344,0.08794846289065017,-0.20872929003503582,0.9807379309699763,-0.15536349216821257,0.11838621565886423,0.15254382415873985,0.9877597524808914,0.03257380987717672,-0.12199791993209083,-0.013887284838467288,0.9924331971735219,146,96,115,160,138,162,162,146,230201_170749
0,0,0,0,-0.11339524402695367,0.08857954244327394,-0.20785167434800977,0.9829342812084498,-0.156744450391733,0.09628798521425493,0.15458172004481904,0.9875373659526355,0.029570976908380214,-0.09972306981442233,-0.014181964558000717,0.9949141577181739,94,154,162,140,100,159,154,162,230201_170750
0,0,0,0,-0.11371058967101325,0.08850260870236058,-0.2097973310315865,0.9809261917635279,-0.15433836949263963,0.11816714439579351,0.15062660310015008,0.9877901653412373,0.039777074975946534,-0.12286347199559666,-0.021219259117264192,0.9921967094743369,162,112,162,162,161,96,162,162,230201_170750
0,0,0,0,-0.1144651246963812,0.08864773991606867,-0.20865313726541057,0.9808462854704787,-0.1529275590789134,0.12063882440131025,0.15016025992381132,0.9881514149801836,0.031759682181555886,-0.12406635570684817,-0.013036209066498317,0.9921882868865145,162,162,162,18,162,162,162,18,230201_170750
0,0,0,0,-0.11400618859466877,0.08652824436272903,-0.20948845255775173,0.981272569154823,-0.15617238910144424,0.11275783745106595,0.15264723753860848,0.9874989772698666,0.039301281948534,-0.11748602425874159,-0.021353097510983368,0.9928449422395023,138,162,162,162,138,136,162,162,230201_170750
0,0,0,0,-0.11008195128416995,0.08931213815986107,-0.2090515028480162,0.9849773506107836,-0.15447168196710517,0.07718884798994137,0.15141569148340092,0.9874893564156425,0.044023395353189644,-0.08302353375016214,-0.03167444452667176,0.996044086578281,162,130,115,64,162,162,108,54,230201_170751
0,0,0,0,-0.11316301197883473,0.08774697221092508,-0.2098985628251896,0.9816098793114117,-0.15408029581646943,0.11270007666077954,0.15039786924414852,0.987794450847085,0.04052904887271496,-0.11756923817502707,-0.022833863379118535,0.9928021398637936,130,90,162,130,127,87,162,130,230201_170751
0,0,0,0,-0.11253644152594014,0.08863831445043144,-0.2090886024017885,0.982251851236712,-0.15994319422667239,0.09797691239584012,0.15909892294632225,0.9871260716281333,0.016421066631890125,-0.09934200249327295,-0.0005416018626711853,0.9950532011948149,162,162,104,119,162,162,140,128,230201_170751
0,0,0,0,-0.11316211126374558,0.08750728487311991,-0.2107275346246712,0.9823910688153695,-0.15710180375217778,0.10112769734157134,0.15314037783594062,0.9871397582819003,0.04585981133211976,-0.10703182978937445,-0.029565535289665414,0.9938159117940172,124,84,162,162,123,83,162,162,230201_170751
0,0,0,0,-0.11343399515005058,0.08916321338766627,-0.20816483959668175,0.9837689321814183,-0.15255942799112623,0.09446856093776679,0.15006245835888538,0.9881244094253498,0.03303649631984636,-0.0983867199672802,-0.01832409421564316,0.9949795379329448,162,162,102,122,162,162,162,114,230201_170751
0,0,0,0,-0.11479158991194365,0.08793184637062257,-0.2093661069618069,0.9817892634330254,-0.15147807638143457,0.11464830824489984,0.14753607271201133,0.988157234727657,0.04217092249532703,-0.11967852546030695,-0.024488197793449643,0.9925106441305682,18,18,162,162,102,86,162,162,230201_170752
0,0,0,0,-0.11483387709924545,0.08736803988573753,-0.20939505757060994,0.9813429333358665,-0.1578528576230088,0.10976576211190736,0.15499706840619168,0.9873250443273519,0.03413452254651783,-0.11376271787032942,-0.01648430114510205,0.9933711853272741,138,107,98,146,130,162,162,138,230201_170752
0,0,0,0,-0.11330415885483919,0.08809464487737678,-0.20672470975651713,0.9829160313911763,-0.16098785292020468,0.08921315175669949,0.16016243522295695,0.9869547213754987,0.016382072459355575,-0.09068665600667834,-0.0018136060084442806,0.9958778244622041,96,140,162,129,95,148,162,160,230201_170752
0,0,0,0,-0.11378067290016708,0.0875245089306223,-0.2106732658512489,0.9803788249117873,-0.1633965261423696,0.11026756054791965,0.15867671678317147,0.9860454074518586,0.05036024219572381,-0.11695751029966547,-0.031875220590683234,0.9926252621693642,162,112,162,154,162,96,162,154,230201_170752
0,0,0,0,-0.1138187200137018,0.0872977885788134,-0.21005923709514984,0.981589950401857,-0.16038971189719387,0.10371262983656589,0.15752968184084992,0.9868846661619827,0.0352569855981961,-0.10800726183549883,-0.018270085163620265,0.9939822107960041,162,162,162,18,162,162,162,18,230201_170753
0,0,0,0,-0.11344936587466137,0.08711593022848678,-0.2103312956664639,0.9810689949848387,-0.15846056106347006,0.1113277937753587,0.1548014161401279,0.9871014332264177,0.04083236563513686,-0.11636214436168428,-0.02282566778433559,0.9929445302985206,152,92,162,146,149,87,162,146,230201_170753
0,0,0,0,-0.11637001114349929,0.08716357670384578,-0.2060169400143279,0.9806114665486393,-0.16533743949110935,0.10518879586653024,0.16307130362709832,0.98616259212574,0.029851161203537716,-0.1086687701535521,-0.012119116897061168,0.9940041375160115,137,161,118,68,162,162,112,37,230201_170753
0,0,0,0,-0.11497161939096849,0.08661846057100546,-0.20991487984271284,0.9788596729572812,-0.17194537329451462,0.11076339314310803,0.16861748355027614,0.9849170926088288,0.03881320558964645,-0.11576651026586711,-0.019316037108624246,0.9930886193141482,132,85,162,130,132,92,162,162,230201_170753
0,0,0,0,-0.11419710622597709,0.0885540912664435,-0.20951730374579147,0.9790133103139017,-0.17506939378065647,0.10432471226650775,0.17253239156848216,0.9844530274878995,0.032936462007454224,-0.10846894526949222,-0.014245842592911494,0.9939977584888922,162,162,104,132,162,151,104,136,230201_170754
0,0,0,0,-0.11506573003017623,0.08803437939646526,-0.20825635327258785,0.9787775589714195,-0.17489455252424774,0.10680068141773087,0.1723915942243312,0.9844985505109068,0.032307000521817945,-0.11079543444899717,-0.013209827374585826,0.9937554388107729,92,109,162,153,76,114,162,162,230201_170754
0,0,0,0,-0.11520485055570502,0.08729003257644807,-0.20882352179369312,0.9788661230996272,-0.17360519671371547,0.10808491440481946,0.17019394778187263,0.9845945504721602,0.04009477919812373,-0.11338047974111838,-0.020852022791980958,0.9933328042298595,146,162,109,157,162,128,162,146,230201_170754
0,0,0,0,-0.11609538549097911,0.08632313439771072,-0.2082238801873415,0.9779591239970203,-0.17498643463981667,0.11391092784727122,0.17212953937110578,0.9844690275076229,0.034527605681367174,-0.11818364297512592,-0.014159151466178287,0.9928908021342959,162,162,162,106,162,162,162,18,230201_170754
