0,0,0,0,0.09442927426903056,0.12794584956764565,-0.3067834197322655,-0.9684832030628255,0.045667565732209155,0.24485660870244583,0.057201656233973136,-0.9159953437430594,0.3970900411306297,0.2424216490110952,0.39858123849615534,0.8845138441028565,162,162,83,96,162,162,83,96,230213_180132
0,0,0,0,0.15284576986575416,0.22198359926654823,-0.21979117590534658,-0.9993374142476155,-0.00322315159561631,0.036253879498378924,0.00581355765632953,-0.9974182704778813,0.0715751092509741,0.03592958435979791,0.0717384486220884,0.9967761333203299,151,162,136,85,151,162,136,85,230213_180132
0,0,0,0,0.1705168083083536,0.25158644973508293,0.16835855275769196,-0.9967537392787361,0.01598936706274503,0.07890705529158315,-0.00329187779859385,-0.987355070604236,0.15849015140589817,0.08044343835525229,0.15771589866921534,0.9842024936630401,78,154,162,92,78,154,162,92,230213_180132
0,0,0,0,0.15975441503332963,0.2324972653812501,0.19915818673434305,-0.9997976020317676,0.0069507967540204715,0.018879655611551114,-0.00639796731201936,-0.9995535229997928,0.029185967055725598,0.01907409200462258,0.029059268455827774,0.9993956863680229,78,154,162,103,78,154,162,103,230213_180132
0,0,0,0,0.15165772580902065,0.22691656457042841,-0.21375416660719027,-0.9989928714942696,-0.003919075758882787,0.044697690643141226,0.00399945618863514,-0.9999905417448385,0.0017090263487159509,0.04469057007724342,0.0018860715950235179,0.9989990969365834,87,128,162,162,87,128,162,162,230213_180132
0,0,0,0,0.16356097743015485,0.23910590205452595,0.1943708921175049,-0.9984417657851586,0.011517390396953075,0.054602106683333755,-0.006160186886832565,-0.9952375260418522,0.09728473084514767,0.055462531797000406,0.09679677926737904,0.9937576621541738,100,92,162,162,100,92,162,162,230213_180132
0,0,0,0,0.1600019500898666,0.24175260680132485,0.18677579219361706,-0.9640748195420155,0.05941811785702249,0.25890003784349,0.060932925229193115,-0.8992034155376727,0.43326711865591355,0.2585477150315684,0.43347745587944136,0.8632788508334037,130,156,151,162,130,156,151,162,230213_180132
0,0,0,0,0.15748411372616872,0.24223401161976676,0.19228563444860347,-0.9991026911373211,0.0022800663900202378,0.04229200703938607,0.0010798294584014872,-0.9968539767353352,0.07925265317508065,0.04233965671215521,0.07922720722205194,0.9959570287443584,162,107,78,154,162,107,78,154,230213_180132
0,0,0,0,0.16173185018953787,0.23638520402918708,0.1989412232798381,-0.9982882983071678,0.007841169704304306,0.05795679011684254,-0.003116426054959146,-0.9966956585706266,0.08116681634208162,0.058401723875442305,0.08084726491436514,0.9950140493501805,162,103,78,154,162,103,78,154,230213_180133
0,0,0,0,0.171493344267621,0.24762326361487785,0.17273020855835597,-0.9955756727332968,0.015429677067271696,0.0926876740847632,-0.0033051459340430944,-0.9915655149531768,0.12956429124569016,0.09390503645704129,0.1286847101300036,0.9872295019430684,162,146,87,128,162,146,87,128,230213_180133
0,0,0,0,0.16844579521100192,0.24127408004569392,0.18173670781115037,-0.9975139494411138,0.01197093752555506,0.06944506696051615,-0.006513255413562301,-0.9969093259517435,0.07829031443517202,0.07016764335724139,0.0776433672968893,0.994508928738446,162,90,100,92,162,90,100,92,230213_180133
0,0,0,0,0.16364871026559427,0.2412985740291564,0.19118347349963605,-0.9953878653020442,0.0048541162410903355,0.0958093688788241,0.0036084742233337993,-0.9961177383104538,0.08795698003596024,0.09586436524183609,0.08789703623436207,0.9915059931730091,152,162,130,156,152,162,130,156,230213_180133
0,0,0,0,0.15698631183791842,0.22101488593355617,-0.21790857825227894,-0.9997074105064402,-0.007989771053448558,0.022831052034932745,0.008464225548614016,-0.9997486457099687,0.0207605945711229,0.022659440954501075,0.020947767413207148,0.999523756984311,129,154,162,107,129,154,162,107,230213_180133
0,0,0,0,0.16140505873502012,0.24245963444498322,0.18810918736579862,-0.999391029009148,0.008372229879730379,0.03387442845093007,-0.005057477778813512,-0.9952927908958504,0.09678162175365378,0.03452525241838266,0.09655136538439765,0.9947290288253658,116,154,162,103,116,154,162,103,230213_180133
0,0,0,0,0.15138337113348865,0.22061395961518226,-0.2230274451369284,-0.9988880216420496,-0.00405535686450192,0.04697099424894659,0.007009030005902527,-0.997995851104236,0.06289002048901826,0.04662181590639077,0.06314930925540131,0.9969145254344307,77,128,162,146,77,128,162,146,230213_180133
0,0,0,0,0.1559526160878042,0.2284632197860894,-0.20670051045118265,-0.99837265788592,-0.00512951621755935,0.05679545799777965,0.006537495552725984,-0.9996752010379202,0.024632368576570706,0.056650658757880674,0.02496358333989201,0.9980819216723297,140,82,162,90,140,82,162,90,230213_180133
0,0,0,0,0.15849864018664292,0.2174833575028829,-0.22038603985074745,-0.9999637251400735,-0.007090646098465137,0.004719231070350366,0.007454611973716858,-0.99658860900894,0.08219229376253652,0.00412033546090097,0.08222449228503699,0.9966053159120503,137,81,152,162,137,81,152,162,230213_180134
0,0,0,0,0.16791606727051578,0.24405277762880204,0.1811423333621156,-0.9977668565936142,0.013647079043864209,0.06538392093526278,-0.006486307299583744,-0.9940748860253724,0.10850368100326852,0.06647727206281512,0.10783727651982965,0.9919434933966108,162,108,129,154,162,108,129,154,230213_180134
0,0,0,0,0.15236487588434833,0.22427596910630712,-0.217073401150921,-0.9987563424934526,-0.005812139628886141,0.04951754600175134,0.005925376365285614,-0.9999801542951582,0.0021403109032789316,0.049504123505329775,0.002431059186303438,0.9987709605846585,162,120,116,154,162,120,116,154,230213_180134
0,0,0,0,0.15685574375782843,0.22254750684747387,-0.21472620905286677,-0.9988042501520681,-0.007444130954749067,0.048318265619675865,0.009641084055990227,-0.9989225558327482,0.04539578115634133,0.04792827324649133,0.04580733961820585,0.9977998638307743,162,143,77,128,162,143,77,128,230213_180134
0,0,0,0,0.16118432934363633,0.2226545166731546,-0.20955212509801824,-0.9998939762605523,-0.008102438613777595,0.012099038241580415,0.009226738721938146,-0.9953421209662938,0.09596316753254165,0.011265146710910886,0.0960646278233124,0.9953113501566986,162,90,140,82,162,90,140,82,230213_180134
0,0,0,0,0.16810860521127358,0.2466532478760622,0.17387430194053288,-0.9976193175610257,0.01107770080957455,0.06806601041524192,-0.003828229758805423,-0.9943878251630124,0.10572699666824678,0.0688552241009211,0.1052147219373183,0.9920629115140154,162,162,137,81,162,162,137,81,230213_180134
0,0,0,0,0.1566869561541796,0.22595696484666322,-0.20922269219698486,-0.999484550727321,-0.005980870617318789,0.03154143376677737,0.007114869191051357,-0.9993277636746294,0.03596386221554349,0.031305135262434836,0.036169737844270605,0.9988552140177661,132,154,162,108,132,154,162,108,230213_180134
0,0,0,0,0.1500983372084453,0.22561802744764597,-0.2173205337968025,-0.9963135977525691,-0.004414577392586751,0.08567220342549672,0.007109123390492602,-0.9994887447089803,0.03117225632971747,0.08549079072013299,0.031666397119213326,0.9958356109296026,128,154,162,120,128,154,162,120,230213_180134
0,0,0,0,0.16511815917862,0.2400972900337616,0.18777980188694288,-0.9987376581536159,0.011754350231266072,0.04883569838213509,-0.007615348201864275,-0.9964289833053354,0.08409094898299668,0.04964973975354251,0.08361289661133219,0.9952606627726568,69,128,162,143,69,128,162,143,230213_180135
0,0,0,0,0.16819484268130622,0.24642235059120907,0.17606976340405167,-0.9981043944239005,0.014331512454056188,0.0598516965714203,-0.006706669489507328,-0.992045218870842,0.12570323901897526,0.0611771069605015,0.1250635497108664,0.9902608091395222,18,82,162,90,18,82,162,90,230213_180135
0,0,0,0,0.1621632570687135,0.2412380354424784,0.1879823317554401,-0.9982563256094532,0.004314219538114027,0.05887016129152029,4.676999592479324e-05,-0.997267399897149,0.07387645710879917,0.05902801193738562,0.07375039397967799,0.9955282884953908,140,92,162,162,140,92,162,162,230213_180135
0,0,0,0,0.1588935197195499,0.2400070328125505,0.19077138906041258,-0.9998229562859297,0.0057900932141972975,0.017903376894723495,-0.004622357283427787,-0.9979010995424525,0.06459124820832052,0.018239788836715044,0.06449705692925405,0.9977511913050551,162,110,132,154,162,110,132,154,230213_180135
0,0,0,0,0.15770100717032487,0.2193224588184633,-0.21793363553526968,-0.9990321270511867,-0.007114249647872442,0.04340733315384545,0.011720889032184616,-0.9942099927201822,0.10681344080044614,0.04239610689528459,0.10721883149560502,0.9933311090934587,162,122,128,154,162,122,128,154,230213_180135
0,0,0,0,0.165941222047711,0.2431833455636961,0.18515258506910803,-0.9968636894629367,0.010414472184856182,0.07844949585212604,-0.002322256720469516,-0.9947257001358435,0.10254456891020207,0.0791036772474334,0.10204077742925032,0.9916301165190416,162,136,69,128,162,136,69,128,230213_180135
0,0,0,0,0.1595406925827255,0.2363464555954937,0.19846064586160628,-0.9992343940824918,0.00783037248343872,0.03833159205363264,-0.005337980515258412,-0.9978906391208452,0.06469759129218064,0.03875734313151804,0.06444344514193769,0.997168446518252,162,162,18,82,162,162,18,82,230213_180135
0,0,0,0,0.15179105772725984,0.2288117241596894,-0.20975507152251838,-0.9980617145911536,-0.0006170955459328677,0.06222887641965881,0.0038641303782959257,-0.9986358531907014,0.05207207714792179,0.06211185364956927,0.052211607092358114,0.9967025964253569,162,138,140,92,162,138,140,92,230213_180135
0,0,0,0,0.16905657608978375,0.24476712663857092,0.1793960406412285,-0.9964275622341664,0.011770296789821133,0.08362758715612957,-0.002340432365473637,-0.9937083065973562,0.11197465684590478,0.08441940296175497,0.1113789096413456,0.9901858930982029,135,154,162,110,135,154,162,110,230213_180136
0,0,0,0,0.15527787214129024,0.21976969825858403,-0.21986190690481822,-0.9988308588296068,-0.0028993939762670556,0.04825462635106837,0.009221747599939758,-0.9912971175821005,0.13132015856152116,0.047453923135119605,0.1316116187423832,0.9901648887892842,111,154,162,122,111,154,162,122,230213_180136
0,0,0,0,0.15699461570929119,0.225777495571882,-0.20933696789178513,-0.9997344442327375,-0.007133850359543898,0.021912306900616248,0.0075068955199803136,-0.9998274843241903,0.016989647130318142,0.021787325083893607,0.017149628830043607,0.999615527438765,53,130,162,136,53,130,162,136,230213_180136
0,0,0,0,0.16244305555448732,0.24339902265739688,0.1845985089640999,-0.9991146618883161,0.00778599488345522,0.04134332695211879,-0.00397809862563062,-0.9958063441593513,0.09139966992999668,0.04188158462999862,0.09115428248668514,0.9949556923065559,82,162,162,162,82,162,162,162,230213_180136
0,0,0,0,0.16129884613943934,0.24331632743980044,0.18634092860095053,-0.9995556441590385,0.006524242255178743,0.029085193704106033,-0.0037484038713849004,-0.9955187305088915,0.09449024645105739,0.029571332371515085,0.09433923610545251,0.9951008214411307,138,90,162,138,138,90,162,138,230213_180136
0,0,0,0,0.15959363316251546,0.2205935042767743,-0.21327860784016128,-0.9990131999398701,-0.008143662896467604,0.04366127689990826,0.012868218474892432,-0.9939533805187732,0.1090462576551047,0.04250923780996553,0.1095004936515345,0.9930773416964491,162,112,135,154,162,112,135,154,230213_180136
0,0,0,0,0.15212791611115395,0.2258940423580149,-0.21445280890079532,-0.9983835844519124,-0.006709256862018962,0.056437613072393394,0.007273047111842613,-0.999925625058854,0.009790155073809342,0.056367730863133556,0.010184803533685323,0.9983581264728213,162,124,111,154,162,124,111,154,230213_180136
0,0,0,0,0.16187236900583551,0.23654941586990216,0.19436508742345648,-0.9988791649124817,0.004112573884536532,0.047154009795414564,-0.0016155615768564233,-0.9986000593567231,0.05287070468171395,0.04730543165993953,0.0527352651343847,0.9974874374881485,162,162,53,130,162,162,53,130,230213_180136
0,0,0,0,0.15795663162734339,0.24859459955590482,0.18422345957952768,-0.9998027936187676,0.0056414218645942545,0.01904069934257064,-0.0031129145933586518,-0.9914697592212257,0.13029975561196816,0.019613353482842922,0.13021478759783717,0.991291796322358,162,162,82,162,162,162,82,162,230213_180137
0,0,0,0,0.15775868361564488,0.21971359195376006,-0.2176185021845245,-0.9993399910444736,-0.007037527253563226,0.035637838169352204,0.010860477491752007,-0.9940651325705572,0.10824307015293085,0.03466456876813461,0.10855867269654926,0.9934854715870196,162,162,138,90,162,162,138,90,230213_180137
0,0,0,0,0.16011753031514445,0.2249635350045842,-0.20732438281747134,-0.9998465714071327,-0.008197606967877375,0.015480080277615544,0.008606249970456793,-0.9996112741061978,0.02651854334669224,0.015256674173856687,0.02664770008433357,0.9995284558097224,137,154,162,112,137,154,162,112,230213_180137
0,0,0,0,0.16149031288205118,0.2302968379897116,0.20517186353868244,-0.9996645571853314,0.01055112367472757,0.023652629804231908,-0.009021658878373619,-0.9979179100466512,0.06386277851146759,0.02427720697563247,0.06362797024362092,0.9976783542926744,82,156,162,124,82,156,162,124,230213_180137
0,0,0,0,0.1701697287291028,0.24521276847575552,0.17651656541597371,-0.9970980862240146,0.013528549452421804,0.07491585144762132,-0.005324427070991602,-0.9940662571545859,0.10864587826069504,0.07594114118693755,0.10793171330237213,0.9912535943636422,102,126,162,162,102,126,162,162,230213_180137
0,0,0,0,0.15726029194734747,0.22524827105500736,-0.20953857475771365,-0.9994835568579403,-0.0049887485959828086,0.031744794188122406,0.006527034085628492,-0.9987998987077733,0.04854029426554919,0.031464541894729914,0.04872242531716939,0.998316637081927,58,162,162,162,58,162,162,162,230213_180137
0,0,0,0,0.16074620287505637,0.23675170486317204,0.19893493138397844,-0.9975023882539937,0.007001003957281036,0.07028492990085553,-0.0021915898753266678,-0.997664296128347,0.06827260918222228,0.07059874192502584,0.06794805497083953,0.9951878613931561,141,86,162,162,141,86,162,162,230213_180137
0,0,0,0,0.1608765351207356,0.2440381852985834,0.1880141165381798,-0.9993435260315622,0.008130037991641437,0.03530466627883352,-0.004245197565727113,-0.9940602087217014,0.10874869991772086,0.03597909499185998,0.10852743394377758,0.9934421476891072,162,112,137,154,162,112,137,154,230213_180137
0,0,0,0,0.16901048775728597,0.24707016557185307,0.17743686765505218,-0.9960406781731487,0.013820442149392289,0.08781778181649764,-0.002411727584049266,-0.9916789932634299,0.12871269513956293,0.08886591581948065,0.12799128758952705,0.9877859481217275,162,125,82,156,162,125,82,156,230213_180137
0,0,0,0,0.1598775411598605,0.22289640563931995,-0.21207859347042135,-0.9999344991277691,-0.009640663349349047,0.006168878689158547,0.009704191231002931,-0.9998993229361504,0.010352423116338718,0.006068453398450246,0.01041160900207535,0.9999273834990913,162,162,102,126,162,162,102,126,230213_180138
0,0,0,0,0.1567512453742281,0.23791190878523877,0.19546993075621522,-0.9997478048680191,0.0019428564899682877,0.022373018800257886,-0.0009613363636970173,-0.9990399371583277,0.04379817113854581,0.02243663285729696,0.04376561745645668,0.9987898518881148,162,162,58,162,162,162,58,162,230213_180138
0,0,0,0,0.16325543562905,0.23218655933217788,0.2001590804027269,-0.9988150834049939,0.009675615314190157,0.0476949853859578,-0.0077228780428924655,-0.999131031399168,0.04095777398697519,0.04804983160646379,0.04054089988549023,0.9980218680565398,152,162,141,86,152,162,141,86,230213_180138
0,0,0,0,0.16615639105807944,0.24521394371187383,0.17866224600313785,-0.9987377190899508,0.012044194208947591,0.048763776031581274,-0.006906028288007533,-0.9945327110261324,0.10419689761358836,0.04975213804738751,0.10372860784214033,0.9933605089164986,124,162,162,112,124,162,162,112,230213_180138
0,0,0,0,0.1631254803277523,0.23738542749914754,0.19115619906243864,-0.9988111298636008,0.008385349596589627,0.04802096180565603,-0.005683644690672285,-0.9984076506401959,0.05612360756541014,0.04841511172792535,0.05578394979982098,0.9972683329481106,80,156,162,125,80,156,162,125,230213_180138
0,0,0,0,0.16026012200216116,0.24534793020398424,0.18271352591872958,-0.9997794791850001,0.0071279989311646055,0.019753091702528286,-0.005110228130986923,-0.9949361151760432,0.10037934193274903,0.020368568163237274,0.10025626339356454,0.9947531367537072,88,120,162,162,88,120,162,162,230213_180138
0,0,0,0,0.1675278354620087,0.2392382267138378,0.1892666714098733,-0.9959529774078295,0.010417620058149571,0.08927003968187776,-0.0029355122004990786,-0.9965001863033051,0.08353898171272878,0.08982788854582255,0.08293884427578524,0.9924979085870139,114,98,162,162,114,98,162,162,230213_180138
0,0,0,0,0.16193137849565029,0.24219880955412731,0.18804644714630048,-0.9997316414987236,0.010914893012593704,0.020433063813085003,-0.008711186072917028,-0.9944349413950284,0.1049917261972065,0.021465326074136072,0.10478555455400228,0.9942631579885384,138,156,152,162,138,156,152,162,230213_180138
0,0,0,0,0.1626023236282535,0.2428033256701549,0.18898040832527485,-0.9966300366785185,0.005672678260602929,0.08183147751035016,0.001802625492302382,-0.9958503497672699,0.09098808388871854,0.08200805162610415,0.09082896889075458,0.9924841449004275,154,128,124,162,154,128,124,162,230213_180139
0,0,0,0,0.15657805122079627,0.2460355777537838,0.18607519670053974,-0.9999840166835383,0.005508675968724326,-0.0012731325654148197,-0.005615307738806687,-0.9939134331748867,0.11002070565811214,-0.0006593151416572543,0.11002609619350333,0.993928480052746,162,143,80,156,162,143,80,156,230213_180139
0,0,0,0,0.16098034682750795,0.24028757614439863,0.18916067488458288,-0.9995571335138452,0.007485405081993343,0.028801138039051526,-0.005534377259469522,-0.9977218609431167,0.0672343577685807,0.0292388014449276,0.06704518556139662,0.9973214304240644,162,151,88,120,162,151,88,120,230213_180139
0,0,0,0,0.16413906492084981,0.24163088494899032,0.18984091785666735,-0.9979988477815546,0.00993702985075695,0.06244641914821629,-0.0029657280979710496,-0.9938436579675348,0.11075192086170782,0.06316252277686864,0.11034509030969275,0.9918842960552441,162,162,114,98,162,162,114,98,230213_180139
0,0,0,0,0.16141723799791852,0.2395097767885339,0.18965023138595372,-0.999317796580344,0.006088169361622608,0.03642630411708719,-0.0038985972031905423,-0.9981978821559535,0.05988145789154334,0.03672522808170972,0.059698595068842314,0.997540643467299,160,162,138,156,160,162,138,156,230213_180139
0,0,0,0,0.1602928542015697,0.22838513855708859,0.20443061135281337,-0.9995678372524026,0.006422176072474419,0.028686135763626087,-0.00629711835514605,-0.9999702815492376,0.0044477318669367116,0.02871384737328547,0.0042651697308571795,0.999578572847673,123,162,154,128,123,162,154,128,230213_180139
0,0,0,0,0.161600901438239,0.24453010165301567,0.18694169258763849,-0.9994964969713386,0.009372126292788278,0.030313623847639984,-0.0056834940421057745,-0.9928114058735473,0.1195542147431981,0.031216188708705767,0.1193217315334529,0.9923647887477471,79,156,162,143,79,156,162,143,230213_180139
0,0,0,0,0.1615109943151186,0.23424641381692074,0.19775546166535785,-0.9985008813223143,0.003414259725590744,0.054629047484726856,-0.0017573045355300137,-0.999537776833326,0.030350363488101113,0.05470742069712063,0.030208864818404905,0.9980453509771245,72,122,162,151,72,122,162,151,230213_180139
0,0,0,0,0.15343327386465516,0.22702135350639688,-0.21144170242964477,-0.9985832526617644,-0.00353522782632087,0.05309415850794638,0.006455965837513768,-0.9984687740161029,0.05494022042080168,0.05281863315683,0.055205158083257225,0.9970770193482782,108,85,162,162,108,85,162,162,230213_180140
0,0,0,0,0.16129605541043734,0.2309432772622066,0.20491061568735514,-0.9975525661737261,0.003817753833831756,0.06981620496616692,-0.0020142590400597776,-0.9996629182734263,0.025884215065876265,0.0698914907605576,0.025680237240361736,0.9972239993775448,145,86,160,162,145,86,160,162,230213_180140
0,0,0,0,0.16771586921219386,0.2456323579524118,0.17998924933541105,-0.9968002164689563,0.011282595776790307,0.07913299867931203,-0.002153239249436987,-0.993419067495877,0.1145160246269386,0.0799042677719853,0.11397920585861472,0.9902646356523405,154,127,123,162,154,127,123,162,230213_180140
0,0,0,0,0.16206101754844462,0.22916773947204966,0.20324317346891496,-0.9996811617579647,0.01044282313160763,0.022989612247481375,-0.009829524324067257,-0.9995970176187525,0.026630486650785996,0.023258445300796772,0.0263960188804502,0.9993809558468948,162,162,79,156,162,162,79,156,230213_180140
0,0,0,0,0.16399470988846965,0.23993092331561194,0.18787110131548124,-0.998452499941726,0.007707047690430184,0.05507455652128152,-0.0039042164245639017,-0.9976210684007969,0.06882558373862982,0.05547397997465626,0.06850405315563755,0.9961073397214886,162,152,72,122,162,152,72,122,230213_180140
0,0,0,0,0.1633822269819435,0.2444139557082556,0.18392006738449707,-0.9991880838199741,0.011014265016090203,0.03875382714419594,-0.006717372196621639,-0.9939852436205276,0.10930787883503351,0.03972467826098708,0.1089588061186321,0.9932521978361102,162,162,108,85,162,162,108,85,230213_180140
0,0,0,0,0.16807821181611438,0.23859805178263443,0.18730007486482092,-0.9977650397187202,0.012257229361184417,0.06568626830233515,-0.00712048890769326,-0.9969379358753329,0.07787201455173405,0.06643962787986137,0.07723025534735319,0.994797096651457,160,162,145,86,160,162,145,86,230213_180140
0,0,0,0,0.16318328129494714,0.23318169508570427,0.19886912449814298,-0.9984794193976373,0.0067015499868693686,0.05471689197250339,-0.004787000357066532,-0.9993742183233104,0.035046488814929326,0.054917516940759095,0.03473126802244651,0.997886669594606,123,162,154,127,123,162,154,127,230213_180140
0,0,0,0,0.1615120937368363,0.23522490208434418,0.20062776580031894,-0.9962276282118746,0.004199723851266412,0.08667684296809726,0.0007670450629063428,-0.9983630496737421,0.057189445599824494,0.08677513716044796,0.057040190793132134,0.9945936316934009,105,153,162,162,105,153,162,162,230213_180141
0,0,0,0,0.15902135992852864,0.24391231102128508,0.18896109370338354,-0.9998062843057917,0.007815066514303956,0.018064290686987488,-0.005870166151889398,-0.9944215806699183,0.1053150561282137,0.018786564667234648,0.10518861456125654,0.9942748213420105,70,120,162,152,70,120,162,152,230213_180141
0,0,0,0,0.168932293389498,0.24657998905694256,0.1749350235279682,-0.9977971650272842,0.014805929604001363,0.06466530686601386,-0.006940416162655984,-0.9927248426963275,0.12020489722569856,0.06597460183285325,0.11949130153326211,0.990640793007679,112,88,162,162,112,88,162,162,230213_180141
0,0,0,0,0.1613303732314447,0.22769918676160705,0.20706279640268233,-0.9984284429798904,0.006193106171887756,0.0556982018084605,-0.005364398049787816,-0.9998728669033555,0.015015767180857812,0.05578411496399044,0.014693381721374415,0.9983347319668261,138,147,160,162,138,147,160,162,230213_180141
0,0,0,0,0.15826536353506018,0.2411342143447755,0.18993595027468724,-0.9997220935555836,0.002926391327989121,0.023391705594852815,-0.0013772101866113347,-0.9978205570612643,0.0659715029240023,0.023533783141320323,0.0659209537229645,0.997547286554032,154,162,123,162,154,162,123,162,230213_180141
0,0,0,0,0.16152630808930937,0.23868917839594023,0.19453010123080683,-0.9994879344101069,0.012356668829124694,0.029515787369889242,-0.009641473750046058,-0.9958566904019869,0.09042396897686883,0.030510833363648845,0.09009309028471554,0.9954658829565208,162,162,105,153,162,162,105,153,230213_180141
0,0,0,0,0.16450612335049797,0.2455562209149417,0.18169084097867316,-0.9987915413902083,0.011285547590760038,0.0478340178424071,-0.005528582825908987,-0.9929006985467621,0.1188176653418514,0.04883535214686274,0.118409624781636,0.991763212233527,162,146,70,120,162,146,70,120,230213_180141
0,0,0,0,0.16235493352313934,0.2404051194421931,0.18689450499032356,-0.9990117438666686,0.005491715040875122,0.04410642450241513,-0.0029023300499282766,-0.9982797595237101,0.05855850241909063,0.044352137454227655,0.05837262021868806,0.9973091421981682,162,106,112,88,162,106,112,88,230213_180141
0,0,0,0,0.15938478239655746,0.23247947744569247,0.20331134958084185,-0.9992517486513116,0.004995561141953891,0.038353450772696834,-0.0036423846421395315,-0.9993711508391983,0.03527089316214045,0.03850553014068736,0.03510480364869489,0.9986415657829245,124,162,138,147,124,162,138,147,230213_180142
0,0,0,0,0.15821630676532206,0.23928902458206233,0.1957009332937717,-0.9999173486872021,0.008203541166839955,0.009899379105839308,-0.007320996339216263,-0.9962585513499771,0.0861121470795242,0.010568765630779565,0.08603255647932578,0.9962362673676728,122,162,154,162,122,162,154,162,230213_180142
0,0,0,0,0.16037208887434537,0.24700964923205732,0.18189279430816852,-0.9998473073344856,0.010034208460621679,0.014306525663075975,-0.008208910383435047,-0.9924497312312682,0.12237705981637613,0.015426464478168485,0.1222409327498484,0.9923805613544389,97,149,162,162,97,149,162,162,230213_180142
0,0,0,0,0.15849367670228043,0.24423339042059883,0.18830538391007168,-0.9992123860614391,0.0022614215145230617,0.039616833721797036,0.0012785956908537724,-0.9960215187488063,0.08910386850401161,0.03966072029686541,0.08908434296808003,0.995234146873729,44,122,162,146,44,122,162,146,230213_180142
0,0,0,0,0.16199223389120646,0.2312790905571123,0.20524738015563648,-0.9988913479477916,0.009294506550083424,0.046148533487353885,-0.007008486994161413,-0.9987518564210541,0.049453113203835455,0.0465505757761989,0.04907485551164821,0.9977097285540596,111,80,162,106,111,80,162,106,230213_180142
0,0,0,0,0.16792462750671527,0.23965130128611,0.1850564752347743,-0.9981120558208066,0.014263070078226277,0.05974017791325324,-0.009511584465545233,-0.99682305835909,0.07907793677495682,0.060678281008268074,0.07836041829631128,0.9950767764641625,146,90,124,162,146,90,124,162,230213_180142
0,0,0,0,0.1580549893000547,0.225919722151706,-0.2079616413925084,-0.9995522462839573,-0.0072355709721131575,0.02903366083364389,0.008338730460708259,-0.9992407965889905,0.03805648442123017,0.028736257985325968,0.03828154836089042,0.9988537182851619,154,162,122,162,154,162,122,162,230213_180142
0,0,0,0,0.15630725059157793,0.22091042131081612,-0.2175570145919592,-0.9985670279371042,-0.006072436718586297,0.05316969276905935,0.010678413935242076,-0.9961704911652606,0.08677743950700073,0.05243912845085266,0.0872208578486953,0.9948078506744168,146,162,97,149,146,162,97,149,230213_180142
0,0,0,0,0.16137565424806535,0.2324962289500851,0.20280876269808057,-0.999473474641075,0.010736127964444392,0.03061876949235077,-0.008777494022443745,-0.9979495711073546,0.06340038742258693,0.031236662555090604,0.06309824944464965,0.9975183616502706,114,18,44,122,114,18,44,122,230213_180143
0,0,0,0,0.16532749399639818,0.23907217417848928,0.18860950102183927,-0.9989147782837947,0.01326935077310376,0.044645157142715185,-0.009976412881234542,-0.9972682203032947,0.07318857806463122,0.04549436132380077,0.07266375370953401,0.9963183436957184,162,162,111,80,162,162,111,80,230213_180143
0,0,0,0,0.1605787300066407,0.2255376859100477,0.20797110490928783,-0.9998120744515704,0.010300498172488575,0.016423017939646737,-0.010264024937996582,-0.9999446700624497,0.0023036071217843192,0.01644583755603782,0.0021346079494628974,0.9998624794820449,162,162,146,90,162,162,146,90,230213_180143
0,0,0,0,0.16492003067375383,0.23962966213299247,0.18985194706888098,-0.99624430140752,0.005823402333744067,0.08639085540900449,7.31944558885297e-05,-0.9976788235479206,0.06809522513810568,0.08658687288274013,0.0678458033285554,0.9939314163538102,120,162,154,162,120,162,154,162,230213_180143
0,0,0,0,0.16044808513956232,0.22810674273380405,0.20422419303300798,-0.9999190428298026,0.009917007142179706,0.007972499963767086,-0.009776770688401042,-0.9998000993576347,0.01744064446549495,0.00814386525163157,0.017361287216313588,0.9998161146755716,96,148,146,162,96,148,146,162,230213_180143
0,0,0,0,0.16348740927907818,0.23964073508839998,0.18987902572449322,-0.999607093847178,0.013203151406233953,0.02472518399009484,-0.010782583410248727,-0.9953620460704247,0.09559358313976288,0.025872646277507228,0.09528942247406996,0.9951133262795536,100,116,114,18,100,116,114,18,230213_180143
0,0,0,0,0.15963271388169212,0.24446324431830815,0.1902404957045396,-0.9995070008701759,0.010489131798885649,0.02959279178469377,-0.006475115935232492,-0.991146931497874,0.1326115871859404,0.030721785187907472,0.1323545930312,0.9907262152675751,114,90,162,162,114,90,162,162,230213_180143
0,0,0,0,0.16447054411962553,0.22959448867918364,0.20291064891171995,-0.9989279696130193,0.011109240430039158,0.044938806191064114,-0.009169643652467769,-0.9990269964625765,0.04313905393315941,0.045374322695740564,0.042680734717538096,0.9980578769409487,148,92,162,162,148,92,162,162,230213_180143
0,0,0,0,0.1591747234018901,0.23413900723949604,0.20394349035699788,-0.999561655839909,0.008002012632998412,0.028503753584414423,-0.005807940053229658,-0.9970724041771234,0.07624230230514685,0.029030397980699046,0.07604333384506917,0.9966818185212419,154,162,120,162,154,162,120,162,230213_180144
0,0,0,0,0.16180515419973096,0.23932008669887783,0.1908644427770827,-0.9994728909073402,0.009018244712630397,0.031186721591539464,-0.006806146081779694,-0.997501039743729,0.07032319735118044,0.031742979016446383,0.07007386797146783,0.9970366273666572,146,162,96,148,146,162,96,148,230213_180144
0,0,0,0,0.1627497625342324,0.23978080573749389,0.19125460863723598,-0.9982230461869911,0.007872290252900444,0.05906587091830446,-0.0034210682504088644,-0.9971711783394205,0.07508619967209296,0.05948988446105571,0.07475070658759991,0.9954261828540903,162,162,100,116,162,162,100,116,230213_180144
0,0,0,0,0.16071681537116528,0.24038650804786266,0.1912765624174827,-0.9994793278217922,0.0075084255815627285,0.03137987893835496,-0.0047460691439016,-0.9961800211559004,0.08719426745785709,0.03191470013302623,0.08699993675352384,0.9956969734413688,158,162,114,90,158,162,114,90,230213_180144
0,0,0,0,0.16319905787934838,0.24344108651356816,0.18416387687791735,-0.9993804342532107,0.010734722602892014,0.03351885085296143,-0.0075585279477129895,-0.9955918626815142,0.09348642477716033,0.034374645992762715,0.09317515061963128,0.9950561667664198,162,146,148,92,162,146,148,92,230213_180144
0,0,0,0,0.16460040820980876,0.2399373750747359,0.19089956251737594,-0.9990673487265778,0.01270395187602101,0.041267933255468826,-0.00814707285699678,-0.9940336418584592,0.10876922385249084,0.04240351297131965,0.1083315672384657,0.9932100551380604,120,162,154,162,120,162,154,162,230213_180144
0,0,0,0,0.1580615146117201,0.23881309591506833,0.19394356506420096,-0.9997949574357563,0.007245401742771257,0.01890891957830866,-0.005990816932594027,-0.9978291991773572,0.06558200501322824,0.01934304005355004,0.06545527803516536,0.9976680075951249,93,148,146,162,93,148,146,162,230213_180144
0,0,0,0,0.16048193601235305,0.2259059199778807,0.20768218120905413,-0.9647602862161058,0.060433090665434716,0.256096528076506,0.03473348945499019,-0.9355037956583644,0.351605223253401,0.2608278644058134,0.3481098818784339,0.9004378575382564,88,112,162,162,88,112,162,162,230213_180144
0,0,0,0,0.1728500671165386,0.24526155714598208,0.1728026127122556,-0.9950203762719835,0.014488373917382485,0.09861307126740598,-0.003949082946639169,-0.9943324685143328,0.10624192582062161,0.09959345132809155,0.10532344980783724,0.9894382827509428,117,93,158,162,117,93,158,162,230213_180145
0,0,0,0,0.16240002144529658,0.23676711337380277,0.19533181301875235,-0.9990941635664633,0.010276484403994568,0.0412946267173212,-0.007365902077559877,-0.9975178866824456,0.07002720353669406,0.04191176223940293,0.06965959816766265,0.9966899942154067,151,89,162,146,151,89,162,146,230213_180145
0,0,0,0,0.15810031703380817,0.23924379043059377,0.19179221138920177,-0.9998242775805863,0.003286359357636385,0.01845572547018066,-0.002291897685976038,-0.9985572490857595,0.05364855546310681,0.018605406887655412,0.053596829574644685,0.998389312189434,154,162,120,162,154,162,120,162,230213_180145
