0,0,0,0,0.16101732622534376,-0.13601111288500606,0.15400854726477198,0.9646863829664416,0.26215075834417984,-0.02563517931855066,-0.263359752663404,0.9616818709159377,-0.07622086216183525,0.004671530390956977,0.08028050231030018,0.9967613644963433,162,162,83,96,162,162,83,96,230202_165259
0,0,0,0,0.16218156402143208,-0.1349734513583971,0.15101200715270358,0.9657591751778911,0.2586493537748526,-0.020241723038619593,-0.25929150731846257,0.9649045750805735,-0.041558094531605645,0.008782356872763892,0.0453836179742148,0.9989310273624149,162,162,146,90,162,162,146,90,230202_165259
0,0,0,0,0.16078146823793285,-0.13697599352000422,0.15299043881479035,0.963914568556604,0.26083357933236184,-0.053240477242450276,-0.2637334322628984,0.9628744646868568,-0.05759723917715297,0.03624060197025812,0.06956011174996309,0.9969192593295436,104,144,138,162,104,144,138,162,230202_165259
0,0,0,0,0.16219120275390353,-0.13829253498245658,0.15203729037948,0.9639421797409139,0.2639435557023946,-0.033900936853023464,-0.26596936538351773,0.9597436851547572,-0.09029039529792127,0.008704642084811353,0.09605133111385229,0.9953383198678891,129,89,162,130,129,89,162,130,230202_165259
0,0,0,0,0.1650619519355651,-0.13772690356093797,0.14432820029829863,0.9652928479854355,0.2599938175739959,0.02475747263889767,-0.25846484167167555,0.9646011321154289,-0.052350563905939854,-0.03749190909785419,0.044134688680604786,0.9983218348845547,162,124,111,154,162,124,111,154,230202_165300
0,0,0,0,0.1606032351932932,-0.13865591051882253,0.1542597378414241,0.9642287378744178,0.26506853480873327,-0.0012700045113000216,-0.2646537696621383,0.9624289634039751,-0.060736089804752744,-0.014876937209228613,0.058899594697267556,0.9981530516327495,162,162,111,80,162,162,111,80,230202_165300
0,0,0,0,0.16139595702998474,-0.13852238481359203,0.15107165699459635,0.9638639403404068,0.2662703045399686,-0.008150425243892648,-0.2663741151893275,0.9629538787979249,-0.04200783337824098,-0.003336954984229544,0.04266089811787328,0.9990840367572739,112,162,154,162,112,162,154,162,230202_165300
0,0,0,0,0.16268892047748187,-0.13841993094139315,0.14932338032909032,0.961802045051041,0.27194590401343355,-0.0313408906374712,-0.27323077747071833,0.9607001106187342,-0.04899224122143872,0.016785957773699824,0.05568413371391476,0.998307321857428,96,96,18,82,96,96,18,82,230202_165300
0,0,0,0,0.16001873346665887,-0.13797270276641516,0.15495646006408825,0.9614624630725487,0.27229529569900796,-0.03801583936543709,-0.27424805178317685,0.9596206490214213,-0.06257967773037945,0.01944063259261254,0.07059378097181024,0.9973156871785898,162,110,132,154,162,110,132,154,230202_165300
0,0,0,0,0.15902356065883788,-0.14066329467319832,0.15836618851416784,0.9636805221843624,0.26478600709451905,0.03475948229500701,-0.2615807254226665,0.9621120068831276,-0.07691560504001728,-0.053808691210872936,0.06502965983504569,0.9964315170105326,162,146,70,120,162,146,70,120,230202_165300
0,0,0,0,0.1593015479810134,-0.14274148352595784,0.15087698225117385,0.9585831709697172,0.2838300281162658,-0.02363936279094308,-0.284793714359101,0.9561714685797379,-0.06803427765188048,0.003293113297302218,0.07194885554048872,0.9974028862958163,146,162,146,130,146,162,146,130,230202_165300
0,0,0,0,0.15929469658461373,-0.14223979143810497,0.15248460795555496,0.959155276168564,0.28196146095850777,-0.022779173210410144,-0.2828710521176385,0.9566542040008977,-0.06925822580220038,0.0022636412848208447,0.07287296138865283,0.9973386623542585,80,136,162,141,80,136,162,141,230202_165300
0,0,0,0,0.15898920903963698,-0.14388464771404494,0.15212434154574905,0.9588091301002609,0.28401726812675454,-0.004386734798912536,-0.283746686701773,0.9569523815835798,-0.061073375273359536,-0.013147996887224732,0.0598024312827675,0.9981236393305808,130,156,151,162,130,156,151,162,230202_165301
0,0,0,0,0.15791184883797435,-0.1405973851634728,0.15568768006978606,0.9579766374465927,0.2841896930005829,-0.0389484338421236,-0.286297148865595,0.9556852005836609,-0.06855464927193872,0.017739917078474478,0.07682457795264257,0.9968867937556637,162,143,80,156,162,143,80,156,230202_165301
0,0,0,0,0.1576617454122539,-0.1441356404770885,0.1491058460675725,0.9592533216425442,0.28223934692338015,-0.013191511134360982,-0.28253086326523646,0.957645043676812,-0.05560828736650772,-0.003062061453422544,0.057069443395739564,0.9983655154351817,162,160,119,87,162,160,119,87,230202_165301
0,0,0,0,0.15722184837090794,-0.14579312211432102,0.15221421468505936,0.957364834314312,0.28859339412993684,-0.012900654359075501,-0.28848418429751604,0.9527524117118392,-0.09507742838060589,-0.01514758820823505,0.09474542121831167,0.9953862846802937,108,162,162,134,108,162,162,134,230202_165301
0,0,0,0,0.1556103594315772,-0.1434722254716156,0.1556251224839923,0.9553643296027389,0.2919524406814118,-0.045197014313744274,-0.2944982927430384,0.9532816747047196,-0.06726666517379068,0.023446818422671777,0.07757461603085086,0.9967108034196882,140,82,162,90,140,82,162,90,230202_165301
0,0,0,0,0.1584508805708664,-0.14314614190433428,0.1520161844016884,0.9562621524438728,0.2922423228785575,0.01253477251320722,-0.29098514963130645,0.9547713266942817,-0.06115027732142826,-0.029838540471328,0.05482826315857871,0.9980498600077827,154,162,123,162,154,162,123,162,230202_165301
0,0,0,0,0.15801394357950693,-0.14595576173812663,0.15275624155344314,0.956423472674222,0.2919091521011936,-0.006571745380255881,-0.2917838728678157,0.9546973683626596,-0.05843891148602095,-0.010784825081521347,0.05780987598131395,0.9982693553280025,162,151,64,112,162,151,64,112,230202_165301
0,0,0,0,0.15779321385249323,-0.1443533933680332,0.153936725341556,0.9550459188143591,0.29567338545792043,-0.02155323845479704,-0.29641490574521845,0.9536186815995779,-0.052436759590354036,0.005049416608941828,0.05646821438770024,0.9983916286486851,162,162,160,95,162,162,160,95,230202_165301
0,0,0,0,0.15700154318484325,-0.14681268891898597,0.15452687281813504,0.955946430608079,0.29333846445311623,0.010907203122800635,-0.2921829712886248,0.9544365041763905,-0.06066358697359525,-0.028205196269920102,0.054804240418422724,0.9980986735466264,69,128,162,143,69,128,162,143,230202_165302
0,0,0,0,0.1535248516948508,-0.14761774113902904,0.15987065136454293,0.9525777558411671,0.304077176337932,0.01151911051064564,-0.30226479433813214,0.9499090420388514,-0.07942799227324102,-0.035094346842945254,0.07217951706115494,0.9967740486873068,138,147,160,162,138,147,160,162,230202_165302
0,0,0,0,0.15739496688313528,-0.14828589328789243,0.1508801690651037,0.9523778770773363,0.30305069123517236,-0.03371435592667067,-0.30481155538334564,0.949153389120171,-0.07872585106862336,0.008142171605379672,0.08525328418059828,0.9963260423064183,162,132,59,146,162,132,59,146,230202_165302
0,0,0,0,0.15548702477417717,-0.14420048090259946,0.1559087054006052,0.9522782433183422,0.3043337846495154,-0.023390058217870442,-0.3049349615111242,0.9519322203604845,-0.028977872381662818,0.013446804480696324,0.03472744390912231,0.9993063534716452,141,162,128,80,141,162,128,80,230202_165302
0,0,0,0,0.15489872109161523,-0.1456826055074733,0.15674052670996774,0.9501330193635616,0.31145824712131026,-0.015524361990243679,-0.31181542524702754,0.9495497422587256,-0.03356229364039737,0.004287900779958176,0.03672937892899383,0.9993160494209986,116,154,162,103,116,154,162,103,230202_165302
0,0,0,0,0.1582915766457013,-0.14708696454387082,0.15043860712392165,0.9500035936089342,0.31210119456075164,0.009274507203193599,-0.31113992746364266,0.9487320061479696,-0.05567338725430259,-0.02617475249223085,0.0500042484615066,0.9984059582493338,108,85,162,162,108,85,162,162,230202_165302
0,0,0,0,0.15396387859447344,-0.147197302582391,0.1563901662374907,0.9506569283136088,0.3077926194818765,-0.03892438877897702,-0.3098097572078501,0.9484612497575435,-0.0666271119528034,0.01641094111089139,0.07539868102853788,0.9970184150310422,154,162,119,162,154,162,119,162,230202_165302
0,0,0,0,0.15454013719136697,-0.14796917442659402,0.15521138212473584,0.9534940889355114,0.30139317039676916,0.0033435315496317584,-0.3007762778179076,0.9521453100784282,-0.05434095322735939,-0.019561520059657524,0.050808122715143206,0.9985168409191297,162,158,42,106,162,158,42,106,230202_165302
0,0,0,0,0.15335861776126158,-0.14954019326580303,0.15448751000942063,0.9496579555022676,0.3122666584621666,-0.02528441346216235,-0.3132371458880579,0.9478676557488056,-0.058561058914324206,0.0056796115321812906,0.06353299298896627,0.9979635768978282,162,154,160,95,162,154,160,95,230202_165303
0,0,0,0,0.1552427342700529,-0.14835730709172226,0.15436843396533162,0.9492166575943446,0.3136599947116477,-0.024599688268570976,-0.3144257744093468,0.9484862710973185,-0.038861625377571166,0.011143129385598327,0.044622878183655616,0.998941754763561,102,126,162,162,102,126,162,162,230202_165303
0,0,0,0,0.15702545785526734,-0.14652423294505684,0.15074779926406645,0.9471264400843834,0.31870808376191456,-0.03710342083812603,-0.32004287468523374,0.9466255222197147,-0.03837550058910183,0.022892462870872033,0.048221136725102066,0.9985743122655644,148,92,162,162,148,92,162,162,230202_165303
0,0,0,0,0.1521339760351998,-0.14971368095670035,0.15750692241130437,0.9500274849843772,0.30961015235401956,-0.03986641861993407,-0.31177518495599804,0.9474585058620177,-0.07154448766582976,0.015620877693404615,0.0803985897204272,0.9966403839655777,162,132,70,146,162,132,70,146,230202_165303
0,0,0,0,0.15623950727105512,-0.1488173387377178,0.1561001672649076,0.950964154585018,0.30771777040151366,-0.031256206959956144,-0.3090686292998425,0.9493023057506456,-0.057460548894219116,0.011989957344329493,0.06430323534340802,0.99785837414297,141,162,128,80,141,162,128,80,230202_165303
0,0,0,0,0.15460947772800787,-0.14866629981557483,0.1582332526328969,0.9508713723326443,0.30955089145098186,0.004677486519116163,-0.30900009703213016,0.9498920602103874,-0.04715945274704524,-0.01904135794443786,0.043397229763766046,0.9988764223548692,116,154,162,103,116,154,162,103,230202_165303
0,0,0,0,0.15482475417763125,-0.15233021016544715,0.15334537629401146,0.9452994016135955,0.32322932866192955,-0.043952729172801366,-0.3256990019029595,0.9427235850222,-0.07205832639124132,0.018143909953350017,0.08243205284141,0.9964315105394629,108,85,162,162,108,85,162,162,230202_165303
0,0,0,0,0.1563511623094667,-0.14921472166518313,0.1536299498598983,0.9472025115041249,0.31919872322796655,-0.030324532806197936,-0.320337542705951,0.9461585298575154,-0.046560660551354965,0.013829711977884964,0.053816460934377905,0.9984550703958127,154,162,119,162,154,162,119,162,230202_165303
0,0,0,0,0.1581969034636662,-0.15253045903838236,0.14695720414626057,0.9471332908505616,0.32084016510637925,0.0003432449523225336,-0.32005369108978665,0.9448853767628279,-0.06897289032345709,-0.02245360065533937,0.06521666377759196,0.9976184754621032,162,153,93,102,162,153,93,102,230202_165304
0,0,0,0,0.15756766120973434,-0.1516781437686292,0.15083953346491852,0.9460725506594873,0.3237994428736031,-0.010032431579436455,-0.3237044314043875,0.9436705083444006,-0.06856684891535755,-0.012734597669894075,0.06811675620406088,0.9975960793559798,162,154,162,91,162,154,162,91,230202_165304
0,0,0,0,0.1545415895417421,-0.15242596476711556,0.15213320835849442,0.9481729252157056,0.3177260045911533,0.004276668613956839,-0.3171355308499082,0.947079225066277,-0.049658801036735985,-0.019828236442960674,0.04572884707055036,0.9987570843729521,102,126,162,162,102,126,162,162,230202_165304
0,0,0,0,0.15620323111922763,-0.15049099255247922,0.15112844929756386,0.9479157845448577,0.3184692904661577,-0.005742511705627231,-0.3184657806018575,0.9472613672295542,-0.035713425207413246,-0.005933969696316912,0.035682112947217084,0.9993455732724617,146,80,155,162,146,80,155,162,230202_165304
0,0,0,0,0.1538049212689748,-0.15120400613640272,0.1545697840904674,0.9465697728384475,0.31997937173084845,-0.04023514403233011,-0.3219871400908637,0.9447102283905706,-0.062023108518857645,0.018164436811451804,0.0716643986995434,0.9972633890775073,130,162,59,136,130,162,59,136,230202_165304
0,0,0,0,0.15628984587621822,-0.15037657969186075,0.15529240210151685,0.9491938897255975,0.3120877066612844,-0.04040078041932459,-0.31408073058352787,0.9475080872614831,-0.05984746653120692,0.019602407599773056,0.06949595617722507,0.9973896218085014,152,162,141,86,152,162,141,86,230202_165304
0,0,0,0,0.15518959758881457,-0.1542870058933452,0.1520767091669124,0.9460359770447433,0.32319051955884565,-0.023744856375246568,-0.32402889927765477,0.9444388701171478,-0.05514066598035374,0.004604624839120545,0.059859073490399005,0.9981962175599354,85,147,146,93,85,147,146,93,230202_165304
0,0,0,0,0.1566962128515358,-0.15348428145599108,0.14978337254300977,0.9427234097914204,0.3331642076062691,-0.016558484270172105,-0.33357199677361155,0.9413260470398788,-0.051332213401945714,-0.0015151236597220012,0.05391552591196893,0.9985443507756335,124,85,162,122,124,85,162,122,230202_165304
0,0,0,0,0.15486685526033145,-0.15407009177736616,0.15434680574982385,0.9441191159959702,0.3282387775563784,-0.029973316788145417,-0.3295647727564355,0.9415050977568014,-0.07039326285912115,0.00511423200363573,0.07633777443866717,0.9970688987350694,162,141,103,154,162,141,103,154,230202_165305
0,0,0,0,0.15571402874939944,-0.1553343919163129,0.1538416850984926,0.9443462538749057,0.3289456440307533,0.0022172202471786788,-0.3283657595323202,0.9430412843995976,-0.05337662301718615,-0.01964893786427121,0.04967795478025752,0.9985719904191467,162,162,82,162,162,162,82,162,230202_165305
0,0,0,0,0.1555399718815454,-0.15760722257547616,0.15170102966955645,0.9447762046845213,0.3264464181943031,0.02882115733314447,-0.3239011202629776,0.9435397642891488,-0.06943181905701422,-0.04985967663653281,0.0562623253455473,0.9971702780330008,120,162,154,162,120,162,154,162,230202_165305
0,0,0,0,0.15464731178479504,-0.15907566749017898,0.15358070687807546,0.9425926071118637,0.3333856023349034,-0.01931882951560637,-0.33370415413749466,0.9381395710831839,-0.09238875840295498,-0.012677323433542897,0.09353173431330135,0.9955355845708919,100,108,162,156,100,108,162,156,230202_165305
0,0,0,0,0.15519627251267082,-0.1560732060211976,0.15328379683382343,0.9402150967498193,0.3383263303801519,-0.039126282921189276,-0.3401804081897097,0.9384628443599591,-0.05970577559748347,0.01651852679905441,0.06944626647498714,0.9974489231760562,160,95,162,162,160,95,162,162,230202_165305
0,0,0,0,0.15468478302753366,-0.15661847734631681,0.1602895706168408,0.9419452483088732,0.33338472225837695,0.039922126108697345,-0.32647281732793365,0.937156822908566,-0.12309585217173137,-0.07845156935521287,0.1029160640552664,0.9915914657887474,162,143,77,128,162,143,77,128,230202_165305
0,0,0,0,0.1564535588989447,-0.15733146316309937,0.1521399433100371,0.9419550746072419,0.33473933274937556,-0.025888540556918603,-0.33573835918210493,0.9390051990961021,-0.07449154478326472,-0.0006257758162634197,0.07885946475212814,0.9968855467021456,162,162,146,90,162,162,146,90,230202_165305
0,0,0,0,0.15475107982855638,-0.15851429549400725,0.15168098846992972,0.9399786237462332,0.3408629407560787,-0.015894732437353155,-0.3411993284033228,0.9382071871756119,-0.057881708934242625,-0.004817177312355281,0.05983084113686486,0.9981969070537119,70,146,162,132,70,146,162,132,230202_165305
0,0,0,0,0.15498947557304793,-0.15967615139857,0.15095493365346035,0.939877114396218,0.34120975933104003,-0.01438436552274635,-0.3413588060765157,0.9373547125644479,-0.06957232457836644,-0.010255503315489575,0.07029966550756502,0.9974731984776686,132,92,141,162,132,92,141,162,230202_165306
0,0,0,0,0.15664552127801062,-0.15761213244704136,0.1520541761591282,0.9421778250281996,0.3351098173039809,-0.001535047759171192,-0.33450430789853686,0.9401796332863255,-0.06456876296563965,-0.020194405721665042,0.06134873674400061,0.9979120795327934,162,122,128,154,162,122,128,154,230202_165306
0,0,0,0,0.15647949563921013,-0.16183498648240946,0.15205432517150141,0.9407785699153255,0.3390024878626095,-0.0036049425843471196,-0.3376186124182051,0.9358657849098478,-0.10084098960184755,-0.03081160393229889,0.09608613769964691,0.994896024318664,162,162,111,80,162,162,111,80,230202_165306
0,0,0,0,0.15355527564393215,-0.16132354084656272,0.1540644797530939,0.9388572928109021,0.3441024173097735,-0.011853697201950177,-0.34409194445638935,0.9365006650529732,-0.06758134443438299,-0.012153908671952644,0.06752799979940212,0.9976433489715079,114,162,154,162,114,162,154,162,230202_165306
0,0,0,0,0.15556894906456734,-0.16203064537920142,0.14989503324450038,0.938213615457325,0.3457519608144554,-0.014518724580790843,-0.34578166850256004,0.934970412032848,-0.07915406717731882,-0.013793096029503649,0.07928373235465934,0.9967566605174182,96,96,18,82,96,96,18,82,230202_165306
0,0,0,0,0.15420135798644222,-0.16075198160829762,0.1520529328323802,0.9376849327429153,0.34644355093685186,-0.0269041431972601,-0.34746828850132244,0.9356165670313547,-0.06234924203568631,0.0035714692880760316,0.06781228141515071,0.997691705436302,162,112,135,154,162,112,135,154,230202_165306
0,0,0,0,0.1521577600933964,-0.16363755457386747,0.15543624483854246,0.9368173328006747,0.34861466437907274,0.02900173691514661,-0.3450998474419688,0.9345697351469315,-0.08651881554277292,-0.05726587343050828,0.07104383102888491,0.9958279940898328,162,162,100,116,162,162,100,116,230202_165306
0,0,0,0,0.1542005830407834,-0.1620132659186026,0.15151313772702213,0.9322608385527595,0.3612220448516087,-0.020207998766021966,-0.3617744854831335,0.9303117006292781,-0.06032711932186951,-0.002991747703120463,0.06355134920269992,0.9979740855654506,146,162,156,100,146,162,156,100,230202_165306
0,0,0,0,0.15248874725277947,-0.1654271143179351,0.15009769473579537,0.933245499566371,0.3590442023132196,-0.011836313800240581,-0.35889438598033246,0.9304000320939458,-0.0745023488984355,-0.01573712969108212,0.07377696839019642,0.9971505912770838,59,136,162,162,59,136,162,162,230202_165307
0,0,0,0,0.15385109253674875,-0.16443704059173606,0.15082131071171956,0.9324195853339591,0.35960952112396877,0.035703069932949645,-0.35550343531811596,0.9305167000173855,-0.08806803316625132,-0.06489240604774373,0.06942379495348687,0.9954744157092089,138,90,162,138,138,90,162,138,230202_165307
0,0,0,0,0.15278837212460145,-0.16224478849692142,0.1503470697678393,0.9342467669651013,0.35652722841639406,-0.00844475061680598,-0.3565612032086211,0.9333562708916123,-0.04135432206825698,-0.00686198088572294,0.0416462121330278,0.9991088560478758,146,162,96,148,146,162,96,148,230202_165307
0,0,0,0,0.1520216129523161,-0.16346458019266574,0.1528466220824728,0.9298803751026603,0.36543304505877106,-0.04220399954991443,-0.3675486867029752,0.9276879417616929,-0.0655976037128743,0.015180609403217356,0.07650994895454721,0.9969532470527991,152,162,114,18,152,162,114,18,230202_165307
