0,0,0,0,0.2354461140192016,-0.0668827463111324,-0.19638888587618142,0.9973658696939117,-0.0719287155456895,0.00935851749232287,0.07206298386847289,0.9972887512798366,-0.01490211148384265,-0.008261254485797717,0.015537260075440417,0.9998451606242185,180,180,81,97,180,180,81,97,230216_165307
0,0,0,0,0.2376068748982021,-0.06408303621133353,-0.19315936271388945,0.9967736205085532,-0.07592701058060526,0.026027649193947584,0.07672896321604693,0.9965594090054891,-0.03133704718730652,-0.023558770385167075,0.033233016518541526,0.9991699309682098,166,180,147,84,166,180,147,84,230216_165307
0,0,0,0,0.23234323982269847,-0.06437073929640756,-0.20201789149500404,0.9970307812812597,-0.07263764132677315,0.025561577419305183,0.07369873928950221,0.9963375817612958,-0.04335803267202998,-0.022318535006089272,0.045113149219866325,0.9987325401540936,75,170,180,92,75,170,180,92,230216_165307
0,0,0,0,0.2357294537492318,-0.06136960516112354,-0.19638311473503256,0.9963461591015969,-0.07538629864124932,0.04014021948953225,0.07774612473987393,0.9951118516764307,-0.06089287923097936,-0.03535351936409466,0.06379113284994276,0.997336863872129,75,170,180,106,75,170,180,106,230216_165307
0,0,0,0,0.23542476245372723,-0.062017400781862145,-0.19645054590463829,0.9958324255510324,-0.0768817871876106,0.04906089094163587,0.0789466760556428,0.9960089586562779,-0.04163624161956609,-0.04566401823004051,0.045335913747011854,0.9979275787169177,86,137,180,180,86,137,180,180,230216_165308
0,0,0,0,0.2365128526643724,-0.06130667587689673,-0.19725957239870562,0.9971857473242305,-0.07442718257113166,-0.00900998490228756,0.07419778589413792,0.9969650679051478,-0.02356569424588489,0.01073656843798743,0.022830853497107742,0.9996816884522642,81,97,180,180,81,97,180,180,230216_165308
0,0,0,0,0.23404319908853743,-0.061935665283909695,-0.1992080497641302,0.9968434131244828,-0.07552025690012182,0.02449286647313082,0.07643272328912896,0.9963216444322089,-0.03874557583136928,-0.021476697160840087,0.04049532854091407,0.9989488875039728,147,84,166,180,147,84,166,180,230216_165308
0,0,0,0,0.23373712917106892,-0.06251833156257075,-0.20005731062038956,0.9972445173601381,-0.07168529274097915,0.019094276623785305,0.07266867835859797,0.995721573519465,-0.057077239014644,-0.014920984577439867,0.05830751951987186,0.9981871554907324,180,92,75,170,180,92,75,170,230216_165308
0,0,0,0,0.2343781265605963,-0.06049090937424549,-0.198808334571005,0.9971169976902139,-0.07344923360935901,0.01905001310896098,0.0743398441593325,0.9959151591791745,-0.05125020280433203,-0.015207908719473816,0.05251862335702349,0.9985041380550524,180,106,75,170,180,106,75,170,230216_165308
0,0,0,0,0.23639927607017888,-0.06678705564903824,-0.19370339338093878,0.9966299478107628,-0.07229492346342452,0.0387581109980076,0.074086685850084,0.9961446466121326,-0.04697878250594856,-0.03521235729779167,0.04969192155076874,0.9981436784482107,180,180,86,137,180,180,86,137,230216_165308
0,0,0,0,0.23448146020965915,-0.06165596922133897,-0.1977388212550657,0.9962914554378083,-0.07598681340827419,0.04036508404141141,0.07844268559137216,0.9949125795024244,-0.06321158299746277,-0.03535648312300293,0.06614350562139976,0.9971835115791299,180,180,81,97,180,180,81,97,230216_165308
0,0,0,0,0.23358770328209483,-0.06152039210464873,-0.20044054568993952,0.9971447389582171,-0.07313919031493327,0.01878905021616776,0.07406588478448638,0.9957589349897948,-0.05457461038872136,-0.014717821817136987,0.05581041325832852,0.9983329021388075,166,180,147,84,166,180,147,84,230216_165308
0,0,0,0,0.23799185034732942,-0.0669006154907207,-0.19240616051485027,0.9956189186731216,-0.07600696557728437,0.05446016859961277,0.07609931410631415,0.9971001708633459,0.0003790208908862985,-0.054331051643727216,0.0037670211070059095,0.9985158718714819,75,170,180,92,75,170,180,92,230216_165309
0,0,0,0,0.23732244359090798,-0.06641325997350245,-0.1942699568045505,0.9972309853723853,-0.07392909568977171,0.008052988495841087,0.07386778868675264,0.9972386101487418,0.007661868123003915,-0.008597186036764319,-0.00704579584558881,0.999938220668233,75,170,180,106,75,170,180,106,230216_165309
0,0,0,0,0.23486304148147358,-0.06272355091121636,-0.1989268574818961,0.9972586826888584,-0.07323168296583517,0.010594357539480636,0.07356170925468049,0.9966720720664333,-0.03512058789844104,-0.007987160522534398,0.035803650271916974,0.9993269254323099,86,137,180,180,86,137,180,180,230216_165309
0,0,0,0,0.23586378745417874,-0.06362458249658048,-0.1945684641353762,0.9959093603157021,-0.07464137590308664,0.05092358038142896,0.07731643188605483,0.9956099125547047,-0.052754823317153476,-0.046762328812610346,0.05647625187730893,0.9973082359922193,81,97,180,180,81,97,180,180,230216_165309
0,0,0,0,0.23592905748667137,-0.06810418237585238,-0.1953492898729774,0.995346268961456,-0.07523152213983639,0.060216467357625994,0.07466818990109222,0.9971414925410051,0.01155444806083952,-0.06091359685163259,-0.007004422147433393,0.9981184658090326,147,84,166,180,147,84,166,180,230216_165309
0,0,0,0,0.2339809673530548,-0.06518709673329852,-0.19830829882964318,0.9964367291982877,-0.07319390763603366,0.041910578492622814,0.0746393796094125,0.9966298043097943,-0.03402934282269627,-0.03927859106613355,0.037036266636775596,0.9985416902851223,180,92,75,170,180,92,75,170,230216_165309
0,0,0,0,0.2346787554742528,-0.061318621281037565,-0.19859691000575908,0.9972065839206496,-0.07365493418770143,0.01240885390007973,0.0741981248372736,0.9959253789282665,-0.05125697881479381,-0.008582963121238366,0.05203451043675926,0.9986084029626761,180,106,75,170,180,106,75,170,230216_165309
0,0,0,0,0.23446597522208137,-0.0649332311960579,-0.19670552326437207,0.996743061767208,-0.07181164401543441,0.03669273228764183,0.07420213263254598,0.9948824519577494,-0.0685780598975939,-0.03158025224272322,0.07107738438024083,0.9969707583966291,180,180,86,137,180,180,86,137,230216_165309
0,0,0,0,0.23665444645567066,-0.0684585605146398,-0.1939004657854425,0.9974093708735754,-0.07191560568487239,0.0016408999227321786,0.07193376964563153,0.9972316728143099,-0.018828794983823054,-0.0002822731792891874,0.01889805267617581,0.9998213760101855,180,180,81,97,180,180,81,97,230216_165310
0,0,0,0,0.2330987521802666,-0.06568791655279187,-0.19916078729982778,0.9962530179868093,-0.07410428131073718,0.04459237203371091,0.07633598102648842,0.9957964931390242,-0.05061780568875181,-0.04065393157982856,0.053832144146780427,0.9977220846025525,166,180,147,84,166,180,147,84,230216_165310
0,0,0,0,0.23490290669024155,-0.06514893166763511,-0.1965317678497429,0.9956842451683596,-0.0740135776724907,0.055989947701635116,0.07650389685567584,0.9961101614852073,-0.04372299111233567,-0.0525360608478576,0.04781774258610948,0.9974735213551078,75,170,180,92,75,170,180,92,230216_165310
0,0,0,0,0.2332442662862234,-0.06408932565269064,-0.19991000766119404,0.9964991704441261,-0.07462878593709268,0.037682192262714444,0.07614433300746491,0.9962728734616438,-0.04052656110908013,-0.03451729791013257,0.04325396992225497,0.9984676510688504,75,170,180,106,75,170,180,106,230216_165310
0,0,0,0,0.23636337349525322,-0.06496376779159072,-0.19458737211174393,0.9967478965390032,-0.07647997003411955,0.025385919889816217,0.07670100892121301,0.9970232413187298,-0.007849299380376651,-0.02471003795100212,0.009770898314637289,0.999646909448824,86,137,180,180,86,137,180,180,230216_165310
0,0,0,0,0.23382900459286662,-0.06691574412711718,-0.1994521854221316,0.9974214592240829,-0.07172797479023899,-0.0023516614961122326,0.0716949800507091,0.9973548609832371,-0.011962905526523416,0.003203516010559129,0.011763456362775036,0.9999256765277963,81,97,180,180,81,97,180,180,230216_165310
0,0,0,0,0.23451055983807395,-0.06377303747932389,-0.19876065024157985,0.99735034485182,-0.07151954592772963,-0.01331330816311988,0.07077600318860917,0.9962490502933409,-0.04978541113881708,0.01682400061224431,0.048711234226884975,0.9986712014789916,147,84,166,180,147,84,166,180,230216_165310
0,0,0,0,0.23139715115495013,-0.06519862101926369,-0.20403633986581216,0.9973090643887913,-0.07186402217714626,0.014498013811428592,0.07214230474805075,0.9972001156114141,-0.019682918742468174,-0.013042927339872785,0.020675873406117002,0.9997011504971377,180,92,75,170,180,92,75,170,230216_165310
0,0,0,0,0.23755153845023083,-0.06676629524675642,-0.19415462422973717,0.9969914058329507,-0.07284591219834417,-0.02648791745734632,0.07271251971816245,0.9973350971381374,-0.00596602821792649,0.026851930498045403,0.0040220756398192505,0.9996313304094043,180,106,75,170,180,106,75,170,230216_165311
0,0,0,0,0.2350524981682905,-0.065191447833748,-0.19887049652699784,0.9973003277449516,-0.0725727841818683,-0.011191392938507294,0.07246615730744335,0.997324126896543,-0.00965618740197202,0.011862222595495893,0.008819121619582097,0.999890749416632,180,180,86,137,180,180,86,137,230216_165311
0,0,0,0,0.2355379321143814,-0.06620141355781609,-0.1965704409460307,0.9973958643166159,-0.07010739229663286,-0.016924638533131777,0.06953396983663623,0.9970540463932587,-0.032376775775041694,0.01914463065376327,0.031115624952674184,0.9993324276740626,180,180,81,97,180,180,81,97,230216_165311
0,0,0,0,0.23664647683380374,-0.06656439149953915,-0.1956821135975284,0.9973137186792663,-0.07237633626214013,-0.011269981517419606,0.07214442440117709,0.9971980470366224,-0.019779712186245097,0.012669986659669667,0.01891351198528351,0.999740841669693,166,180,147,84,166,180,147,84,230216_165311
0,0,0,0,0.2364423839354933,-0.06630090236015829,-0.19540970688600856,0.9973101537984318,-0.07329091280209792,0.0009482780099235463,0.07329632002869388,0.9971591635810934,-0.01735661131973395,0.0003264977795568372,0.017379429993195,0.999848912992514,75,170,180,92,75,170,180,92,230216_165311
0,0,0,0,0.23392864264336038,-0.0638484565323482,-0.19913413651364464,0.9971621854101503,-0.07405710822581174,0.013532210066487003,0.07453983460164364,0.9964329729855197,-0.039561893341927445,-0.010554100890773053,0.04045831272395032,0.9991254855552022,75,170,180,106,75,170,180,106,230216_165311
0,0,0,0,0.2350684582849386,-0.06557543208251762,-0.1983148986641038,0.9973443958803411,-0.07266217849002748,-0.0049359723622753515,0.0725964642998791,0.9972843781883141,-0.012394450076728188,0.0058231758718274105,0.012003201182660385,0.9999110029318281,86,137,180,180,86,137,180,180,230216_165311
0,0,0,0,0.23731675661713414,-0.06893645806241794,-0.19372091638175182,0.9972561290430811,-0.0716384837522616,-0.018658529730039532,0.07154300258447602,0.9974210209895391,-0.005736346344456942,0.01902135292789441,0.004385719309624822,0.9998094586464612,81,97,180,180,81,97,180,180,230216_165311
0,0,0,0,0.23520441670056322,-0.0644962122947346,-0.19802417026147556,0.9972480573017515,-0.0728829532415227,-0.013578929806029587,0.07250657039726101,0.997018250872571,-0.026408420555301956,0.015463164524443582,0.025351184465282173,0.9995590067570285,147,84,166,180,147,84,166,180,230216_165312
0,0,0,0,0.23450756531816294,-0.06651284491674865,-0.1995411335432581,0.9974110955073927,-0.07175663157819026,-0.004700253535233031,0.07168414693573606,0.9973276160748283,-0.014107065343155882,0.005699968143719546,0.013733609833256565,0.9998894430506347,180,92,75,170,180,92,75,170,230216_165312
0,0,0,0,0.23446500550046456,-0.06858823695502239,-0.19760027872292807,0.9974232251940172,-0.07166046747958345,0.0034186611668427626,0.07169741504946867,0.9973505456581417,-0.012303241468549317,-0.0025279475450205,0.012516647954493766,0.9999184681788774,180,106,75,170,180,106,75,170,230216_165312
0,0,0,0,0.23670092248775376,-0.06869908575740058,-0.19424449851934367,0.9972838185887513,-0.0699079191256254,-0.023191981902441726,0.0690373737489444,0.9969488787787248,-0.036424910812420996,0.025667610073528576,0.034724860624188295,0.9990672439069074,180,180,86,137,180,180,86,137,230216_165312
0,0,0,0,0.23670174581185044,-0.06599218481384786,-0.19546458460503213,0.9972100672768103,-0.072395195729044,-0.018193882409544657,0.07206116865883373,0.9972306626483063,-0.018390036583517566,0.01947484770934361,0.017027657189799386,0.9996653385995358,180,180,81,97,180,180,81,97,230216_165312
0,0,0,0,0.23204512697890498,-0.06723885567398682,-0.2019544108928747,0.9971086034813664,-0.07177441676019786,0.024957282748179644,0.07217192621050166,0.9972731819805742,-0.015408230573477342,-0.02378331201714801,0.01716489443815516,0.9995697676842882,166,180,147,84,166,180,147,84,230216_165312
0,0,0,0,0.23324205621771638,-0.06173698497748174,-0.2010959816631005,0.9973694440693678,-0.07247016264242571,0.00150584306644913,0.07242865796914817,0.9955432828719779,-0.06039587265097821,0.0028777667640848595,0.06034606412240554,0.9981733672080146,75,170,180,92,75,170,180,92,230216_165312
0,0,0,0,0.23606828741529995,-0.06472419671580597,-0.19704500732320707,0.9971381660482339,-0.07549005891242522,-0.004090087451844219,0.07549296815833968,0.9971461761302906,0.0005614155188889263,0.00403603377204964,-0.0008685816826628745,0.9999914779623131,75,170,180,106,75,170,180,106,230216_165312
0,0,0,0,0.23323601661520613,-0.06691760614073208,-0.20079881967529234,0.9974229915494306,-0.0717267617904067,-0.0016271360263426483,0.0717105101248059,0.9973894195306486,-0.008482248873911512,0.0022312925012373157,0.008343707292392014,0.9999627012455978,86,137,180,180,86,137,180,180,230216_165313
0,0,0,0,0.23416694468961619,-0.06609843003191845,-0.19897479025420517,0.9974098467523126,-0.07155807815828727,0.007282791485434014,0.07173667825397835,0.9970232072693169,-0.028259036775678696,-0.005238949762409177,0.028708284809379054,0.9995741032003033,81,97,180,180,81,97,180,180,230216_165313
0,0,0,0,0.23234141604439645,-0.0671676440545952,-0.20084527268737185,0.997241004336536,-0.07180907142808124,0.018810543067500265,0.0721955462816298,0.997174801753278,-0.020741693407413317,-0.01726795781077379,0.02204250459786168,0.9996078959392521,147,84,166,180,147,84,166,180,230216_165313
0,0,0,0,0.23386546532418986,-0.06508481499280058,-0.1998435306046341,0.9971116569804143,-0.07394963501563283,0.01731458907472159,0.07448311925854091,0.9966920718350996,-0.03251428742220542,-0.014852893970192174,0.03371001961005785,0.9993212827307342,180,92,75,170,180,92,75,170,230216_165313
0,0,0,0,0.2311663461675998,-0.06501908421284522,-0.20366409771924243,0.9973408525843956,-0.07152130080966587,0.013997403213600847,0.07201111851105536,0.996666414735573,-0.03834653242371981,-0.011208147796023266,0.039252532002789595,0.9991664606832799,180,106,75,170,180,106,75,170,230216_165313
0,0,0,0,0.2341367980542764,-0.06862731787367735,-0.19864325793835558,0.9974097265146694,-0.07185404783512962,0.0032913923556450032,0.07187989826206498,0.99737658729559,-0.008557063774145194,-0.0026678980053683058,0.008771483586403186,0.9999579708147371,180,180,86,137,180,180,86,137,230216_165313
0,0,0,0,0.23408886071747653,-0.06672416685892604,-0.19867775123500442,0.9974241796750055,-0.07099021980785736,0.010266181922887696,0.07143145588158362,0.9960808796778197,-0.052157724748096254,-0.0065232591761374345,0.052756704141681765,0.9985860890568364,180,180,81,97,180,180,81,97,230216_165313
0,0,0,0,0.23556632661192362,-0.061837573905239966,-0.19827420302277876,0.9971713279027498,-0.07514652259802355,0.0015306698177856976,0.07515247061221554,0.9965105200838805,-0.0363165185973854,0.0012037315092616456,0.036328824693057864,0.9993391654122612,166,180,147,84,166,180,147,84,230216_165313
0,0,0,0,0.23257200583515147,-0.06134259967068775,-0.20201150423980352,0.9973118013632009,-0.0732509131420979,0.001864024017046804,0.07316247821976588,0.9940562333079938,-0.08061920864326516,0.004052485956731318,0.08053886481303878,0.9967432310340499,75,170,180,92,75,170,180,92,230216_165314
0,0,0,0,0.23226602481706565,-0.06597245689341227,-0.2027914350543074,0.9974791961785092,-0.07092916380381274,0.0020753103785231515,0.0709542337395299,0.9973351734539271,-0.01697199181181672,-0.0008659708490377873,0.017076460807679012,0.9998538116048626,75,170,180,106,75,170,180,106,230216_165314
0,0,0,0,0.2345416845538221,-0.06478486541276765,-0.19874974017278912,0.9973729885730217,-0.07203810199621277,-0.007591674762687227,0.07169577679959933,0.9966852505446425,-0.03844771691356079,0.010336210815442965,0.037802423302566855,0.9992317746841481,86,137,180,180,86,137,180,180,230216_165314
0,0,0,0,0.23307327358902302,-0.06899421631929838,-0.20145893139115234,0.9974938752301116,-0.07067067558879235,0.003409470668287886,0.07068458693035831,0.997490089984658,-0.004148439813257909,-0.0031077401594681218,0.0043790403313245865,0.9999855828745121,81,97,180,180,81,97,180,180,230216_165314
0,0,0,0,0.23496605316480546,-0.06812929915990147,-0.19709014967926242,0.9970276425084925,-0.073434599527345,0.0233075023590357,0.07353357061242517,0.9972868889304797,-0.003416893377485281,-0.022993348319579287,0.0051206210193744306,0.9997225040847237,147,84,166,180,147,84,166,180,230216_165314
0,0,0,0,0.23391751495171906,-0.06535451893359456,-0.1979575355876828,0.9940995054852249,-0.07417050361824849,0.07915118184238681,0.07792744556086988,0.9959212022924095,-0.0454782591223457,-0.07545519480054945,0.05137796431795389,0.9958246925840684,180,92,75,170,180,92,75,170,230216_165314
0,0,0,0,0.23111503146895723,-0.06465689828026176,-0.20330653536164145,0.9944733511281264,-0.07479211809102256,0.07368102175901801,0.0770767229223523,0.9966130597500116,-0.028663354989768308,-0.0712876755094825,0.03418403439000567,0.9968698606705279,180,106,75,170,180,106,75,170,230216_165314
0,0,0,0,0.23536696208251143,-0.06556539487598381,-0.1967901098381919,0.9967334555681441,-0.0757183636638978,0.028091777360071495,0.07638325035013735,0.9968038831701177,-0.023401229944673634,-0.02623008991853642,0.025470530050173926,0.999331393723738,180,180,86,137,180,180,86,137,230216_165314
0,0,0,0,0.23503983585149296,-0.06137350539293695,-0.19827754343135418,0.997356787631627,-0.07263009160634923,0.002075562182834539,0.0726478522569335,0.9962698905856555,-0.04656817233799909,0.001314430514052839,0.046595867903711376,0.998912957853047,180,180,81,97,180,180,81,97,230216_165315
0,0,0,0,0.23438718242216966,-0.06594185345055306,-0.19696990939294756,0.9967649551074357,-0.07247706197719654,0.03473758421114626,0.07398581470128444,0.9962741366131901,-0.0443164071042711,-0.0313962337336848,0.0467431300064276,0.9984134195334826,166,180,147,84,166,180,147,84,230216_165315
0,0,0,0,0.2364773178183206,-0.06447530145536734,-0.1946827549891279,0.996854426012041,-0.07422875178771669,0.02777311196537361,0.07515466160551211,0.996594531826905,-0.0339281000303948,-0.025160091000722758,0.03590865551296806,0.9990383067130542,75,170,180,92,75,170,180,92,230216_165315
0,0,0,0,0.2333871978418533,-0.06608929058785835,-0.20081353830825854,0.996345711567744,-0.07511166196059835,0.0406627750907853,0.07497193815795171,0.9971733461386283,0.004952397352027368,-0.04091981829636081,-0.0018857328042348892,0.99916065399033,75,170,180,106,75,170,180,106,230216_165315
0,0,0,0,0.23675922301152258,-0.06333021562202906,-0.19465016322018913,0.9972326498680099,-0.07350398109767142,-0.011144810452382449,0.07282643910463177,0.9959718392401166,-0.052310660557844134,0.014944959169092303,0.0513542617847019,0.9985686696426953,86,137,180,180,86,137,180,180,230216_165315
0,0,0,0,0.23510896103705686,-0.06204252338979493,-0.19732352731694391,0.9950734844263031,-0.07623810303719894,0.0633759594561377,0.07913416984831613,0.9958696235228827,-0.04451377434918044,-0.05972054716857788,0.049309680486507156,0.9969964953078844,81,97,180,180,81,97,180,180,230216_165315
0,0,0,0,0.23367712769682425,-0.0645213887474785,-0.19944398447377154,0.9966702284991111,-0.071944476903466,0.03837248840792649,0.07370640180585923,0.9961874335290731,-0.04666865770079834,-0.03486863857914554,0.04934155978328665,0.9981731255257223,147,84,166,180,147,84,166,180,230216_165315
0,0,0,0,0.2326533056137945,-0.0620037618509554,-0.201438945578591,0.9969528606859103,-0.07459207151736824,0.022825784475625173,0.07534889963187115,0.9965665061379997,-0.03431824832601483,-0.02018754305124785,0.0359335735858226,0.9991502596681374,180,92,75,170,180,92,75,170,230216_165315
0,0,0,0,0.23659429577328345,-0.062397219603464546,-0.19490106861729284,0.9971428886684385,-0.07475603743239877,0.010844097259260223,0.07515430225440918,0.9962556407570721,-0.04273791188593069,-0.007608576122729098,0.043430785476692685,0.9990274653092687,180,106,75,170,180,106,75,170,230216_165316
0,0,0,0,0.23292442283396886,-0.06642618670906664,-0.20063209627686496,0.9963771873817591,-0.07339343691534012,0.04296398355563748,0.07437456638519634,0.9969942663719162,-0.02169923262559796,-0.04124226400464978,0.024816048018967,0.9988409480094872,180,180,86,137,180,180,86,137,230216_165316
0,0,0,0,0.23558283937164942,-0.06339210045459984,-0.19702536333111031,0.9967966328335957,-0.07513302523461475,0.02741352386507602,0.07616820448279231,0.9963357336663334,-0.03890386157489343,-0.024390108599059615,0.04086727711342697,0.998866852119871,180,180,81,97,180,180,81,97,230216_165316
