0,0,0,0,0,0,0,1,0,0,0,1,0,0,0,1,180,180,68,92,180,180,92,92,221213_021225
0,0,0,0,-2.155631187494844e-06,2.634088814240307e-06,5.792872983712005e-05,0.9999992119323678,1.4983218426510601e-05,-0.0012553525986960339,-1.3582630965529243e-05,0.999999377521477,0.0011156935824197444,0.0012553685339468555,-0.0011156756521866068,0.9999985896578469,180,150,143,83,180,150,83,83,221213_021225
0,0,0,0,2.6252522635161757e-05,1.9243007355959976e-05,-7.853074535235649e-05,0.9999999836368755,0.00015669278960913277,9.04080627766152e-05,-0.00015672381961557953,0.9999999287856316,0.0003433167272063062,-9.035426108266065e-05,-0.00034333089068548254,0.9999999369800014,180,180,180,84,180,180,84,84,221213_021226
0,0,0,0,-1.7301809919018085e-05,1.1411294293691213e-05,4.910818603398592e-05,0.9999998895083356,-0.00014511744264595627,-0.0004471288907126539,0.00014503662339943998,0.9999999731417206,-0.00018077868927927803,0.0004471551128447637,0.00018071381924026795,0.9999998836974034,131,180,180,97,131,180,97,97,221213_021226
0,0,0,0,5.476498117951145e-05,1.9164331188146685e-05,-0.00015265765759586714,0.9999999486341523,1.3646922871692472e-05,0.0003202271935190418,-1.3792765854027256e-05,0.999999896192905,0.0004554381827735458,-0.0003202209449472284,-0.00045544257619814076,0.9999998450152909,0,150,180,155,0,150,155,155,221213_021226
0,0,0,0,6.53744230753317e-05,3.473789372545645e-05,-0.0001840026562299757,0.9999992893414633,0.001159158028547191,0.00027869200477123157,-0.0011598935837296071,0.9999958059915118,0.002653798458863345,-0.00027561466414473403,-0.002654119825986999,0.9999964398359158,97,87,180,180,97,87,180,180,221213_021226
0,0,0,0,0.00010561055009156162,5.3913231521728056e-05,-0.0003045758986292002,0.9999960568416466,-0.00010622076158071125,0.0028062463020683557,0.00011541027854613502,0.9999946314755098,-0.0032747061891915392,-0.0028058833948808267,0.0032750171461738455,0.9999907005972938,149,78,180,150,149,78,150,150,221213_021226
0,0,0,0,8.750364286713719e-05,4.4343078545538636e-05,-0.0002403258133800712,0.9999993007571055,-0.00046937858210242497,0.0010854349573909572,0.000472606709160564,0.9999954609204657,-0.0029756984663858567,-0.0010840333013883722,0.0029762093694931826,0.9999949835122125,180,83,180,180,180,83,180,180,221213_021226
0,0,0,0,4.8343790840704726e-05,4.84427082808013e-05,-0.00011538205235395171,0.9999992968556589,-0.0010906528705743412,0.0004655797503966707,0.001092738230801834,0.9999892664025286,-0.004502555151388717,-0.000460664028350033,0.00450306074223521,0.9999897550638229,180,99,131,180,180,99,180,180,221213_021226
0,0,0,0,0.00016910536854258806,6.212742006666758e-05,-0.000494873755797709,0.9999971459913388,0.00033202203758403946,0.002365960807664798,-0.00033115912159418175,0.9999998785164944,-0.0003651035905898291,-0.0023660817426775227,0.00036431903907818296,0.9999971344603067,180,180,0,150,180,180,150,150,221213_021226
0,0,0,0,-0.0007701292976266816,0.00038483002967778374,0.001288900658322767,0.9999378641909943,0.0016122222206811795,-0.011030344358347273,-0.0017340339565879792,0.9999375240681848,-0.011042693811958248,0.011011851950965499,0.01106113465691491,0.9998781877892484,180,90,97,87,180,90,87,87,221213_021227
0,0,0,0,-0.0007586000511990432,0.0003918819145992732,0.0010317426671925256,0.9999389041993559,0.005236924937818507,-0.00973460249762991,-0.005296672337495401,0.9999672325519665,-0.006122016376110652,0.0097022229793187,0.006173203346384396,0.9999338770287282,180,180,149,78,180,180,78,78,221213_021227
0,0,0,0,-1.0301613224267259e-05,-8.756227639184627e-05,-0.0002651320927733458,0.9999946022369587,0.00297836696702667,0.0013873814028174634,-0.002978680589421469,0.9999955386235962,0.0002240420682397296,-0.0013867079336914016,-0.0002281734249684163,0.9999990124885098,180,180,180,83,180,180,83,83,221213_021227
0,0,0,0,0.00010132586968894519,-1.9923458756161347e-05,-8.952882491897185e-05,0.9999972277197295,0.0002627959557609829,-0.0023399767394873977,-0.0002512792051763184,0.9999878618506737,0.004920671710057768,0.0023412414691255093,-0.0049200700810812965,0.9999851556392126,135,180,180,99,135,180,99,99,221213_021227
0,0,0,0,0.0001762868362820691,1.5154681362039568e-05,-0.0002699607972009854,0.9999996597573965,0.0001297893833547741,-0.0008146409071620982,-0.00012791459738322773,0.9999973445258798,0.002300995229232656,0.0008149373886563477,-0.0023008902418724195,0.9999970208861361,34,145,180,180,34,145,180,180,221213_021227
0,0,0,0,0.0002625023458787956,7.103383129659566e-06,-0.0005568581033476017,0.9999968818052314,0.0005257447165771104,0.0024413054514088764,-0.0005412815621369303,0.9999795784705148,0.006367861195235847,-0.00243790772683822,-0.006369162772632836,0.9999767449153459,129,80,180,90,129,80,90,90,221213_021227
0,0,0,0,0.000202233007198932,3.140079284820116e-05,-0.0003710423394004403,0.9999993130950761,-0.000311229220900356,0.0011300202426750782,0.00030998794288409704,0.9999993486403214,0.0010984654786714316,-0.0011303613811804321,-0.001098114431479521,0.9999987582131505,150,126,180,180,150,126,180,180,221213_021227
0,0,0,0,0.00019487599699138936,3.992154689848315e-05,-0.00034447975847995416,0.9999996252225077,-0.0006645876738151068,0.0005548676131020753,0.0006629463661642853,0.9999954201979809,0.002952979034373222,-0.0005568275853854217,-0.0029526100801952676,0.9999954860081891,180,82,180,180,180,82,180,180,221213_021227
0,0,0,0,0.00030709052100316714,4.198384234557588e-05,-0.0006623571813104689,0.9999965376392046,-9.404423219796483e-05,0.0026298032788396345,8.821904391181149e-05,0.9999975427839718,0.0022150944491332015,-0.0026300051337014496,-0.0022148547809461745,0.9999940887281764,180,152,135,180,180,152,180,180,221213_021228
0,0,0,0,0.00022654863024623717,3.797636489802879e-05,-0.0004328679201087704,0.9999987144141533,0.0014691976707412286,0.0006423614597801526,-0.0014739887379167805,0.9999706171669273,0.007522776082986166,-0.0006312901402818914,-0.007523713245369174,0.9999714971996752,140,180,34,145,140,180,145,145,221213_021228
0,0,0,0,-0.00039451215935362716,0.000674303080523235,0.0010596991082408858,0.9999879716511467,0.00125739200541381,-0.0047408351975270135,-0.0012970113672339792,0.9999641862591164,-0.008363250603399085,0.004730149526035793,0.008369298924444695,0.9999537891927679,144,144,129,80,144,144,80,80,221213_021228
0,0,0,0,8.943392491697622e-05,0.0013304887221188121,-0.000357173763296581,0.9999936411267334,-0.001633308691523294,0.0031701748872788155,0.00167984025209935,0.9998900792118551,-0.014731178854270863,-0.0031457658566975003,0.014736410567953332,0.9998864647352456,180,180,150,126,180,180,126,126,221213_021228
0,0,0,0,0.00043560474862222587,0.0006370547260967814,-0.0007741484747593175,0.9999821212508634,-0.0006827165371759714,0.005940629322993746,0.0007006494661927637,0.9999952029835631,-0.0030171344328967157,-0.00593854097812483,0.003021242789071115,0.9999778026651693,180,180,180,82,180,180,82,82,221213_021228
0,0,0,0,0.0004656752784421847,0.0005270036732603709,-0.0005044928034407814,0.9999952892390683,0.0006178662959531286,0.003006616189817634,-0.0006336053459742157,0.9999860878114764,0.0052366714392698775,-0.0030033387984210414,-0.005238551778653824,0.9999817685994701,140,180,180,152,140,180,152,152,221213_021228
0,0,0,0,0.0004739260356592112,0.0005229895042396428,-0.0004937042175274797,0.9999933191691608,0.0002306091006292968,0.0036480729827333405,-0.00024841694149183783,0.9999880533905731,0.004881737923463339,-0.00364690362743804,-0.004882611552530758,0.9999814299267558,83,135,140,180,83,135,180,180,221213_021228
0,0,0,0,0.0005234148941053451,0.0005371151245404642,-0.0006683498276579547,0.9999900437024085,0.00028755476014644956,0.004453067292893336,-0.0003038104604296785,0.999993291832172,0.003650204084503208,-0.00445198778741048,-0.003651520630409525,0.9999834229635141,0,80,144,144,0,80,144,144,221213_021229
0,0,0,0,0.0005020982299536181,0.0005418666588825807,-0.0005925562789452776,0.9999925517408147,0.0004351431762597516,0.0038349854380527607,-0.00044593783664256424,0.9999959401946753,0.002814379791730653,-0.003833745210596655,-0.002816068994610377,0.9999886860125358,154,62,180,180,154,62,180,180,221213_021229
0,0,0,0,0.0005015358351620203,0.0005431033041408701,-0.0005829443738710749,0.9999915945909599,0.0005561904375247298,0.004062191480796263,-0.0005773299054488872,0.9999862891164,0.005204639218143007,-0.004059241013997672,-0.00520694069564503,0.9999782049279786,180,81,180,180,180,81,180,180,221213_021229
0,0,0,0,0.0005115503956059919,0.0005540230815309893,-0.0006285903300947693,0.9999894496381321,-0.0003759927266861607,0.00457812646117669,0.00036823555071348937,0.9999984954762622,0.0016951247123454818,-0.004578756927839316,-0.0016934209992477756,0.9999880835841569,180,150,140,180,180,150,180,180,221213_021229
0,0,0,0,0.0005433341161506233,0.0005565278031988505,-0.0007310481552762482,0.9999854318123876,0.0001268000306201937,0.0053963028774283855,-0.00013713156805653128,0.9999981584545697,0.0019142315434368174,-0.005396050215273055,-0.0019149436600279172,0.9999836076820724,180,136,83,135,180,136,135,135,221213_021229
0,0,0,0,0.00030091780950219915,0.0008405344397219502,2.6209227528384282e-05,0.9999934071678802,8.49792611225031e-05,0.003630206509178948,-7.697459737867237e-05,0.9999975658039204,-0.002205098896743631,-0.0036303850602192674,0.0022048049252123007,0.9999909795290935,180,180,0,80,180,180,80,80,221213_021229
0,0,0,0,-0.0002068098840904975,0.0006306327998410934,0.0001814066167888928,0.9999871759758238,0.003557252239059701,0.003604696992101527,-0.0035147318085505218,0.9999249735536047,-0.011734305439023556,-0.003646168428792497,0.01172148541482866,0.9999246532791652,180,180,154,62,180,180,62,62,221213_021229
0,0,0,0,0.0005490692798164332,0.0010178321677641756,-0.0006987201204725624,0.9999488742898924,-0.008488201292646646,0.0054953839895958406,0.008541787680305876,0.999915473244077,-0.009802256388077869,-0.005411715957270346,0.009848695644020336,0.9999368562686891,83,180,180,81,83,180,81,81,221213_021230
0,0,0,0,0.0006322095297900954,0.0008609437107594889,-0.000527805640543666,0.9999646496546882,-0.008261899346027921,-0.0015621972257341588,0.00824816063993596,0.9999289550379252,-0.008605389173015622,0.0016331830986724468,0.008592199715867752,0.9999617526770754,82,180,180,150,82,180,150,150,221213_021230
0,0,0,0,0.0005673043408422895,0.0008437053757847784,-0.0003731279924241715,0.9999607230366864,-0.008641506532947627,-0.0019689461110531936,0.00862537865572136,0.999930337807184,-0.008057442265035034,0.0020384373899217886,0.008040142887410411,0.9999655998459933,79,132,180,136,79,132,136,136,221213_021230
0,0,0,0,0.0005860511801339396,0.0008537756792951941,-0.0004211330889221099,0.9999698866223203,-0.0077107188174704265,-0.0008778746274823985,0.007707501808134711,0.9999637777016677,-0.0036107756072421503,0.0009056845042662512,0.003603900654313935,0.9999930957939921,0,0,180,180,0,0,180,180,221213_021230
0,0,0,0,0.0005581069920629345,0.0008568426878529812,-0.0003531004973907903,0.999967757602088,-0.007719576708456052,-0.00221176212424752,0.007718397243138777,0.9999700662157592,-0.0005413099336659189,0.0022158746013933783,0.0005242212218535455,0.9999974075425703,150,130,180,180,150,130,180,180,221213_021230
0,0,0,0,0.0005621459697849052,0.0008551554234609137,-0.0003558407454097301,0.9999693336395222,-0.007786246836672235,-0.0008403218006561474,0.0077837302900186,0.9999653325413304,-0.0029575764197407512,0.00086332108887741,0.0029509448833830855,0.9999952732893254,180,101,83,180,180,101,180,180,221213_021230
0,0,0,0,0.0006121075684284716,0.0008513033257986843,-0.0004984803591751019,0.9999691624933654,-0.007850707966849411,0.00020111374093503958,0.007851390865392592,0.9999624948423702,-0.0036557584849340233,-0.00017240590586988349,0.0036572247730460726,0.9999932974691195,170,180,82,180,170,180,180,180,221213_021230
0,0,0,0,0.0005638136408727679,0.0008617937643745875,-0.0003703139943255218,0.9999686674589522,-0.007672419838861388,-0.0019488648448683242,0.007663150404631197,0.9999594976857792,-0.0047200756222061475,0.001985000313176902,0.004704993285818389,0.9999869613209649,180,166,79,132,180,166,132,132,221213_021230
0,0,0,0,0.00014405580191265144,0.0012862989675784062,0.00026226103723014926,0.9999938792074027,-5.573400211467013e-06,0.0034987878856044463,1.5258133336356896e-05,0.9999961689514262,-0.002768004635148681,-0.003498759054380328,0.0027680410777385592,0.9999900482673171,180,180,0,0,180,180,0,0,221213_021231
0,0,0,0,-0.00012117233242772696,0.0006308856993309415,0.0002254102380544465,0.9999891203539601,0.0006638141877830609,0.004617198765225417,-0.0006059504971741975,0.9999214088772054,-0.0125223357653045,-0.004625148398535372,0.012519401732836513,0.9999109323247461,180,180,150,130,180,180,130,130,221213_021231
0,0,0,0,0.0009317734564952274,0.0009177851394924236,-0.0008605741880552964,0.9998754239524096,-0.013169553802541548,0.008700541858465643,0.013130154065780606,0.9999033518028599,0.00457013212200273,-0.008759887567646209,-0.0044553233379485205,0.999951706065726,180,180,180,101,180,180,101,101,221213_021231
0,0,0,0,0.0008982550092558883,0.0007957094991423285,-0.0009424864857415782,0.999943375510843,-0.010524774393978233,0.0015731801984967698,0.010530188609884247,0.9999385218551788,-0.0034738505896318313,-0.0015365219885623504,0.00349021976882434,0.999992728706636,86,180,170,180,86,180,180,180,221213_021231
0,0,0,0,0.0007096858499333891,0.0006181753409292973,-0.0001677683793622764,0.9999666519115161,-0.007553718688841276,-0.003104254957842273,0.007548552190140034,0.9999701102906379,-0.0016726880048094593,0.003116797187206485,0.0016491995933011084,0.999993782838671,61,133,180,166,61,133,166,166,221213_021231
0,0,0,0,0.0007912663163003042,0.0006114181004845259,-0.00039093296208392303,0.9999777325654955,-0.006548814966768873,-0.0012835091357399628,0.006549914735905443,0.9999781839654369,0.0008545233395793252,0.0012778850194246334,-0.0008629111869385036,0.9999988111963736,114,94,180,180,114,94,180,180,221213_021231
0,0,0,0,0.0009036358499739661,0.0006106817013070247,-0.0007436051127165388,0.9999734882322455,-0.0071542414281186555,0.0013563414849437944,0.0071526442015710815,0.9999737246926818,0.0011788151547482111,-0.001364739374870478,-0.0011690824742167602,0.999998385365,154,84,180,180,154,84,180,180,221213_021231
0,0,0,0,0.0008550879713686843,0.0006153979470744485,-0.0006035400290360649,0.999971655399649,-0.007511210344300087,0.000519727284337383,0.007511125809875016,0.9999717775805168,0.00016441268007539998,-0.0005209475545991012,-0.00016050428284409543,0.9999998514259991,180,99,180,180,180,99,180,180,221213_021232
0,0,0,0,0.0007108810872302473,0.0006205700959686904,-0.00012684096102999476,0.9999630561635711,-0.007778477912501229,-0.0036580854795922988,0.007781268390064105,0.999969444805199,0.0007492117337145587,0.0036521459791554758,-0.0007776485998691251,0.9999930285219002,170,180,86,180,170,180,180,180,221213_021232
0,0,0,0,0.0007244166432513188,0.0006207019780170922,-0.00016536052168769633,0.9999655137063518,-0.008128304897908029,-0.001703542626066175,0.008126689741357598,0.9999665238839737,-0.000952903588327475,0.0017112310889798798,0.0009390265638313429,0.9999980949568216,180,152,61,133,180,152,133,133,221213_021232
0,0,0,0,0.00044214689400484675,0.0010537283777941608,-0.000396409304197598,0.9999275655902682,-0.004226621541950799,0.011269394085812016,0.004305015321311781,0.9999666428486061,-0.006941183845057417,-0.011239680413761154,0.0069891959787041534,0.9999124065255754,180,180,114,94,180,180,94,94,221213_021232
0,0,0,0,-0.00010480710754373623,0.000714854002999768,-0.0005370142763109209,0.9998715625077493,0.008122674835710528,0.013815956059069715,-0.007981915299826373,0.9999159883343053,-0.010212996699041597,-0.01389775220887235,0.010101407176307742,0.9998523961348491,180,180,154,84,180,180,84,84,221213_021232
0,0,0,0,0.0010990778190851924,0.0007119832762800121,3.359713795370034e-05,0.9999858769934821,-0.004179931397985211,-0.0032823752201041967,0.004206596273634189,0.9999578650362824,0.008159209512642785,0.0032481319813189324,-0.008172901907443294,0.9999613259086788,180,180,180,99,180,180,99,99,221213_021232
0,0,0,0,0.0009340217432420028,0.0003602277308633866,-0.00018935821780141637,0.9999772575123522,-0.0039443462303757,-0.0054705201663254,0.004030708640048464,0.9998659910011874,0.015866739648452213,0.0054072031526743065,-0.01588842887222174,0.9998591500716678,99,174,170,180,99,174,180,180,221213_021232
0,0,0,0,0.0009848561229089392,0.0003690233641280988,-0.0002941248307269939,0.9999759939763241,-0.0026593324931038897,-0.006398392122562845,0.0027743108459536724,0.9998336221143448,0.01802862415825262,0.006349383465580067,-0.018045942491336498,0.9998169978997187,0,140,180,152,0,140,152,152,221213_021233
0,0,0,0,0.000962968468696368,0.00036580121783029093,-0.00019791917107137014,0.9999713628844137,-0.0035767618500961084,-0.006669346726327026,0.0036827180215288067,0.99986611979695,0.015943025753084285,0.006611429426544502,-0.01596713051419379,0.9998506587206313,117,97,180,180,117,97,180,180,221213_021233
0,0,0,0,0.0009100838301798753,0.00036289386715351,-4.247012032543296e-05,0.9999662352203744,-0.003864172066525731,-0.007252350889957811,0.003965338392052417,0.999894310116167,0.013987304556271713,0.007197535038282502,-0.014015590303432414,0.9998758716549864,160,80,180,180,160,80,180,180,221213_021233
0,0,0,0,0.0009706681062574274,0.0003682192418180165,-0.00025782064917356795,0.9999805855775119,-0.0036082119596241536,-0.0050802829163958275,0.003670764459127375,0.9999169018041232,0.012357790042217839,0.0050352712282261385,-0.01237619864483268,0.9999107338911617,180,96,180,180,180,96,180,180,221213_021233
0,0,0,0,0.0008863713141855634,0.00036042518512547153,8.397550955163702e-06,0.9999715825757542,-0.002974424402061186,-0.006927253454139958,0.0030976802384018293,0.9998358657724817,0.017850655229750295,0.006873021030237286,-0.017871606376238785,0.9998166668281994,170,180,99,174,170,180,174,174,221213_021233
0,0,0,0,0.0009021471979532847,0.00036517643944902235,-5.187238278903106e-05,0.999968920584485,-0.0029986955433816344,-0.007291480654729794,0.0031195067538890065,0.99985710686603,0.0166142868370304,0.007240617564313182,-0.016636516297854363,0.9998353863425511,180,180,0,140,180,180,140,140,221213_021233
0,0,0,0,0.0009203953645429974,0.00035728669885375965,-5.6181967843627056e-05,0.9999762814339863,-0.002498377646193028,-0.006418308078750626,0.0026242858686732194,0.9998028051386072,0.01968410426333719,0.006367864095301804,-0.0197004808598026,0.9997856477069252,180,180,117,97,180,180,97,97,221213_021233
0,0,0,0,0.00080264094866625,0.0007924748804048528,0.0007201142359745116,0.9999758833292456,-0.005462163512543796,-0.004289234157469712,0.005464681739233048,0.9999849028528653,0.0005756038850842143,0.004286025359731909,-0.000599029303010277,0.9999906355314082,144,160,160,80,144,160,80,80,221213_021233
0,0,0,0,0.0006024064904715798,0.0006985468711533799,0.0007629218821172401,0.9999702128502962,-0.003553057304831575,-0.006851948330395454,0.0035817447394715304,0.9999848532525081,0.0041790393847613416,0.006836996179251275,-0.004203456832976969,0.9999677926982938,180,180,180,96,180,180,96,96,221213_021234
0,0,0,0,0.0009806910585434536,0.0008967065371962429,0.0003631775435897211,0.9999288879199792,-0.006263875025417652,-0.010148052659478619,0.006296787274531286,0.9999750083857444,0.003214509908080414,0.010127663754928984,-0.0032781814464420754,0.9999433403714789,96,173,170,180,96,173,180,180,221213_021234
0,0,0,0,0.0010619101859947466,0.0006469549106120388,-0.0003088186972793894,0.9999803152836273,-0.006195175426206562,-0.0009944077114562347,0.006207367632179591,0.9998992492941835,0.012765572764561913,0.0009152225614850232,-0.012771494132124025,0.9999180222924757,36,133,180,180,36,133,180,180,221213_021234
0,0,0,0,0.0010793303121239273,0.0007351583079514036,-0.00028156367793619186,0.9999632477211886,-0.007287343466558705,-0.0045163959185493515,0.007331338490411876,0.9999250793353471,0.009802407466421064,0.004444624037158383,-0.009835158432844418,0.9999417557916905,110,80,180,180,110,80,180,180,221213_021234
0,0,0,0,0.001012698611942392,0.0007498263775426381,-7.449323149555376e-05,0.9999679426095155,-0.0067069441791914155,-0.004373860202392051,0.006756980395563454,0.9999107295165907,0.011527194521325201,0.0042961574955803225,-0.011556379077189564,0.9999239936782182,160,81,144,160,160,81,160,160,221213_021234
0,0,0,0,0.0011022145717859977,0.000744481391778103,-0.00035832458114692933,0.9999788043508013,-0.006426743340101523,-0.0010429857053542047,0.006437351432642201,0.9999240688964417,0.010507946902997794,0.0009753746325215813,-0.010514438245766101,0.9999442460621002,180,95,180,180,180,95,180,180,221213_021234
0,0,0,0,0.001061953809797761,0.0007502106980759784,-0.0001750993721296723,0.9999665619267329,-0.006488948253438636,-0.00497680409431522,0.006545226147456595,0.9999138654181287,0.011376368456273905,0.004902554753150799,-0.011408562360720742,0.9999229018588153,180,171,96,173,180,171,173,173,221213_021234
0,0,0,0,0.001023205185801651,0.0007519121510254825,-0.00011784717419527357,0.999967787438893,-0.006632578620112245,-0.0045202859879933405,0.0066850432737437845,0.9999093003284539,0.011691933676206313,0.004442328330210552,-0.011721775356517663,0.9999214297641078,180,180,36,133,180,180,133,133,221213_021235
0,0,0,0,0.001076218398732648,0.0007450433594596902,-0.00025998406317295775,0.9999702336294005,-0.006971969861655354,-0.0033050705605707905,0.007007035009439872,0.9999179948000203,0.010719381301316423,0.0032300643242301353,-0.010742220969366605,0.9999370837073234,108,110,110,80,108,110,80,80,221213_021235
0,0,0,0,0.0009783865710090156,0.0007414159919630105,3.6674770373168464e-05,0.9999658469703211,-0.00621712883989756,-0.005445383541772995,0.0062970523692811265,0.9998708635079854,0.014785243970077707,0.005352758577353453,-0.014819028874534904,0.9998758644745998,180,180,160,81,180,180,81,81,221213_021235
0,0,0,0,0.0004937946968744389,-0.00012137333942396043,0.0005148889326243022,0.9999623540203788,0.001597203619887048,-0.008528744492535278,-0.0014855156893461483,0.9999132739482194,0.013085787148179342,0.008548905494800974,-0.013072624937148752,0.9998780039045231,180,180,180,95,180,180,95,95,221213_021235
0,0,0,0,0.0001801931783975974,0.000459366471820535,0.0018545349769868436,0.9998695943240901,-0.0009417221252182405,-0.016121647112464898,0.0009955712643121989,0.9999939517015245,0.003332476290529007,0.016118411337276727,-0.003348091965304534,0.9998644843658335,99,170,180,171,99,170,171,171,221213_021235
0,0,0,0,0.0007294135990419115,0.0010890980477181213,3.5659943465438104e-05,0.9999429881100825,-0.01066178980965691,0.0005888697087282749,0.01066092785960763,0.999942122314525,0.0014479773113702243,-0.0006042736560554238,-0.001441616861963648,0.9999987782963395,82,124,180,180,82,124,180,180,221213_021235
0,0,0,0,0.0009128379650136242,0.0012675733473153806,0.00025486506685601373,0.9999460329955498,-0.009457815087413338,-0.0042989336160428005,0.009488779677656019,0.9999287669272616,0.007240451060076513,0.004230148542516422,-0.00728085194855339,0.9999645468906442,100,0,108,110,100,0,110,110,221213_021235
0,0,0,0,0.001147696434587786,0.0012245300845080184,-0.0004073634006295235,0.9999600144258772,-0.00886980153806597,0.001138494652615572,0.0088595840597398,0.9999230273415183,0.008686032607497235,-0.0012154504050371207,-0.008675598702419941,0.9999616275975131,160,75,180,180,160,75,180,180,221213_021236
0,0,0,0,0.001099251881480745,0.0012375112180284652,-0.00027021282337114094,0.999955533265629,-0.009430320033473842,2.3569431126880636e-05,0.009430251103190486,0.9999533944155737,0.002068661621017937,-4.307647378685443e-05,-0.0020683473687371965,0.9999978600395,180,94,180,180,180,94,180,180,221213_021236
0,0,0,0,0.0010684533764661053,0.0012159305382832969,-0.00014189407726994396,0.9999540496176877,-0.009474238845310321,-0.0014620025612051696,0.009482065838790908,0.9999402307608185,0.005442915894049184,0.0014103476932293508,-0.005456528594524729,0.9999841184814293,180,173,99,170,180,173,170,170,221213_021236
0,0,0,0,0.001088231028497172,0.0012182008595721782,-0.0001971023956703899,0.9999624022948879,-0.008671442316403226,9.208173540924836e-06,0.008671032448558243,0.9999243960133216,0.00871868417074431,-8.481104422774116e-05,-0.008718276523856152,0.9999619915084474,180,172,82,124,180,172,124,124,221213_021236
0,0,0,0,0.001125821493940582,0.0012183349334055314,-0.000323419016908133,0.9999624971200327,-0.008639418068323476,-0.0006039941302912036,0.0086417475338732,0.999954791132882,0.003966848869509886,0.0005696955586032974,-0.0039719196660386175,0.9999919496181642,180,180,100,0,180,180,0,0,221213_021236
0,0,0,0,0.001152356829581036,0.0012135614784132484,-0.00040527587858940617,0.9999591942355617,-0.008983390293297864,0.0009531855037401799,0.008980140520194213,0.9999540307373772,0.0033605785675627883,-0.0009833310753891052,-0.0033518816968197683,0.9999938989559319,174,160,160,75,174,160,75,75,221213_021236
0,0,0,0,0.0009343620794964036,-9.93014918067199e-05,0.0001596329630337845,0.9999993267536796,-0.00038734048373794083,-0.0010938279289270996,0.00041154921560493266,0.9997530357011917,0.022219321175368574,0.0010849513498673857,-0.02221975638031837,0.9997525220308111,180,180,180,94,180,180,94,94,221213_021236
0,0,0,0,0.0010848665988937856,-0.00018168886039628997,-0.0004425135676124903,0.9999975928471989,-0.0016799029146850125,0.001411462363907569,0.001663379006891071,0.9999310128385004,0.011627671050071836,-0.0014308983496135414,-0.01162529526362573,0.9999314001670047,85,170,180,173,85,170,173,173,221213_021236
0,0,0,0,0.0014198589476746848,0.0013129559786124612,-0.000293021737709398,0.9999673131705809,-0.007278822464911736,0.0035201326585939624,0.0072750974103694,0.9999729638089975,0.0010698638776431484,-0.0035278248368419743,-0.0010442195991961585,0.9999932320057716,35,130,180,172,35,130,172,172,221213_021237
0,0,0,0,0.0014925453411974987,0.0012487744516633831,-0.00045454474375172804,0.9999450927574927,-0.010179274466180579,0.002488742966087918,0.010178798541415608,0.9999481739152858,0.0002038228095482811,-0.0024906887526048864,-0.00017847920492661327,0.9999968823024954,115,85,180,180,115,85,180,180,221213_021237
0,0,0,0,0.001609659026201693,0.0012327226142259031,-0.0007063523287420548,0.9999307929211494,-0.011260094197141253,0.003408760295663233,0.011278091387782149,0.9999223154552004,-0.005307326008233802,-0.0033487344968835702,0.0053454030138380265,0.9999801061240612,160,96,174,160,160,96,160,160,221213_021237
0,0,0,0,0.0014931121950726156,0.0013392730603625936,-0.00019301778437597061,0.9999395339722188,-0.010992185852868066,-0.0003166221691533774,0.010992389886945703,0.9999393705665738,0.0006500426882073167,0.0003094575824896601,-0.0006534838170381126,0.9999997385974184,180,180,180,180,180,180,180,180,221213_021237
0,0,0,0,0.0015300030081493998,0.0013089376788733842,-0.00030675755827658246,0.9999362824434056,-0.010998016725259331,0.002544539520822796,0.011004102770677406,0.9999365960884106,-0.0023902981686998673,-0.0025180896478261394,0.0024181462391321532,0.9999939058780766,180,113,85,170,180,113,170,170,221213_021237
0,0,0,0,0.0016213854607486367,0.0012903499169940012,-0.0006259904388586923,0.9999284427556203,-0.011887894722613269,0.001336909639635993,0.011899323462455829,0.9998896549717632,-0.008892917495574065,-0.0012310440513396467,0.008908189463145784,0.999959563527962,180,169,35,130,180,169,130,130,221213_021237
0,0,0,0,0.0015871626018308382,0.0012951469435350457,-0.0005822692861831014,0.9999291850979484,-0.011677271776466493,0.0022948013447225586,0.011692720089818635,0.9999082575806535,-0.006837888484112492,-0.002214742931888987,0.006864236729494921,0.9999739882456278,179,180,115,85,179,180,85,85,221213_021237
0,0,0,0,0.0015977347865813174,0.0013169725955215449,-0.0005666039593437144,0.9999307457027679,-0.011601342300148507,0.001978043260851627,0.011615927200671696,0.9999041903458287,-0.007528636272340273,-0.0018905114587619877,0.007551091688443922,0.9999697030314154,172,180,160,96,172,180,96,96,221213_021237
0,0,0,0,0.0015454963610012085,0.0013020241051629293,-0.0003997043038692638,0.9999286172442434,-0.011906099759872292,0.0010025988848259258,0.01191261119466131,0.9999061886930707,-0.0067604369549439285,-0.0009220143929081432,0.006771897947023058,0.9999766453711078,180,180,180,180,180,180,180,180,221213_021238
0,0,0,0,0.0016048628480972438,0.0012819929539493752,-0.0005932230470785393,0.9999341364221375,-0.011329734521960698,0.0018330121048986327,0.011340698836714652,0.9999171708257513,-0.006086052720656895,-0.0017639069164077357,0.006106439509695628,0.9999797998104283,75,170,180,113,75,170,113,113,221213_021238
0,0,0,0,0.0016100557923006131,0.001287501765332889,-0.000579288250391774,0.9999257045665834,-0.0121384346142958,0.0011152363589066049,0.012147312190809476,0.9998915051942516,-0.008331905359045351,-0.0010139790731411133,0.008344833460743583,0.9999646671762716,57,123,180,169,57,123,169,169,221213_021238
0,0,0,0,0.0015249094376747485,0.001302368054149029,-0.00033914344602059554,0.9999297934781768,-0.011751405384673267,0.0015207189667123778,0.01176224218703081,0.9999039925411772,-0.0073249818392827435,-0.0014344941353198984,0.0073423546425701635,0.9999720156358769,116,50,179,180,116,50,180,180,221213_021238
0,0,0,0,0.001539174605964505,0.00129517572005188,-0.00039618578410227645,0.9999374211895925,-0.01111009158476687,0.0013113236389333221,0.011114189778991758,0.9999332409227253,-0.00316045619040601,-0.0012761231384519267,0.003174832712602179,0.9999941459563562,167,79,172,180,167,79,180,180,221213_021238
0,0,0,0,0.0015837384742778127,0.0012970051034206752,-0.0005488176251087218,0.9999315087200593,-0.01134015128261307,0.002894622205523748,0.01135568466656995,0.9999209006543818,-0.005407481879958068,-0.0028330715802246794,0.005439981931597673,0.999981189974094,180,180,180,180,180,180,180,180,221213_021238
0,0,0,0,0.001573123098741247,0.0012814968848476448,-0.0004743879494163439,0.9999257312652442,-0.012123590794626314,0.0012451907126490042,0.012131375674847567,0.9999056269843424,-0.006447235786233053,-0.0011669095518175442,0.006461862834510689,0.9999784410930096,180,138,75,170,180,138,170,170,221213_021238
0,0,0,0,0.0015691187302020737,0.001292348440732654,-0.0004698382128270895,0.9999327019445908,-0.011546635849129053,0.0011255142634434688,0.011552635364427489,0.9999182592199009,-0.005478274799507624,-0.0010621666188380665,0.005490908778149562,0.9999843607391387,180,180,57,123,180,180,123,123,221213_021239
0,0,0,0,0.00152303951024782,0.0012944922230424122,-0.0003410702825943357,0.9999349466543875,-0.011247772444856231,0.0018947491432494594,0.011253642284851869,0.9999318197440903,-0.003116311697380681,-0.0018595683939284775,0.0031374317999565676,0.9999933492414281,180,180,116,50,180,180,50,50,221213_021239
0,0,0,0,0.0015866280941433386,0.0012870126771888507,-0.0004976369008404813,0.9999321025559063,-0.01133570543779994,0.0027003815196923547,0.01134083367766908,0.9999339018687765,-0.0018913976254804085,-0.0026787627031720053,0.0019218937820970777,0.999994565262567,172,180,167,79,172,180,79,79,221213_021239
0,0,0,0,0.0015837212859070582,0.001289806668276135,-0.0004775579460812862,0.9999299216713019,-0.011323985308606545,0.0034524054157376604,0.011337063561601083,0.9999285417262296,-0.003792417573758015,-0.0034092134319168308,0.0038312919471115646,0.9999868491464232,180,180,180,180,180,180,180,180,221213_021239
0,0,0,0,0.0015272438342719963,0.0013023414538924204,-0.0003570884983813416,0.9999303112142721,-0.011801476133728955,0.0003128513927720922,0.011803546365285958,0.9999003144279781,-0.007748386930938359,-0.00022137780256165998,0.007751539711181932,0.9999699318599408,65,170,180,138,65,170,138,138,221213_021239
