0,0,0,0,0.10772184094823598,0.2014546830803151,-0.12729002493951813,0.9967465416336395,0.01565279102787969,0.07906530133008625,-0.027126275252732097,0.9888832737985118,0.146198618298703,-0.07589793760236721,-0.14786771430766885,0.986090585155914,180,180,81,97,180,180,81,97,230218_120308
0,0,0,0,0.12148266163530022,0.18709686985512358,-0.1357899154036678,0.9990871292137212,0.04125109159432306,0.011102057546304934,-0.04271148922993631,0.9694446177047632,0.24156337034208575,-0.0007980772178991484,-0.2418170396095847,0.9703215355886989,75,170,180,92,75,170,180,92,230218_120309
0,0,0,0,0.10506785834803828,0.20558178472966243,-0.11964933781019205,0.9919138596604348,0.016042092005512654,0.1258949812249294,-0.021831046954100812,0.9987601806762171,0.044738203858635646,-0.12502119981197796,-0.04712486371010172,0.9910342813535149,86,137,180,180,86,137,180,180,230218_120309
0,0,0,0,0.12220649269284299,0.18950775247671195,-0.1329505719263,0.9988198414284317,0.0405392488155948,-0.026748713508324144,-0.03630543316399549,0.9890212714035587,0.1432439884744301,0.03226205033251543,-0.142103814223107,0.9893258644610413,147,84,166,180,147,84,166,180,230218_120309
0,0,0,0,0.10749254704045626,0.20534367045713614,-0.11671987973901321,0.9976015292857504,0.016899744909047103,0.06712367234248902,-0.023519209037715726,0.9948010403714235,0.09908449365150009,-0.06510019641270616,-0.10042553807644282,0.992812507842787,180,106,75,170,180,106,75,170,230218_120309
0,0,0,0,0.12205451072668465,0.18970922598089024,-0.1313004254969623,0.9946982189728829,0.04650323443621345,-0.09172187503069675,-0.02769941568310205,0.9801075429315624,0.1965246718849104,0.0990363344585759,-0.1929420987644417,0.9761993397771694,180,180,81,97,180,180,81,97,230218_120309
0,0,0,0,0.10786578707072894,0.20133720874779504,-0.127970872839695,0.9992480748724932,0.03661453114480573,-0.012753861088379255,-0.03503629123107168,0.9935955977879162,0.10742553864535417,0.0166055159626901,-0.10689791469209771,0.9941313256678385,75,170,180,92,75,170,180,92,230218_120310
0,0,0,0,0.11837178842492344,0.19184953341015526,-0.13310787489289722,0.9987782984448638,0.049016494687839564,-0.006268477015940882,-0.04724925710040013,0.984424452440661,0.1693399100636517,0.0144712908561287,-0.1688368463500262,0.9855377725158662,86,137,180,180,86,137,180,180,230218_120310
0,0,0,0,0.10854976378916978,0.20481929030136425,-0.1179550322689158,0.998285199306677,0.032537068925567306,0.04866210014950882,-0.03705929678890172,0.99477591576944,0.09511827335787958,-0.045313015423165556,-0.09675854768858974,0.9942758742333312,147,84,166,180,147,84,166,180,230218_120310
0,0,0,0,0.12232106329265598,0.1900152813951868,-0.13056065573182396,0.9980560320808382,0.06019258107980608,-0.016155804220316802,-0.05347475188056564,0.9602251966645405,0.27405842917497525,0.03200949450344657,-0.2726617407585706,0.9615773330253473,180,106,75,170,180,106,75,170,230218_120310
0,0,0,0,0.10449356162216653,0.20201170514544486,-0.13084390663636114,0.9992665084918051,0.03515308452492868,0.015188997826724405,-0.03675626227049423,0.9917390827552537,0.12289250961580347,-0.01074347199464225,-0.12336065979132459,0.9923037465541231,180,180,81,97,180,180,81,97,230218_120311
0,0,0,0,0.12132522232710752,0.1877924383395295,-0.1343510750841337,0.9972096755666419,0.06812240326302815,-0.030531968982385936,-0.06152584039035655,0.9816184891489096,0.18066464160225773,0.04227805483383047,-0.17828202358813755,0.9830707432045703,75,170,180,92,75,170,180,92,230218_120311
0,0,0,0,0.12093167130178464,0.19131813470222742,-0.13006591909096854,0.9975462841791337,0.06849186746679527,-0.014500862433455792,-0.06500443228548382,0.9830489112311556,0.17143296623019152,0.025996821029599337,-0.17006969811859776,0.9850890635258337,86,137,180,180,86,137,180,180,230218_120311
0,0,0,0,0.12159857937603527,0.1924662754349161,-0.12751375623884154,0.996692194844463,0.07153966521236507,-0.038558332918195735,-0.06193742584075846,0.9758406152814402,0.20952052130366913,0.052615815268303404,-0.20643926435744597,0.977043707371993,147,84,166,180,147,84,166,180,230218_120311
0,0,0,0,0.1218829628956907,0.18954507077587862,-0.1311631877649535,0.9972012632732374,0.07251955525438664,-0.01818116145809068,-0.06874589218571653,0.9849958989856537,0.15829428697534356,0.029387800765777544,-0.15660138277533991,0.987224576314327,180,106,75,170,180,106,75,170,230218_120311
0,0,0,0,0.12147930181285801,0.18796541702972422,-0.1343739759030208,0.9969166365245749,0.07367856429823587,-0.026994239820373914,-0.06633635083616317,0.9751006996592259,0.2116083979473177,0.04191310508982364,-0.20916523297871378,0.9769816768674271,180,180,81,97,180,180,81,97,230218_120312
0,0,0,0,0.12116637932938061,0.18948282249126552,-0.13251475047764605,0.9957366430286272,0.08067867311002502,-0.04471565089860417,-0.07248510894212191,0.9841876703353751,0.16161849690390062,0.05704775816567055,-0.1576882407316194,0.9858397293795975,75,170,180,92,75,170,180,92,230218_120312
0,0,0,0,0.10884036813791746,0.19637935058280093,-0.13619383795656204,0.9979667580189131,0.06323137411314263,-0.00800894605951947,-0.061319129564493535,0.9867841253827303,0.1499901804855595,0.017387186048160592,-0.14919411255274675,0.9886550472945178,86,137,180,180,86,137,180,180,230218_120312
0,0,0,0,0.12315758001782288,0.18743670686908856,-0.13497255220040127,0.9959373650198078,0.08610468166298825,-0.026358087053452193,-0.07705089218357906,0.9663468279978317,0.2454322065912375,0.04660391583457749,-0.2424041909997533,0.9690553561147263,147,84,166,180,147,84,166,180,230218_120312
0,0,0,0,0.11951164534113332,0.1911098354727053,-0.13279763608909312,0.9961401519607848,0.08173499175915025,-0.03200294945277144,-0.07393950346588858,0.9778338814524138,0.19589244526250713,0.047304835680539746,-0.19277004799978173,0.9801030359688716,180,106,75,170,180,106,75,170,230218_120313
0,0,0,0,0.12282225480265731,0.18491645335009008,-0.13780017262030153,0.9926266450697254,0.09285087909393194,-0.07791699268520635,-0.07178253918781148,0.968269838413786,0.23937582811531194,0.09767092999133753,-0.23201774559206698,0.9677955130940636,180,180,81,97,180,180,81,97,230218_120313
0,0,0,0,0.10192654161734867,0.20575483452508012,-0.12351880103242097,0.9912562937824708,0.05471113689026425,0.12007352554504094,-0.07401811281254449,0.98388799755987,0.1627443616021706,-0.10923497156272924,-0.17020898847535457,0.9793347850606995,75,170,180,92,75,170,180,92,230218_120313
0,0,0,0,0.12264020545055218,0.18798989112344341,-0.133526956272898,0.9946717812173202,0.09950048622762525,-0.026975931687872337,-0.09149232580141094,0.972582423850619,0.21380501195319324,0.047510019673865506,-0.21019772134188983,0.9765038228154901,86,137,180,180,86,137,180,180,230218_120313
0,0,0,0,0.10314337310443465,0.2061801470777871,-0.12276219002396216,0.9948526507478903,0.06469531751012488,0.0779917892611798,-0.07078205541217748,0.9944386546635954,0.07798501614083986,-0.07251278460743042,-0.08310401917551125,0.9938991991471533,147,84,166,180,147,84,166,180,230218_120314
0,0,0,0,0.12102872368086573,0.19167230009736191,-0.12882331339788478,0.9952650879657662,0.09682772259091478,-0.00847330008631176,-0.09515326596592587,0.9884070488840274,0.11831044625216927,0.019830800601932545,-0.11694399451971241,0.992940502494112,180,106,75,170,180,106,75,170,230218_120314
0,0,0,0,0.10749547705568117,0.20459921046630253,-0.11975193651846616,0.9967210399341235,0.07732671930590201,0.023827442876376604,-0.07907678007025815,0.9932958452357733,0.08432216014233711,-0.01714734400310379,-0.08592986860653372,0.9961536158017512,180,180,81,97,180,180,81,97,230218_120314
0,0,0,0,0.12396169412680125,0.19041661906554358,-0.12743290240316996,0.9928296918931676,0.1126718972596374,-0.03992801601920649,-0.10302099269930899,0.9759212879261668,0.19226105907276242,0.060629019112675965,-0.1867690641954523,0.980531202308723,75,170,180,92,75,170,180,92,230218_120314
0,0,0,0,0.10167845473958863,0.2061699352865901,-0.1259501146952291,0.9969693649033681,0.07468058995099557,0.02179208408446613,-0.07703462987115882,0.9867721497941497,0.14264077324259852,-0.010851324563700025,-0.1438872262405669,0.9895345950900399,86,137,180,180,86,137,180,180,230218_120314
0,0,0,0,0.12098422363670752,0.1866611775473901,-0.13842715873460543,0.99438670762373,0.10459984541846792,0.015935747226636432,-0.10580677856408295,0.9829921253910731,0.15010465358886665,3.6209525981908986e-05,-0.1509481823592956,0.9885416758697103,147,84,166,180,147,84,166,180,230218_120315
0,0,0,0,0.10744383263190369,0.2054187635258277,-0.11875382768275311,0.9949725809093821,0.09301937218672582,0.037107406760790704,-0.09151754026974326,0.9949874094362955,-0.0403062636103314,-0.04067066586004371,0.0367076485386489,0.9984980948791358,180,106,75,170,180,106,75,170,230218_120315
0,0,0,0,0.12295330156390848,0.18921210925100235,-0.1316103209759505,0.9915845349420784,0.1181323562295717,-0.05296089571893964,-0.10164425877652108,0.9637609862415961,0.24664388509832869,0.08017826838660498,-0.23918509111204134,0.9676579651241703,180,180,81,97,180,180,81,97,230218_120315
0,0,0,0,0.10630301256988534,0.20452826695570375,-0.12299980013532741,0.9946773081760538,0.09430073952728905,0.041526173965892935,-0.09695713012547476,0.9930014845636485,0.06743416472547278,-0.034876460793362894,-0.07110149210105807,0.9968591727538711,75,170,180,92,75,170,180,92,230218_120315
0,0,0,0,0.1222010340682118,0.18912082295161442,-0.13302567200120552,0.990248846070628,0.1233918583303912,-0.06466584997943181,-0.10811426090049502,0.973429528261318,0.20185702885677698,0.08785516174778467,-0.1928973893206403,0.9772778866563757,86,137,180,180,86,137,180,180,230218_120316
0,0,0,0,0.10725287731956144,0.20346893382484965,-0.1264812579331046,0.9900247733146572,0.09172468173389696,0.10694639303910827,-0.10367504283236045,0.9882701761373925,0.11213181730032849,-0.0954066754319023,-0.12210094888321442,0.987921517411606,147,84,166,180,147,84,166,180,230218_120316
0,0,0,0,0.1146627577555869,0.19534200204090013,-0.13195099161127932,0.9939130857316831,0.1093118345920967,-0.013700395229138585,-0.10604860319119776,0.9830150972799371,0.1497832176210363,0.029840773658208017,-0.14741859223932685,0.9886239360290923,180,106,75,170,180,106,75,170,230218_120316
0,0,0,0,0.10496955496112975,0.1967285236286387,-0.13954629599120183,0.993386254724817,0.09698565618884429,0.06146162556767232,-0.10495689309844437,0.9840615616044506,0.14355101380252022,-0.0465596339646604,-0.14905242522759882,0.987732542249595,180,180,81,97,180,180,81,97,230218_120316
0,0,0,0,0.12115526025906123,0.1898771000554245,-0.13243753339405473,0.9902958591820925,0.1331875190184787,-0.03968873976965196,-0.12134067923559834,0.9678565925587848,0.22029538307268723,0.06775360395908427,-0.21334174701216058,0.9746254399164609,75,170,180,92,75,170,180,92,230218_120317
0,0,0,0,0.12094946399946752,0.1878892057792692,-0.13719776810510642,0.9910103879130111,0.1333512009457016,0.010764211761341604,-0.13232901962701696,0.965209877491467,0.22551922968443147,0.01968353659931178,-0.2249163168808478,0.9741792487975185,86,137,180,180,86,137,180,180,230218_120317
0,0,0,0,0.122063390312822,0.19032927028761357,-0.13165154375912047,0.9912343860557478,0.13210550912293903,-0.0015894527527640105,-0.1299078050857443,0.9767931280468466,0.17029135967000839,0.02404899329469898,-0.16859216903470017,0.9853924733128859,147,84,166,180,147,84,166,180,230218_120317
0,0,0,0,0.12009360322220641,0.19452102819462827,-0.12629412309183508,0.9912674592664974,0.13152871142732936,-0.009435161345145446,-0.12771310347989873,0.9754001636560742,0.1796771658815783,0.03283576402149482,-0.17690313397441498,0.983680381928579,180,106,75,170,180,106,75,170,230218_120317
0,0,0,0,0.10615378312126611,0.19685470575500144,-0.1390892673043761,0.9912216013919344,0.1119253395592412,0.07037368328116443,-0.12084050687272514,0.9829249265631893,0.13876656888275074,-0.05364055212944701,-0.1460524121858209,0.9878215345202549,180,180,81,97,180,180,81,97,230218_120317
0,0,0,0,0.12202697913181129,0.18817688444595337,-0.13509869044906875,0.987417786110954,0.1470458891609265,-0.05816891053314843,-0.13058890700400796,0.9656964797296231,0.22444787012870182,0.08917764876491996,-0.2140276045716641,0.9727484420147257,75,170,180,92,75,170,180,92,230218_120318
0,0,0,0,0.12005192903173051,0.19337842312800682,-0.13015190510559593,0.989224904770576,0.14310612699687042,-0.03089861158046451,-0.1357296959289984,0.9755533511975583,0.17283838870527532,0.05487747647866541,-0.16678217945323107,0.9844654220398824,86,137,180,180,86,137,180,180,230218_120318
0,0,0,0,0.12406303680831773,0.18730535965740996,-0.13464653956567418,0.988462987681043,0.1478547191831695,-0.03286189282333911,-0.13594897318398366,0.9617365458598801,0.2378669650197948,0.06677423661029028,-0.23065515032787345,0.970741676736061,147,84,166,180,147,84,166,180,230218_120318
0,0,0,0,0.11873654969446491,0.19418613223447034,-0.1299086064755377,0.990179257465895,0.13962965455697285,-0.006971201660383988,-0.13461436823888745,0.9656993804284228,0.22204431653119466,0.03773605633786424,-0.218925252560002,0.9750116531834914,180,106,75,170,180,106,75,170,230218_120318
0,0,0,0,0.12253052863230313,0.19129775196180526,-0.129601150044669,0.986844237290261,0.14532944469528472,-0.07083645834994082,-0.1314771360563087,0.9763722681758217,0.17149622920528482,0.09408620526641316,-0.15992669083602282,0.9826348454725212,180,180,81,97,180,180,81,97,230218_120319
0,0,0,0,0.10794668208476604,0.20343811648551433,-0.12479187001561465,0.9902688592348601,0.12402892682847196,0.06312219688403717,-0.13269063379027235,0.9782344350603128,0.1595323972319337,-0.04196167458557171,-0.16635568932864675,0.9851725749806302,75,170,180,92,75,170,180,92,230218_120319
0,0,0,0,0.12167290951166325,0.18886714357045845,-0.13540849895092777,0.9878582011533859,0.15412087121017784,-0.01956863488882816,-0.1458151243251354,0.9632587318518704,0.22554503991258992,0.05361085647554755,-0.21995311447793206,0.9740361920890906,86,137,180,180,86,137,180,180,230218_120319
0,0,0,0,0.11963724557270053,0.19450562872007637,-0.12830917970087052,0.987544445646639,0.1522713015092264,-0.039615888342410914,-0.1422011880944002,0.9715324225904707,0.18948238430005448,0.06734084924481674,-0.18148884977369478,0.9810846076821347,147,84,166,180,147,84,166,180,230218_120319
0,0,0,0,0.12112493378230835,0.19354510290022744,-0.12744046830460465,0.9871910959823608,0.1579325884760766,-0.022606138776706607,-0.15174088536896468,0.9732118330591203,0.1727235701956998,0.04927924228910369,-0.16708089505072796,0.9847108869046078,180,106,75,170,180,106,75,170,230218_120320
0,0,0,0,0.11001192874940648,0.2034205778367472,-0.12270011068952336,0.9906505746642438,0.13406364507187885,0.025266143105819906,-0.13605508355611673,0.9844880815707882,0.11078010418665182,-0.010022632186236596,-0.11318196108527459,0.9935237241902937,180,180,81,97,180,180,81,97,230218_120320
