0,0,0,0,-0.09055229594987393,-0.19867518715536098,-0.10412974349648585,0.9971221479406913,-0.06564829470718991,0.037917324380540456,0.06863713691843525,0.9941156247113163,-0.08380374777102367,-0.03219263148270332,0.08616510956801099,0.9957606180058296,180,180,81,97,180,180,81,97,230216_163822
0,0,0,0,-0.0888002377152356,-0.2019837742207701,-0.09133277502364079,0.9976230655827599,-0.06228955945263722,0.029465739435041653,0.06326511375035364,0.9974369339789362,-0.03342286817216128,-0.027308321065422747,0.03520757756357615,0.9990068478657654,166,180,147,84,166,180,147,84,230216_163823
0,0,0,0,-0.08562618568378874,-0.20181282067750075,-0.09628475837196104,0.9973575653515591,-0.07025254533888584,-0.018505856084430367,0.06984790930504634,0.9973221854494494,-0.021673208716023976,0.0199788989116987,0.020323343320972326,0.9995938201662383,75,170,180,92,75,170,180,92,230216_163823
0,0,0,0,-0.09116757596252043,-0.19840152565487892,-0.10346384552267007,0.9964519762059982,-0.0666794748434122,0.051354714971162514,0.07142154966636026,0.9927341659429644,-0.09683923798121409,-0.044524390601312226,0.10016348338657838,0.993974272925335,75,170,180,106,75,170,180,106,230216_163823
0,0,0,0,-0.09261898225918062,-0.19755066726470627,-0.10495080483664543,0.9965305786493243,-0.06315089875874566,0.05421042153318099,0.06725169614399572,0.9947223323069979,-0.07748994112452694,-0.04903075751605506,0.08086683866511432,0.9955182264638414,86,137,180,180,86,137,180,180,230216_163823
0,0,0,0,-0.08567243653139212,-0.20131066836781902,-0.09107859861707479,0.9980164165460034,-0.06230349825324648,0.009028090057300943,0.06254230477697154,0.9976162102670114,-0.029160883485773486,-0.0071897439355948865,0.02966767799970479,0.9995339596353126,81,97,180,180,81,97,180,180,230216_163823
0,0,0,0,-0.08799370608252621,-0.20114729736185324,-0.09169964204981829,0.9981469728550392,-0.0588121068981738,0.015612708365938416,0.059529129122129716,0.9969573828887159,-0.05032156088240816,-0.012605687854411558,0.05115772459637844,0.9986110273013403,147,84,166,180,147,84,166,180,230216_163823
0,0,0,0,-0.09208386473966569,-0.19752799756598544,-0.10383826169419097,0.9974099379444363,-0.057267776499350144,0.04351801310374392,0.06015586477046539,0.9958535847591296,-0.06824155373457609,-0.039429527303718175,0.07068266758698352,0.996719254795147,180,92,75,170,180,92,75,170,230216_163823
0,0,0,0,-0.08476317774145412,-0.19727298119138673,-0.10939660678906937,0.9987823155468479,-0.04933038721881383,-0.0006317022391917534,0.04917626629333695,0.9965231112447491,-0.06725610447038952,0.0039472755571329406,0.0671431430000638,0.9977355448032054,180,106,75,170,180,106,75,170,230216_163823
0,0,0,0,-0.0871570943663714,-0.2026156992047417,-0.08991693135027368,0.9990960143917952,-0.042450138522387756,-0.002267105171661687,0.04246123902800633,0.9990851188858978,0.005095920030607578,0.0020487085287581776,-0.005187577486834895,0.9999844457956245,180,180,86,137,180,180,86,137,230216_163824
0,0,0,0,-0.08831283323659761,-0.20172588017155763,-0.08985131822734871,0.9991976546069836,-0.03918583222399897,0.008277534706360591,0.039448124022194886,0.9986312631546387,-0.03434305987096754,-0.006920443557456745,0.03464203809079248,0.9993758235308097,180,180,81,97,180,180,81,97,230216_163824
0,0,0,0,-0.09013265214543906,-0.19839292317004653,-0.10206141061777052,0.9990684265414491,-0.03688529371133973,0.022399870442072155,0.03797015719595851,0.9980216578196953,-0.05011025529111201,-0.02050722434918043,0.05091410050913619,0.9984924677326504,166,180,147,84,166,180,147,84,230216_163824
0,0,0,0,-0.08436059675148473,-0.19835477955934383,-0.10358215217482214,0.9982526850527922,-0.04578463721287738,-0.03735430069185246,0.043233003523529254,0.9968512409813465,-0.0664718794700703,0.04028007188705876,0.06474079354807338,0.9970888352897846,75,170,180,92,75,170,180,92,230216_163824
0,0,0,0,-0.08418092498881066,-0.20167435916344148,-0.09483569902708766,0.9985809428610792,-0.04881878255524713,0.021279732716901457,0.04919484180088997,0.9986354933884062,-0.0175219543738744,-0.020395295900395186,0.018543942804005474,0.9996200048470504,75,170,180,106,75,170,180,106,230216_163824
0,0,0,0,-0.08701009274149021,-0.20072363240629004,-0.09274638985002093,0.9984901160372768,-0.03626362573837151,0.04126060620220439,0.037259465065741196,0.9990262579111899,-0.02362770126313584,-0.040363602897671116,0.025129374291304907,0.9988690074823857,86,137,180,180,86,137,180,180,230216_163824
0,0,0,0,-0.08727340344845502,-0.19776888026698367,-0.1023234001388239,0.9995309449961962,-0.03017720814122415,0.005217863912766441,0.03047871165149168,0.9968447325421698,-0.0732913865266302,-0.0029896707303900616,0.07341604260467802,0.9972969199577385,81,97,180,180,81,97,180,180,230216_163824
0,0,0,0,-0.0835133064399936,-0.1966005417251256,-0.10337737074414122,0.9989611830314526,-0.030367479089086793,-0.033976035821973706,0.02925426853023525,0.9990338548413222,-0.032795497459990386,0.03493912662278565,0.03176748486520808,0.9988844199086176,147,84,166,180,147,84,166,180,230216_163824
0,0,0,0,-0.0837316603835004,-0.20024797375425696,-0.09681432613122964,0.9993707584184466,-0.034867659286430944,0.00650642405821822,0.03517099594751056,0.997893787114016,-0.05450679483612136,-0.004592195792883896,0.05470133430851767,0.9984922011526519,180,92,75,170,180,92,75,170,230216_163825
0,0,0,0,-0.08384724011531845,-0.1996903442314515,-0.09730158234296271,0.999722103999312,-0.013967986748154387,-0.01898973726493515,0.013288096406469036,0.9992824070188706,-0.03546967037433695,0.019471550248510546,0.03520747603528425,0.9991903183889167,180,106,75,170,180,106,75,170,230216_163825
0,0,0,0,-0.08761226742710665,-0.19884636741882356,-0.10466968659627451,0.9989293123171722,-0.002714422902195952,0.04618290703116822,0.005658843001716126,0.9979501809976906,-0.06374491150324453,-0.04591520978307102,0.06393800243190738,0.9968970485238653,180,180,86,137,180,180,86,137,230216_163825
0,0,0,0,-0.0838592459619149,-0.19713361952256614,-0.11007717066034994,0.998732858559099,-0.007200807420581814,0.04980788699455245,0.010624555665207086,0.9975725357784886,-0.06881972593226417,-0.049191422537748664,0.06926170827352397,0.9963849756573742,180,180,81,97,180,180,81,97,230216_163825
0,0,0,0,-0.08311749128633589,-0.20038632072778836,-0.09306954123097744,0.9994101416875025,-0.00535907021305461,-0.03392121841290539,0.005275759583632089,0.9999828444351204,-0.002545033646498039,0.03393427548924837,0.002364572244115689,0.9994212694080121,166,180,147,84,166,180,147,84,230216_163825
0,0,0,0,-0.0861844409060424,-0.1956053614043953,-0.1075186990133501,0.9784633108614922,0.006543464759420524,-0.20631706756084994,-0.010856980259372477,0.999745367380372,-0.019781971113429046,0.20613508987461035,0.021595913280691957,0.978285204453159,75,170,180,92,75,170,180,92,230216_163825
0,0,0,0,-0.08940254263476496,-0.19623567993199403,-0.10369278258154702,0.9971957107441223,0.002941567373583305,0.07478008862599284,0.003026497206269165,0.9968247019824262,-0.07956980477736293,-0.07477669950048026,0.07957298975804461,0.9940204145352252,75,170,180,106,75,170,180,106,230216_163825
0,0,0,0,-0.09041136598427674,-0.14127317480289125,-0.16690869776176798,0.9995075149548923,0.006641497177290525,-0.03066949728866142,-0.020412757063590695,0.8799115621260583,-0.4746988120755556,0.023833734448424085,0.47509107900709413,0.8796137901091121,86,137,180,180,86,137,180,180,230216_163825
0,0,0,0,-0.08442679163178927,-0.1982187245210018,-0.0957746765935743,0.9987811712367952,0.004391988516266434,-0.04916179837768283,-0.005931238986560888,0.9994953154572902,-0.031207928207695,0.048999922315645164,0.03146148146234259,0.9983031517516388,81,97,180,180,81,97,180,180,230216_163826
0,0,0,0,-0.0904238671261358,-0.19437754724967415,-0.10423335273645862,0.9985236750783288,0.014074659925341338,0.05246307516771065,-0.009874952984430198,0.9967885798483948,-0.07946705221270106,-0.053413065926064866,0.07883166262236796,0.9954559826313623,147,84,166,180,147,84,166,180,230216_163826
0,0,0,0,-0.08444620449494919,-0.19517193799980231,-0.10196355756799957,0.9934324900464749,0.012519916676976233,-0.11373275432549264,-0.017425367130124783,0.9989555186499378,-0.04224012712118386,0.11308511971272635,0.0439445496647193,0.9926130324826102,180,92,75,170,180,92,75,170,230216_163826
0,0,0,0,-0.08262156560860445,-0.19945257203841904,-0.09419657322082575,0.9992923097569054,0.022429463973076942,-0.03019600646757611,-0.02361984843979823,0.9989340192617752,-0.03966015533501,0.029274262081057066,0.040345313326291064,0.9987568639424776,180,106,75,170,180,106,75,170,230216_163826
0,0,0,0,-0.0831772134551142,-0.19869325207222555,-0.09892614914221243,0.9993917172414198,0.03481273999743101,-0.00206606948482105,-0.034872180189867416,0.9981887649862069,-0.04902163302173264,0.00035574998279422424,0.04906386235492756,0.9987955801127508,180,180,86,137,180,180,86,137,230216_163826
0,0,0,0,-0.08879196560461752,-0.19614778906998592,-0.10369351147157257,0.9977976734617361,0.03909778264334413,0.053583264427624525,-0.034853646178265967,0.996346060909383,-0.07797275330804504,-0.056436036204070596,0.07593345970473632,0.9955144818207529,180,180,81,97,180,180,81,97,230216_163826
0,0,0,0,-0.08864275341668296,-0.1953503244301456,-0.1023524454447311,0.9987653690792719,0.045693111258032444,0.01949043641138132,-0.04423404313780542,0.9965891537068392,-0.0696664061192242,-0.02260723237434845,0.06871825301509776,0.9973799249768992,166,180,147,84,166,180,147,84,230216_163826
0,0,0,0,-0.08419234523745998,-0.19890711126871402,-0.09374305885946388,0.9993291012413519,0.0358502735369561,0.007490347086540868,-0.03557972727103127,0.9988026683040522,-0.03357547908850301,-0.008685068766017677,0.03328644883475719,0.9994081157887906,75,170,180,92,75,170,180,92,230216_163826
0,0,0,0,-0.08559059726860664,-0.19808379950351834,-0.09006834303872002,0.9989046488719703,0.04598253931420736,0.00866651834258038,-0.046296449783767325,0.9981107017288251,0.04039388359408166,-0.006792731364040215,-0.0407508671393688,0.9991462483680782,75,170,180,106,75,170,180,106,230216_163827
0,0,0,0,-0.08815855787957064,-0.19507232716081832,-0.10333796060240341,0.9977460822106405,0.04573182199778373,0.04910555864748108,-0.043562409189861,0.9980646842944311,-0.04437569683769864,-0.05103990535740921,0.042136521225882614,0.9978073168904342,86,137,180,180,86,137,180,180,230216_163827
0,0,0,0,-0.08167718377295277,-0.19457074646365513,-0.10391598276414804,0.9985538675302214,0.05333993796258443,0.006710041623152829,-0.0529561359933865,0.9974327471989296,-0.04820334506905805,-0.009263978685573054,0.04777829876988478,0.99881500432541,81,97,180,180,81,97,180,180,230216_163827
0,0,0,0,-0.08429005306054833,-0.197790595295782,-0.08973418096696051,0.9984180939673242,0.05472808015303908,0.012889797570863108,-0.054852393947209,0.9984493129064265,0.009496548580728367,-0.012350081656227857,-0.01018856218749572,0.9998718261275472,147,84,166,180,147,84,166,180,230216_163827
0,0,0,0,-0.08763178251838175,-0.1459116248707773,-0.1656278819510445,0.9976241708171174,0.05820046921440083,0.0368608082478198,-0.039158213099049426,0.9192747777520917,-0.3916637809853404,-0.05668022713741015,0.38928985136022604,0.9193697642839821,180,92,75,170,180,92,75,170,230216_163827
0,0,0,0,-0.08856904492200697,-0.19393061395934724,-0.10244872346935585,0.9965134380306243,0.07242992284808343,0.04141103839081604,-0.06951824597111723,0.9952680102389593,-0.06788815266365857,-0.0461322154408843,0.0647726336596381,0.996833147837345,180,106,75,170,180,106,75,170,230216_163827
0,0,0,0,-0.08073289210152877,-0.19849507873084987,-0.09355656754544928,0.9968724770052663,0.07242233043565277,-0.0316270555640794,-0.07372143739212351,0.996392073766067,-0.042047413772969236,0.028467775786377145,0.04424750151618973,0.9986149129425975,180,180,86,137,180,180,86,137,230216_163827
0,0,0,0,-0.07991867513594206,-0.19822979483571201,-0.09748588706022698,0.9973371556822644,0.07071124427059503,-0.017847067807180875,-0.07161042616333124,0.9958519076126983,-0.056133100474295365,0.013803795141770514,0.05726166289809857,0.9982637713559621,180,180,81,97,180,180,81,97,230216_163827
0,0,0,0,-0.08088142929612949,-0.19454858715770035,-0.10466730525257639,0.9972441851244362,0.07340470192102334,0.010760342531066374,-0.07270262261438053,0.9958174704514693,-0.05533438540932416,-0.01477714114743239,0.05439958896464535,0.9984098961949378,166,180,147,84,166,180,147,84,230216_163828
0,0,0,0,-0.08487102472799232,-0.19565583398924305,-0.10282350305576238,0.9957847097346677,0.07896684456891945,0.046658861082023564,-0.0774779045994137,0.9964509449027527,-0.03290423530939047,-0.0490916098486044,0.029150503618972267,0.9983688005848503,75,170,180,92,75,170,180,92,230216_163828
0,0,0,0,-0.08563400465095324,-0.19662839609654909,-0.09066046601666355,0.9955831403983854,0.084718739853482,0.040459185262763674,-0.0853363833729177,0.9962567928683216,0.013787832917330857,-0.03913965032187954,-0.01717957453966359,0.9990860573500749,75,170,180,106,75,170,180,106,230216_163828
0,0,0,0,-0.08085409035905113,-0.1968098914657207,-0.09500923266538763,0.9970801922220507,0.07567679040294241,0.010203610770088153,-0.07563310728010093,0.9971250962678754,-0.004601681859659664,-0.010522516884998577,0.003816515045155663,0.9999373534633631,86,137,180,180,86,137,180,180,230216_163828
0,0,0,0,-0.07755275173845046,-0.19307570875295413,-0.10751931072075982,0.9957885702879703,0.0912236434422283,0.009130726201355873,-0.09074387065289645,0.9949181777582167,-0.04362762318989281,-0.013064196215968818,0.04261533108394286,0.9990061362843756,81,97,180,180,81,97,180,180,230216_163828
0,0,0,0,-0.0873050870770018,-0.19175626909200366,-0.10405721466132167,0.9937372345012266,0.09733760588511219,0.05487895085011294,-0.09381612738532323,0.9935649358814255,-0.06346063684962129,-0.060702907741519076,0.05791466711890222,0.9964743089132961,147,84,166,180,147,84,166,180,230216_163828
0,0,0,0,-0.08027941166152333,-0.1956573224484474,-0.09500735638933222,0.995951012584831,0.08971919895241413,0.005660907223001437,-0.08958067629657698,0.9957531646023452,-0.021235291819581864,-0.0075420796533975775,0.02064220249275829,0.9997584790891997,180,92,75,170,180,92,75,170,230216_163828
0,0,0,0,-0.0811905003049425,-0.1967506554739383,-0.09531514028050703,0.9936130658788269,0.10671184526193597,0.036683203181712316,-0.10535272571696552,0.9937395710853989,-0.037181555145174724,-0.040421262955083366,0.033079403558717,0.9986350056759054,180,106,75,170,180,106,75,170,230216_163828
0,0,0,0,-0.07948105599613679,-0.1945390164875367,-0.10054631770452704,0.9940384280348625,0.1075739258732919,-0.017761026495837832,-0.10817253458948962,0.993438209564408,-0.037137939333655556,0.013649408429085734,0.03883779408864692,0.9991523004026284,180,180,86,137,180,180,86,137,230216_163829
0,0,0,0,-0.07923308168002309,-0.19512364343677854,-0.10324586455187235,0.9940596593785747,0.10808113524180109,0.012800851573096322,-0.1074086948309372,0.9931984279993056,-0.04494724568228628,-0.017571734998785376,0.04330532097274774,0.9989073447044923,180,180,81,97,180,180,81,97,230216_163829
0,0,0,0,-0.08374225386133743,-0.19641113162374646,-0.08909985953337873,0.9927931079172349,0.1198339807753876,0.0012891561432077675,-0.11978294409025146,0.9925900001999386,-0.020423951825207374,-0.003727086946823705,0.020122339690274025,0.999790578205396,166,180,147,84,166,180,147,84,230216_163829
0,0,0,0,-0.08408209823704045,-0.19596865205775732,-0.090604906886253,0.991751254346197,0.12293232580487654,0.03629177282729926,-0.12221001243870405,0.992271354104673,-0.0215005275053883,-0.03865439641847252,0.016887957113926926,0.999109921150842,75,170,180,92,75,170,180,92,230216_163829
0,0,0,0,-0.07817394766417479,-0.19411113488647042,-0.1012848175391704,0.9934617699634409,0.11413363434640857,0.002687960563172048,-0.11379650931440986,0.9918691024419461,-0.05697401239919798,-0.009168756129610699,0.056295622670762414,0.9983720432680128,75,170,180,106,75,170,180,106,230216_163829
0,0,0,0,-0.08128896812972515,-0.19213451459635775,-0.10469688689754797,0.9925050344665737,0.12210313808639478,0.0049578450923868705,-0.12170794175592593,0.9913152639493685,-0.049811889891185145,-0.010996975586107216,0.04883514237155672,0.9987463118317425,86,137,180,180,86,137,180,180,230216_163829
0,0,0,0,-0.07983400337067081,-0.19479026190941445,-0.09630183539255299,0.9916067626173819,0.1280801052244124,0.017649786887617095,-0.12683120634136041,0.9901377981201895,-0.059506183138391844,-0.025097279324064123,0.05676818985495329,0.9980718907930038,81,97,180,180,81,97,180,180,230216_163829
0,0,0,0,-0.08042026299983854,-0.18997514136396415,-0.11031365442764529,0.9911154146625466,0.12969707640116473,0.02947716389477228,-0.12782914543808663,0.9900833055783049,-0.05826454832662763,-0.036741589443807614,0.05397885130426436,0.9978658924008851,147,84,166,180,147,84,166,180,230216_163829
0,0,0,0,-0.08201953571148081,-0.19321868459333963,-0.10047713531285252,0.9912969715883664,0.13028891928389824,0.018844405842785086,-0.13004102994918126,0.9914120735867424,-0.01383585473296214,-0.020485230032632328,0.011264894951545798,0.9997266913973243,180,92,75,170,180,92,75,170,230216_163830
0,0,0,0,-0.08204180571522748,-0.19548981491920348,-0.08988175257811581,0.9885514051830165,0.14779181373689068,0.03039241851257655,-0.14738805931872015,0.9889629544397394,-0.015133892958669412,-0.03229364149402844,0.010481151567610966,0.9994234668952255,180,106,75,170,180,106,75,170,230216_163830
0,0,0,0,-0.078495268947175,-0.19617375266621728,-0.09718896701282387,0.989771800364416,0.14265257947340212,-0.0014229451729595355,-0.1425617358583569,0.9886735516124465,-0.04691225651238841,-0.005285326142510338,0.04663528612131235,0.9988980005065333,180,180,86,137,180,180,86,137,230216_163830
0,0,0,0,-0.08424746161834742,-0.19240199911522285,-0.10480850382141449,0.986672929734688,0.15746582847073834,0.04100051942099527,-0.15299469284236966,0.9835803448162734,-0.09572005669225588,-0.055399943058061014,0.08817152689572577,0.9945635365093775,180,180,81,97,180,180,81,97,230216_163830
0,0,0,0,-0.080558355606966,-0.1940891730141335,-0.10030359225478636,0.9879595338072079,0.15404910157190382,0.014312018178210534,-0.15346315277314154,0.9875118331275469,-0.03562920394842836,-0.01962193416489698,0.033003844290636575,0.9992625910948872,166,180,147,84,166,180,147,84,230216_163830
0,0,0,0,-0.08132710822511739,-0.1927130102890542,-0.09989007203438982,0.9869537711966612,0.15619757997362246,0.039045736400694635,-0.15464440898211806,0.9871571639376467,-0.04007293921281618,-0.04480357453663858,0.033511933650066494,0.9984335681515187,75,170,180,92,75,170,180,92,230216_163830
0,0,0,0,-0.0799193519393767,-0.19525242815148877,-0.09110570326815082,0.9887368310854168,0.14966165582641738,0.0009314668337854884,-0.14957653734231618,0.9883496354664528,-0.028139963575163074,-0.005132088449174914,0.02768369282851901,0.9996035588269612,75,170,180,106,75,170,180,106,230216_163830
0,0,0,0,-0.08455922628464863,-0.19044885995323288,-0.10368703214897357,0.9847276079848509,0.1648439292382207,0.05601800662054662,-0.16290125019728158,0.9859230793681317,-0.03766781455597218,-0.061438756144616906,0.027967133613672746,0.9977189577635766,86,137,180,180,86,137,180,180,230216_163830
0,0,0,0,-0.08428128576393584,-0.18996089874049513,-0.10527617532128009,0.982453819286932,0.1722596778758006,0.07149193203883746,-0.16722851579496434,0.9833387194194592,-0.0712712171603152,-0.08257794180974547,0.05806518981821073,0.9948916108088567,81,97,180,180,81,97,180,180,230216_163831
0,0,0,0,-0.08072705368651278,-0.1936304977807821,-0.09022213206098484,0.9862779482232347,0.16459810008101933,0.012777883169132389,-0.16434990958827606,0.986228281407979,-0.01851713178085627,-0.015649794468004085,0.016162994796225686,0.9997468887335066,147,84,166,180,147,84,166,180,230216_163831
0,0,0,0,-0.0828089048501726,-0.1937419770723254,-0.08964651483268027,0.9834044938264381,0.1735354152268548,0.05292505251779984,-0.17405452877028407,0.9847216073000659,0.005327018953314988,-0.05119201633578351,-0.014450459453516746,0.9985842787091428,180,92,75,170,180,92,75,170,230216_163831
0,0,0,0,-0.07424055813062097,-0.19150011108014287,-0.10495904092832131,0.9808293635487353,0.18764179201510314,-0.05257677709733517,-0.18485845280733768,0.9813018515242237,0.05360996755089765,0.0616531590939134,-0.04286296868500565,0.9971768418336082,180,106,75,170,180,106,75,170,230216_163831
0,0,0,0,-0.07601178416758483,-0.19245327915221155,-0.10179314516184279,0.98391261897556,0.17667921816778623,-0.02646529970119007,-0.17834451220457181,0.9800554849060249,-0.08766117425708886,0.01044955440042059,0.09097087651132173,0.9957987278760675,180,180,86,137,180,180,86,137,230216_163831
0,0,0,0,-0.07760209767395956,-0.19440240101292822,-0.0982991097673056,0.9828586954669922,0.1829554245702522,0.02271777641498778,-0.18093540779112646,0.9808897926228021,-0.07153735343060756,-0.03537178186607757,0.06620065973021462,0.9971791763263527,180,180,81,97,180,180,81,97,230216_163831
0,0,0,0,-0.07776849523259392,-0.1909388052484964,-0.10240271377882104,0.9805510557750404,0.19625425656370643,-0.0019732711623030455,-0.1961276004998972,0.9801942020559907,0.027446139582328746,0.007320610671647364,-0.026525328206203447,0.999621336118306,166,180,147,84,166,180,147,84,230216_163831
0,0,0,0,-0.08342806873937005,-0.18981737264290344,-0.10312274464040894,0.9806298076541456,0.19557348006181463,0.010779343055294075,-0.1938086622410852,0.9768013450399691,-0.09108970725844605,-0.0283440078414047,0.08723615205073804,0.9957843496434691,75,170,180,92,75,170,180,92,230216_163831
0,0,0,0,-0.07793187537438144,-0.1929437592391226,-0.09152585329845342,0.980367191158812,0.19714296622845287,0.0038498527280616214,-0.19708584215272817,0.9803145836672428,-0.011852758002690053,-0.006110754644928263,0.010861303603508399,0.9999223423654969,75,170,180,106,75,170,180,106,230216_163832
0,0,0,0,-0.07997551294717725,-0.19203219512354158,-0.08936831061482742,0.9790267948204069,0.20205934574399628,0.026049104038116288,-0.20142423031752577,0.9791829303813608,-0.025081233836535016,-0.03057473572531408,0.01930827924178533,0.9993459740690651,86,137,180,180,86,137,180,180,230216_163832
