0,0,0,0,-0.1651606184399238,0.03194838326274216,-0.10928034429424638,0.9983039937611555,-0.016991039418511808,-0.05568160037216097,0.015996946278784837,0.9997054642700615,-0.018250545699626922,0.0559752958927429,0.017328857090387777,0.9982817623104515,162,162,83,96,162,162,83,96,230417_145214
0,0,0,0,-0.1662617446690556,0.029581181888798963,-0.10903452487138354,0.9987355044814847,-0.02195246827841216,-0.045226996634758494,0.021665312840703846,0.9997419514884888,-0.006829689122045339,0.045365254409399855,0.005841195979820188,0.9989533893640362,151,162,136,85,151,162,136,85,230417_145214
0,0,0,0,-0.1682722136016338,0.02890284330258991,-0.11049366114248671,0.9990346240755545,-0.024718153151710904,0.03631573767643825,0.02467929344250972,0.9996942673365026,0.001518001881566164,-0.03634215697222467,-0.0006202896923984064,0.9993392131139975,78,154,162,92,78,154,162,92,230417_145215
0,0,0,0,-0.1714877597924332,0.02848538567339365,-0.11492395614256445,0.9994544313040054,-0.01758654438419768,0.02795627306006261,0.015212291114274227,0.9964349662099663,0.08298159020648752,-0.029315967421197776,-0.0825110390842672,0.996158874117675,78,154,162,103,78,154,162,103,230417_145215
0,0,0,0,-0.1664873207045994,0.03562386655266539,-0.10831044067188633,0.9959505972400526,-0.023863394700719905,-0.08667725336292464,0.02641631470140183,0.999246774740034,0.0284264223784519,0.08593361492908085,-0.030601005947505165,0.99583080503679,87,128,162,162,87,128,162,162,230417_145215
0,0,0,0,-0.16542637909959623,0.03640104452596729,-0.11661879595970193,0.9945114727616271,-0.023186015200262068,-0.10202616941075952,0.02890402669902196,0.9980718864790462,0.05492783138574542,0.10055589384060021,-0.057575325611687427,0.9932641109466435,83,96,162,162,83,96,162,162,230417_145215
0,0,0,0,-0.1665062243523701,0.03941108774448418,-0.11256310332073238,0.9944730211292169,-0.011129465194277974,-0.10440088721182773,0.013914919797345212,0.9995653516295395,0.02599005249604756,0.10406625415167435,-0.027299135997375715,0.9941956406666829,136,85,151,162,136,85,151,162,230417_145215
0,0,0,0,-0.16799567237230453,0.040342508885088446,-0.10813312038422762,0.9980982109169593,-0.014454540316535237,-0.05992518359256652,0.01715359071266491,0.9988498886044658,0.04477336664255434,0.05920908452279543,-0.04571614921539076,0.9971982340592509,162,92,78,154,162,92,78,154,230417_145215
0,0,0,0,-0.16757862269068238,0.037076960919258856,-0.10303841797965041,0.9994035078526943,0.001659346936280474,-0.03449456565134481,-0.0023148456660591313,0.999817341094979,-0.01897171408462477,0.03445678425611141,0.01904024720195299,0.9992247990343396,162,103,78,154,162,103,78,154,230417_145215
0,0,0,0,-0.17082236300249698,0.04126185079350936,-0.10686027425341715,0.9999074073244905,0.01328874360661769,-0.0029301998179530517,-0.013275284364426883,0.9999014549950638,0.004565865065596096,0.0029905856715966607,-0.004526543064105786,0.9999852832943241,162,162,87,128,162,162,87,128,230417_145216
0,0,0,0,-0.17083064833554437,0.04217836477476805,-0.10203881248105562,0.9995090926859297,0.019401573331462724,-0.02459984939817665,-0.02015288299107846,0.9993263686044619,-0.030670349182350395,0.023988225138533617,0.031151050770131326,0.9992267896181625,162,162,83,96,162,162,83,96,230417_145216
0,0,0,0,-0.17212353874681854,0.04494818115682195,-0.10704039178195568,0.9999944763242277,-0.0008983386655458756,0.0032000482300246465,0.0007594269780089579,0.999068358589009,0.04314902243304127,-0.003235829367808472,-0.04314635388887475,0.999063522281941,151,162,136,85,151,162,136,85,230417_145216
0,0,0,0,-0.17230334578560405,0.04407063560496417,-0.10570891674826577,0.9991659014394405,-0.002858439734292207,-0.040734883367903374,0.002985543030570878,0.9999908621430726,0.0030597652145683374,0.04072576498390021,-0.0031788288159473664,0.9991653051992123,78,154,162,92,78,154,162,92,230417_145216
0,0,0,0,-0.17211911307927627,0.04662145456514427,-0.10774931278348499,0.9996465467711484,-0.002186005666695328,0.02649533747179001,0.011257912105670705,0.9376531225205658,-0.34739009951703614,-0.02408403918656193,0.3475655955451581,0.9373463158565248,78,154,162,103,78,154,162,103,230417_145216
0,0,0,0,-0.1682936567944746,0.04963455278951939,-0.10050817680473556,0.9989732523041884,-0.03250245596688907,-0.0315599673148427,0.03172074759950751,0.9991850230376781,-0.024961648762136957,0.03234556155830182,0.023934913689344018,0.9991901143196733,87,128,162,162,87,128,162,162,230417_145216
0,0,0,0,-0.16690167520611834,0.05084911122286337,-0.10867091818554253,0.995603599712632,-0.030258244494371415,-0.0886448581665506,0.028468189681476495,0.9993658356353243,-0.02138898644559108,0.08923583593774716,0.01877139326286223,0.9958336208320457,83,96,162,162,83,96,162,162,230417_145217
0,0,0,0,-0.17061964575565305,0.054007102731454315,-0.10723469287152287,0.9993227955799501,-0.019384158579084366,-0.031276263051304355,0.01996384575079923,0.9996326639326362,0.018329813468211165,0.030909466140840388,-0.01894179492872946,0.9993426906260766,136,85,151,162,136,85,151,162,230417_145217
0,0,0,0,-0.16882266929655568,0.05283456463832317,-0.10443892652097586,0.9974961414172897,-0.022098597417890803,0.06717960888380121,0.0421648941081602,0.9484601936803819,-0.31407862504255163,-0.056776487760922374,0.3161248376764061,0.9470171685041404,162,92,78,154,162,92,78,154,230417_145217
0,0,0,0,-0.16823856124456757,0.05384756252315703,-0.10736392973274955,0.9907313298990015,-0.0008276585830759826,-0.13583352656036804,-0.0023811341341622035,0.9997219686068042,-0.0234588082640794,0.13581517645974428,0.023564814155973574,0.9904539047209633,162,103,78,154,162,103,78,154,230417_145217
0,0,0,0,-0.17148615831093159,0.057115861558574746,-0.11050839871710305,0.9982053876671758,-0.0022872109172243746,-0.0598395579733277,0.003037522642710592,0.9999178725564098,0.012450766982740735,0.05980616597323507,-0.0126101866950342,0.9981303550654586,162,162,87,128,162,162,87,128,230417_145217
0,0,0,0,-0.17166271425875276,0.05709555504812719,-0.10100754525061417,0.999755831776907,-0.005095752605031848,-0.021501398406908748,0.002997023901189364,0.9953250750910633,-0.09653503375824954,0.021892799633669788,0.09644702276565614,0.9950973204284298,162,162,83,96,162,162,83,96,230417_145217
0,0,0,0,-0.1733857457146617,0.06070939854648834,-0.10678319430690131,0.9998179945896696,-0.019077984486562508,9.05683299471477e-05,0.019076858320055706,0.9996801571841681,-0.01660291567386365,0.0002262108053402196,0.016601621612582457,0.9998621579940429,151,162,136,85,151,162,136,85,230417_145217
0,0,0,0,-0.17358194187635065,0.06075526586040371,-0.10920242150065662,0.9996394046884477,-0.024031327832777997,0.011981480572926922,0.023929087180483276,0.9996766258065936,0.008604801139589361,-0.012184390868432147,-0.008314992395460795,0.9998911948410332,78,154,162,92,78,154,162,92,230417_145218
0,0,0,0,-0.1733591961033022,0.06263392468457504,-0.11316669179813732,0.9970651370173732,-0.016866780457118077,-0.07467679868298059,0.020131734662153743,0.9988641755824221,0.04318647933718497,0.07386356208591366,-0.04456310643413327,0.9962722036376006,78,154,162,103,78,154,162,103,230417_145218
0,0,0,0,-0.16954432834030767,0.06587209613585958,-0.10723638098411192,0.9951226851765633,-0.04239394519333868,-0.08907072952395888,0.04352876861905358,0.9989934042808566,0.010836258849474341,0.08852167954515361,-0.014660546179735995,0.9959663551728125,87,128,162,162,87,128,162,162,230417_145218
0,0,0,0,-0.16923388127493497,0.06515491132313743,-0.10699345028659657,0.9980997312608633,-0.046393683661283415,0.04055308340100915,0.05441418409564271,0.9724264361660331,-0.22677284408551357,-0.028914062775714382,0.22854857768484124,0.9731030390518972,83,96,162,162,83,96,162,162,230417_145218
0,0,0,0,-0.17072030750293826,0.06731833759169879,-0.10810337657392421,0.9991244492008938,-0.030883247016218928,0.02822339566290799,0.029770857366989138,0.9987948954573463,0.03901862196417112,-0.029394405260937492,-0.0381442244918379,0.9988398205304354,136,85,151,162,136,85,151,162,230417_145218
0,0,0,0,-0.1705190639311976,0.06765445987696912,-0.09980752791343439,0.9983957102949157,-0.03040540027652994,-0.047765231065431485,0.031216045016148785,0.9993794480773499,0.016318005213857175,0.04723943477921619,-0.01778286800923043,0.998725290261094,162,92,78,154,162,92,78,154,230417_145218
0,0,0,0,-0.17193283434046897,0.06628126273546986,-0.10291147765425546,0.9997019626301388,-0.01583585372802999,-0.018579872178066243,0.01598860912340022,0.9998393480263126,0.008102006949937285,0.01844858508796728,-0.008396658562913191,0.9997945518121361,162,103,78,154,162,103,78,154,230417_145218
0,0,0,0,-0.17335674078286556,0.07334603103356765,-0.11198052183064744,0.9999755296458701,0.000411746844866062,-0.006983593201030891,1.8158038482502136e-05,0.9981102989715774,0.0614477888711627,0.006995697230968507,-0.06144641203036255,0.9980858673825853,162,162,87,128,162,162,87,128,230417_145219
0,0,0,0,-0.17495940906457585,0.07268526164335257,-0.0977149525200045,0.9998283958825098,-0.011148009843707113,-0.014795291938028967,0.008912237087918952,0.989624743105358,-0.14339958111424442,0.016240406925185802,0.14324311400614217,0.9895542731314577,162,162,83,96,162,162,83,96,230417_145219
0,0,0,0,-0.1760772322776234,0.07478712742777073,-0.10969687510411352,0.998479919316479,-0.02486633157121073,0.049188578714451814,0.024580171956555086,0.9996772853873822,0.0064140647875834955,-0.04933219910305407,-0.005195251168497272,0.99876891396206,151,162,136,85,151,162,136,85,230417_145219
0,0,0,0,-0.1755021945876979,0.07745201536364608,-0.11517669774223127,0.9996087377258732,-0.01662696316590737,0.02249256672693677,0.015198604934246712,0.9979449328402001,0.06224880261193814,-0.023481351539867187,-0.06188259136822665,0.9978071812807393,78,154,162,92,78,154,162,92,230417_145219
0,0,0,0,-0.17643077071931565,0.07559148486122162,-0.10917702278748664,0.9962873536634421,-0.01916097801316933,-0.08393072054899635,0.021225447847688643,0.9994920005280445,0.02377438209736399,0.08343254337463232,-0.02546758335659805,0.9961879405533951,78,154,162,103,78,154,162,103,230417_145219
0,0,0,0,-0.17225579144593142,0.07944177136956908,-0.102281626077526,0.998458887252461,-0.05071696389397066,-0.02253086860188349,0.04948535421461527,0.9974090043103457,-0.052215685755332815,0.025120712267603994,0.05102026748286662,0.9983816315022753,87,128,162,162,87,128,162,162,230417_145219
0,0,0,0,-0.17190220839776635,0.0794001461987553,-0.10764197900328476,0.9983430129938995,-0.05361714831946135,-0.020890902621760438,0.052846083628303675,0.9979585485718118,-0.03586121550635506,0.022771030969487537,0.0346977915512178,0.9991384005282025,83,96,162,162,83,96,162,162,230417_145219
0,0,0,0,-0.1748787182672532,0.08352197984157927,-0.1045254015858299,0.9992315192982564,-0.03915943336497861,0.0017057606607801961,0.03919600538711374,0.9985034851463689,-0.03813742666001342,-0.0002097679466100375,0.038174977787660075,0.9992710478485406,136,85,151,162,136,85,151,162,230417_145220
0,0,0,0,-0.17426322247540327,0.08427829506873195,-0.10770674632340238,0.9991528074297442,-0.040638854189704206,-0.006492375174743724,0.04069602988176548,0.9991316533277428,0.008931543563954952,0.006123769845781104,-0.009188190720721589,0.9999390364387999,162,92,78,154,162,92,78,154,230417_145220
0,0,0,0,-0.17252367410452293,0.08403842941770563,-0.1077988014044281,0.9994119692837997,-0.018533990136418134,-0.0288479958038833,0.017485476605131976,0.9991921775472845,-0.03618356583044902,0.02949531759735904,0.03565786782658534,0.99892869750643,162,103,78,154,162,103,78,154,230417_145220
0,0,0,0,-0.17484547088693245,0.08755986907944603,-0.11055278108167077,0.9999110742680992,0.004816529646582247,0.012435618126179174,-0.004766357551750123,0.9999803947110228,-0.004061037955530057,-0.012454934432000898,0.00400140422239123,0.9999144280249903,162,162,87,128,162,162,87,128,230417_145220
0,0,0,0,-0.17658592659194106,0.08753084825853402,-0.10898830587030517,0.9993387911005801,-0.004310191268448061,0.036102670993446585,0.0018930450862208693,0.9977699135679211,0.0667204313457676,-0.03630973673731597,-0.06660797121886496,0.9971183386078974,162,162,83,96,162,162,83,96,230417_145220
0,0,0,0,-0.1785438780676273,0.08884063179092333,-0.11309639140264505,0.9975852688050206,-0.02559159278479429,0.06456548491223382,0.023839003170144077,0.9993300292173141,0.02777039128956234,-0.0652329164691296,-0.02616415645991406,0.9975269938832095,151,162,136,85,151,162,136,85,230417_145220
0,0,0,0,-0.17894122793200357,0.08951299513338218,-0.10814222769321624,0.9995699419132572,-0.01949549674738913,-0.021905634665519143,0.020507748402713365,0.9986854344495915,0.04697696535197815,0.0209609989976063,-0.047405997772460164,0.9986557504446764,78,154,162,92,78,154,162,92,230417_145220
0,0,0,0,-0.1781845881048184,0.09077924048522915,-0.10734642841684772,0.9992607379537026,-0.028055535570046468,-0.026284301552446248,0.029699715313044522,0.9974817033227711,0.06440635408581435,0.02441115512519185,-0.06513937718600812,0.9975775443770137,78,154,162,103,78,154,162,103,230417_145220
0,0,0,0,-0.1749428146753392,0.09450245795100333,-0.10186126318004018,0.9984448511544425,-0.05506978823115707,-0.008671656552141844,0.05482959614168938,0.9981609846143074,-0.025852740294523054,0.010079414175537494,0.025337072008666164,0.9996281499597265,87,128,162,162,87,128,162,162,230417_145221
0,0,0,0,-0.17356361875394524,0.09446340371847357,-0.10799771311225048,0.9976646183766158,-0.04642430174523084,-0.05010083279656205,0.0460017015265773,0.9988956534324956,-0.009555993424424019,0.05048913443604497,0.007228952976447101,0.9986984477522548,83,96,162,162,83,96,162,162,230417_145221
0,0,0,0,-0.17543483630834775,0.09556458977570817,-0.10795298817582633,0.9964310455702466,-0.04344037077595445,-0.0723747581041387,0.04621377852520492,0.9982425405820552,0.037096048936601525,0.07063609628375823,-0.04030836587026283,0.9966874021189697,136,85,151,162,136,85,151,162,230417_145221
0,0,0,0,-0.1762044267952584,0.09794696520429315,-0.10934919817738009,0.9983603214874263,-0.043401309106938485,-0.037322846184692615,0.04490721591519622,0.9981697251058875,0.04050360281236892,0.03549662573073967,-0.042113255037341396,0.9984820796147978,162,92,78,154,162,92,78,154,230417_145221
0,0,0,0,-0.17752466702438083,0.09664041800349198,-0.10286938161028936,0.995351469434968,-0.033858898828303875,-0.09016111835921749,0.028195352535158397,0.9975920341806661,-0.06336525415951176,0.09208949119779217,0.06052857432168796,0.9939093607072607,162,103,78,154,162,103,78,154,230417_145221
0,0,0,0,-0.17654213943315958,0.09865720151727587,-0.10499365642493508,0.9981729201695068,-0.03054711679006205,-0.05213151730089916,0.028686862351794382,0.9989375631517051,-0.036066727782578065,0.053177865401770955,0.03450534133069356,0.9979887254127491,162,162,87,128,162,162,87,128,230417_145221
0,0,0,0,-0.17982642378458655,0.09896004121214166,-0.11049766064610789,0.9997996825793385,-0.008587611519079412,-0.01807892813892416,0.010239338103568371,0.9955809255774172,0.09334761154746027,0.017197402985794145,-0.09351402865245456,0.9954694248321905,162,162,83,96,162,162,83,96,230417_145221
0,0,0,0,-0.18258091790335298,0.1015386789527189,-0.10493272083585137,0.9938544950283885,-0.03184413398771844,-0.10601506422409768,0.02080506044996428,0.9943961913201936,-0.10365020090460882,0.10872162697246877,0.10080756825985179,0.9889476437152751,151,162,136,85,151,162,136,85,230417_145222
0,0,0,0,-0.1812958472859585,0.10180793007373011,-0.11068511603106956,0.9995883754319028,-0.028582136325113743,0.002478141340177817,0.02851450901779893,0.9993049855473664,0.024009761257701417,-0.003162669265531789,-0.023929215266501713,0.9997086526482835,78,154,162,92,78,154,162,92,230417_145222
0,0,0,0,-0.18140169189891273,0.10216429960525424,-0.10665745316208664,0.9987546112940069,-0.037108103616699965,-0.03334988852949473,0.0371901380333234,0.999306508660014,0.0018426564511592,0.03325838318409039,-0.003080648585433728,0.9994420391159625,78,154,162,103,78,154,162,103,230417_145222
0,0,0,0,-0.17835013499084407,0.10690396699031358,-0.1013499344941069,0.997720741105076,-0.06602769386765171,-0.01391640798689207,0.06621104600671726,0.9977189360593473,0.013153783307493854,0.013016149793021141,-0.01404522235935668,0.9998166389760883,87,128,162,162,87,128,162,162,230417_145222
0,0,0,0,-0.17740372636080814,0.1063954544858957,-0.10730874183978756,0.995963808350225,-0.06262641852838774,-0.06429637749378482,0.058636276595033635,0.9963412869556042,-0.06217577482204827,0.06795498159507327,0.058154721304109,0.9959920425718544,83,96,162,162,83,96,162,162,230417_145222
0,0,0,0,-0.18204369584532587,0.10982634062312452,-0.10835665695499941,0.9972647168082406,-0.0593290984676108,-0.044081092141646384,0.061136745867972464,0.9972928243712451,0.04085732201574761,0.041537728802316494,-0.04344054019742419,0.998192134087071,136,85,151,162,136,85,151,162,230417_145222
0,0,0,0,-0.1829201710092019,0.11146795094926294,-0.10549495893869365,0.996281096166883,-0.06438122732657878,-0.05726285871695259,0.06253079953035262,0.9974792546258295,-0.03354155186024768,0.05927795990593093,0.029836121715501217,0.9977955348218235,162,92,78,154,162,92,78,154,230417_145223
0,0,0,0,-0.1785477599657853,0.1096167212426506,-0.11260336566549756,0.9976995893798535,-0.04901719208778018,-0.0468278147162619,0.050894485236010104,0.9979116674269662,0.03977505984523913,0.04478036091672896,-0.042066838399865726,0.9981107655882723,162,103,78,154,162,103,78,154,230417_145223
0,0,0,0,-0.18083521105966738,0.111443234905964,-0.11345686616821848,0.9941827769994029,-0.032661190341805535,-0.10263455832813698,0.018199992265077163,0.9901534600922148,-0.13879800340410708,0.10615727106188522,0.13612263629856605,0.9849879500216344,162,162,87,128,162,162,87,128,230417_145223
0,0,0,0,-0.18282663275080102,0.11260609629404734,-0.105467778772252,0.9949097495464031,-0.039148516730528875,-0.09285463852340957,0.03934190991362452,0.9992257754805299,0.00025246719214940796,0.09277286446942239,-0.0039042608947601246,0.9956796434421081,162,162,83,96,162,162,83,96,230417_145223
0,0,0,0,-0.18398682555726772,0.11494434684294909,-0.11322770731676912,0.9987526008365925,-0.03980879756087085,-0.03014136624143514,0.04087725912665514,0.9985260755329171,0.03570330750959646,0.028675634403357516,-0.03689086767196055,0.9989077894750721,151,162,136,85,151,162,136,85,230417_145223
0,0,0,0,-0.1860957835097071,0.11368302939889767,-0.11163018297248528,0.9985955493537039,-0.04055559535870504,-0.0340906511535838,0.043160495661198804,0.995899144143714,0.07951142250078153,0.030726217229819316,-0.08087112203326396,0.9962508525445921,78,154,162,92,78,154,162,92,230417_145223
0,0,0,0,-0.18476655724347993,0.115252827446981,-0.10421597820152173,0.9982407161098745,-0.054951344291683635,-0.022267071225960458,0.05531049885489381,0.9983434298794828,0.015847546589087786,0.02135934027230065,-0.017051269073220913,0.9996264466320028,78,154,162,103,78,154,162,103,230417_145223
0,0,0,0,-0.17895254752332634,0.12106621339486688,-0.108489019006902,0.9956116019263094,-0.08652508026519581,-0.035650365984513384,0.08725516386240423,0.9959959798496948,0.019456220151693657,0.03382417019046308,-0.02248151703839209,0.9991749130670661,87,128,162,162,87,128,162,162,230417_145224
0,0,0,0,-0.18046682342994316,0.11799843713786859,-0.11135813019094254,0.9958745235994835,-0.08189495580885348,-0.03907875968563653,0.08278986599632547,0.9963273147066694,0.021856808040242887,0.03714527337107918,-0.025001963572158715,0.9989970622998469,83,96,162,162,83,96,162,162,230417_145224
0,0,0,0,-0.1841768750498398,0.12346684404797792,-0.10435423243879005,0.9963186561505956,-0.07538546262295816,-0.04081871423004392,0.07601721590226165,0.9970060914664342,0.014150493464630346,0.03962976523700708,-0.017201325645026272,0.9990663622118969,136,85,151,162,136,85,151,162,230417_145224
0,0,0,0,-0.1859326805294508,0.12480824475104893,-0.10687408819289945,0.9961035317395652,-0.08033340868736123,-0.03639089865109937,0.08140931970994178,0.9962554113490262,0.02911491064980714,0.033915729688884705,-0.03196402362737427,0.9989134219106374,162,92,78,154,162,92,78,154,230417_145224
0,0,0,0,-0.18311992062700405,0.12450353628223838,-0.11294724974656833,0.997107339595174,-0.07130996066105791,-0.026302905465980277,0.07197908921310855,0.9970817762709674,0.025435057389048273,0.024412374761282163,-0.027254741584744262,0.9993303833165804,162,103,78,154,162,103,78,154,230417_145224
