0,0,0,0,0.18797154352444131,-0.003959130386157389,-0.10650414402183944,0.9997254440146319,-0.023330391059121703,0.0021747282072819524,0.023270924114379237,0.9994355876829354,0.024227467133995907,-0.0027387370465037056,-0.024170207402802877,0.9997041064202427,162,162,83,96,162,162,83,96,230208_184121
0,0,0,0,0.18809383492577475,-0.0043404931809175595,-0.10489332269988882,0.9997556661770094,-0.02203793503173656,0.0017138747038364808,0.022017794816463456,0.9996971121361902,0.01099548534539938,-0.0019556733836730033,-0.010955063034859224,0.9999380790506573,148,162,148,96,116,146,144,99,230208_184121
0,0,0,0,0.18730568674257655,-0.003387452788885373,-0.10714409617542969,0.9997025121143192,-0.02387968588411679,0.004964662566092038,0.023793217169200496,0.9995757026616116,0.01680171018932402,-0.005363775634616308,-0.01667858658947712,0.9998465155514216,94,94,162,162,93,100,162,162,230208_184121
0,0,0,0,0.187694035076986,-0.0029565675259815433,-0.10538889108904587,0.999603539607338,-0.02605190149456786,0.010679982818307837,0.025830351085613754,0.9994585268006648,0.02038249661450895,-0.011205202687856746,-0.020098548056112123,0.9997352108427312,162,129,108,148,162,157,119,154,230208_184121
0,0,0,0,0.18759868960853868,-0.002773828820183788,-0.10717687594184405,0.9996072451953547,-0.02463592030825506,0.013357648876905591,0.024341015130034862,0.9994658178480882,0.021808116280215558,-0.013887776474036611,-0.021474412304351743,0.9996729361550155,120,162,162,107,124,162,162,104,230208_184121
0,0,0,0,0.18875262886905061,-0.004821621045487376,-0.09904527536548441,0.9997123131788114,-0.023408694728288354,-0.005227225821421078,0.0233633144562932,0.9996902208224779,-0.008580089132533162,0.005426455222950331,0.008455495433365238,0.9999495278166242,99,91,18,90,100,90,132,132,230208_184122
0,0,0,0,0.187019424265421,-0.0044292389630676415,-0.10510199903841505,0.9997480604754907,-0.022087910910685706,0.003992463787764131,0.02204267558015138,0.9996960762534105,0.011039727206969214,-0.004235094894237388,-0.010948941279306859,0.9999310899537524,162,120,162,154,146,88,162,162,230208_184122
0,0,0,0,0.18800561829782417,-0.004666029550115441,-0.10146307168812868,0.9997082401446764,-0.024016923228704426,0.0025733218726157517,0.02399575883728916,0.9996803548700126,0.007961887011740169,-0.0027637193519278536,-0.007897815241671506,0.999964992572116,162,162,140,84,162,162,148,71,230208_184122
0,0,0,0,0.18702266987118737,-0.002740763381911801,-0.10519027355828037,0.9996015782615666,-0.02628982083856016,0.010272782352439964,0.02615739184872601,0.999575632854324,0.012819713551761853,-0.010605450893592433,-0.012545896705832825,0.9998650533382943,52,114,106,18,18,114,162,160,230208_184122
0,0,0,0,0.18594255672897045,-0.0016908735707098776,-0.10831443215541592,0.9995162999316846,-0.027642285839216886,0.01425027032925127,0.027349191400639978,0.9994184176462637,0.02036782264186785,-0.014804995798880867,-0.019968237353918842,0.9996909930555404,160,107,162,162,146,84,140,162,230208_184122
0,0,0,0,0.18606605976983465,-0.0030833551787678715,-0.1034243254200935,0.9996991944554314,-0.023948732792691874,0.005289499294458232,0.023984485382781986,0.9996891873440746,-0.006802438405921042,-0.005124945471411817,0.00692725811324213,0.9999628733252787,162,162,108,76,162,162,115,73,230208_184122
0,0,0,0,0.18648981796645675,-0.003969807133269346,-0.10207213435331586,0.9995817151085739,-0.027330540996420957,0.00945707932952705,0.027327351158745763,0.9996264294078242,0.0004663775410435437,-0.00946629279330704,-0.000207745534590351,0.9999551720665003,77,128,162,146,86,127,162,145,230208_184122
0,0,0,0,0.1863948677025189,-0.0035206148350582084,-0.10434023375206258,0.9996580343816189,-0.025202871191434245,0.006973491233659509,0.025135672175761493,0.9996383195261167,0.009561805230959612,-0.0072119540036389715,-0.009383252032750868,0.999929968698178,145,87,124,162,144,89,155,162,230208_184122
0,0,0,0,0.186210098693646,-0.0029790384450174706,-0.10487949417293696,0.9996438709858415,-0.024953243910103947,0.009458690121059139,0.024865159238798503,0.9996473824195163,0.00931851264087234,-0.009687881939441138,-0.009080002212101843,0.9999118453660581,162,156,77,114,162,147,88,133,230208_184123
0,0,0,0,0.18617695208098828,-0.002581560581280007,-0.10566303592479498,0.9996904221926353,-0.024029917203373826,0.006451577753470011,0.023974933878844442,0.9996766897812255,0.008468674840634917,-0.006652993447697959,-0.00831137697679287,0.9999433277395948,96,149,162,162,93,148,162,127,230208_184123
0,0,0,0,0.18629986955288358,-0.0036385142183372327,-0.1040793296613754,0.9995678012513992,-0.02724534811911589,0.01104091061965141,0.027122983230568262,0.9995706402418478,0.011085077680206808,-0.011338186897262742,-0.010780824289918348,0.9998776021821435,130,84,162,162,135,87,156,162,230208_184123
0,0,0,0,0.1864223294787138,-0.0030900939338356775,-0.10374758110991622,0.9995389464844585,-0.028308124061320307,0.010979279250846912,0.028228807039318238,0.9995747354176419,0.007313191361316283,-0.011181632880582076,-0.006999887633326531,0.9999129825436035,162,129,96,134,162,140,76,148,230208_184123
0,0,0,0,0.18644768547201318,-0.003744959553057689,-0.10650385888253383,0.9998047508852109,-0.01972761555820429,-0.001131941583026257,0.01973604995430905,0.9997732243952577,0.007999257122425411,0.0009738786170267416,-0.008020035330181237,0.9999673647643416,162,162,162,89,116,162,162,162,230208_184123
0,0,0,0,0.186103541160216,-0.004069941783963055,-0.10695874970185931,0.9996387520954012,-0.02432454076924341,0.011431623922887026,0.02405001162690838,0.9994329074540849,0.023568208218282007,-0.011998426975836307,-0.02328476356418808,0.9996568698987994,121,72,152,162,122,75,162,122,230208_184123
0,0,0,0,0.1867915069327008,-0.003004342495947318,-0.10509618644642843,0.9995777478498706,-0.026294762044488797,0.012365738651793788,0.02624236693614809,0.9996460120951414,0.004380488542131167,-0.012476545233730338,-0.004054132620288861,0.9999139462112365,162,122,99,152,162,128,102,154,230208_184123
0,0,0,0,0.186310234951821,-0.0032808819427637415,-0.10558696793354566,0.9996600149971178,-0.024316266594074785,0.009411354572478355,0.02421576914219965,0.9996500373854936,0.010648909804925982,-0.009667002679978816,-0.01041738614565267,0.9998990084628935,160,154,154,112,162,162,162,100,230208_184124
0,0,0,0,0.18648036740634222,-0.0034585322785202766,-0.10402891645575063,0.9995800711691076,-0.026843296055151775,0.010914154958505175,0.02670250377362973,0.9995608649583977,0.012847316289408174,-0.011254226485284092,-0.012550486066933049,0.9998579037471783,37,82,131,131,109,82,162,162,230208_184124
0,0,0,0,0.18623871863085895,-0.003913912309312387,-0.10598989724250057,0.9996564679313142,-0.023509384739869618,0.011586843929264644,0.023237217000682823,0.9994633116948695,0.023089398476073168,-0.012123442957820616,-0.022812220520512672,0.999666256670581,162,107,162,154,162,147,162,162,230208_184124
