0,0,0,0,-0.1490504781753287,0.1212665145085971,-0.011751726351883318,0.9853420191552222,0.028626648592742394,-0.16817140148508253,-0.02780648033402792,0.9995871756656532,0.007230345510139109,0.16830895679833122,-0.0024481084760093895,0.9857312523331839,180,180,81,97,180,180,81,97,230221_152637
0,0,0,0,-0.14897155770327916,0.12117763323615588,-0.011614548036424588,0.9851816302919978,0.02935542990286532,-0.16898347277298753,-0.028396144924953997,0.9995640010754822,0.008091149941402,0.16914731534553593,-0.0031727731074237503,0.985585673202592,75,170,180,92,75,170,180,92,230221_152637
0,0,0,0,-0.1489497189932989,0.12123938448849922,-0.011489225331234587,0.9853772592818865,0.0288207275130287,-0.1679316008252724,-0.02810448670558771,0.9995829324191521,0.006640711057179513,0.1680529521226398,-0.0018239742183644376,0.9857762821253698,86,137,180,180,86,137,180,180,230221_152637
0,0,0,0,-0.14913530583872556,0.1212010528556553,-0.011592971206574598,0.9854730387672663,0.027927317720425098,-0.1675200130962057,-0.027114463926974672,0.9996068498159278,0.007138042240808467,0.16765349894578174,-0.0024921328257546953,0.9858428341095834,147,84,166,180,147,84,166,180,230221_152638
0,0,0,0,-0.14902451541433379,0.12091791691389822,-0.011015092159076756,0.9857149911168149,0.027892874792215437,-0.1660961884674148,-0.027143182512855635,0.999608547408734,0.006782299792384175,0.16622034752295206,-0.0021770354213408514,0.9860862318205862,180,106,75,170,180,106,75,170,230221_152638
0,0,0,0,-0.14900461850433944,0.12127884570146538,-0.01178146654891804,0.9854083089008114,0.028194813038779677,-0.1678556441319493,-0.027384039273933077,0.9995994628942284,0.007143400773732287,0.16798981856733755,-0.002442600924983546,0.9857857041763358,180,180,81,97,180,180,81,97,230221_152638
0,0,0,0,-0.14898576689168794,0.12098507368029388,-0.011142787324603332,0.98532565365383,0.028599743788456988,-0.16827183634490764,-0.02786521128435763,0.9995890655340295,0.006725330094662947,0.1683950303653016,-0.0019377099986041097,0.9857176872858833,75,170,180,92,75,170,180,92,230221_152638
0,0,0,0,-0.1490143472163317,0.12075157981652951,-0.010803118205153561,0.9855715897401823,0.027923736329301955,-0.16693982881991398,-0.027275127312171698,0.9996088781992949,0.006177220673658567,0.1670470260947957,-0.00153478811497854,0.9859477346686927,86,137,180,180,86,137,180,180,230221_152638
0,0,0,0,-0.1489207781583621,0.12084246707977866,-0.010735024120186343,0.9859495994401166,0.027364920486795417,-0.16478637228431395,-0.026505516342639347,0.9996211857303002,0.00741233044040512,0.16492678668816438,-0.002940436345009244,0.9863014290098224,147,84,166,180,147,84,166,180,230221_152639
0,0,0,0,-0.14906871794123602,0.12097731482325791,-0.011243715796016074,0.9856475814132838,0.02706755626879435,-0.1666319076641099,-0.02619074562392606,0.9996291458031805,0.007457593745047686,0.16677197036015248,-0.0029863453315090278,0.9859909693520288,180,106,75,170,180,106,75,170,230221_152639
0,0,0,0,-0.14906850972331692,0.12128665354208643,-0.011850118212726524,0.9852943947394766,0.02803410767857803,-0.16854982794899523,-0.02692331659977925,0.9995981266464067,0.00887244206860929,0.16873082326071293,-0.004204047057142702,0.9856532023334086,180,180,81,97,180,180,81,97,230221_152639
0,0,0,0,-0.14900517519841786,0.12097505526496949,-0.011239332981705152,0.9852030260232637,0.02871491244395114,-0.16896878799926573,-0.027814595666723712,0.999583493912171,0.00769330658655539,0.16911932409544833,-0.0028796704107028094,0.9855913766444107,75,170,180,92,75,170,180,92,230221_152639
0,0,0,0,-0.14889322538149918,0.12082307536093079,-0.010894315107653596,0.9854794990442035,0.02843502630454567,-0.1673965538553466,-0.027941122756410426,0.9995954909138651,0.005305488081245772,0.16747970212147303,-0.0005512020762186663,0.9858753701931974,86,137,180,180,86,137,180,180,230221_152640
0,0,0,0,-0.14906924263962043,0.12078063293383154,-0.0109773451049468,0.9854681859480088,0.02767780185613931,-0.167589957243128,-0.02704517651128816,0.9996158648294671,0.006056501358897376,0.1676932106908758,-0.0014359894321847,0.9858381839949882,147,84,166,180,147,84,166,180,230221_152640
0,0,0,0,-0.14914374904296068,0.1209383147340137,-0.011368338921047105,0.9854621784101714,0.027476366282870594,-0.16765841529422357,-0.02668489759493488,0.9996195796247831,0.006972250075795586,0.16778620671386715,-0.002396941105058567,0.9858204925390375,180,106,75,170,180,106,75,170,230221_152640
0,0,0,0,-0.1489532238353645,0.12109969211401914,-0.01129397166479984,0.98557219516682,0.02811473848409418,-0.16690419285933858,-0.0273832076491453,0.9996026690348538,0.006683112840553706,0.16702577062507465,-0.0020163180222319763,0.9859504685372046,180,180,81,97,180,180,81,97,230221_152640
0,0,0,0,-0.14899066747127127,0.1209921854079378,-0.011167999739054024,0.9856830046600126,0.027506270762207824,-0.16635029123258246,-0.026760368390899836,0.9996192620293067,0.006724110615362499,0.16647191056749563,-0.0021762464796994284,0.9860437956517283,75,170,180,92,75,170,180,92,230221_152640
0,0,0,0,-0.14896718296472414,0.1207981276989625,-0.010783495230931917,0.9858260412825587,0.027508852168607795,-0.16550008876590908,-0.02680927222347492,0.9996196940824524,0.00645988586218038,0.16561485214800573,-0.0019313867739160211,0.9861886181117301,86,137,180,180,86,137,180,180,230221_152641
0,0,0,0,-0.14894265048998162,0.12110552418043216,-0.011273969410346862,0.9855358378018907,0.028635181866586593,-0.1670303528332235,-0.02792109773188034,0.9995881930514554,0.00662243260234528,0.16715120313527662,-0.00186297385739199,0.9859295130073124,147,84,166,180,147,84,166,180,230221_152641
0,0,0,0,-0.14906737427964567,0.12106503646833033,-0.011352912639830959,0.9854699566397878,0.028177413346601062,-0.16749626245820745,-0.027380526391578553,0.9996001121734959,0.007065586830233538,0.1676283727025174,-0.002376787712496937,0.985847391610525,180,106,75,170,180,106,75,170,230221_152641
0,0,0,0,-0.1490719490319011,0.12099957396657038,-0.01128030963232557,0.9856687781026584,0.027544593580559443,-0.16642822848932176,-0.02676771987822743,0.9996177999377932,0.006909646882929955,0.16655494302521573,-0.0023557190001865145,0.9860293613994765,180,180,81,97,180,180,81,97,230221_152641
0,0,0,0,-0.14909130281063396,0.12086978839513368,-0.010991894023746784,0.9859257410052561,0.02694755506607469,-0.16499776513395037,-0.02626405511435695,0.9996350417369421,0.00632319069238293,0.16510794236555487,-0.0019006860716812624,0.9862736713307669,75,170,180,92,75,170,180,92,230221_152642
0,0,0,0,-0.1491017209597078,0.12128881490641202,-0.011817521909724682,0.9856278436346638,0.027623073401610045,-0.16665749208461175,-0.026641196262069775,0.9996120422192312,0.008124759197960551,0.1668172668335296,-0.0035680339331659447,0.9859813733636364,86,137,180,180,86,137,180,180,230221_152642
0,0,0,0,-0.1489725835123884,0.12065254955288088,-0.010664056878298855,0.9858592351622721,0.02694596356552252,-0.16539493188361326,-0.026376545098651488,0.9996361757249622,0.005638621341431224,0.16548669527765178,-0.0011963400431164496,0.9862112970639623,147,84,166,180,147,84,166,180,230221_152642
0,0,0,0,-0.14901440333771834,0.12095097117223327,-0.011171480094514186,0.9856265341830815,0.02776516053134504,-0.16664162437673005,-0.02694810046844254,0.9996111723043881,0.007162687023084973,0.16677570265296238,-0.0025690591500726863,0.9859915136245819,180,106,75,170,180,106,75,170,230221_152642
0,0,0,0,-0.14900393757845548,0.12107859260417705,-0.011386157962897658,0.9855009360501703,0.028011244758603317,-0.16734179158629403,-0.02709506512155876,0.9996027719241299,0.007756017512453433,0.16749257443330315,-0.0031094257779556676,0.9858684339104461,180,180,81,97,180,180,81,97,230221_152642
0,0,0,0,-0.14897920680054813,0.12107721247363729,-0.011311567989591431,0.9857265763793389,0.027461428251671936,-0.16609932744549383,-0.026602957172047786,0.9996187518102938,0.007391461217675169,0.16623898245949806,-0.002867226466201385,0.9860813251062116,75,170,180,92,75,170,180,92,230221_152643
0,0,0,0,-0.14898664786292837,0.12086387943658258,-0.01084062606528896,0.9859135143682825,0.027484045361773117,-0.1649823306797879,-0.0268602111440401,0.9996211238395958,0.006011474940455336,0.16508504245776007,-0.0014953341479866042,0.9862782025029782,86,137,180,180,86,137,180,180,230221_152643
0,0,0,0,-0.14902774269217597,0.12113049212119884,-0.011471524471697747,0.9856272604387202,0.027765558125113814,-0.16663726252571112,-0.02696092736168492,0.9996113495644082,0.007089303056012648,0.16676933733711327,-0.0024947152188119054,0.9859927811703884,147,84,166,180,147,84,166,180,230221_152643
0,0,0,0,-0.14896181746068377,0.12096003429311744,-0.011126913347930256,0.9855793331042035,0.02829811580280271,-0.16683103668048055,-0.027558336481991887,0.999597419416122,0.006748124700521914,0.16695483295855204,-0.0020532263975643074,0.985962406997925,180,106,75,170,180,106,75,170,230221_152643
0,0,0,0,-0.14900846264358666,0.12089735314110137,-0.01093490163364591,0.9860019300164857,0.026901762621670634,-0.16454935178119778,-0.026311890937043406,0.9996371657852324,0.005763781413779167,0.16464470352575034,-0.0013534950003512556,0.9863520110245642,180,180,81,97,180,180,81,97,230221_152643
0,0,0,0,-0.14894436693577798,0.12084609991426509,-0.010847974882454425,0.9857476216390185,0.027399437410545197,-0.16598462959744992,-0.026739838109863842,0.9996231518500702,0.006207684205074751,0.166092165651711,-0.0016808078168767805,0.986108800992166,75,170,180,92,75,170,180,92,230221_152644
0,0,0,0,-0.14900892989970138,0.1210512568449291,-0.011142307026218712,0.9857469111132764,0.0276183316567555,-0.16595256848609308,-0.0269913759005621,0.999617464395929,0.006032454032063503,0.16605569203622164,-0.0014671847708673104,0.9861152845946662,86,137,180,180,86,137,180,180,230221_152644
0,0,0,0,-0.1490100769577993,0.1210945063661803,-0.011377163188325101,0.9856425576123554,0.027821742517398208,-0.16653738098898613,-0.027125416012183556,0.9996111982735737,0.006454772826039778,0.16665221399531732,-0.0018447030561591195,0.9860140144242847,147,84,166,180,147,84,166,180,230221_152644
0,0,0,0,-0.14892299182116991,0.12098614237897756,-0.01110326253504662,0.9859292175004788,0.027804776626886105,-0.16483468225959375,-0.027139462583176455,0.9996118832179579,0.006287487585953485,0.1649455293410183,-0.0017254930240690894,0.986301168520161,180,106,75,170,180,106,75,170,230221_152644
0,0,0,0,-0.1490091846480503,0.12087018495238708,-0.011022720806103392,0.9857880352179521,0.02741866725403484,-0.165741263139696,-0.026687351744024274,0.9996217881968017,0.006638209029527594,0.16586058868224293,-0.0021206716486759833,0.9861469301649416,180,180,81,97,180,180,81,97,230221_152645
0,0,0,0,-0.14895367380666302,0.12082204720555226,-0.010772078783417849,0.9857062964092603,0.027410713964119832,-0.1662280060011451,-0.026804726104924303,0.9996233462875463,0.005888311755288302,0.1663267984348269,-0.001348449800580128,0.9860697631534778,75,170,180,92,75,170,180,92,230221_152645
0,0,0,0,-0.1490721030356125,0.12110610821520001,-0.011473053489286233,0.985628091241811,0.02774749769925419,-0.16663535677176763,-0.026827228980907683,0.9996098758950173,0.007771473370825411,0.16678598724182528,-0.0031894175921917977,0.9859879624392949,86,137,180,180,86,137,180,180,230221_152645
0,0,0,0,-0.1489942031430564,0.12115978885254652,-0.011526662822755551,0.9855045185170307,0.02785246836177915,-0.16734719593907488,-0.027044339571092327,0.9996089739878491,0.007106533622228238,0.16747969333527724,-0.0024777266024524182,0.9858724122274671,147,84,166,180,147,84,166,180,230221_152645
0,0,0,0,-0.14898908926269855,0.12100830009417157,-0.011251662137350071,0.9856318421590636,0.027745311301431822,-0.16661353313256436,-0.026993369100135358,0.9996126441941809,0.00677639961497382,0.16673700772999808,-0.002181574638787411,0.9859989913713613,180,106,75,170,180,106,75,170,230221_152645
0,0,0,0,-0.14894839318970762,0.1207801820201658,-0.010763766630478844,0.9858636677087291,0.02738736965729552,-0.165295979004775,-0.026730418959220185,0.9996234637106193,0.0061980239954381915,0.1654034866444989,-0.0016919758976176372,0.9862245301265857,180,180,81,97,180,180,81,97,230221_152646
0,0,0,0,-0.14889141205236228,0.12096023347591173,-0.010995453951130996,0.985758515673651,0.027765456391379027,-0.16585906127872027,-0.027062896052087698,0.9996126336156373,0.006494795861529069,0.16597514402510322,-0.0019136737933815478,0.9861280796217389,75,170,180,92,75,170,180,92,230221_152646
0,0,0,0,-0.14899236443999975,0.12116733046247893,-0.011422889107716994,0.9855526954123788,0.028168375951554,-0.16701026064780203,-0.027251388231588076,0.9995983340618079,0.007780255799788424,0.167162335485139,-0.0031165906229072954,0.9859244598132471,86,137,180,180,86,137,180,180,230221_152646
0,0,0,0,-0.14894062385950096,0.1210230362200016,-0.01121989881876756,0.9856833120568724,0.02791235554737056,-0.1662808129051306,-0.027223668692155784,0.9996087513429747,0.006419976750619592,0.1663949524340617,-0.0018012901864872973,0.9860575415046176,147,84,166,180,147,84,166,180,230221_152646
0,0,0,0,-0.14899768886112014,0.12079412341939824,-0.010972752565046151,0.9858744108316413,0.026977316923320657,-0.16529933586975515,-0.02629912192655457,0.9996343258408105,0.006290531510214722,0.16540859183626358,-0.0018544466580335292,0.9862233817824119,180,106,75,170,180,106,75,170,230221_152647
0,0,0,0,-0.14897644378078503,0.12092420883241131,-0.011008839762824851,0.9858145990733518,0.02762767745331806,-0.1655484451524131,-0.02700549519628232,0.9996172275719871,0.006008458246302724,0.1656510775185292,-0.0014525081168123553,0.9861833555364442,180,180,81,97,180,180,81,97,230221_152647
0,0,0,0,-0.14895319361354376,0.1208154796691718,-0.010720995589469984,0.986007948334761,0.027240375523881102,-0.16445755611097007,-0.02675710183429129,0.9996286801063075,0.005153582283272008,0.16453687526540775,-0.0006810655174238463,0.9863706974701026,75,170,180,92,75,170,180,92,230221_152647
0,0,0,0,-0.1490155024704661,0.12112840631205796,-0.011480490394093101,0.9856743531174331,0.027436951961095354,-0.16641299009877253,-0.026547300550848182,0.999618906436018,0.007568535467506635,0.1665572287233207,-0.0030422956372633454,0.9860270959751882,86,137,180,180,86,137,180,180,230221_152647
0,0,0,0,-0.14900269168931268,0.12097356466084233,-0.011142965177316833,0.9856363558367819,0.027497675023090015,-0.1666278845845236,-0.02672933491707853,0.9996192211665763,0.006852395874253634,0.16675286116789542,-0.002300117964666478,0.9859960409401597,147,84,166,180,147,84,166,180,230221_152647
0,0,0,0,-0.14899307429451164,0.12096694632511423,-0.01115448973888683,0.9857879190775858,0.02719138916833668,-0.16577939243398154,-0.02645417008941765,0.9996278824157926,0.006653839628202466,0.16589863014975165,-0.0021737184761929946,0.9861404156926245,180,106,75,170,180,106,75,170,230221_152648
0,0,0,0,-0.14893080076733017,0.12084875755086155,-0.010845943254366663,0.985785728843486,0.027638897310402765,-0.16571840019738943,-0.02694044058758805,0.9996161572879958,0.006461482006988588,0.16583337863489298,-0.001905110034880437,0.9861519462467694,180,180,81,97,180,180,81,97,230221_152648
0,0,0,0,-0.14898449443021566,0.12095948410814031,-0.011039868736343605,0.9858847382663436,0.027445941264412646,-0.1651605375433679,-0.026794538471686117,0.9996219130597658,0.00617119427856528,0.16526746673678147,-0.00165868587890388,0.9862473894513293,75,170,180,92,75,170,180,92,230221_152648
0,0,0,0,-0.14899939819743513,0.12094212247706118,-0.011171074037625184,0.9858140282950505,0.027234528180492233,-0.16561697404394188,-0.026417232301488867,0.9996255331773879,0.007136053345647872,0.16574930302784044,-0.0026596794184129973,0.9861643345057538,86,137,180,180,86,137,180,180,230221_152648
0,0,0,0,-0.14899947256503024,0.12096723511961291,-0.01113955707544484,0.9857050301682221,0.027483343697828365,-0.16622352216292688,-0.026755168754834285,0.9996201041263357,0.006618789266449499,0.1663422809930251,-0.0020768354870707353,0.9860658863931948,147,84,166,180,147,84,166,180,230221_152649
0,0,0,0,-0.14901821016320926,0.12094558090566712,-0.011154831119631392,0.9857945786808625,0.026765389652217655,-0.16580911482841967,-0.026134510953248886,0.9996405138475432,0.005985850971531378,0.16590972238134122,-0.0015674793088956275,0.9861396995496947,180,106,75,170,180,106,75,170,230221_152649
0,0,0,0,-0.14904025913093868,0.12102582225344546,-0.011173049739416685,0.9857470275575254,0.02789936645091783,-0.16590486133064342,-0.027180844635853827,0.999608742641256,0.006600251514098025,0.1660240926684565,-0.001996744050992905,0.9861196751240747,180,180,81,97,180,180,81,97,230221_152649
0,0,0,0,-0.1490586200437752,0.12091624145663593,-0.010919668728253229,0.9859924035884511,0.02712366761856912,-0.16457000553194862,-0.026502490063743184,0.9996309233499999,0.005969514456684388,0.16467118171158382,-0.00152438097100154,0.9863473415467625,75,170,180,92,75,170,180,92,230221_152649
0,0,0,0,-0.1490712637774449,0.12119067052095092,-0.01164636352068793,0.9856659454422746,0.027575178456578628,-0.16643993970341142,-0.026741065390752997,0.9996160964454188,0.007250872291778139,0.1665759869163466,-0.0026961565815144988,0.9860249344324581,86,137,180,180,86,137,180,180,230221_152649
0,0,0,0,-0.14898577712359068,0.12089816795584044,-0.011030373658442671,0.9858300566010622,0.027219070864006382,-0.16552408188311618,-0.026497861377974094,0.9996273176487203,0.006564232843102402,0.16564106629801048,-0.002085183858802707,0.9861839023041965,147,84,166,180,147,84,166,180,230221_152650
0,0,0,0,-0.14905344427092376,0.12113381078310304,-0.011515023006645697,0.9857060563470702,0.02768986746918472,-0.1661831571497096,-0.026794167792020145,0.9996118539399683,0.007629812254124301,0.16632992230214963,-0.0030680127508041686,0.9860653853800577,180,106,75,170,180,106,75,170,230221_152650
0,0,0,0,-0.1489505691684359,0.12091296904176715,-0.010984351346498722,0.9858437775884149,0.027092783550614463,-0.1654630692018088,-0.026475470894212896,0.9996318409797774,0.005935649948487281,0.16556296575965507,-0.001470910894939326,0.9861981245115033,180,180,81,97,180,180,81,97,230221_152650
0,0,0,0,-0.1489045396605014,0.12091801244533842,-0.010889043096247664,0.9858364021088235,0.027708540385529716,-0.1654050333781685,-0.027022345452426905,0.9996143555751095,0.00639788827723535,0.16551852199490924,-0.0018376392088088867,0.9862049695467768,75,170,180,92,75,170,180,92,230221_152650
0,0,0,0,-0.1489856907673745,0.12083189995866689,-0.010923389259275662,0.985941748020631,0.02722108096329207,-0.16485715714282242,-0.026525774580660865,0.9996275261312771,0.00641812149763196,0.16497046036463395,-0.001954930140005168,0.9862965707408844,86,137,180,180,86,137,180,180,230221_152651
0,0,0,0,-0.14907896942356405,0.12103642940520873,-0.011408851085459248,0.9856336943380772,0.0274793236664211,-0.166646654200767,-0.02664540799836597,0.999618742093592,0.007238279341525522,0.16678202186709024,-0.002693923915296644,0.9859901114898992,147,84,166,180,147,84,166,180,230221_152651
0,0,0,0,-0.14902602504111834,0.12101692415974247,-0.011226736616369415,0.9857416549408086,0.02747601039667024,-0.16600740515783588,-0.026797678252302892,0.999620867201769,0.006325052969592536,0.16611825352694337,-0.0017862551509152662,0.9861042212351055,180,106,75,170,180,106,75,170,230221_152651
0,0,0,0,-0.1489383949593343,0.12094458315726736,-0.011003182753217322,0.9858418700312247,0.027721671932146467,-0.16537023976103649,-0.027013897933241555,0.9996137428413527,0.006527973740217523,0.16548733066850996,-0.0019682550614707763,0.9862099519677461,180,180,81,97,180,180,81,97,230221_152651
0,0,0,0,-0.14899975586344533,0.12106896948832255,-0.011356005919885392,0.985684689057638,0.027714754776523454,-0.1663057008193783,-0.02688663228191594,0.9996123481709035,0.007229273047229169,0.16644158963998282,-0.0026543835313534254,0.9860477430054714,75,170,180,92,75,170,180,92,230221_152651
0,0,0,0,-0.1489711541650753,0.12096231133133029,-0.011193416454796157,0.9855724935776045,0.027565423438720912,-0.16699403382715863,-0.026768008535840826,0.999616991579663,0.007024518791327888,0.16712370754099323,-0.0024530747784317322,0.9859328825036136,86,137,180,180,86,137,180,180,230221_152652
0,0,0,0,-0.14900756051581376,0.12101252801997553,-0.011285671088938187,0.9857701150574962,0.02724182011383894,-0.16587695287897888,-0.02663726568997058,0.9996279386422836,0.005868591171623018,0.1659751075796961,-0.001366573328796399,0.9861289956903433,147,84,166,180,147,84,166,180,230221_152652
0,0,0,0,-0.1489766609982063,0.1210687019906504,-0.011292184324719512,0.9856688508759728,0.027709136216816595,-0.1664004813182845,-0.026882470395250057,0.999612536900523,0.007218646462465559,0.16653602973016793,-0.0026419389507438655,0.9860318306019807,180,106,75,170,180,106,75,170,230221_152652
0,0,0,0,-0.14900987080409658,0.12109449133844738,-0.011362708691599666,0.9856951456792878,0.027624471653827285,-0.1662587391692075,-0.026831940559733834,0.9996153685368392,0.007011558368700178,0.16638848142250293,-0.0024502144407504596,0.9860572344945845,180,180,81,97,180,180,81,97,230221_152652
0,0,0,0,-0.1490599444929474,0.1211422609277229,-0.011548961073403807,0.9856728615398769,0.02734886919995681,-0.16643632228955893,-0.026490609703998032,0.9996218576778305,0.007374906794908421,0.16657508103345098,-0.0028602458297856065,0.9860246251349367,75,170,180,92,75,170,180,92,230221_152653
0,0,0,0,-0.1490396626720823,0.12100564423185103,-0.011187418167714402,0.9857039329236265,0.027501062050782312,-0.166227098287177,-0.02674579443896043,0.9996192689716156,0.006780824469116851,0.16635029034758128,-0.0022380095466997033,0.9860641826040252,86,137,180,180,86,137,180,180,230221_152653
0,0,0,0,-0.14905052889309767,0.12105189653551293,-0.01129354621765527,0.9856634116614166,0.0277411411256123,-0.16642736554132637,-0.026970743481468377,0.9996124936135248,0.006887786858491091,0.16655394894157932,-0.002300369709425225,0.9860296599956646,147,84,166,180,147,84,166,180,230221_152653
0,0,0,0,-0.14895840064078109,0.12087476226807348,-0.010833997749914781,0.9858779915101583,0.027204921690968525,-0.165240667184819,-0.026612659599486384,0.9996290084774707,0.005797564953507559,0.165337086598675,-0.0013181980642322033,0.9862362344534528,180,106,75,170,180,106,75,170,230221_152653
0,0,0,0,-0.14901778937795274,0.12112868526413412,-0.011386436237795283,0.9855516705453878,0.027977092175230638,-0.16704845703751092,-0.027125221979953238,0.9996048048387112,0.007379463117351523,0.167188896215427,-0.0027416157244827123,0.9859210701295953,180,180,81,97,180,180,81,97,230221_152653
0,0,0,0,-0.1489785918151454,0.12090532998531692,-0.010926146524965263,0.9857309571273425,0.02793429762744025,-0.16599444321083534,-0.027071554654060623,0.9996056756495909,0.007458159138673148,0.1661373259969772,-0.0028580107045196004,0.9860984842729387,75,170,180,92,75,170,180,92,230221_152654
0,0,0,0,-0.14895440558860018,0.1208574020422031,-0.010849378922248354,0.9858035959890695,0.027484157326698618,-0.16563783152124462,-0.026718370105659316,0.9996195300608919,0.006850096330576051,0.1657630804308243,-0.002327276709469995,0.9861628592424283,86,137,180,180,86,137,180,180,230221_152654
0,0,0,0,-0.1489374969108436,0.12067558560618158,-0.010545469690011244,0.986040219734857,0.027214792914681634,-0.16426819567964174,-0.026634384172190106,0.9996287894390482,0.005735233595223934,0.16436330078518846,-0.001279988763461268,0.9863990404414246,147,84,166,180,147,84,166,180,230221_152654
0,0,0,0,-0.1489964943125518,0.12086706205287637,-0.010895424156420752,0.9859203553627294,0.02662473492558403,-0.16508233209999243,-0.025693473901598284,0.9996396368689835,0.007774432411092527,0.1652298347160636,-0.0034234325740618134,0.9862491479484853,180,106,75,170,180,106,75,170,230221_152654
0,0,0,0,-0.14895873504618506,0.12090992604073506,-0.011006119576153328,0.9856741319144797,0.02742866976317155,-0.16641566557766896,-0.026502388851436486,0.9996184386408967,0.007784633215640914,0.16656568992383466,-0.003262698906989709,0.9860249620248158,180,180,81,97,180,180,81,97,230221_152655
0,0,0,0,-0.14900421087386384,0.12080335916491217,-0.010850685240863689,0.9857712631890633,0.027230984450887386,-0.16587190888295095,-0.026312050334110992,0.9996238493862682,0.0077353568368729855,0.1660201574443707,-0.0032608624647593393,0.986116967756935,75,170,180,92,75,170,180,92,230221_152655
0,0,0,0,-0.14894837954591722,0.12101323631310834,-0.011140489122479391,0.9856178103728921,0.028317267151195803,-0.16660031289536484,-0.027133824759658018,0.9995878398156021,0.009375822454009593,0.16679714454887362,-0.004720473902559205,0.9859799337189764,86,137,180,180,86,137,180,180,230221_152655
0,0,0,0,-0.14896203447704193,0.120789644932245,-0.010882365300953767,0.985708437069093,0.027417246503300987,-0.16621423430315205,-0.026707008467831826,0.9996221256707353,0.006507039896945323,0.16632983132771184,-0.001974959163755665,0.986068195789113,147,84,166,180,147,84,166,180,230221_152655
0,0,0,0,-0.14891987898957545,0.12096694775322303,-0.011104840073200895,0.9855622566662173,0.027786250119783733,-0.16701785095993069,-0.02666938229911868,0.9996044505709109,0.008926726533898633,0.16719982740055775,-0.00434358182936354,0.9859134602053646,180,106,75,170,180,106,75,170,230221_152655
0,0,0,0,-0.14894992706100424,0.12089717729757873,-0.01105351679795058,0.985710211922604,0.027304762383204884,-0.1662222249360488,-0.026335189430584667,0.9996208788446264,0.008034698224099355,0.16637859209991238,-0.0035423903079469955,0.9860555844179155,180,180,81,97,180,180,81,97,230221_152656
0,0,0,0,-0.1489193809745264,0.12079670512536242,-0.010870880134816241,0.9857027819695964,0.027172293840017243,-0.16628797931561312,-0.026198505761037466,0.9996243701524479,0.008047166781572556,0.1664441765676617,-0.0035756180994780023,0.9860443960805819,75,170,180,92,75,170,180,92,230221_152656
0,0,0,0,-0.1489220997569876,0.12091610960779767,-0.010942925842241602,0.9855751361761516,0.027586428237468763,-0.16697496796962968,-0.026581299398589806,0.9996125946704203,0.008251975433179747,0.16713792350523687,-0.0036945301956083977,0.9859266022240151,86,137,180,180,86,137,180,180,230221_152656
0,0,0,0,-0.14899427320010802,0.12110079605400306,-0.011454370819890813,0.9854175666367663,0.02768585709554079,-0.16788601097339892,-0.02652195666911445,0.9996061579817684,0.009171408799660908,0.16807380872139627,-0.0045850018336057365,0.9857637508957556,147,84,166,180,147,84,166,180,230221_152656
0,0,0,0,-0.1489145006040898,0.12068654462705375,-0.010598535050406699,0.9861176316879319,0.02706607677483821,-0.16382748231661703,-0.026431151620727414,0.9996323007864476,0.0060545394866096764,0.16393111571079197,-0.001640339114744203,0.986470424589305,180,106,75,170,180,106,75,170,230221_152657
0,0,0,0,-0.14893518138364878,0.12085573465362917,-0.010856085655242542,0.9856113382651005,0.02779956536994217,-0.1667257450081396,-0.026995617638754514,0.999610431205852,0.007086780140042262,0.16685780326846886,-0.0024839463950413077,0.9859778412818045,180,180,81,97,180,180,81,97,230221_152657
0,0,0,0,-0.14899464768552312,0.12091582956264005,-0.01112216769781671,0.9856684195626122,0.027260692455449376,-0.1664770894861842,-0.02631732743778969,0.9996226560636932,0.007870435864645932,0.16662882389752914,-0.003376408005076437,0.9860139121308125,75,170,180,92,75,170,180,92,230221_152657
0,0,0,0,-0.14898841177568012,0.1208480881277035,-0.011043797555722656,0.9854169783106395,0.027605465219489953,-0.16790270142896746,-0.026594817845626163,0.9996121246960858,0.008265338730756255,0.1680657446384819,-0.0036794633564841005,0.9857689217197513,86,137,180,180,86,137,180,180,230221_152657
0,0,0,0,-0.14898658920002178,0.12097876784750791,-0.011260826737116869,0.9856536095862284,0.027194573782625908,-0.1665755596311163,-0.026096133700389816,0.9996208807857142,0.008779891974461064,0.16675117305593282,-0.004306954141054188,0.9859896025975614,147,84,166,180,147,84,166,180,230221_152657
0,0,0,0,-0.14894201887054365,0.1208618110339236,-0.010870220670562536,0.9856913061620908,0.027479384762321646,-0.16630553920286328,-0.02661489476672771,0.9996181853186793,0.007425022339736863,0.16644607635215328,-0.002892575543329929,0.9860463156838523,180,106,75,170,180,106,75,170,230221_152658
0,0,0,0,-0.1489056093395249,0.12095112217741841,-0.011011301111393146,0.9854686497353236,0.028214501526818113,-0.167497708319937,-0.027241816552699926,0.999596034989436,0.008102485069777393,0.16765865268379862,-0.003421803178164968,0.9858391691565431,180,180,81,97,180,180,81,97,230221_152658
0,0,0,0,-0.1489479076079592,0.12082824164814843,-0.010903035555240692,0.9855190912383138,0.027940967128892037,-0.16724659386878052,-0.027040804324472877,0.9996050002926553,0.007657564325946754,0.16739449126626688,-0.0030241934168656584,0.9858853577104617,75,170,180,92,75,170,180,92,230221_152658
0,0,0,0,-0.14890485056201822,0.12074369289432102,-0.010685554017161092,0.9855043883374143,0.02795345616963879,-0.16733112339272455,-0.026972954545058284,0.9996031029189849,0.00812996665723332,0.16749197082490064,-0.003498703032494703,0.9858672318249964,86,137,180,180,86,137,180,180,230221_152658
0,0,0,0,-0.14890726005365074,0.12079066239050518,-0.010707077223670425,0.9857505983610249,0.027573390717038012,-0.16593813894113227,-0.02678990818767049,0.9996168675804027,0.006958366765294958,0.16606642842602817,-0.0024137466954390705,0.9861116139548876,147,84,166,180,147,84,166,180,230221_152658
0,0,0,0,-0.14892577847166572,0.12094825989642577,-0.01111216852985053,0.9856236533693008,0.02791367923008032,-0.16663385139518241,-0.026844674713887115,0.999602064410631,0.00866465611029039,0.16680940428662047,-0.00406685847358726,0.9859807722789012,180,106,75,170,180,106,75,170,230221_152659
0,0,0,0,-0.14898285625192664,0.12085034186217894,-0.011063660906244832,0.9856678915234404,0.027177312401225853,-0.16649384766525738,-0.02610822699973717,0.9996220692393772,0.008606925845772027,0.1666648376312951,-0.0041367112819968715,0.9860049287488899,180,180,81,97,180,180,81,97,230221_152659
