0,0,0,0,0.04678703298891137,0.19674650446668884,-0.13340866711760202,0.9488615534541016,-0.31236538569404515,-0.04571234184418554,0.31568555942890586,0.9398007170143631,0.1308328699805502,0.0020928317486377905,-0.13857300646049042,0.9903500098125777,162,160,119,87,162,160,119,87,230218_123010
0,0,0,0,0.04545181620556317,0.19906721303517555,-0.12583793387695996,0.9317676870039646,-0.3227570085166855,0.1662434687698776,0.29280582025624396,0.9387876604277556,0.18150063430370902,-0.2146479188796142,-0.12043937097951214,0.9692371375668135,116,154,162,103,116,154,162,103,230218_123010
0,0,0,0,0.04979541674358235,0.19465652840023379,-0.13354088464801328,0.9487800438329036,-0.3157874124393944,0.009733373991872116,0.30868422835426657,0.9331218087322768,0.18438475325670126,-0.06730880766857335,-0.17193603523704754,0.9828059443232929,117,93,156,162,117,93,156,162,230218_123010
0,0,0,0,0.04662440209115984,0.2005616192559453,-0.1238705597604608,0.9360546242381397,-0.3353378504859902,0.10653762937962957,0.3019792203999477,0.9210576155030714,0.24588903873583998,-0.1805831965854946,-0.19799342149483504,0.9634253028417581,162,137,108,154,162,137,108,154,230218_123011
0,0,0,0,0.04516455819123713,0.20087166549049662,-0.12169678393530992,0.9348458876395017,-0.3342059403943734,0.1198730819184372,0.3053046041938847,0.9290093969653496,0.2091187198891892,-0.18125193798005929,-0.15889597148823578,0.9705152266828596,162,106,112,88,162,106,112,88,230218_123011
0,0,0,0,0.05582908567868785,0.18667186339083297,-0.14818062306846813,0.9470334386990062,-0.3176009904491168,0.04751080773545169,0.28233819744610256,0.8939509719317661,0.34804712618428013,-0.15301244475146644,-0.31619815092437026,0.93627235412736,114,154,162,136,114,154,162,136,230218_123011
0,0,0,0,0.04517479403424363,0.19879166673567825,-0.12974248448202974,0.9296456502698816,-0.33650522945494077,0.15007729836243214,0.2903990215112376,0.919862953860858,0.263667507326354,-0.2267760420317912,-0.20153505070794675,0.9528673832682808,58,162,162,162,58,162,162,162,230218_123011
0,0,0,0,0.05169173372216841,0.19264760867522754,-0.13684972397695117,0.9442889626444986,-0.3220474191797632,0.06785141728388538,0.304130039742239,0.9326469767774918,0.1940992932346443,-0.125790595650717,-0.16265016602345714,0.9786325406087719,154,156,109,162,154,156,109,162,230218_123011
0,0,0,0,0.0519330022599322,0.19713795299005926,-0.12754448694513598,0.9481569571988753,-0.3147553833559197,-0.04390254165579805,0.31771138722513237,0.9354906980370592,0.15465001879605014,-0.007606506612967365,-0.16058082866458442,0.9869933832212566,162,162,58,162,162,162,58,162,230218_123011
0,0,0,0,0.04701236318429454,0.19768827668938882,-0.12727976458739598,0.94773683471035,-0.3134092253163537,0.05974570796141426,0.30387543928476013,0.9437538637921508,0.1303394106818036,-0.0972348164635563,-0.10537220726543119,0.989667665634939,111,162,154,150,111,162,154,150,230218_123011
0,0,0,0,0.04801418553725335,0.20040377298182177,-0.11819572243261955,0.9532259181969792,-0.29922892643675103,0.04268955915718633,0.29970783749038643,0.9540171452794602,-0.005147684883990221,-0.03918623513890646,0.017701302108548544,0.9990751237416033,18,82,162,162,18,82,162,162,230218_123012
0,0,0,0,0.045668199743488194,0.19676544780595037,-0.13076953757910448,0.9501928442212282,-0.30880333256773906,0.042119598595341236,0.29904638584427884,0.9414268357091297,0.1558421384612326,-0.08777709213826253,-0.13548437106084843,0.9868835631896994,154,162,117,162,154,162,117,162,230218_123012
0,0,0,0,0.05011772732700558,0.19656695864965304,-0.12730062075893567,0.9518484982946369,-0.30342003903910664,0.043825976358222524,0.2977456309634642,0.9490090199505248,0.1035829102444726,-0.07302037754225378,-0.08554624458182057,0.9936548014786292,162,82,116,90,162,82,116,90,230218_123012
0,0,0,0,0.04731719368970203,0.1941326757783462,-0.13495175444895646,0.9397856949045874,-0.32482709429429235,0.10625538322847178,0.28926760897845627,0.9215827285050332,0.25886198043958486,-0.18200851092349946,-0.21253854552420332,0.960052221818098,122,162,154,162,122,162,154,162,230218_123012
0,0,0,0,0.0471943292279351,0.19607140471192835,-0.13116654781335535,0.9434563554823351,-0.3178771400223433,0.09404376189416201,0.289330525708026,0.9280822779227601,0.2344165785502784,-0.1617960203265449,-0.19395207979528573,0.9675766835499787,93,100,162,153,93,100,162,153,230218_123012
0,0,0,0,0.04905956907254244,0.18906956974657518,-0.1424014592494569,0.9523873420116049,-0.3041627709697387,0.021056104389943212,0.29971825165200777,0.9466618439735354,0.11832295969628466,-0.05592244989924555,-0.10637839028973486,0.9927518912984409,162,110,135,154,162,110,135,154,230218_123012
0,0,0,0,0.04682994347229981,0.19957871598712265,-0.12265316662361059,0.9385496556908774,-0.29570955330944065,0.177989898264105,0.29801429315025535,0.9544547176620853,0.01427140535269368,-0.1741034889963128,0.03964911113906753,0.9839288201415753,162,154,64,112,162,154,64,112,230218_123012
0,0,0,0,0.04562221697936014,0.19715712587049627,-0.12928364864245467,0.9507725259409087,-0.30980605821270807,0.007197930997713968,0.3081974924358723,0.9477497076315704,0.08236988127047785,-0.03234052523049114,-0.07609663579276314,0.9965758337672249,162,154,160,95,162,154,160,95,230218_123013
0,0,0,0,0.049111933517535185,0.19573493374798767,-0.12773334097055677,0.9533999783202943,-0.29805109303927835,0.04684044488424064,0.2903666984321824,0.9486007822353012,0.12587190466569198,-0.08194914142598549,-0.10640536584527328,0.9909400770676688,100,116,114,18,100,116,114,18,230218_123013
0,0,0,0,0.04818278278841058,0.1973756923017815,-0.12599819317689187,0.9512667411609373,-0.29754807241244163,0.08097364858206064,0.2859394300438595,0.9494363391437934,0.12965060840359935,-0.11545661309445907,-0.10017875282149855,0.9882479385133497,160,96,162,162,160,96,162,162,230218_123013
0,0,0,0,0.047852802944709213,0.20103182959011567,-0.1269506521000533,0.9518610355900112,-0.29915077641546844,0.06685343592916138,0.29111919603320735,0.9505272975413328,0.10838574781653106,-0.09596969639678489,-0.08370585164008598,0.9918584313170488,162,162,88,120,162,162,88,120,230218_123013
0,0,0,0,0.052541647902322054,0.19349751594508438,-0.13224205521327304,0.9555754020576007,-0.2946663158604374,-0.006885730149504278,0.2941176451201441,0.9517500297657162,0.087559646355732,-0.019247384534936938,-0.08569505900690498,0.9961354802688073,146,162,146,130,146,162,146,130,230218_123013
0,0,0,0,0.05191760931605684,0.1967570132949926,-0.12392925104292651,0.9500416186022681,-0.2931071331268681,0.10728062002864598,0.2803994003457809,0.9524604318042826,0.1191440394351552,-0.13710251350470817,-0.08311037454703141,0.9870641146518009,77,128,162,146,77,128,162,146,230218_123013
0,0,0,0,0.04805862872846073,0.19617448702333948,-0.12733149830298596,0.9477021786946065,-0.30496843369187027,0.09410013256645772,0.2865964938700878,0.9429281066173176,0.1695554052587369,-0.14043870619907575,-0.1337192589068946,0.9810179048307531,146,130,146,162,146,130,146,162,230218_123014
0,0,0,0,0.052219353926278696,0.19836325997741777,-0.12160403046078927,0.9538512176672537,-0.29739974686553605,0.04148789123363131,0.29280794198939786,0.951826035864776,0.0910533171162825,-0.0665684885109461,-0.07470333335440904,0.9949814311448772,162,136,53,130,162,136,53,130,230218_123014
0,0,0,0,0.053204398966740764,0.19765330083037663,-0.12306829160517141,0.9522757419659368,-0.2985958422421056,0.06333588444911852,0.28583287059658596,0.9451298233066501,0.15820615406126465,-0.10710033309817336,-0.1325524050784029,0.9853727104797408,146,162,146,118,146,162,146,118,230218_123014
0,0,0,0,0.04488907845846053,0.19537051714740672,-0.12560932158457172,0.9512734169501217,-0.28535340148821786,0.11684315325744375,0.2799031308477769,0.9580874178112779,0.06101423746414456,-0.1293565751929551,-0.025336457740237843,0.9912744021528682,69,128,162,143,69,128,162,143,230218_123014
0,0,0,0,0.04976987595261175,0.19849300016994675,-0.1225560508898964,0.9532258699246652,-0.29747183978168595,0.05358120419758468,0.29109475281077374,0.9512121581860814,0.10227059697200953,-0.08138971551982861,-0.08188977137515917,0.9933125286392623,146,80,149,162,146,80,149,162,230218_123014
0,0,0,0,0.05179501759393408,0.19427172403491694,-0.13049279466488206,0.9547429850984914,-0.2952238179415388,0.036176369707904395,0.2880543962754809,0.9480771160982499,0.13481263559916803,-0.0740978892519219,-0.11829065580529587,0.9902104945705045,162,146,77,128,162,146,77,128,230218_123014
0,0,0,0,0.04738400814753209,0.19864569694153883,-0.1242998988577616,0.9471371160010232,-0.30644574658543655,0.09498572467986097,0.28940015477283304,0.9438493928474222,0.15936082968852186,-0.13848766699863277,-0.12344767321115542,0.9826402383721254,149,162,146,80,149,162,146,80,230218_123014
0,0,0,0,0.04605277292507995,0.19976622221101586,-0.12056873868842877,0.95414947167563,-0.290335844806256,0.07282776202625889,0.28338783754570923,0.9545296409013344,0.0925445739734976,-0.09638526460140319,-0.06766285436934397,0.9930415997863888,87,128,162,162,87,128,162,162,230218_123015
0,0,0,0,0.05319702535580777,0.19744005902471856,-0.12523376955465815,0.9549889198036355,-0.2916420063091566,0.05423193900512059,0.2822703033863142,0.9496219453423043,0.13616767880263078,-0.09121205445818784,-0.11473055861568933,0.989200313405353,151,89,155,162,151,89,155,162,230218_123015
0,0,0,0,0.04906743666229177,0.19861530711653338,-0.1219857117265617,0.9510893023124951,-0.29846669248681923,0.07966663355953535,0.2868276387318407,0.9489775889589793,0.13103984628012239,-0.11471287933901576,-0.10178000358410187,0.988170929639287,162,162,59,136,162,162,59,136,230218_123015
0,0,0,0,0.05274762132483646,0.19410041976120762,-0.13083667552487566,0.951460424449231,-0.29218332099242567,0.09670557192182858,0.27706285513042805,0.9499632620880064,0.14424276408225173,-0.13401207040362592,-0.11044775967374662,0.984805593693082,162,146,148,92,162,146,148,92,230218_123015
0,0,0,0,0.050344041978582915,0.1885925983774603,-0.13894972783903814,0.9525312481016086,-0.27740045737291985,0.12543208377161127,0.260623818810317,0.95595794311944,0.13498013207719334,-0.1573513471779653,-0.09588220500251592,0.9828769792324648,71,136,162,138,71,136,162,138,230218_123015
0,0,0,0,0.04905252385176509,0.19721026410442294,-0.12484756589439916,0.9534726342016846,-0.292877922651475,0.07150145629185985,0.28135855113320146,0.9496404971313244,0.13791407438110712,-0.10829266610775509,-0.1113797496474497,0.9878599343205219,140,92,162,138,140,92,162,138,230218_123015
0,0,0,0,0.04880049762649015,0.19371964003924386,-0.13166704825559805,0.950682989174931,-0.29793628134745154,0.08623123767098259,0.277786795387518,0.9415481030910027,0.1905824385248242,-0.1379722812805185,-0.15722958316610583,0.977876529923723,138,162,104,144,138,162,104,144,230218_123015
0,0,0,0,0.05503082853115178,0.1992393384598669,-0.11845886790039306,0.9566963630468921,-0.28801269741798335,0.04219899357646614,0.28184343439293114,0.952772811694939,0.11308513511739494,-0.07277600856358428,-0.09629462820396163,0.9926887715475651,162,138,140,92,162,138,140,92,230218_123016
0,0,0,0,0.05599406165063629,0.1979363730540675,-0.1205955322169383,0.9571180837121173,-0.2847448073125085,0.053341996023837414,0.2776743638960246,0.9542045926291406,0.11131281615516732,-0.0825949239734668,-0.0917278044761696,0.9923528044097014,59,146,162,136,59,146,162,136,230218_123016
0,0,0,0,0.04910117834127335,0.1939057024601803,-0.1318997740872545,0.9481863912548123,-0.29134088418991017,0.12674011455974632,0.26973220357663136,0.9489625399539922,0.16344612604085448,-0.16789015990483486,-0.12079150203350192,0.9783773848794848,129,89,162,162,129,89,162,162,230218_123016
0,0,0,0,0.05122641896880841,0.19816040228762868,-0.12156916096921333,0.9515159844357253,-0.2893679880831369,0.10432400891468527,0.2771548813039045,0.9536401055594929,0.11728478519355438,-0.1334260211980116,-0.08268443953488039,0.9876035542291607,162,162,97,149,162,162,97,149,230218_123016
0,0,0,0,0.05116766318998743,0.19496430332717907,-0.1295903701945632,0.9549921371847401,-0.29095874448984543,0.05773237324252614,0.2745223612639405,0.9406430798465064,0.19956971088557227,-0.1123721098911653,-0.17473867729204395,0.978181426718395,162,162,124,85,162,162,124,85,230218_123016
0,0,0,0,0.053737021680706605,0.20091208004340427,-0.11627613039765805,0.9590255138825288,-0.28282085017641556,0.016805666539627045,0.27753093180534744,0.9497059815986846,0.14503492823087677,-0.05697934374496862,-0.13442810428317956,0.9892838011234306,111,154,162,122,111,154,162,122,230218_123016
0,0,0,0,0.05110668381171752,0.19917014470925848,-0.12083608494503939,0.9576846603238196,-0.27724316969045343,0.07730663775150683,0.2724859708805215,0.9598461255242592,0.06668441339149939,-0.09269027486069904,-0.042797665544503094,0.9947747849489295,119,87,162,160,119,87,162,160,230218_123016
0,0,0,0,0.05630829978993876,0.18919364702905883,-0.13807257836160824,0.9609472568742373,-0.2690139893329457,0.06489871377040367,0.25743701424675125,0.95505139052047,0.14697967601214776,-0.10152119582430563,-0.12453238537863023,0.9870081720990518,162,141,97,154,162,141,97,154,230218_123017
0,0,0,0,0.04940814933974054,0.19571941662542802,-0.1279606048803862,0.9529100361141611,-0.28617856711369377,0.10032093897916411,0.2715285714311257,0.9524911319386953,0.13795969873377825,-0.1350359136284863,-0.1042231802570618,0.9853440164367083,162,106,112,88,162,106,112,88,230218_123017
0,0,0,0,0.05090384972408648,0.19462014761936136,-0.12985538715786993,0.954129033880321,-0.2724311822511195,0.12417341762173503,0.2642025146408548,0.9612403046193251,0.07882961393280648,-0.14083613870045308,-0.042406694195655924,0.9891242865905896,109,162,154,156,109,162,154,156,230218_123017
0,0,0,0,0.05129787447407784,0.19531199531149637,-0.12970386639869935,0.9597098153526461,-0.2731756783392175,0.06581883529581131,0.2660539942834963,0.9587653075701588,0.09992175501708861,-0.09040100907393644,-0.07838452502762432,0.9928159566579337,58,162,162,162,58,162,162,162,230218_123017
0,0,0,0,0.05290537086591233,0.1985081384680739,-0.12128720486535427,0.9607125801291834,-0.26614931470431447,0.07871391658374076,0.2629600568847801,0.9635807199969346,0.048623086423456856,-0.08878821354595129,-0.026014194829239213,0.9957107586054822,154,150,111,162,154,150,111,162,230218_123017
0,0,0,0,0.05050410436263937,0.19546482073635757,-0.12906429977219913,0.961108661268055,-0.27488775686292644,0.026586883277238075,0.2705433447110671,0.956487021965037,0.10926516116769919,-0.05546566386583248,-0.09782278844585882,0.9936570143629034,162,162,18,82,162,162,18,82,230218_123017
0,0,0,0,0.05046553647850565,0.19681434648023097,-0.12446704639693551,0.9559442683571188,-0.2723964599761817,0.10941080562547446,0.2613057335630695,0.9594570802614203,0.1056476442865501,-0.1337530164229466,-0.07240358919746831,0.9883662534046209,116,162,154,162,116,162,154,162,230218_123017
