0,0,0,0,0.6702771802018478,-0.4789492818227844,-0.2872728726758871,-0.07981584856275349,0.9883957488922179,0.1292411462731561,-0.9685270597105777,-0.1075624276105612,0.22446750048705427,0.23576421468617867,-0.10725748336743002,0.9658732149382209,180,180,81,97,180,180,81,97,230223_162851
0,0,0,0,-0.2931026713358209,-1.0362621092571882,0.6720785077923672,-0.8688861263691785,0.4553335496956728,0.1941861424631075,-0.4754927930940852,-0.8767966374540139,-0.07165375262273577,0.13763539922109277,-0.15459306281613322,0.9783442552651788,75,170,180,92,75,170,180,92,230223_162852
0,0,0,0,0.6695461221794101,-0.4816441144075948,-0.28561822880374854,-0.08618663209535904,0.9674599485361578,0.23789306931155785,-0.9704787914103367,-0.13551536928466798,0.19951566382209804,0.22526158099150329,-0.21367459527527957,0.9505789748690815,86,137,180,180,86,137,180,180,230223_162852
0,0,0,0,-0.30557745854911145,-1.0233348417274284,0.6932388291232923,-0.8668019196720891,0.4664663338043947,0.1762486637676102,-0.48251210905621306,-0.873805841460923,-0.060377280850447586,0.1258431431064333,-0.13737725741859788,0.9824922353266908,147,84,166,180,147,84,166,180,230223_162852
0,0,0,0,0.6702962484837789,-0.48000699543207825,-0.2842461801870333,-0.09113317672072328,0.9932929226821265,0.0711611821879671,-0.9839519935986218,-0.10082311456086644,0.1472181166281672,0.15340540536137443,-0.056602732441518075,0.9865408822172888,180,106,75,170,180,106,75,170,230223_162852
0,0,0,0,-0.33117025308923,-0.9691839806548358,0.7565037500298182,-0.8747569108200012,0.46379437197489737,0.14033932982973618,-0.46654556313917944,-0.8843759893578526,0.014640592968418341,0.13090295828511855,-0.05266773178836257,0.9899952149078669,180,180,81,97,180,180,81,97,230223_162853
0,0,0,0,-0.39658696014993416,-0.9483032120390805,0.7507764790964566,-0.8826084092230582,0.4675197694085499,0.049271301798495225,-0.46558831475812495,-0.8838067406771635,0.045969188532082386,0.06503781307386625,0.01763264999327575,0.9977270030047214,75,170,180,92,75,170,180,92,230223_162853
0,0,0,0,-0.3712302183171987,-1.1009182983302377,0.5151679844099706,-0.8760271991039722,0.4771891602037682,0.06976282544501715,-0.4814813507907805,-0.8571844538749254,-0.18278545039425653,-0.02742362614124399,-0.19371452557608682,0.9806745776811474,86,137,180,180,86,137,180,180,230223_162853
0,0,0,0,-0.32777769701485043,-0.9726265335609093,0.7544332163431786,-0.8732136922982743,0.46480822032951213,0.14646216541116358,-0.46801592544855875,-0.8836111391932832,0.013872570781191595,0.135863685763874,-0.05643290713459216,0.9891189948044643,147,84,166,180,147,84,166,180,230223_162853
0,0,0,0,-0.36288934048621774,-1.0214472953100673,0.663869854251312,-0.8796667813762077,0.46531256129516985,0.09833907689292441,-0.4720097748507198,-0.8795019868151361,-0.06068795295279622,0.0582505466806671,-0.09980218178555382,0.9933007592477954,180,106,75,170,180,106,75,170,230223_162854
0,0,0,0,-0.38757331851828797,-0.931363810349187,0.7896968470245753,-0.8800248952342835,0.47023863371512903,0.06657184937807789,-0.46746377106565873,-0.882396062725275,0.05343043353749915,0.08386779184503665,0.015900183919068705,0.9963500276721918,180,180,81,97,180,180,81,97,230223_162854
0,0,0,0,-0.2988342232934844,-1.167444298734408,0.42038797012537166,-0.8773943507081329,0.4271342250162998,0.2184845696271925,-0.4781438431020529,-0.8159492696232259,-0.3249696212031578,0.03946667770480104,-0.38959356157545616,0.9201408795015558,75,170,180,92,75,170,180,92,230223_162854
0,0,0,0,-0.29438161675121716,-1.0630693026597744,0.6367654979132957,-0.8709536170484281,0.44115043956702293,0.21639336085028624,-0.4737994230138134,-0.8706929246531545,-0.13193914396687836,0.13020715687717613,-0.2174399241831115,0.9673499757942856,86,137,180,180,86,137,180,180,230223_162854
0,0,0,0,-0.3379082552316306,-1.027833868634704,0.6645431067460881,-0.8805039261261715,0.45181607136465024,0.1434401398947017,-0.4650525718436282,-0.881956144689145,-0.07667766471853155,0.09186371154065984,-0.13422219079449405,0.986684074058308,147,84,166,180,147,84,166,180,230223_162855
0,0,0,0,-0.4328829436102725,-0.9915822941339347,0.6732011447177566,-0.885106628568081,0.4653878082783402,0.0006663112842774381,-0.4653118717620874,-0.8849344492612408,-0.01938768959845407,-0.008433152560416695,-0.017470215127075462,0.999811819054619,180,106,75,170,180,106,75,170,230223_162855
0,0,0,0,-0.29554413047629413,-1.1537456228016632,0.4516118789878112,-0.8757386037576306,0.4214227047673098,0.2355521211860344,-0.4776871901513243,-0.8270772179484341,-0.29624014568591206,0.06997746961677896,-0.371949162463479,0.9256116757521748,180,180,81,97,180,180,81,97,230223_162855
0,0,0,0,-0.4022448069410364,-0.9638125211957365,0.7279575494645572,-0.890289203912695,0.4505211900939293,0.06645141588295744,-0.45089609413939746,-0.8925193365999312,0.010096835398048941,0.06385801191969481,-0.020973580323091698,0.9977385745986246,75,170,180,92,75,170,180,92,230223_162855
0,0,0,0,-0.30967388713230826,-1.133971339386518,0.48671498345968,-0.8794981820825027,0.4220670525181033,0.21986894026272416,-0.4702793553057635,-0.8416014363610439,-0.26560186424086385,0.07294021995283446,-0.3369961802360788,0.9386763546715792,86,137,180,180,86,137,180,180,230223_162856
0,0,0,0,-0.41254892575398755,-0.9765218271953671,0.7047156862113866,-0.8895851486917683,0.4542084621489998,0.048300477629995564,-0.45495940551876063,-0.8904966486102425,-0.005259101058471607,0.040622685251730455,-0.026653174785900485,0.9988190054843626,147,84,166,180,147,84,166,180,230223_162856
0,0,0,0,-0.3145394984703469,-1.1347374973329218,0.485330731455468,-0.8819551807442139,0.4154845574944558,0.22254806591403328,-0.4651551207253004,-0.8434596137008665,-0.26871284621062724,0.07606426770482734,-0.34051205931541023,0.9371583455528244,180,106,75,170,180,106,75,170,230223_162856
0,0,0,0,-0.4267066623544423,-0.9896881105505622,0.671518648241487,-0.8928257623612249,0.4489423657026021,0.03623410467291977,-0.44992391620612376,-0.8926933900098416,-0.025825976428410675,0.02075157078008992,-0.03936068736808147,0.9990095638181203,180,180,81,97,180,180,81,97,230223_162856
0,0,0,0,-0.4189332218992523,-0.9842545215882856,0.6868120343642148,-0.8951528516277127,0.44173336851150224,0.05977460469342288,-0.44373721327166893,-0.895802318221895,-0.025208971144638968,0.04241058571473501,-0.049090098917799384,0.9978935336034471,75,170,180,92,75,170,180,92,230223_162857
0,0,0,0,-0.42178844734012666,-0.9572639160023415,0.7229064210952014,-0.8945750491981944,0.44449126236259295,0.04650805344622966,-0.4440600406471712,-0.8957783474615527,0.019794759899639955,0.050459505075672505,-0.002944469792666689,0.99872176728314,86,137,180,180,86,137,180,180,230223_162857
0,0,0,0,-0.3356975967958895,-1.1381712362221847,0.46203552392201197,-0.8876090628796973,0.4180741442113586,0.1932981154480455,-0.4584040389474597,-0.8427348602057766,-0.2822475730110137,0.04489864775783588,-0.33913414062269115,0.9396659758092907,147,84,166,180,147,84,166,180,230223_162857
0,0,0,0,-0.235590269987205,0.08212263531422803,0.406294387617784,-0.38299864809190426,-0.9226164562106525,0.045726472519441896,0.9231034391839775,-0.38041165995783827,0.05627618976827579,-0.03452645545790741,0.0637639686454615,0.9973675752580359,180,106,75,170,180,106,75,170,230223_162857
0,0,0,0,-0.4193230072923319,-0.9627875580331408,0.717617963073667,-0.8972094620601732,0.43677432908786484,0.06514112863268581,-0.4377295381744503,-0.8991065905994208,-0.0004360622298491701,0.058378357284849504,-0.02890543531121575,0.9978759658445491,180,180,81,97,180,180,81,97,230223_162858
0,0,0,0,-0.8374778828834305,-0.6696215594818906,-0.6824364646497587,-0.9029797240939379,-0.4293301864566282,0.017412893853488712,0.42886369466394175,-0.9030188786510137,-0.02515623578872359,0.026524503283366124,-0.015247812858945463,0.9995318678904587,75,170,180,92,75,170,180,92,230223_162858
0,0,0,0,-0.43949790248077863,-0.9507107262201793,0.7233540099813451,-0.9004780609478652,0.4330262196171004,0.04034296562840615,-0.43284121990067054,-0.9013665791754981,0.013666319927418052,0.04228167577651886,-0.005155877188475556,0.9990924265672054,86,137,180,180,86,137,180,180,230223_162858
0,0,0,0,-0.4397606831941404,-1.0100642265362334,0.6236890148132617,-0.8999027702045252,0.4342359298429449,0.04017662767896751,-0.4360612772089525,-0.8970835251204131,-0.07135622941572074,0.0050563521552766146,-0.08173314010219582,0.996641423538033,147,84,166,180,147,84,166,180,230223_162858
0,0,0,0,-0.23833688771510547,0.08295431712995316,0.40856014794873396,-0.38388132385951057,-0.9225850711559368,0.03836555319639405,0.9226880090411672,-0.3816503036248308,0.05467982913946675,-0.035804569031291006,0.05639000109301416,0.9977666062828588,180,106,75,170,180,106,75,170,230223_162859
0,0,0,0,-0.23584337734864325,0.0820422237863474,0.4090919953818317,-0.3836877757335064,-0.9223372539265206,0.04558158369299478,0.9226918509529701,-0.3808835278595972,0.05972843870560532,-0.03772848973463113,0.06497482762204589,0.99717342164632,180,180,81,97,180,180,81,97,230223_162859
0,0,0,0,-0.44427998446227157,-0.9573668888042036,0.7022811443267951,-0.9078467006860244,0.4147317398963711,0.06174100724825382,-0.4159871015807899,-0.9093308878011825,-0.0084892761250021,0.05262223267701104,-0.03339042397517545,0.9980561007352465,75,170,180,92,75,170,180,92,230223_162859
0,0,0,0,-0.4251569247013918,-0.9476261835184954,0.7372855496340414,-0.9042931621137128,0.4171855131066912,0.09060973793301358,-0.41867076223414734,-0.9081335903308813,0.002859189224522131,0.0834785589517492,-0.03535010278132657,0.9958823727874135,86,137,180,180,86,137,180,180,230223_162859
0,0,0,0,-0.4238478068065771,-0.9803178789545778,0.6826519125625288,-0.9053751654342221,0.41431678353942286,0.0929376817684927,-0.41942359034329946,-0.9067398682851847,-0.04366535383689548,0.0661790123716802,-0.07851378311934727,0.9947139911460967,147,84,166,180,147,84,166,180,230223_162900
0,0,0,0,-0.433997722932879,-0.9462570758883482,0.7284105002849157,-0.9086847594997048,0.4078108195507835,0.08934396068163886,-0.4100146681078426,-0.9120517116876392,-0.007046072953252068,0.07861284748296155,-0.04303499349326552,0.9959759081150785,180,106,75,170,180,106,75,170,230223_162900
0,0,0,0,-0.8389165902323842,-0.6613182178355996,-0.6878285803482445,-0.9096433399542495,-0.412164837556315,0.051663727692202954,0.41173193715924206,-0.9111015525808134,-0.019255461768800438,0.05500732678448794,0.0037560041278453245,0.998478886323099,180,180,81,97,180,180,81,97,230223_162900
0,0,0,0,-0.46406892252611126,-0.9668160944998787,0.6781161118186352,-0.9137391931918549,0.40371481310119595,0.04577156877106168,-0.40534619476693606,-0.9135079892750017,-0.03460658779349388,0.027841501630894473,-0.050174726839413174,0.9983523163560684,75,170,180,92,75,170,180,92,230223_162900
0,0,0,0,-0.23780541934442062,0.08328358551859838,0.40654373965733726,-0.3853676126930612,-0.9219149507334438,0.03955536248606817,0.9219297819127039,-0.38284429947105875,0.05895523373635525,-0.03920816636422799,0.05918670439099942,0.9974766431920536,86,137,180,180,86,137,180,180,230223_162901
0,0,0,0,-0.23532806985880184,0.08297835594380842,0.4084321048187509,-0.38771668366001133,-0.9208199475871012,0.04202853004056653,0.9209497560999068,-0.3850320921790303,0.0600152874837812,-0.039080941022511674,0.06197509272221116,0.9973122720245993,147,84,166,180,147,84,166,180,230223_162901
0,0,0,0,-0.45042360157563444,-0.9621435581174576,0.6881860813578282,-0.8875882824336708,0.4603475320032677,-0.016345967849784076,-0.460466407239882,-0.8876670155860902,0.004237598857669242,-0.01255900832233611,0.011288012180370224,0.9998574158803721,180,106,75,170,180,106,75,170,230223_162901
0,0,0,0,-0.24164997543672762,0.08951326375134872,0.4120459887181742,-0.3854249036368044,-0.9220594761411117,0.03541138397377877,0.9215232877788119,-0.3826640049794509,0.06605368554755801,-0.04735476467989974,0.05809115037133791,0.9971875172256449,180,180,81,97,180,180,81,97,230223_162901
0,0,0,0,-0.3310416425192024,-0.953922787829402,0.7691196941625638,-0.8729465989104938,0.46859081334693287,0.13559824887313487,-0.4711143945935268,-0.8819469959451349,0.01485676782230646,0.12655221316664325,-0.050913121984524044,0.9906525078716621,75,170,180,92,75,170,180,92,230223_162902
0,0,0,0,-0.8370399359211422,-0.6386346858993144,-0.6967425698374026,-0.8543121830541952,-0.5162620121846458,0.06020156692509334,0.5070374775430156,-0.8532614164853237,-0.1218931971205749,0.11429650148622879,-0.0736103926936973,0.9907158118428757,86,137,180,180,86,137,180,180,230223_162902
0,0,0,0,-0.3581950481835002,-0.9934604746555554,0.6766261268748961,-0.8505420078647968,0.5249564873047329,0.03160663370237349,-0.5257326333604107,-0.8502708852450853,-0.02538936636598857,0.013545887835351976,-0.03821136141534957,0.9991778624356815,147,84,166,180,147,84,166,180,230223_162902
0,0,0,0,-0.3415562631454404,-0.9605904787582933,0.7172308666354514,-0.8570773109803048,0.5096997708284698,0.07499751075985756,-0.5114171080584018,-0.8593214822962065,-0.004373974100436036,0.062217558518084616,-0.042103844024684395,0.9971741280891687,180,106,75,170,180,106,75,170,230223_162902
0,0,0,0,-0.2405885350909348,0.0851141639921058,0.41034481688970925,-0.38579972733778406,-0.92200752942806,0.03256817563292265,0.9216534947251595,-0.3835871540312759,0.05844425483387292,-0.04139330920561955,0.05256435046827409,0.9977592810958243,180,180,81,97,180,180,81,97,230223_162903
0,0,0,0,-0.31606200133978807,-0.7193510468685719,0.24170563061884365,-0.11120948983726667,-0.9548829450953085,0.2753743098697594,0.9615479578321563,-0.1734035191216924,-0.21297122891372872,0.25111346869283196,0.241101183577195,0.9374498627226578,75,170,180,92,75,170,180,92,230223_162903
0,0,0,0,-0.39065292960256176,-0.9127813685768982,0.70010648444468,-0.8687913203255984,0.4942754587227048,0.029890008888650597,-0.494504289150596,-0.8691751350619839,-0.00030430518509771314,0.025829241927840915,-0.015045115301730135,0.9995531475449371,86,137,180,180,86,137,180,180,230223_162903
0,0,0,0,-0.40478326962703437,-0.8881929733461669,0.7130828162721865,-0.8735267269214861,0.48608243643664084,0.025979267534988405,-0.4858378830192203,-0.8739125320441906,0.015441429969878486,0.030209415373979445,0.0008667894389865673,0.9995432156234321,147,84,166,180,147,84,166,180,230223_162903
0,0,0,0,-0.3362159687682386,-0.9071555157021163,0.7177480158374177,-0.8732203316686541,0.4683342690131085,0.1347192073478905,-0.47433199624138694,-0.8802262822908055,-0.014520651024289812,0.11178286855394251,-0.07658135825685729,0.9907774148946811,180,106,75,170,180,106,75,170,230223_162904
0,0,0,0,-0.4474482268336841,-0.8398507043317566,0.7565487603838545,-0.879538784811331,0.4754045916137658,-0.020049944766912787,-0.47548985392144094,-0.8765481872199193,0.07465034694654597,0.017914374964651692,0.07519142074746162,0.9970081872359946,180,180,81,97,180,180,81,97,230223_162904
0,0,0,0,-0.8063297591027253,-0.5808279906484809,-0.6920180972697709,-0.883079527010856,-0.4606823809113529,0.0891195427060206,0.4673570018540232,-0.8804800654937881,0.07957566893262037,0.04180887217208032,0.11192228636827828,0.9928370561284444,75,170,180,92,75,170,180,92,230223_162904
0,0,0,0,-0.4234901801909169,-0.8773024829040573,0.7210205945353274,-0.8812315160442415,0.4721887410056379,0.02165197445680874,-0.4719677118484837,-0.8814932201695436,0.01470312101680296,0.026028716888738767,0.002737820782837382,0.9996574464457749,86,137,180,180,86,137,180,180,230223_162904
0,0,0,0,-0.23412045002297527,0.08042689784752344,0.4069758699981425,-0.3851690007513523,-0.9217705243669898,0.04454145561619255,0.9222761626597293,-0.3827865698044926,0.05367608188901206,-0.03242715913937877,0.06175388559041918,0.9975645026586677,147,84,166,180,147,84,166,180,230223_162905
0,0,0,0,-0.8056830396715005,-0.5782248110766781,-0.6892999153667909,-0.8740019774095252,-0.4771315440012599,0.09201104935393901,0.4516334246016343,-0.8675010694253993,-0.2084925522132359,0.1792980570637597,-0.1406676375886175,0.9736862032854312,180,106,75,170,180,106,75,170,230223_162905
0,0,0,0,-0.804357068164622,-0.5729981603969407,-0.7051126402608896,-0.8809964818629027,-0.46098395848217744,0.10648468888666693,0.45121402552618395,-0.8863395645917328,-0.10396191325574074,0.14230636708750657,-0.043542694696587496,0.9888644657509519,180,180,81,97,180,180,81,97,230223_162905
0,0,0,0,-0.8087555349629431,-0.5775051920480484,-0.6863737222672299,-0.8883812463709129,-0.45604680066769065,0.05291575093700824,0.4499356543553612,-0.8877553061841484,-0.09720300037396587,0.09130535601089539,-0.06254463959966797,0.9938568810553516,75,170,180,92,75,170,180,92,230223_162905
0,0,0,0,-0.8073600254548681,-0.57553403206212,-0.6934715249547694,-0.8730225726467509,-0.46258146727902416,0.15443436722191722,0.4338228451655675,-0.881300568494118,-0.18736874601810544,0.22277640508299096,-0.09657998810276584,0.9700736978376275,86,137,180,180,86,137,180,180,230223_162906
0,0,0,0,-0.24050199396951488,0.08422969141966208,0.4099825969336568,-0.3875530679183679,-0.9211457885749355,0.03595908421694198,0.9208393916022732,-0.38501098051056826,0.06181714778154687,-0.043097963068059346,0.057069966505605356,0.9974395142074699,147,84,166,180,147,84,166,180,230223_162906
0,0,0,0,-0.807953073038096,-0.5810535472291547,-0.6827815923126086,-0.8973117991356068,-0.4376076831257874,0.05771525622659643,0.4380241946976545,-0.89894382999158,-0.005898760847951029,0.05446411654926693,0.019987650921278136,0.9983156584062763,180,106,75,170,180,106,75,170,230223_162906
0,0,0,0,-0.23805990840401903,0.08208947820726908,0.40552462315848015,-0.3853269648464126,-0.9218979741357906,0.040339254412752795,0.9221473260747615,-0.38307599660904196,0.053824621086983125,-0.03416780905208532,0.05793881347002491,0.9977352628419354,180,180,81,97,180,180,81,97,230223_162906
0,0,0,0,-0.8072492030195684,-0.5666210464149042,-0.7085615051028793,-0.9022877309522425,-0.4283764670053255,0.04868729905314134,0.4257538260354819,-0.9031129000688463,-0.055863846496519896,0.0679008850399087,-0.02967645944640067,0.9972506092078977,75,170,180,92,75,170,180,92,230223_162907
0,0,0,0,-0.23664306749805408,0.08189753582623271,0.4045373283428264,-0.3810433409373667,-0.9233408148259294,0.04741004117144776,0.9240197522733737,-0.37857267839482966,0.053574476960748046,-0.03151935494172594,0.06422201218860703,0.9974377491425236,86,137,180,180,86,137,180,180,230223_162907
0,0,0,0,-0.45263840042160275,-0.8637337011646737,0.7134308180418014,-0.9058013847935776,0.42005943652785255,0.05544295347418024,-0.42042635880135204,-0.907310368047595,0.00543809326652638,0.052588288915627106,-0.01838384663888619,0.9984470471946344,147,84,166,180,147,84,166,180,230223_162907
0,0,0,0,-0.24065265647355377,0.08485598795117955,0.41115278518401555,-0.38421980417632473,-0.9226752411216071,0.03233483415591342,0.9220838699253463,-0.38174912269107963,0.06347396433252722,-0.04622206077407734,0.054203383158017586,0.9974595301825647,180,106,75,170,180,106,75,170,230223_162907
0,0,0,0,0.576729608170172,-0.4805762800304788,-0.28438217137102106,-0.028180532303426917,0.9980547806794614,0.05561036200176797,-0.9923492780938968,-0.03462256209182994,0.11850817887690071,0.12020302768906287,-0.05184527902393389,0.9913946233348822,180,180,81,97,180,180,81,97,230223_162908
0,0,0,0,-0.23942828844132746,0.08298930117390557,0.4085396430492798,-0.3842497867278944,-0.9224094363386284,0.038896441392766504,0.9223175626172586,-0.38165774435936783,0.06056137265848111,-0.041017253532233615,0.05914556554783135,0.9974063299321394,75,170,180,92,75,170,180,92,230223_162908
0,0,0,0,-0.4852382726202771,-0.8547420954067342,0.701292293823286,-0.914266689172184,0.403868404103089,0.03172905982466698,-0.4039306200383028,-0.9147775016167894,0.004709217686340487,0.030926934306614872,-0.008510857945528508,0.9994854126156245,86,137,180,180,86,137,180,180,230223_162908
0,0,0,0,-0.4718100125722189,-0.8645256778074435,0.7051026963878222,-0.915512303829094,0.3982674889833534,0.05674705945191525,-0.39995505380480123,-0.9162734598228348,-0.021883824169696316,0.04328020879736032,-0.04273118349854448,0.9981487211248987,147,84,166,180,147,84,166,180,230223_162908
0,0,0,0,-0.4773598290236203,-0.8816072867595798,0.6786121585218492,-0.9178529049486575,0.39281845624712164,0.05691840922705857,-0.39570837005285703,-0.9167915729027488,-0.05392678114458926,0.03099888300280339,-0.07201994366933266,0.9969213594694641,180,106,75,170,180,106,75,170,230223_162908
0,0,0,0,-0.23958868847877635,0.08573939956560728,0.41102884247361793,-0.383429555868025,-0.9229486555717625,0.03387557918509265,0.9225919824914025,-0.38107808177262686,0.060029404753668025,-0.042494817677379275,0.05427038576213996,0.9976216295268435,180,180,81,97,180,180,81,97,230223_162909
0,0,0,0,-0.4793267792556539,-0.8196285610029327,0.7547189522808622,-0.9220974143337886,0.37975705853985997,0.07430299434138117,-0.37959570744639015,-0.9249993104014366,0.01683373532942493,0.07512294833948034,-0.01268275388155966,0.9970936216759003,75,170,180,92,75,170,180,92,230223_162909
0,0,0,0,-0.8085053140604231,-0.5758778709579773,-0.6884031755785083,-0.9225821783698063,-0.38100555776576134,0.06063735734696839,0.3806728168672779,-0.9245460352045839,-0.017402163251018496,0.06269234923620834,0.007028067948186524,0.998008154078994,86,137,180,180,86,137,180,180,230223_162909
0,0,0,0,-0.23760653378238006,0.08461340432208564,0.4097357788821905,-0.3841103246013137,-0.9224062836022657,0.04032253099358715,0.9224657414366184,-0.3815605675044329,0.058893880849236045,-0.03893859795193026,0.059817901139631584,0.99744954974815,147,84,166,180,147,84,166,180,230223_162909
0,0,0,0,0.5730745348712077,-0.4829997711961098,-0.288947792042187,0.019118815233697514,0.9962199752162885,0.08473624893819748,-0.9924819483904594,0.00866287295958383,0.1220841379998337,0.12088859757287308,-0.08643330152286538,0.9888959658956658,180,106,75,170,180,106,75,170,230223_162910
0,0,0,0,-0.5016975823390825,-0.843860242009002,0.7005962239180914,-0.9254393550946676,0.3753309029566894,0.0518528044341024,-0.37666537473002915,-0.9261630748907853,-0.01857832576775148,0.04105113301056513,-0.03672426983022072,0.9984819139493645,180,180,81,97,180,180,81,97,230223_162910
0,0,0,0,-0.5174628787696618,-0.8353141993966873,0.7049460956615403,-0.9330198910426477,0.3575177766970039,0.0406807357897789,-0.3582659487802376,-0.9335339872148192,-0.012641386767295665,0.03345732899325435,-0.0263691877090535,0.9990922245099307,75,170,180,92,75,170,180,92,230223_162910
0,0,0,0,-0.4906969155190737,-0.8558366548455357,0.6943511528264623,-0.9303508126751521,0.35891916660505996,0.07499598121374507,-0.36253396229823626,-0.9310452607147023,-0.04151925674952985,0.05492259585110348,-0.06581606448445654,0.9963191025573856,86,137,180,180,86,137,180,180,230223_162910
0,0,0,0,-0.5132028305376116,-0.8145606032669184,0.7260102115870379,-0.9329925008614915,0.3563488769854917,0.05040308728042295,-0.3560321500835441,-0.9343462458097126,0.015433763254101052,0.052593739580941365,-0.003545534159149576,0.9986096974015516,147,84,166,180,147,84,166,180,230223_162911
0,0,0,0,-0.23517463947745176,0.0817363341962144,0.40648986835853407,-0.3820986573037266,-0.9227123609219465,0.05101485164671208,0.9235025615060355,-0.37924031943685405,0.05761769697952153,-0.0338176725763368,0.06912799082339714,0.997034445696958,180,106,75,170,180,106,75,170,230223_162911
