0,0,0,0,0.19757024061419035,0.0017575113256888542,-0.03738216655695087,0.9987288344904319,0.05039289836595364,0.001127364919201003,-0.04954401289079434,0.985531145660192,-0.16209180028732253,-0.009279328858230821,0.1618299005993237,0.986775038865472,180,180,81,97,180,180,81,97,230221_172542
0,0,0,0,0.19746104402839226,0.0019281476152781807,-0.037775043365426086,0.998720546955421,0.05043495435984851,0.003685711299704583,-0.04915053060393181,0.9852600963234002,-0.16384983348833998,-0.011895143144020421,0.16345904065399644,0.9864784070612281,75,170,180,92,75,170,180,92,230221_172542
0,0,0,0,0.19753586386404925,0.0018916293416139651,-0.0378484781134128,0.9987097951886236,0.05059516813071417,0.004344416660600872,-0.04920882290003999,0.9853602528244251,-0.16322886969704925,-0.01253940760517298,0.16280448739395503,0.9865786649534354,86,137,180,180,86,137,180,180,230221_172542
0,0,0,0,0.19750394994031958,0.001969205639247573,-0.03784426449153383,0.9987101827296984,0.05057452296250533,0.004493165824603145,-0.04914749911513568,0.9851473351381341,-0.1645273576064553,-0.01274732296366956,0.16409431951578904,0.9863622864140286,147,84,166,180,147,84,166,180,230221_172543
0,0,0,0,0.19754477667334502,0.0017135826195256998,-0.036921639345689206,0.9987255451515782,0.05046962007397533,-0.0003207978640190504,-0.04984260087439604,0.9852782354648435,-0.16353138493072097,-0.007937291714222932,0.16333896096422462,0.9865380799702416,180,106,75,170,180,106,75,170,230221_172543
0,0,0,0,0.19752753353492597,0.0017215892145396317,-0.03736927394884609,0.9987062367927854,0.05070073682413146,0.003909971442792509,-0.0493640645609767,0.9850872383833092,-0.16482209167573433,-0.012208264463592274,0.16441583883505442,0.9863155632042679,180,180,81,97,180,180,81,97,230221_172543
0,0,0,0,0.1974972736481596,0.0019286683799770998,-0.037753348150293575,0.9987498734338263,0.04990619919431593,0.0028392953161802442,-0.04879486929159044,0.9856892923638786,-0.16135575493304535,-0.010851315437855625,0.16101549677336544,0.9868922224600286,75,170,180,92,75,170,180,92,230221_172543
0,0,0,0,0.1975211099731373,0.0017572533955466652,-0.03699691760145857,0.9987561728384778,0.049808508858387154,0.0022846580356447516,-0.04876159970675248,0.9852792759340352,-0.16385070890582684,-0.010412185701105858,0.16353550336305436,0.9864825013798867,86,137,180,180,86,137,180,180,230221_172544
0,0,0,0,0.19752451509920033,0.0017833295101246927,-0.03734441262354177,0.998747512755727,0.04999489575235744,0.0019789297507836817,-0.049024255912634714,0.9857310696263137,-0.1610306824973964,-0.010001404724343705,0.16073197806309678,0.9869474165990123,147,84,166,180,147,84,166,180,230221_172544
0,0,0,0,0.19748304776631548,0.0017234890293294225,-0.03693400651186385,0.9987557559083963,0.0497727763796733,0.003100124401901994,-0.048597575497732755,0.9853542634295596,-0.16344800762607278,-0.01118998192985182,0.16309397987862587,0.9865470784669934,180,106,75,170,180,106,75,170,230221_172544
0,0,0,0,0.19755364784506996,0.001561985465326765,-0.03668092652180405,0.9987209973118961,0.05030539049940794,0.005073185886115624,-0.04877715020696935,0.9850453496299348,-0.16524663019294705,-0.013310114425493885,0.1647878237587345,0.9862392275684638,180,180,81,97,180,180,81,97,230221_172544
0,0,0,0,0.19751459217940187,0.0017496360229240226,-0.037455997593756285,0.9987192479050857,0.05025184787279198,0.005883506545252614,-0.04862815354199845,0.9854893729087496,-0.1626222572928314,-0.013970202109994929,0.1621278744364761,0.9866708599040088,75,170,180,92,75,170,180,92,230221_172545
0,0,0,0,0.19756798915497997,0.0016620048710393742,-0.03721655082833131,0.9987025312869919,0.05050081123737807,0.00655149336578352,-0.04873046719263393,0.9850939518059546,-0.16497044487578777,-0.014784977786348689,0.1644371435524664,0.9862767513493172,86,137,180,180,86,137,180,180,230221_172545
0,0,0,0,0.19748281231883585,0.0018238450403154083,-0.03750375980745224,0.998719002043685,0.050325333562918385,0.00526457582781025,-0.048802551375086475,0.9854992959061845,-0.16250984200255605,-0.013366597777587535,0.1620447424947647,0.9866928779988521,147,84,166,180,147,84,166,180,230221_172545
0,0,0,0,0.19747567859452422,0.0017617006906077703,-0.03733109189717415,0.9987226553575193,0.05026602935091869,0.005136532772085239,-0.048745309790030514,0.9852622399880474,-0.16395796176828364,-0.013302347503358158,0.16349814906300497,0.9864539537169849,180,106,75,170,180,106,75,170,230221_172545
0,0,0,0,0.19752097978065247,0.0018288865379188224,-0.03727650578000241,0.998758871870217,0.04958517959709039,0.004693167891237965,-0.04816088398139364,0.9854805069932704,-0.1628149243479145,-0.012698232737739741,0.16238682305104252,0.9866454654964606,180,180,81,97,180,180,81,97,230221_172545
0,0,0,0,0.197479545838945,0.0016341856353901674,-0.03728420092986129,0.9986981426923408,0.05051281318898016,0.007104610235863283,-0.04866870294022927,0.9852836399558327,-0.16385208631415457,-0.015276686060270344,0.1632930021131362,0.986459334348809,75,170,180,92,75,170,180,92,230221_172546
0,0,0,0,0.19756739512093474,0.0016720180632518455,-0.03739923525650474,0.9987023467829284,0.05021612208892077,0.008483136956455273,-0.048163888838688065,0.9854367039750773,-0.1630789449029842,-0.01654878672911909,0.16245874412012004,0.9865765525881443,86,137,180,180,86,137,180,180,230221_172546
0,0,0,0,0.19751823826323936,0.0018184297242255232,-0.03756873950932227,0.9987281868992346,0.05016152082223746,0.005082373635247844,-0.04867222649485214,0.9855278843060455,-0.16237550191849617,-0.013153823056504541,0.1619216201872065,0.9867159499344015,147,84,166,180,147,84,166,180,230221_172546
0,0,0,0,0.1975189491532864,0.0017992033516850137,-0.0375285248956056,0.9987136951341246,0.050008614817872346,0.008372191800326062,-0.0479582657393053,0.985258312259336,-0.1642134673867001,-0.016460859601549405,0.1636007230053777,0.9863892961368222,180,106,75,170,180,106,75,170,230221_172546
0,0,0,0,0.19749621525105437,0.0017719064484983116,-0.03742987038885831,0.9987285481033504,0.050280670841658257,0.003625099045017946,-0.0490286441345634,0.9855492081437225,-0.16213867639032423,-0.011725154911544081,0.16175479117167646,0.9867613228513304,180,180,81,97,180,180,81,97,230221_172547
0,0,0,0,0.19750203720414114,0.0018571650585696708,-0.037699921317249696,0.9987247191969336,0.05010610695241311,0.006189774719601313,-0.04845128842610107,0.9856875032299299,-0.16147017875198658,-0.014191825635091842,0.16096435637252468,0.9868581803190983,75,170,180,92,75,170,180,92,230221_172547
0,0,0,0,0.19749733358416255,0.0016795621963987262,-0.037313205286669815,0.9987287772522555,0.04994367727610072,0.006816053723171594,-0.048181652495289634,0.9856075129679263,-0.16203813978197298,-0.01481073431804158,0.16150374448080076,0.9867609551799467,86,137,180,180,86,137,180,180,230221_172547
0,0,0,0,0.1975357396108916,0.0016319841614106378,-0.03733139098267929,0.998694555782994,0.050367383781636736,0.008503581621992674,-0.04829611159990788,0.9852951819125136,-0.16389292267915562,-0.01663339573682434,0.16326827968402116,0.9864414828033554,147,84,166,180,147,84,166,180,230221_172547
0,0,0,0,0.19751702415493608,0.0017042967689025745,-0.037137967549351114,0.9987339077062916,0.0499223736723937,0.006191785254255312,-0.048238811923941506,0.9853451620863701,-0.16360907241700567,-0.014268798894353656,0.16310324386688455,0.9865058201643883,180,106,75,170,180,106,75,170,230221_172548
0,0,0,0,0.19755381614967538,0.0017912518101433905,-0.03729068104291344,0.9987247470428323,0.049796487439393085,0.008318021575423861,-0.04775752993392284,0.985264747391442,-0.16423335800709807,-0.016373697775436392,0.16362667076725437,0.9863864428482293,180,180,81,97,180,180,81,97,230221_172548
0,0,0,0,0.19758374318523148,0.0017242091134855309,-0.037305367158670055,0.9987302823011975,0.04992570580327287,0.006726597551275177,-0.048161456995387895,0.9854218391939392,-0.16316946068341465,-0.014774886620653974,0.16263831879258972,0.9865751263769359,75,170,180,92,75,170,180,92,230221_172548
0,0,0,0,0.1975692373675986,0.0016537511230028668,-0.03710920623702757,0.9987265798078787,0.05027014245786176,0.004258117250879988,-0.04889980325949703,0.9853441372043437,-0.16341891114008486,-0.01241080281200403,0.16300258910304083,0.9865475801598557,86,137,180,180,86,137,180,180,230221_172548
0,0,0,0,0.19749430897789688,0.0019070041879163946,-0.0380549564516392,0.9987138657151268,0.049882589861106386,0.00907423038584045,-0.047761462693938224,0.9856729668383842,-0.1617641651459095,-0.017013439090384108,0.1611227161910019,0.9867877244967895,147,84,166,180,147,84,166,180,230221_172548
0,0,0,0,0.19748855965843667,0.0016812088184598728,-0.03747589729140244,0.9986960713244564,0.05047542933652917,0.007641214196061987,-0.04854964109543866,0.9853460422579954,-0.16351180188600817,-0.015782568567921054,0.162927615951987,0.986511785276588,180,106,75,170,180,106,75,170,230221_172549
0,0,0,0,0.19751997604062266,0.0016489862930390564,-0.03742229353754667,0.998696039936814,0.050795181814575825,0.005105812271223555,-0.049311276449860164,0.9857107473939035,-0.16106744080365232,-0.013214303969950656,0.16060564117295748,0.9869301951982283,180,180,81,97,180,180,81,97,230221_172549
0,0,0,0,0.19752884973475027,0.0017409186385934083,-0.03757347870599059,0.9987220410859904,0.05012221167234494,0.006484485030174375,-0.048414536577164984,0.9856311746457411,-0.1618246588578999,-0.014502320402344131,0.16130391025492874,0.9867982221505154,75,170,180,92,75,170,180,92,230221_172549
0,0,0,0,0.19750219768822624,0.0017892753989401378,-0.037299277138290066,0.9987323190594394,0.04971874125061999,0.00786140156769637,-0.04777796863206655,0.9854948073612413,-0.16284118145427198,-0.015843628989216478,0.16225914899469843,0.9866209748368258,86,137,180,180,86,137,180,180,230221_172549
0,0,0,0,0.19754682276694469,0.0017891912983872826,-0.0376616291079479,0.9987089012138325,0.05051816904658649,0.005333407207350319,-0.04899003524487853,0.9855908736167422,-0.16189690018679667,-0.013435292440601099,0.16142659148841826,0.9867932653182565,147,84,166,180,147,84,166,180,230221_172550
0,0,0,0,0.197530362334415,0.0016273193223377558,-0.03701971096690926,0.9987152024002895,0.050391721626435224,0.005349662239118427,-0.048836293391378495,0.9852799611710451,-0.16382434056810802,-0.013526305568779231,0.16335260177391756,0.9864750207437348,180,106,75,170,180,106,75,170,230221_172550
0,0,0,0,0.19756081364287978,0.0016512134590024319,-0.03740178231069036,0.9987163545662968,0.05012396086439024,0.007296003637017011,-0.04826599562120487,0.9854330179238923,-0.16307103008230645,-0.015363488812770644,0.16250955581957557,0.986587354205812,180,180,81,97,180,180,81,97,230221_172550
0,0,0,0,0.1975269211688735,0.0016844977465172994,-0.03754146379525242,0.9986910541633562,0.050646919264844964,0.007146181012684521,-0.048803447915507475,0.9853755901643867,-0.16325798534757008,-0.015310186336035248,0.16269553121450353,0.9865575311745315,75,170,180,92,75,170,180,92,230221_172550
0,0,0,0,0.19754969355275237,0.001706802338750174,-0.037253081165087965,0.9987195995263926,0.050009719996260124,0.007628199508198058,-0.04808383697810063,0.9852807639206488,-0.1640419485052745,-0.01571961015116625,0.1634651160151287,0.986423869187509,86,137,180,180,86,137,180,180,230221_172550
0,0,0,0,0.19753525433740765,0.0018196969301169097,-0.037421043355591155,0.998733999654061,0.04979904843906317,0.007103007079128933,-0.04797369986014308,0.9854140903703834,-0.16327153646988657,-0.015130170413158395,0.16272407711851472,0.9865556003942182,147,84,166,180,147,84,166,180,230221_172551
0,0,0,0,0.19754423927631976,0.001744856381113019,-0.03713809734283091,0.9987335528440756,0.05016601168600702,0.003829059279898333,-0.04887395049833014,0.9854401746826225,-0.16284655072849508,-0.011942670812524727,0.16245317292377168,0.9866439779479033,180,106,75,170,180,106,75,170,230221_172551
0,0,0,0,0.1975309274553072,0.00169570708763786,-0.037410342957299336,0.9987029490935811,0.05044958876178221,0.006874479293160868,-0.04864698530357932,0.9853182249256938,-0.16365043981044988,-0.015029647123547672,0.1631037541660136,0.9864944374320082,180,180,81,97,180,180,81,97,230221_172551
0,0,0,0,0.19749765806339617,0.0018165789189325265,-0.0373917025384341,0.9987483297918114,0.04979933321099005,0.004669063054535859,-0.04838788276749892,0.9856202908903892,-0.16189890359858694,-0.012664380732797234,0.16147033348849765,0.9867963036330082,75,170,180,92,75,170,180,92,230221_172551
0,0,0,0,0.19755040265083323,0.0017870302678056615,-0.036985140647292636,0.998745648044073,0.04989976459715739,0.004140532112406396,-0.04854383950907985,0.9852316781710854,-0.1642012057626342,-0.012272984915752249,0.16379424233267303,0.9864181770526753,86,137,180,180,86,137,180,180,230221_172552
0,0,0,0,0.19752806612896934,0.001782428008074488,-0.03725253685352603,0.9987405371710378,0.04988606643755799,0.0053590845015302506,-0.048347285936167585,0.9854427369197292,-0.16298819648907065,-0.013411910897163596,0.16252382172328136,0.9866134643407952,147,84,166,180,147,84,166,180,230221_172552
0,0,0,0,0.19755381472906147,0.0016750037034825582,-0.036982718988612606,0.9987323539298867,0.04997703571292641,0.005998426044866584,-0.048317350787886265,0.9852606654692523,-0.16409404221947374,-0.014110947045014451,0.16359620099634037,0.9864264616245135,180,106,75,170,180,106,75,170,230221_172552
0,0,0,0,0.19753359931593611,0.0016962354169984817,-0.037284626571109925,0.9987317250258196,0.05006537374464873,0.005329144280082033,-0.04853379429395408,0.9854910000112093,-0.16264058444416307,-0.013394485372027169,0.16217566786887422,0.9866709889891884,180,180,81,97,180,180,81,97,230221_172552
0,0,0,0,0.1975871270575908,0.0017365606372315157,-0.037332815986586,0.9987298772830061,0.05003469424451399,0.005929721252245129,-0.04839801481152331,0.9854031696630797,-0.16321220965436328,-0.014009439124208486,0.16271792338219632,0.9865731665850286,75,170,180,92,75,170,180,92,230221_172553
0,0,0,0,0.19754147130399358,0.0016902218846987227,-0.037269668382982124,0.9987168411332416,0.050334470733718516,0.005577839438012872,-0.04875268778670311,0.9854051434115296,-0.16309469265330323,-0.013705716705524144,0.16261348158765826,0.9865946528010012,86,137,180,180,86,137,180,180,230221_172553
0,0,0,0,0.1975112911728358,0.001751088798388839,-0.03738398263695647,0.9987190137799028,0.05016885892504685,0.006589166006257232,-0.04841065577392472,0.9852640165321865,-0.16404641457344685,-0.014722089594817384,0.16351728752955597,0.986430614263841,147,84,166,180,147,84,166,180,230221_172553
