0,0,0,0,-0.16814124793500268,0.06617305893125335,-0.2174545097686471,0.9287138863601295,-0.3706356248323969,0.01094307484045954,0.3690570497235039,0.9268087402811208,0.06944388373287924,-0.03588051464581234,-0.06045488022997976,0.9975258373220869,162,162,83,96,162,162,83,96,230201_173031
0,0,0,0,-0.1697370435308379,0.06664443462216221,-0.2150601276179892,0.9293060794282179,-0.36914205342359896,0.011151463220786834,0.36819248002882804,0.9284181466170219,0.04973974952122937,-0.028714254090552897,-0.04211756672010347,0.9986999560356457,162,146,151,89,162,146,151,89,230201_173031
0,0,0,0,-0.16990242732533528,0.0667058645034481,-0.21710593482304053,0.9280639141372637,-0.3714201136333152,0.027284986069921104,0.3695166923096608,0.9274837400502333,0.05684475390884797,-0.04641966588363112,-0.042673307008542626,0.9980101219367501,88,112,162,162,88,112,162,162,230201_173031
0,0,0,0,-0.16888499577544883,0.0668280679726516,-0.21626974820007527,0.9279160816439616,-0.3727395873894295,0.006078274366524968,0.3715669671618384,0.9260701961087625,0.06581778477913758,-0.03016180267607264,-0.05881489498279563,0.9978131457279426,154,162,123,162,154,162,123,162,230201_173031
0,0,0,0,-0.1684231488630763,0.06764146606033064,-0.21628882066959676,0.9279191696303387,-0.3727660647777261,0.0033875629396634193,0.37194302915406074,0.926403075737121,0.05861505206431399,-0.02498795102131316,-0.05313005001812895,0.9982749120802484,162,162,114,98,162,162,114,98,230201_173032
0,0,0,0,-0.16872562651996303,0.06683913817968226,-0.21614388300979748,0.9269297904937638,-0.3749653502662303,0.014217932160173034,0.37380148324800055,0.9260346691463026,0.05227085861829959,-0.032766058914417695,-0.04313673189779741,0.9985317259578659,111,154,162,122,111,154,162,122,230201_173032
0,0,0,0,-0.16901320928891453,0.06763568734604408,-0.21576244235061992,0.9285862245220843,-0.37093230213990674,0.011698327103066411,0.369717883566086,0.9273607226419682,0.05753934890473568,-0.032191772228866704,-0.04910516602309793,0.998274697901639,130,156,151,162,130,156,151,162,230201_173032
0,0,0,0,-0.16945679728416657,0.06537125130116232,-0.21777194713456982,0.9278402860006483,-0.3728134321499035,0.011070161825588324,0.37133797031588106,0.9261341939618805,0.06620850833737638,-0.03493587663015159,-0.05732014988804524,0.9977443986016132,162,162,44,138,162,162,44,138,230201_173032
0,0,0,0,-0.16829862292441272,0.0684532800904458,-0.21635669071506447,0.9286560434412159,-0.37093836254247853,-0.0016383450220367355,0.37044364319121265,0.9271705423970307,0.0559132589858352,-0.01922134748990397,-0.052531100364457246,0.9984342859172914,162,162,160,96,162,162,160,96,230201_173032
0,0,0,0,-0.16974775456332522,0.06814321546403043,-0.21619689317821245,0.9251056661592794,-0.37864587823730633,0.028404318930310105,0.37633328455266135,0.9242641638262024,0.06410159439871653,-0.050524898592689424,-0.04861125754957159,0.9975390620229604,42,106,162,162,42,106,162,162,230201_173033
0,0,0,0,-0.16881226252539916,0.06810220564842918,-0.21730303354512004,0.9205528882391224,-0.3905083218246218,0.00925367712461129,0.38905184960704786,0.9187240354501823,0.06771118817054762,-0.03494335805190766,-0.0587315696355039,0.9976620492211811,154,162,115,162,154,162,115,162,230201_173033
0,0,0,0,-0.17098676158561738,0.06774828497865222,-0.21512172530548612,0.9179166731802094,-0.3960652468872824,0.023691798283201972,0.39361149901584075,0.916500451972403,0.07139264231616779,-0.049989688339482044,-0.05620713248776933,0.9971668813780488,156,162,117,93,156,162,117,93,230201_173033
0,0,0,0,-0.16910575272256087,0.06830855377089981,-0.21734142651989052,0.9191677521748355,-0.3936586661896946,0.0127866295641718,0.39230104939929145,0.9179237763311369,0.05929441361713238,-0.035078911073112326,-0.0494853046846799,0.9981586420094699,105,153,162,162,105,153,162,162,230201_173033
0,0,0,0,-0.17075632065145463,0.0656030867192534,-0.21685151641852074,0.9192062550430042,-0.39319566284199686,0.021378293010873156,0.39092647751547666,0.917727650149233,0.07037364086722511,-0.047290060976463606,-0.05633055009326887,0.997291591892277,138,90,162,138,138,90,162,138,230201_173033
0,0,0,0,-0.16802965358681574,0.06853089110027578,-0.2178637988613531,0.9195672397571012,-0.3929326132540672,-0.00023023213570823407,0.39209982721953784,0.917579853817187,0.06561202148416483,-0.025569846693227708,-0.060424939471708634,0.9978451831972358,162,162,90,130,162,162,90,130,230201_173034
0,0,0,0,-0.1721713788019294,0.06802562957709793,-0.21588845412551527,0.9210147403517066,-0.3889553141371477,0.021109515848346326,0.38712403264928197,0.9199973807013113,0.06115392749516081,-0.04320684436795209,-0.0481516677509569,0.9979050984400095,162,154,160,95,162,154,160,95,230201_173034
0,0,0,0,-0.17089356562084473,0.06764500115105841,-0.2179111054255628,0.9214843715352355,-0.38832418623221937,0.008418990639986561,0.3870329251412054,0.9198159176431074,0.06437540296580659,-0.03274244757121602,-0.05606250117014341,0.9978902384979993,72,101,82,162,72,101,82,162,230201_173034
0,0,0,0,-0.17068436788656946,0.06814648300878068,-0.21729768375196112,0.9207623562790911,-0.3899313518419907,0.012256594553726446,0.38821173405751924,0.9189037349033478,0.07005408996434437,-0.03857891651447246,-0.059745015117215014,0.997467894405235,154,156,111,162,154,156,111,162,230201_173034
0,0,0,0,-0.16975864905799243,0.06858657066350718,-0.21667447395263661,0.9222118488399922,-0.38655004284104133,0.010216175346623465,0.3852828358973149,0.920794901160069,0.060777350720002024,-0.03290048969310983,-0.05211347596551835,0.9980990649232896,162,162,120,85,162,162,120,85,230201_173034
0,0,0,0,-0.1695872015029702,0.06855390006584351,-0.21686559550592754,0.9211855791209095,-0.38909375702782284,0.0048142560844529475,0.38814176717172855,0.919669372080895,0.05961723436338728,-0.027624217572284074,-0.053049922698387146,0.9982097015683699,93,148,146,162,93,148,146,162,230201_173035
0,0,0,0,-0.1702693943908226,0.06881430770128927,-0.21715861031575678,0.9215895988938003,-0.38784543066989335,0.01576493321424984,0.38651150696163744,0.9206505476382894,0.05487644412280767,-0.035797572501622806,-0.04448023203406701,0.9983686907957333,146,90,124,162,146,90,124,162,230201_173035
0,0,0,0,-0.1710993316411895,0.06806033332553378,-0.21630185113523348,0.9200104485314551,-0.3918117443203805,0.008020698571357657,0.3905071646339032,0.918283273316146,0.06526855534921647,-0.03293825985903624,-0.056915612624348653,0.9978354995073354,162,162,102,126,162,162,102,126,230201_173035
0,0,0,0,-0.17268591417172874,0.06876533987306749,-0.2182895700305857,0.9226021313100716,-0.3853110432189893,0.018458257653608996,0.3832710449736861,0.9210354176244903,0.06926085161229982,-0.043687680035583015,-0.05682569361456611,0.9974278054868593,129,154,162,107,129,154,162,107,230201_173035
0,0,0,0,-0.17110352295425552,0.06930069506060671,-0.21644573106955034,0.9234758412716274,-0.38365111036902466,0.002048438496871471,0.38297399797582277,0.9221380555408607,0.05470213339290385,-0.022875477308142163,-0.049731599973610166,0.9985006161750676,96,96,18,82,96,96,18,82,230201_173035
0,0,0,0,-0.1706557773965875,0.06975917359803796,-0.2173873868847206,0.9200356476760119,-0.3918332208453889,0.0010649165746355852,0.3909640405662989,0.9181690787841441,0.06413003780406476,-0.02610605273601833,-0.058585576779664215,0.9979409823250763,154,156,111,162,154,156,111,162,230201_173035
0,0,0,0,-0.17048851947416413,0.07082743726537068,-0.21554279959340406,0.9231901012134559,-0.3843012983491087,-0.005705182615751571,0.3839777397378288,0.9215620148575699,0.057310977635033414,-0.016767003528297696,-0.05509959036911644,0.99834007368924,162,162,120,85,162,162,120,85,230201_173036
0,0,0,0,-0.1714499566577325,0.07027777897010117,-0.21816444062071905,0.9217634495590978,-0.38759151810551207,0.011178468123039416,0.38656248904882146,0.9208092296930187,0.0517668288823084,-0.030357620415526053,-0.04339559430189706,0.9985966339207698,93,148,146,162,93,148,146,162,230201_173036
0,0,0,0,-0.17163727226049913,0.06754636532186598,-0.21822742816085872,0.9217569839660459,-0.3873650911279544,0.017673389184051442,0.3855348095434148,0.9203805060831421,0.06528885549970674,-0.041556866341705356,-0.05336675179894474,0.9977098860201233,145,86,160,162,145,86,160,162,230201_173036
0,0,0,0,-0.17274091588316828,0.06857316928290787,-0.21576959100027038,0.92132580800927,-0.38877509172047675,0.0035613977312887184,0.387973610213081,0.9199431141318043,0.056401635966589016,-0.025203834515679265,-0.05058255449474955,0.9984018088457632,162,162,53,130,162,162,53,130,230201_173036
0,0,0,0,-0.1760914341671408,0.0674287108568693,-0.21574050581576254,0.9208042273927467,-0.3891716508189705,0.025787613586463396,0.38635390299043043,0.9191914220109277,0.07627444752727709,-0.05338760586230495,-0.06027068856722372,0.9967533333979496,78,154,162,92,78,154,162,92,230201_173036
0,0,0,0,-0.17337501416607465,0.07134479171214919,-0.21717272552592026,0.9196429618810253,-0.39243084547592655,0.01596415302308278,0.3909435432067677,0.918543704564117,0.05865670320233662,-0.03768247188857432,-0.047702141720034015,0.9981505582765,116,90,162,82,116,90,162,82,230201_173037
0,0,0,0,-0.1720476659859606,0.0707284201543252,-0.21776693937223346,0.9138210668208604,-0.4061160122576104,-0.0009178356936846124,0.40557322196501483,0.9124781272637451,0.053796179140946136,-0.02100998475250795,-0.04953233139298771,0.9985515152897595,162,139,108,154,162,139,108,154,230201_173037
0,0,0,0,-0.17341629860179952,0.07209919054038329,-0.2169835794681526,0.9140704010925137,-0.4055548884100605,-0.0007309810360193687,0.4048286622050833,0.9123227472987522,0.06148950331966908,-0.024270478030193967,-0.0565016570372984,0.9981074624749708,162,130,132,92,162,130,132,92,230201_173037
0,0,0,0,-0.17270635457835998,0.07069506709287152,-0.2189126804409598,0.9132415996528858,-0.40738884317460206,0.004910307556298582,0.4063499652005224,0.9116527214809345,0.0613923545560853,-0.029487055549376594,-0.05407074877663069,0.9981016319402362,71,136,162,138,71,136,162,138,230201_173037
0,0,0,0,-0.17466457283484818,0.07121193828451602,-0.2149223280567325,0.9126615823142659,-0.40847620870718876,0.014000824540800174,0.40702335626570185,0.9114627461334283,0.05972980717458225,-0.037159435165574815,-0.04881443773219657,0.9981163895293299,160,95,162,162,160,95,162,162,230201_173037
0,0,0,0,-0.17621001166727773,0.06749796464738746,-0.2164709272700014,0.910995000312756,-0.4118198715397064,0.022192404335275088,0.4088785607065634,0.9089035853151174,0.08193042899836098,-0.053911334612392295,-0.06556421284776075,0.9963909383339274,162,153,93,102,162,153,93,102,230201_173038
0,0,0,0,-0.17327815377395767,0.07219513191762247,-0.21901943260759582,0.9139908377186851,-0.4057118211314359,0.004320504659304551,0.4046364072390256,0.9122477969510245,0.06382268323014123,-0.029834987899962577,-0.05658511422817057,0.9979519018193181,115,162,154,162,115,162,154,162,230201_173038
0,0,0,0,-0.17637468008520385,0.06981119321244679,-0.21685717521107595,0.91402389920646,-0.40521651450705093,0.01897071559469332,0.4030872243563785,0.9124914419286282,0.06985741168753994,-0.045617992503928693,-0.05620449072599705,0.9973765858401444,117,86,156,162,117,86,156,162,230201_173038
