0,0,0,0,-0.0213614640878036,0.12896133621013767,-0.037245733579028384,0.23642242928352245,0.9710264822802894,-0.03481387140271908,-0.97138807444426,0.2370393097151586,0.014750406002350887,0.02257529089848172,0.030330452685843338,0.9992849542951804,162,162,83,96,162,162,83,96,230208_162029
0,0,0,0,-0.021181685730142407,0.12912599258013938,-0.038218798665081266,0.2350972675538159,0.9688593965475886,-0.0777222266161496,-0.9712568362908903,0.23723864355906257,0.019441809598583635,0.037275095532282275,0.07091752761975648,0.9967854691604209,160,162,138,156,160,162,138,156,230208_162029
0,0,0,0,-0.02080534082694547,0.1284153804497225,-0.044384904608694264,0.23261615077914038,0.966272393529013,-0.11048704856411228,-0.9714893675882958,0.2362041911730517,0.020395801900806657,0.04580540426181986,0.10259260000602723,0.9936682662561055,77,147,162,135,77,147,162,135,230208_162030
0,0,0,0,-0.019592398997055786,0.1286286648543125,-0.0426257028890481,0.23023917869530156,0.9649782386963822,-0.12572557192607756,-0.9724316464871333,0.2330527085550199,0.007945309653590499,0.036967735987420494,0.12043020334448963,0.9920332416902011,127,84,162,122,127,84,162,122,230208_162030
0,0,0,0,-0.02121619411726643,0.12902959895810792,-0.03657689072711012,0.23673464228184732,0.970719420986742,-0.04074941549090942,-0.9715666301407971,0.23669160137705647,-0.005947187101479479,0.003871994388074388,0.04099867749976206,0.9991516982434295,162,122,128,154,162,122,128,154,230208_162030
0,0,0,0,-0.020242836624649395,0.1283099007293848,-0.04372631733827059,0.23208456540042166,0.9686987782080421,-0.08808763591528013,-0.9704574744532991,0.23673895231128808,0.0465506040377312,0.0659472878943582,0.07468162797368051,0.9950244266662902,158,162,114,90,158,162,114,90,230208_162030
0,0,0,0,-0.02186644484612521,0.1285278656372789,-0.04171900207068646,0.23613356933369328,0.9672785694330392,-0.09280682382941444,-0.9715348288929264,0.23687668335330522,-0.003084336481372175,0.019000360041914393,0.0908933770915786,0.9956793561780649,111,162,154,150,111,162,154,150,230208_162030
0,0,0,0,-0.021887042858863497,0.12887307954708682,-0.039011527713672334,0.2369737940667929,0.9699979616795864,-0.05428973441670881,-0.9707916385983623,0.2385846609460217,0.025317069119056075,0.037510203319845614,0.046704538309672645,0.9982042229665151,82,162,162,162,82,162,162,162,230208_162030
0,0,0,0,-0.02043610714247321,0.12910441972153197,-0.03948645601291567,0.23279850417054643,0.9700905097266012,-0.0687696109799836,-0.9705836297308011,0.23621797214960755,0.046567019789872,0.06141884201561473,0.05590592608936515,0.9965451586724766,154,156,111,162,154,156,111,162,230208_162030
0,0,0,0,-0.021731054832554428,0.1280448074600025,-0.04412308530481723,0.23830359123173397,0.970740423979126,-0.029570723002420363,-0.9708951688079367,0.23887171775725546,0.017403265242664657,0.023957662479197603,0.02456281149472224,0.9994111759931481,162,106,112,88,162,106,112,88,230208_162031
0,0,0,0,-0.01990085213833234,0.12841705178806928,-0.043542437311514415,0.235561829770251,0.9644612454196567,-0.11968763695076094,-0.9718512980134029,0.23326494897689468,-0.033053261994387725,-0.003959659701805026,0.12410467220202746,0.992261231446978,108,154,162,137,108,154,162,137,230208_162031
0,0,0,0,-0.020288495256706115,0.12918600231413885,-0.038085336660800495,0.23358577969840197,0.9666770154377778,-0.1047531925384672,-0.9722114394367182,0.23392222832806453,-0.009236239625331153,0.015575639668193727,0.10399970633777911,0.994455358741951,108,85,162,162,108,85,162,162,230208_162031
0,0,0,0,-0.020391773883053854,0.12842523655855115,-0.04392850832287787,0.23250389739473654,0.9659627239633151,-0.11339291692883574,-0.9720705697959847,0.23462351912260443,0.005532776069556168,0.031949100656648084,0.10893952537025788,0.9935348181011747,154,162,115,162,154,162,115,162,230208_162031
0,0,0,0,-0.02069453457791886,0.12835259697914206,-0.045475404639893524,0.2334897767649669,0.9662337767243049,-0.10897161494321052,-0.9709905489072584,0.23763645336820508,0.026575740128206925,0.05157400584623135,0.0996052445791196,0.9936895476824271,162,90,140,82,162,90,140,82,230208_162031
0,0,0,0,-0.02156359290660126,0.1287431596081545,-0.03992830619555077,0.23634432822089393,0.9699658718329484,-0.05751144231509311,-0.9709045491917047,0.23809220255039867,0.02562146450836997,0.03854497213214877,0.04978263315703402,0.9980160191897144,120,162,154,162,120,162,154,162,230208_162031
0,0,0,0,-0.02139048740607116,0.1282756007147219,-0.044570767718388526,0.2359041960284819,0.9680497523665224,-0.08502286303854763,-0.9701353262819343,0.23968514331835414,0.03726232376416234,0.056450500405229566,0.07369334444558788,0.995681993403729,56,101,58,162,56,101,58,162,230208_162031
0,0,0,0,-0.02064967343872382,0.128363793674366,-0.043268231344616326,0.23320888786251737,0.9682987857516419,-0.08950461515376495,-0.9705800380370132,0.23744762875488787,0.03991257148758121,0.05989995313853081,0.07756342637207742,0.9951863697335416,162,108,129,154,162,108,129,154,230208_162032
0,0,0,0,-0.021095787591046022,0.12885708508468183,-0.038434011780694055,0.2353869040046273,0.9685630013510742,-0.08049048289651062,-0.9714766964344194,0.23692475198497331,0.009984497069261716,0.028740802145791687,0.07584440856553645,0.9967053686929556,162,162,100,116,162,162,100,116,230208_162032
0,0,0,0,-0.02191023468014946,0.12887134922107327,-0.03944898649117101,0.23718166676732183,0.9701285519460783,-0.05094555572844969,-0.9704052859843038,0.23904602970366845,0.03421369048545041,0.04537001083531414,0.04132297644069516,0.9981152106519995,162,162,160,93,162,162,160,93,230208_162032
0,0,0,0,-0.020995428750736615,0.12737058992328998,-0.04889041945723116,0.23333549316682192,0.9700621027178428,-0.06733546241938343,-0.9684531267496813,0.23806127740467986,0.07365710752682054,0.08748193480577511,0.04802442161117533,0.9950078220856106,69,128,162,143,69,128,162,143,230208_162032
0,0,0,0,-0.020783128273897538,0.1281408616945521,-0.04384880000288116,0.23389809759016425,0.9689412916797464,-0.08027735186020653,-0.970770538084667,0.23731237624046198,0.03588033542082986,0.05381674767679871,0.06953854586551583,0.9961265724336448,151,89,162,146,151,89,162,146,230208_162032
0,0,0,0,-0.020069493820308495,0.12912461630792696,-0.0390992977534137,0.2331986378489307,0.9690130421253407,-0.0814378259557276,-0.9718836851916941,0.23505364744973636,0.013852266196760072,0.03256528463892303,0.07591776479564716,0.9965821567862927,162,141,88,136,162,141,88,136,230208_162032
0,0,0,0,-0.020769606995166345,0.12840974927523702,-0.04424458974815437,0.23343853730658198,0.9682613649281717,-0.08931057321279845,-0.9705943885692196,0.23757749715222423,0.038774549962918375,0.058762081124698,0.07763286697217801,0.9952487908998304,152,162,141,86,152,162,141,86,230208_162032
0,0,0,0,-0.020536458713763917,0.12777772834332093,-0.04626895364068939,0.2349929718551628,0.9687704112042197,-0.07913402273284995,-0.9707180152079653,0.2380799325882731,0.03200750926690905,0.04984815071180216,0.0692952817583415,0.9963500016543612,64,145,162,132,64,145,162,132,230208_162033
0,0,0,0,-0.020328138880009984,0.12862765684208416,-0.042636337265437696,0.23292776822132558,0.9688076693492234,-0.08459523982800522,-0.9707470733141845,0.23683966148924332,0.03946003544860209,0.05826469293986398,0.07292924348837035,0.9956337434020792,132,85,162,162,132,85,162,162,230208_162033
0,0,0,0,-0.020491926965750265,0.12920023088888014,-0.037022746894064595,0.23465540647797847,0.9704655173216643,-0.0559778518724065,-0.9717730913081379,0.23563605698275217,0.011519881034400289,0.024370047601111767,0.05169456779213238,0.9983655505077809,162,162,79,156,162,162,79,156,230208_162033
0,0,0,0,-0.02050267238116201,0.1285821481869459,-0.04275821734476226,0.2327618446234821,0.9671223671686117,-0.1024512108745204,-0.9718706406110292,0.23519842096162508,0.01221313618470554,0.03590796020079873,0.0967265718370059,0.9946630528449714,162,162,120,85,162,162,120,85,230208_162033
0,0,0,0,-0.020119263969244818,0.12866171492337822,-0.04226243197845214,0.23259081439374568,0.9671526984871914,-0.10255325869321391,-0.9720625201769889,0.23459392836482346,0.0077553621141023005,0.03155899121985437,0.09788435310765074,0.9946972823376375,97,154,162,141,97,154,162,141,230208_162033
0,0,0,0,-0.02159780111200796,0.12875464919974894,-0.03848721290312396,0.23612359622163248,0.9702611370892203,-0.05328201536819557,-0.9711814528446854,0.23746738500776718,0.020391829443672807,0.032438140480776534,0.04693151299399885,0.998371273690426,112,88,162,162,112,88,162,162,230208_162033
0,0,0,0,-0.020035437885098227,0.12853410135932175,-0.0429769054967345,0.233170273589618,0.9677054246506012,-0.09580101573543276,-0.9714586236332805,0.2362184865075994,0.021655696723746492,0.04358630613707241,0.08801725815916402,0.9951649090394358,154,162,115,162,154,162,115,162,230208_162033
0,0,0,0,-0.021696173326754727,0.1283419674621723,-0.04284445200371456,0.23561313767715336,0.9687762466473205,-0.07719477499064273,-0.9712700106060542,0.23746577803630195,0.015638758228467553,0.0334815748022899,0.07129227302830994,0.9968933724101167,162,162,116,90,162,162,116,90,230208_162033
0,0,0,0,-0.02092830348351037,0.1289501064022664,-0.03742573775479274,0.23566683324239887,0.9708503242104184,-0.04371260333161841,-0.9718332093394819,0.23537423404654556,-0.011797591784984155,-0.0011648752819938429,0.04526166068020416,0.9989744867302907,123,162,154,128,123,162,154,128,230208_162034
0,0,0,0,-0.02024192983230298,0.12894269801363922,-0.03919629666422053,0.23428612753629374,0.9698677603349516,-0.06683216221934289,-0.9720280997161591,0.23486321767699456,0.0008014640362859475,0.01647373079300741,0.06477496773656895,0.9977639098246068,107,115,162,151,107,115,162,151,230208_162034
