0,0,0,0,-0.1740825267904003,0.06489742901168313,-0.21688282447983376,0.9267539745731563,-0.3754483553666589,0.012868685454551066,0.37394380109196973,0.9252360127032295,0.06406523567363952,-0.03595975858854623,-0.054560546638579614,0.9978627373104744,162,162,83,96,162,162,83,96,230201_173710
0,0,0,0,-0.1745320619195756,0.06545227959321831,-0.21544454643611377,0.9268348897930891,-0.3752861539823116,0.011721334881233282,0.37406403107977654,0.9256145799557157,0.057565180671578856,-0.03245285372014675,-0.048968888108351934,0.9982729387711812,162,162,146,90,162,162,146,90,230201_173710
0,0,0,0,-0.17390810811414836,0.06464800192092714,-0.2181496270152009,0.927038551282739,-0.3747541515467417,0.012603584175991748,0.37294646122922015,0.9250083957201606,0.07259755439280323,-0.03886465607980153,-0.06260026953373346,0.9972816777431052,109,162,154,156,109,162,154,156,230201_173710
0,0,0,0,-0.17542707064924523,0.06558933219692162,-0.2156092140349236,0.9269425595087836,-0.3749232939838432,0.014491894272635517,0.37333570808348143,0.9254894062331965,0.06395160685964275,-0.03738904172495273,-0.05386912453743145,0.9978477724485135,53,130,162,136,53,130,162,136,230201_173711
0,0,0,0,-0.17442409543837512,0.06472791670806051,-0.2177355467478128,0.9269099747869235,-0.37521349334354775,0.007261752779870031,0.3739055313830151,0.9249898290214167,0.0677382447965302,-0.032133350925314295,-0.060072045244532954,0.9976766997070992,124,85,162,122,124,85,162,122,230201_173711
0,0,0,0,-0.17306197632180254,0.06539284568331186,-0.217916276877538,0.9290933818605572,-0.3698330515885849,-0.0030002892506819875,0.3694268476936558,0.9276260907490328,0.055078489129561446,-0.01758669912294795,-0.052281447133202825,0.9984775201774034,154,162,122,162,154,162,122,162,230201_173711
0,0,0,0,-0.1735233894159327,0.0656907944495122,-0.2196696734626159,0.9289042245667951,-0.3699333668557016,0.016918796315477463,0.36826549770205147,0.9275919352597478,0.06287865172962766,-0.038954650354227495,-0.05217763628107647,0.9978777627985803,162,162,44,138,162,162,44,138,230201_173711
0,0,0,0,-0.17513013660511897,0.064362612714274,-0.216120769041812,0.9275431852414262,-0.37363415286834406,0.007820442605399264,0.3725051602463344,0.9260186742981755,0.0610681622525421,-0.030059026964331936,-0.05373020250664155,0.998102960739298,162,160,119,87,162,160,119,87,230201_173711
0,0,0,0,-0.17438192721975249,0.06477316831211877,-0.2168397292360037,0.9284678399860627,-0.37138888321724084,0.004215155307615054,0.3704127823784032,0.9267405803360705,0.06281932353228487,-0.02723675388710363,-0.05676437422375529,0.9980160144289664,129,154,162,107,129,154,162,107,230201_173711
0,0,0,0,-0.17412367188411773,0.06532471593859453,-0.2160548654872837,0.9283801448389409,-0.3716319492938878,-3.05426166759152e-05,0.37111884417990937,0.9270940246613046,0.05260677648242813,-0.019522043012814867,-0.04885042171086545,0.9986153043766536,59,146,162,136,59,146,162,136,230201_173711
0,0,0,0,-0.17276538937430863,0.06524246396994478,-0.21889738100593703,0.9283934886416105,-0.3715867419035897,-0.002970435882995168,0.3709988059359346,0.9264113274772748,0.06420232329055084,-0.02110488668462506,-0.060707047064311445,0.9979324817815884,83,96,162,162,83,96,162,162,230201_173711
0,0,0,0,-0.17374256763918025,0.06562741392591669,-0.2181596514834443,0.9286249718456074,-0.37101766229931654,-0.001247367906859576,0.37033332563001475,0.9266972449330698,0.0639174793094343,-0.022558581350746554,-0.05981730932939708,0.9979544077321534,151,89,162,146,151,89,162,146,230201_173711
0,0,0,0,-0.17427257016041367,0.06430222283346204,-0.21772643243920153,0.9279889093522585,-0.37257886621915354,0.00464462765530694,0.3716014835162526,0.9263262253703227,0.0619036480321692,-0.027366431402846215,-0.05571994829520604,0.9980713229996405,162,136,108,162,162,136,108,162,230201_173711
0,0,0,0,-0.17457303553559442,0.06545705171250563,-0.21542490200073394,0.9284061650995704,-0.37153312481584067,0.005012960172043249,0.3707963171726585,0.9272648008041569,0.051865984622104684,-0.023918272853669754,-0.04629391271219464,0.9986414721357677,162,151,88,120,162,151,88,120,230201_173711
0,0,0,0,-0.17403666940847967,0.06578405103931487,-0.2153833283931469,0.9285256365270815,-0.37126261403133787,-0.0020527383166435193,0.37086276082379743,0.9272389016933124,0.05185394701205507,-0.01734805309334975,-0.04890900335516919,0.9986525694377772,162,162,124,85,162,162,124,85,230201_173711
0,0,0,0,-0.17547109391797355,0.06456273322691877,-0.21414361392855574,0.9278399022698051,-0.37293424638229583,0.00575878730533215,0.3723744075357547,0.9271047524525423,0.04259200150622095,-0.021223015062772924,-0.037374133504059937,0.9990759519558391,122,162,154,162,122,162,154,162,230201_173711
0,0,0,0,-0.17580469072329677,0.0655983733896985,-0.21541210273554234,0.9280689240777701,-0.37210406487400527,0.015054469946568068,0.37042850972688024,0.9265430854808276,0.06557918823216115,-0.038350897546896294,-0.055285401797480094,0.9977337986684819,90,130,130,162,90,130,130,162,230201_173711
0,0,0,0,-0.1767464154847601,0.0638225047191333,-0.21576721677303057,0.9269755222671842,-0.37491334014264405,0.012504739124289435,0.37308884890489824,0.9249052184408906,0.07317819158483091,-0.039001178703964565,-0.06316901363717956,0.9972404844247986,114,18,162,162,114,18,162,162,230201_173711
0,0,0,0,-0.17492247143164133,0.0648109065916027,-0.21651050465536914,0.9284468725830387,-0.3714464211538628,0.0037364425275520103,0.37034125743759716,0.9263726923558933,0.06841774548194283,-0.028874865026764954,-0.06213848299789526,0.9976497637449759,154,128,124,162,154,128,124,162,230201_173711
0,0,0,0,-0.17564488440597262,0.06538448516658062,-0.21505334132030296,0.9283209899057915,-0.37154372522085094,0.01324386459250809,0.37015098492447596,0.9269983282020877,0.06051733528481133,-0.0347618765283479,-0.05127728307493351,0.9980792815105829,162,128,71,136,162,128,71,136,230201_173711
0,0,0,0,-0.17658281233521667,0.06448604656288769,-0.21414977117889822,0.9277653429455899,-0.37296246786509246,0.01226645804757891,0.37210183615671255,0.9271028526260588,0.044950241172084175,-0.02813702112619987,-0.037138904353862204,0.9989139151225888,162,160,119,87,162,160,119,87,230201_173712
0,0,0,0,-0.17357925324249784,0.06680618138962227,-0.21844120613246776,0.9288156115407445,-0.37051687702369146,0.0043363116589598925,0.3695439646218073,0.9271082836810404,0.06250990754745997,-0.027181206187168943,-0.056457720203761656,0.9980349231663211,132,154,162,108,132,154,162,108,230201_173712
0,0,0,0,-0.17490310943071108,0.06595489802557541,-0.21784490886910557,0.9274757733991373,-0.37331795285452873,0.020552270779056598,0.3710510029816402,0.9258114739861572,0.07207126904599055,-0.04593302672359814,-0.059218415312168135,0.9971877136948313,64,145,162,132,64,145,162,132,230201_173712
0,0,0,0,-0.17644013885148138,0.06610319685096529,-0.21462486343865095,0.9264587415992024,-0.3760941949439361,0.015078350171519064,0.37445070316030166,0.9249978329468104,0.0645420788823892,-0.03822134243034847,-0.054149474357352186,0.9978010640451556,114,98,162,162,114,98,162,162,230201_173712
0,0,0,0,-0.17540708705670044,0.0657268709835257,-0.21645280131004696,0.9263447372127637,-0.37594882258518286,0.023407491002459875,0.3743148411605599,0.9257051209854511,0.05439143929199963,-0.042116831850938716,-0.04162345226101842,0.9982452908462501,156,100,146,162,156,100,146,162,230201_173712
0,0,0,0,-0.1746320242440088,0.06496241291289048,-0.21760792007044893,0.9268731634713664,-0.37511501088541294,0.013959493007218904,0.3733768061669076,0.9251340334930064,0.06867882271531282,-0.03867685940173774,-0.05844440675888643,0.9975411529683474,162,103,78,154,162,103,78,154,230201_173712
0,0,0,0,-0.1774280838274231,0.06270693844237922,-0.21540725587524456,0.9265029376019428,-0.37571934300956855,0.020670798325854382,0.3735894147752,0.9250372398030602,0.06882626058024262,-0.0449806156348882,-0.05604534116225947,0.9974144895433956,162,162,100,116,162,162,100,116,230201_173712
0,0,0,0,-0.1766688561870421,0.06402199345788058,-0.21483275608653707,0.9275130202788276,-0.3737836433416008,0.0023205998202032382,0.3730827731787133,0.9261201366596199,0.05577397987275979,-0.022996555623120172,-0.050865316708394566,0.9984407233209327,152,162,130,156,152,162,130,156,230201_173712
0,0,0,0,-0.1748210606584738,0.06606568603610283,-0.21908938662715627,0.9306051504572828,-0.36598875484105653,0.0051269164485577825,0.3646353290670405,0.928201128307181,0.0740522937217097,-0.03186111640462072,-0.0670439910742795,0.9972411807192296,114,154,162,136,114,154,162,136,230201_173712
0,0,0,0,-0.1769052288358463,0.06488705982473857,-0.21664730986492386,0.9282281114285943,-0.37182881960416664,0.011657704125492753,0.3705446270628799,0.9268940223707737,0.05970050793886498,-0.03300382566516369,-0.051095990107830336,0.9981482591711334,107,115,162,151,107,115,162,151,230201_173712
0,0,0,0,-0.17437640943658445,0.06607230153956065,-0.2189049659936657,0.9291777245693809,-0.36952492367963014,0.008949130886892668,0.36823848449210533,0.9275014697547769,0.06435403749327862,-0.03208075284380065,-0.05650092372954639,0.9978870030793482,130,156,151,162,130,156,151,162,230201_173712
0,0,0,0,-0.17576513722128673,0.06559099586217783,-0.21790424910359207,0.9291562008139926,-0.36936341515811966,0.015473268292047985,0.36752356657125335,0.9274301921254906,0.06927962722777586,-0.03993973589863612,-0.058684804479562536,0.9974772735353636,154,162,120,162,154,162,120,162,230201_173712
0,0,0,0,-0.17814047142102835,0.06494506602632572,-0.21504412796299965,0.9289104791898536,-0.3696458083186506,0.02207482828304699,0.3676600554428448,0.9277483978534903,0.06410143455528826,-0.044174713163062373,-0.051428461699073565,0.9976992071983559,162,128,71,136,162,128,71,136,230201_173712
0,0,0,0,-0.17568209859079587,0.0662793146867459,-0.2163077728419064,0.9299617739707324,-0.3675998199749967,0.006439822012874539,0.36643578928267595,0.9281585800336438,0.0651648881124742,-0.029931777193975374,-0.05824107368755324,0.9978537297869519,162,106,112,88,162,106,112,88,230201_173712
0,0,0,0,-0.17469530412730047,0.0659159100596496,-0.21739168594825753,0.9297432039872681,-0.3682076373187333,-0.0008428876826106277,0.36762887672231176,0.9281485337249014,0.058217766568344674,-0.020653901311393906,-0.05443744267019688,0.9983035516295373,162,162,160,93,162,162,160,93,230201_173712
0,0,0,0,-0.17727798682462997,0.06469322908257905,-0.21665953288489426,0.929552776147847,-0.36842848561547203,0.01385955781833697,0.36668981367573883,0.9277681871779567,0.06917204209056509,-0.038343407546563166,-0.059216905083066436,0.997508466756098,82,156,162,124,82,156,162,124,230201_173712
0,0,0,0,-0.17735424919625944,0.06568253819303085,-0.2139119854840611,0.9283055477893309,-0.37160128849412255,0.012700091852323262,0.3706798801178646,0.9275941634366444,0.04653487331106243,-0.029072949959625907,-0.03849091253502791,0.9988359290858864,100,108,162,156,100,108,162,156,230201_173712
0,0,0,0,-0.17701704531219808,0.06637574214802164,-0.21517800315185998,0.9294086317722499,-0.36844109611465903,0.0212309651467761,0.36644101877226815,0.9281355579353251,0.06546270585017089,-0.043824364780076924,-0.05306170737841335,0.9976291296176703,136,85,162,162,136,85,162,162,230201_173712
0,0,0,0,-0.1756805355549031,0.06540049589414929,-0.21692958128787754,0.9289935992697286,-0.3700342351880423,0.006749615150116364,0.36893550824017163,0.9273700976477364,0.06221971350299503,-0.029282815360547925,-0.05531154289684499,0.9980396534942539,154,162,120,162,154,162,120,162,230201_173712
0,0,0,0,-0.17653576809570298,0.0660119852181632,-0.2148084551007099,0.9299464661908363,-0.367672671446057,0.0040468124365584226,0.3666339322444243,0.9280423725393377,0.06570323050313631,-0.027912895696569545,-0.0596167882670425,0.9978310021293962,162,138,80,136,162,138,80,136,230201_173712
0,0,0,0,-0.17715524649851103,0.06640896406782935,-0.21433547019409716,0.9301227366759434,-0.36689355959651615,0.01614963296953129,0.3652729359724649,0.9287790129841076,0.06281104430211903,-0.038044407795475785,-0.05252295657010245,0.9978947650271679,162,162,114,98,162,162,114,98,230201_173713
0,0,0,0,-0.17518081743338648,0.06687934792973718,-0.21812967717901877,0.9299998655582988,-0.36703926169452455,0.019555828703587585,0.3650556946234236,0.928555557352083,0.0672228884649606,-0.04283211277249413,-0.05537831060352901,0.9975463161328116,146,162,156,100,146,162,156,100,230201_173713
0,0,0,0,-0.1770871562404242,0.0645181716612063,-0.21689364286722634,0.9293281448426661,-0.3690999215467377,0.01069799595621681,0.3675271339899153,0.9273908201011255,0.06978590526258545,-0.03567919540076283,-0.06092220208062062,0.9975046267106745,128,154,162,120,128,154,162,120,230201_173713
0,0,0,0,-0.17594957539944048,0.06704570107212209,-0.21869192188853726,0.927899314035224,-0.371678804633027,0.029287014179078558,0.3688779281596479,0.9266328696758827,0.07266772979036094,-0.05414736493687498,-0.056625003512612154,0.9969261115286275,64,112,162,154,64,112,162,154,230201_173713
0,0,0,0,-0.17449320859804118,0.06783396520140024,-0.22043917458367257,0.9283059577139005,-0.37026064044077633,0.033986865305032886,0.36750602117463765,0.9275804027550212,0.06733439555842667,-0.056456826631178736,-0.05001654291550097,0.9971514289021096,140,92,162,162,140,92,162,162,230201_173713
0,0,0,0,-0.17773976337784636,0.06651314353391663,-0.2175812337942994,0.9278804912185171,-0.3701490179860536,0.045027752553773434,0.36642122960700885,0.9275159694358058,0.07382146662620738,-0.06908890293940965,-0.0519983742584029,0.9962544316413915,154,156,111,162,154,156,111,162,230201_173713
0,0,0,0,-0.17663284008377056,0.06652867241981959,-0.2166440606005584,0.9290764006476813,-0.3691028809759072,0.024085369310740838,0.3667985760779709,0.9277596600480712,0.06870820747669876,-0.047705831370205,-0.05500069492991355,0.9973460167918174,162,152,72,122,162,152,72,122,230201_173713
0,0,0,0,-0.1742023667843139,0.06643280789723159,-0.21984629007519396,0.927275990231066,-0.3738214125981189,0.02041542123353842,0.3716639298832291,0.9257376779816834,0.06982603231485635,-0.04500179068381532,-0.0571603275727864,0.9973502573253901,162,130,132,92,162,130,132,92,230201_173713
0,0,0,0,-0.17560070569299835,0.0664634108659248,-0.21578738734933378,0.9293776016509119,-0.369040447768186,0.008149936236224892,0.36789859187646445,0.9278525952513296,0.06115707302255597,-0.030131373100349846,-0.05383966378450271,0.9980948807396315,122,162,154,162,122,162,154,162,230201_173713
0,0,0,0,-0.17786645988293287,0.0659252139392648,-0.21639693824040052,0.9295672293831256,-0.3682959506793048,0.016212919854436927,0.3665333005630838,0.9280380087710056,0.06632340352153226,-0.039472846810325396,-0.05570948742875822,0.9976664509620005,80,136,162,141,80,136,162,141,230201_173713
0,0,0,0,-0.17657735485374468,0.06656159533866625,-0.2172601143764138,0.9304425717767167,-0.366435129509973,0.0013843722540359464,0.3655318308070851,0.9284011784702456,0.0667662525672863,-0.025750753238477624,-0.061616131622063475,0.9977676838982026,108,85,162,162,108,85,162,162,230201_173713
0,0,0,0,-0.17584287592950457,0.0659297886361409,-0.21677090718176273,0.9295084064036138,-0.36879943949650523,0.001046829536471741,0.3682017563055476,0.9281562849991334,0.05434498385424855,-0.021014020998492457,-0.05012867486451127,0.998521670710157,160,96,162,162,160,96,162,162,230201_173713
0,0,0,0,-0.1749000868293851,0.06727518349378303,-0.21931215103887503,0.9296709211340546,-0.36793116738130144,0.01840202345374307,0.36632662120565407,0.9285879091123528,0.05940792578771333,-0.03894592396912284,-0.04848867001457008,0.9980641582014702,162,125,82,156,162,125,82,156,230201_173713
0,0,0,0,-0.17554385468124784,0.06794512613111782,-0.21912440876232842,0.9271064917732169,-0.3740093659045496,0.024301175437296076,0.37112791221098634,0.9251478306095147,0.07978448656489462,-0.05232232496623197,-0.06494987093279021,0.9965158747234999,162,162,100,108,162,162,100,108,230201_173713
0,0,0,0,-0.17742548372243303,0.06705700654695403,-0.21825840837396715,0.9285482364912354,-0.3695410907202121,0.035178896775373385,0.3661756920628056,0.9273859416982496,0.0766203477072364,-0.060938781177029146,-0.05826403187017123,0.9964395453507904,162,138,140,92,162,138,140,92,230201_173713
0,0,0,0,-0.17833324813635304,0.06793495365881155,-0.21522499009759954,0.9273859617997159,-0.37315825537316266,0.026611920330405974,0.3717340226135048,0.9271692604320934,0.04659376504842417,-0.0420606025681573,-0.03331784741941092,0.9985593756782519,108,162,162,134,108,162,162,134,230201_173713
0,0,0,0,-0.17571114332782212,0.06740502072809314,-0.22003598473535146,0.9278546043962119,-0.3724338664980656,0.019464022863994172,0.37036613766636356,0.9263135117479613,0.06908112638961923,-0.04375793837521653,-0.05688842622589758,0.9974211496608096,44,122,162,146,44,122,162,146,230201_173713
0,0,0,0,-0.17628130257806823,0.06729694363426957,-0.21877260710784607,0.9275029932876041,-0.3732887882094545,0.019841321519801898,0.37148399588910436,0.9263374452537013,0.06243859638964832,-0.04168738707090164,-0.05054125164617889,0.9978515639318498,129,89,162,130,129,89,162,130,230201_173713
0,0,0,0,-0.1766133967229371,0.06768678235839391,-0.21782563816094214,0.9278505410435562,-0.37241115913268386,0.02008238129879661,0.3706263598329447,0.9267307044685676,0.0616952412441471,-0.04158695567314355,-0.04980090309064443,0.9978929778133506,154,162,119,162,154,162,119,162,230201_173713
