0,0,0,0,0.18836984790301542,-0.00029824439265696556,-0.16146652106219928,0.9585641464879788,0.18956243228013467,0.21265197232993485,-0.18146469083631955,0.981735021447089,-0.057156921225357586,-0.2196026936252172,0.016199750995679996,0.9754548810786826,180,180,81,97,180,180,81,97,230221_170140
0,0,0,0,0.1861918425471106,0.0007012087584882254,-0.16153190455102623,0.9543289421475823,0.1942133601533414,0.22701859156779472,-0.1835996516585706,0.9807028116783053,-0.06718007946644504,-0.23568504002233198,0.022431359838736686,0.9715705821017105,75,170,180,92,75,170,180,92,230221_170140
0,0,0,0,0.18801520454249804,0.00047051262910363656,-0.1611390441494096,0.9572698977996597,0.19260422263154614,0.21572657738704185,-0.1840052022279717,0.9811254053781633,-0.059456071805810015,-0.22310631618058865,0.017220695283065916,0.974641995470283,86,137,180,180,86,137,180,180,230221_170140
0,0,0,0,0.1886902603839559,-0.00013641350493370785,-0.16116699353712566,0.9582962413510926,0.19091512420951873,0.21264931027499986,-0.18276116435176018,0.9814714061806894,-0.05755202563323501,-0.2196967697012365,0.016287854302012916,0.9754322299294188,147,84,166,180,147,84,166,180,230221_170140
0,0,0,0,0.18856358369728396,8.648242786474247e-05,-0.16134038123779249,0.9583049990209722,0.19119484189173094,0.21235833227215267,-0.18305745619838254,0.9814174496837651,-0.057530489189580966,-0.21941170566218934,0.01625797927822645,0.9754968895533176,180,106,75,170,180,106,75,170,230221_170141
0,0,0,0,0.18854252272876534,4.261511525938122e-06,-0.1614334532745943,0.9580733299943163,0.18696078517079323,0.21712014913850006,-0.1778450648931247,0.9821677810937135,-0.06097198270198635,-0.22464778486948048,0.019801883490506093,0.9742388096167509,180,180,81,97,180,180,81,97,230221_170141
0,0,0,0,0.1861553136507866,0.0007913026009883917,-0.16197958477208518,0.953625867898915,0.1923264069155771,0.23153457037121578,-0.1805086185498513,0.9809787848868788,-0.07139511349585069,-0.24086166715204746,0.026290241626980446,0.9702033191511618,75,170,180,92,75,170,180,92,230221_170141
0,0,0,0,0.18887813257413272,-0.0001237213259122072,-0.16108743843525813,0.956951138459698,0.1933541788679141,0.216468658505109,-0.18369202376251334,0.9808917740868798,-0.06409811178752958,-0.22472596424694471,0.021575195086233876,0.9741831203373789,86,137,180,180,86,137,180,180,230221_170141
0,0,0,0,0.18947086370695296,-0.00013643295070198125,-0.16111123204309474,0.957749867157222,0.19681579630202187,0.20971107335170522,-0.18891902152766693,0.9803224668252053,-0.0572491427252154,-0.21685201236177662,0.015211948058818918,0.9760859600316477,147,84,166,180,147,84,166,180,230221_170141
0,0,0,0,0.18867447473147875,0.0007177337475902101,-0.16203620733383828,0.956889845171374,0.19581994429352328,0.2145142737087325,-0.1877372856388811,0.9805270441866907,-0.05763182453692701,-0.22162250740583359,0.014874980181210246,0.9750190763137713,180,106,75,170,180,106,75,170,230221_170142
0,0,0,0,0.18898997481648744,0.00044601000613081476,-0.16152500702189782,0.9571049846739406,0.19419338175848205,0.21503250636474014,-0.18555281024289577,0.9808089729064483,-0.059865793882334116,-0.222531352674767,0.01739796388669354,0.9747702846975466,180,180,81,97,180,180,81,97,230221_170142
0,0,0,0,0.1866546222481345,0.001191877062530211,-0.16172797267813838,0.9531436704863737,0.19877072855450983,0.22805118039964736,-0.18703328549861747,0.9796966989867122,-0.0722006101784004,-0.23777235652479836,0.026164393064812722,0.9709684500580821,75,170,180,92,75,170,180,92,230221_170142
0,0,0,0,0.1906043349785815,-0.0008726834169878184,-0.16029134961729047,0.9574312461490035,0.19788163373871318,0.21016247982564015,-0.18839421815036692,0.9799764790967218,-0.06444935208908703,-0.21870763010255664,0.022112427412856298,0.9755398572528107,86,137,180,180,86,137,180,180,230221_170142
0,0,0,0,0.1893882445297235,0.0005394189115602854,-0.16169151778774404,0.9569755138514684,0.19920796739535312,0.2109835339900501,-0.1915059456291396,0.9798613850842754,-0.05654324724857159,-0.21799848319978676,0.013705901901589806,0.9758528626671423,147,84,166,180,147,84,166,180,230221_170143
0,0,0,0,0.1891952904637189,0.0008703984970502843,-0.16175421529188372,0.9568353776101658,0.19866023314901932,0.21213243957205086,-0.1908207947669658,0.9799672436593047,-0.057023027272211674,-0.2192110499909074,0.014082369117487194,0.9755758312104307,180,106,75,170,180,106,75,170,230221_170143
0,0,0,0,0.18971184428491394,0.000600773518840747,-0.16120205080593503,0.9571602629360688,0.19627044887288256,0.21288997617405936,-0.18729672097725092,0.9803614576988894,-0.06173613665981053,-0.22082610662538113,0.01921778233163511,0.9751238421220813,180,180,81,97,180,180,81,97,230221_170143
0,0,0,0,0.18672746630529286,0.0017457240174790778,-0.16179543368151178,0.9524581283982538,0.20079344775103283,0.22914079730232945,-0.18902939074932432,0.9792974589562572,-0.0724180662180138,-0.23893807373675946,0.02566083050235655,0.9706956879974774,75,170,180,92,75,170,180,92,230221_170143
0,0,0,0,0.19052270222720058,0.00011175013854269888,-0.16088603482202563,0.9566236893934132,0.19867669024776052,0.2130696826006234,-0.1899366318068592,0.9799028185231038,-0.06094704380316125,-0.2208963394653711,0.017833648047283508,0.9751342308667691,86,137,180,180,86,137,180,180,230221_170143
0,0,0,0,0.1905072982992924,0.0005474525546549924,-0.16138465970783605,0.9573876753927401,0.19905676285875382,0.20924923934456235,-0.1911527904049662,0.9798716041394009,-0.05755215132097505,-0.21649353275901606,0.01510114437620983,0.9761672529398073,147,84,166,180,147,84,166,180,230221_170144
0,0,0,0,0.18964147239772813,0.0011573253216077828,-0.16158065838628816,0.9557488269939063,0.19931993707733453,0.21636945806480967,-0.1906702051707827,0.9797966501377146,-0.06036056029431687,-0.22402913328382917,0.016434325736079853,0.9744438723588427,180,106,75,170,180,106,75,170,230221_170144
0,0,0,0,0.18988938448801268,0.0010231521597781068,-0.16157898233330376,0.9564154755043041,0.1991875736949002,0.2135269273450367,-0.19102699234025566,0.9798454434622499,-0.058408861688124016,-0.2208577062574672,0.015073732510733717,0.9751895488441644,180,180,81,97,180,180,81,97,230221_170144
0,0,0,0,0.1872840847744139,0.002083097613659962,-0.16185642577044096,0.9520067989570274,0.20272832547276495,0.2293126267578888,-0.19044281974542504,0.9788494428140415,-0.07473486943892287,-0.23961341186796226,0.027477160582017955,0.9704794786595667,75,170,180,92,75,170,180,92,230221_170144
0,0,0,0,0.19145834561444164,0.0005512239958631593,-0.16149220030669736,0.9571681137847399,0.20011285951820382,0.209246374901002,-0.19162392118087526,0.979614426496819,-0.060297995245073635,-0.2170471717968903,0.017618707522315164,0.9760021036658756,86,137,180,180,86,137,180,180,230221_170145
0,0,0,0,0.1902073241654352,0.0011890621941863244,-0.16202237714438406,0.9559085450019751,0.2025510375896043,0.21263097319906565,-0.19452995140943882,0.9791674943460519,-0.0582161147854777,-0.21999307170192567,0.014286188695697933,0.9753968183338012,147,84,166,180,147,84,166,180,230221_170145
0,0,0,0,0.19019484973300405,0.0014810760161793335,-0.16214228933589775,0.9562075424576172,0.20260081175441527,0.21123457771779894,-0.19514095776295456,0.979186110467884,-0.05580831183733004,-0.21814477383270445,0.012143810902177001,0.975840860748437,180,106,75,170,180,106,75,170,230221_170145
0,0,0,0,0.19009574279576308,0.001673657178845822,-0.16178493760047036,0.9556682229158922,0.20053494209192688,0.21560144876361054,-0.1920411647856047,0.9795589413647929,-0.05987045531875762,-0.2232004451979623,0.015811938289614958,0.9746443165950115,180,180,81,97,180,180,81,97,230221_170145
0,0,0,0,0.18710027520888206,0.0027561399344847304,-0.162341082510486,0.9509747655364171,0.20489229785790947,0.2316595380973189,-0.19285647863980526,0.978454343794004,-0.07371211404714519,-0.2417713257597182,0.025421317612404803,0.970000197242886,75,170,180,92,75,170,180,92,230221_170145
0,0,0,0,0.19040096905588128,0.0011930863664026403,-0.16115639848161661,0.9548743358772606,0.20137701938848196,0.21831696852322838,-0.19202954917404402,0.9793360288825207,-0.063447575025602,-0.22658255653729165,0.018661152023035185,0.9738131784270525,86,137,180,180,86,137,180,180,230221_170146
0,0,0,0,0.19090508309961937,0.0015797050760584797,-0.16173707276013072,0.9557037936834443,0.20618372478862387,0.21004411529809613,-0.1982668853554722,0.9784119239422592,-0.0583125137431748,-0.21753275824691518,0.014084698076171107,0.9759513924215654,147,84,166,180,147,84,166,180,230221_170146
0,0,0,0,0.19060535098785164,0.0018514101446349962,-0.16184234144443943,0.955210303628075,0.20661767871771813,0.21185469238150628,-0.19908472373485445,0.9783503158145602,-0.056532577519224046,-0.2189487351371946,0.011823467632310935,0.9756647257101028,180,106,75,170,180,106,75,170,230221_170146
0,0,0,0,0.18990652980889272,0.0024694801642159703,-0.16239483759075374,0.9551531702465386,0.2045281922604513,0.21412762535146695,-0.19676548612831674,0.9787808913544277,-0.057195368589777765,-0.22128209334845295,0.012497411336162535,0.9751297605309877,180,180,81,97,180,180,81,97,230221_170146
0,0,0,0,0.18760237952491374,0.0026189808311480323,-0.16199206027819563,0.9498676108712815,0.20855641435175593,0.23292862393965594,-0.19572083138887555,0.9776171378630326,-0.07718865147765676,-0.24381320304308843,0.027730016033721442,0.9694256898971881,75,170,180,92,75,170,180,92,230221_170147
0,0,0,0,0.1907735932079732,0.0017689931709319873,-0.1615142313781618,0.9547276877399876,0.20357235085688463,0.21691781906809235,-0.19453131324206935,0.9789042819685622,-0.062481796644527396,-0.22506134814972595,0.017455793027347736,0.9741882183945841,86,137,180,180,86,137,180,180,230221_170147
0,0,0,0,0.19142586083428292,0.0018695031408128837,-0.16166553089275776,0.9561399899744835,0.20412884943531243,0.21006601914591075,-0.19630894183286707,0.9788454792657144,-0.05765697770030788,-0.21739162570820086,0.013890304146754797,0.9759856251618956,147,84,166,180,147,84,166,180,230221_170147
0,0,0,0,0.19057878600170094,0.002554340800284105,-0.16229357480937984,0.9547903600080135,0.2067695663271513,0.21359240360239623,-0.19903501697318746,0.9783130913317073,-0.057345944472828356,-0.22081764072249752,0.012240987291864425,0.9752382928166173,180,106,75,170,180,106,75,170,230221_170147
0,0,0,0,0.19069333023404728,0.0024419385975731622,-0.16140184843587324,0.9543837208864594,0.20462424233696966,0.21744110180675824,-0.1952254835065399,0.9786614738587895,-0.06409937733066608,-0.2259175156922401,0.01872535800892696,0.9739664455569729,180,180,81,97,180,180,81,97,230221_170147
0,0,0,0,0.18806399995032566,0.0033562837570392245,-0.16190654015302014,0.950325058797839,0.2078458625425758,0.23169458354656627,-0.19503884484315337,0.9777573985547163,-0.07713830808205198,-0.24257397144609813,0.028117023232304254,0.9697253742072657,75,170,180,92,75,170,180,92,230221_170148
0,0,0,0,0.19249458646182654,0.0015810077306364634,-0.16122584639951737,0.9558960204448091,0.20516871095733005,0.2101632654435264,-0.1960722228259722,0.9785330131376093,-0.0634730307761851,-0.21867437329019818,0.01946643891264932,0.9756036983438509,86,137,180,180,86,137,180,180,230221_170148
0,0,0,0,0.19144039556090423,0.0027802257627454197,-0.1624904812823485,0.9551949527155751,0.2049256590276033,0.21356047522609128,-0.19746778738824086,0.9787129196360098,-0.05592400094369213,-0.2204746589762281,0.011247008920598359,0.9753278574610981,147,84,166,180,147,84,166,180,230221_170148
0,0,0,0,0.19104915989177476,0.0032145870958045497,-0.16228329394554947,0.9546127964998973,0.2061803525165134,0.21495132238442313,-0.19837287102343193,0.9784370222916802,-0.05752562429832409,-0.2221769853080347,0.012274186130144544,0.9749290905262166,180,106,75,170,180,106,75,170,230221_170148
0,0,0,0,0.19129456547887524,0.003067504419826228,-0.16192826261662918,0.9544616077783247,0.20520065082142824,0.21655422457130072,-0.19631627545663166,0.9785779019815325,-0.06200975523461909,-0.22463962087764228,0.01667281187693797,0.9742992651521735,180,180,81,97,180,180,81,97,230221_170149
0,0,0,0,0.1883625872740239,0.004156915368263153,-0.16245372454520385,0.9501254831405084,0.20904039662176382,0.23143828306317538,-0.1966985790291271,0.9775571062723758,-0.07544383993608203,-0.24201494849479185,0.02615753345777766,0.9699198668696649,75,170,180,92,75,170,180,92,230221_170149
0,0,0,0,0.19309160956642812,0.002919746319231864,-0.16193879473406725,0.9559633309216651,0.20524394173325494,0.20978330323205496,-0.19699055604550442,0.9785835537406604,-0.05974068276461226,-0.21755190360472415,0.015784572534447875,0.9759211118260869,86,137,180,180,86,137,180,180,230221_170149
0,0,0,0,0.19183847324934528,0.0034124361028520234,-0.1628431320262142,0.9552065244557267,0.20536686764905804,0.2130843619537249,-0.1975190733837892,0.978598048758647,-0.057724125072442026,-0.2203785635828063,0.013050235162019476,0.9753271143956755,147,84,166,180,147,84,166,180,230221_170149
0,0,0,0,0.1919900614515398,0.0033821357053889223,-0.16217096751241905,0.9547292110971594,0.20761736129003275,0.21304263603504073,-0.1998975842416807,0.9781338038507801,-0.057403985739183004,-0.2203022680140512,0.012218553734718645,0.975355123866429,180,106,75,170,180,106,75,170,230221_170149
0,0,0,0,0.19184492201539097,0.003610219620631072,-0.16197969421002517,0.9546763028677192,0.20649282583598538,0.2143685369196982,-0.198248535019924,0.9783433579073693,-0.05951295994139256,-0.22201503351186927,0.014317364170868268,0.9749381200763062,180,180,81,97,180,180,81,97,230221_170150
0,0,0,0,0.1886236690598698,0.004829748649734511,-0.16259994072068695,0.9496380393954467,0.2093863375055834,0.23312004589732102,-0.19658268403921467,0.9774483581827066,-0.07713595414505398,-0.2440140210502452,0.027423871935365454,0.9693838707029138,75,170,180,92,75,170,180,92,230221_170150
0,0,0,0,0.1924685599479509,0.003544905224776712,-0.1619129587389886,0.9548091014198741,0.20326940055096077,0.21684356261006388,-0.19496682454078054,0.979018461230172,-0.05925191894774668,-0.22433795304017554,0.01429697066370694,0.9744065267923778,86,137,180,180,86,137,180,180,230221_170150
0,0,0,0,0.19330573723790773,0.0031327477455293518,-0.16287149145510288,0.9558801020416268,0.20645044886092653,0.20897713436165913,-0.19907683867052123,0.9783848274719478,-0.05596017939246575,-0.21601306170192672,0.011888714724793782,0.976318091421209,147,84,166,180,147,84,166,180,230221_170150
0,0,0,0,0.1922944729966693,0.004078555994868227,-0.16278474951042998,0.9553317329965856,0.20521130242266772,0.21267252123330954,-0.19794872169991973,0.9786605795923268,-0.055134141231897624,-0.21944836182370514,0.010573140971514593,0.9755668225103232,180,106,75,170,180,106,75,170,230221_170151
0,0,0,0,0.1928300203251665,0.00380545933488205,-0.1620825984996921,0.9550880054921244,0.20395182328995456,0.21496640561208483,-0.19508881127248232,0.9788300673090634,-0.06190359479081166,-0.22304093230025307,0.017185840347169176,0.9746575754644271,180,180,81,97,180,180,81,97,230221_170151
0,0,0,0,0.18978557571240312,0.004655872053436122,-0.16246665444949887,0.9498472189387944,0.20752481003776913,0.23393100241957118,-0.19437475700217835,0.9778055813226615,-0.0781965406817842,-0.24496676206085932,0.028804484946647176,0.9691034966051751,75,170,180,92,75,170,180,92,230221_170151
0,0,0,0,0.19450005273057727,0.0027802492706858473,-0.16101005523195921,0.9552336319211671,0.20580372493451138,0.2125406672845826,-0.1963060291071697,0.97837936339019,-0.06509811232580219,-0.2213428367552712,0.02046089184976408,0.9749813847052884,86,137,180,180,86,137,180,180,230221_170151
0,0,0,0,0.19385997948720202,0.0036630780683908903,-0.16225962736601357,0.9552899978381911,0.20633224865293995,0.21177351863755203,-0.19838839157143756,0.978385868423572,-0.05833642565970675,-0.21923290382605914,0.013714796202421293,0.9755761570708459,147,84,166,180,147,84,166,180,230221_170151
0,0,0,0,0.19278132038597215,0.004640514556995684,-0.16286888205475436,0.9546289847724859,0.20690624390047066,0.21418054922716873,-0.19936863209124242,0.9782966954409991,-0.05645993470850505,-0.2212140365580798,0.011197407031129413,0.9751609959926923,180,106,75,170,180,106,75,170,230221_170152
0,0,0,0,0.19311585839363332,0.00456700190289952,-0.1628469737320562,0.9545921943847491,0.20565020061722258,0.2155498490043673,-0.19741721358476028,0.978524721968667,-0.05929428536185245,-0.22311473774750626,0.014048611398988258,0.9746909511827951,180,180,81,97,180,180,81,97,230221_170152
0,0,0,0,0.18993086422831765,0.005392961035679489,-0.16282863896861788,0.9497864837590748,0.2080492560621998,0.23371166492184176,-0.19569561575431788,0.9777828166938125,-0.07512648902253585,-0.24414926017318272,0.025617775670032567,0.9693992306199791,75,170,180,92,75,170,180,92,230221_170152
0,0,0,0,0.19542939636207943,0.0036923542194135517,-0.1616981931164322,0.9562338298387012,0.20638855076957294,0.20741414798235389,-0.1982622284723316,0.9783435090346172,-0.059464839115360074,-0.21519514732724654,0.015739899652351137,0.9764442145487567,86,137,180,180,86,137,180,180,230221_170152
0,0,0,0,0.19414888497212243,0.004202841112244643,-0.16256495830502232,0.9552659499578808,0.20651157621099653,0.2117071886873886,-0.1989558554637969,0.9783708487740036,-0.05663082063598225,-0.21882306191929765,0.011977109838591033,0.9756910455734323,147,84,166,180,147,84,166,180,230221_170153
0,0,0,0,0.1935011911173119,0.005001173813621279,-0.1624694244913632,0.9546449285961088,0.20828572154887465,0.2127677572015897,-0.20048459012128694,0.9779872193381624,-0.05785263982835509,-0.22013402606055602,0.012572072624450394,0.9753886166858294,180,106,75,170,180,106,75,170,230221_170153
0,0,0,0,0.1938713480290847,0.004803244300399939,-0.162085806750211,0.9546133840797957,0.20657866900728306,0.21456593496382276,-0.19835183267678452,0.9783272982007606,-0.05943271884206581,-0.2221932433929548,0.01417572242880527,0.9748995904625976,180,180,81,97,180,180,81,97,230221_170153
0,0,0,0,0.1905870841275942,0.005912311138849435,-0.16262697238633728,0.9497342425318746,0.21008717895629836,0.23209533773988625,-0.19759911753686388,0.9773263995671173,-0.07607691803581303,-0.24281568588347088,0.02639102020308038,0.9697133889668537,75,170,180,92,75,170,180,92,230221_170153
0,0,0,0,0.19508920417584705,0.00483973601792953,-0.1629514862458034,0.9561440654566595,0.20342642215905024,0.2107278264956456,-0.19603189321804904,0.9790181134181333,-0.05563299776702839,-0.21762358083019975,0.011883785876841708,0.9759604257857359,86,137,180,180,86,137,180,180,230221_170153
0,0,0,0,0.194090389871533,0.005087779917186258,-0.16298068256587678,0.9558429554085125,0.2029862313070873,0.21251078677484617,-0.1954195932645354,0.9791050819496041,-0.0562531871877618,-0.21948901376661614,0.012240441176831473,0.9755381819465369,147,84,166,180,147,84,166,180,230221_170154
0,0,0,0,0.19400807828760686,0.005499317871636378,-0.16268786471866326,0.9550155570837789,0.20581850502436044,0.213504165574109,-0.1981204086713802,0.978513894204119,-0.05708644775580345,-0.220666239818973,0.012218913168858312,0.9752728381151232,180,106,75,170,180,106,75,170,230221_170154
0,0,0,0,0.19390311813594546,0.005799167812344408,-0.1624003095489115,0.954744670412669,0.20437693672762342,0.2160848954749896,-0.1958278126197787,0.9787704280550839,-0.060497247618547224,-0.22386174778902498,0.015443992317402747,0.9744985382124197,180,180,81,97,180,180,81,97,230221_170154
0,0,0,0,0.1903268572595505,0.006869449168895786,-0.1631497766319221,0.9496850321633074,0.20622897012581512,0.2357285548375994,-0.19318567592541142,0.9781037579430664,-0.0774101628656947,-0.24653120350620797,0.027975892809652403,0.96873098181037,75,170,180,92,75,170,180,92,230221_170154
0,0,0,0,0.1951265060796185,0.005959337681159693,-0.16318377590944733,0.956369556708608,0.2036294764283051,0.20950491003915772,-0.19652206816854056,0.9789875559637582,-0.054428319750543304,-0.21618591009531749,0.010881249819862087,0.9762915807680701,86,137,180,180,86,137,180,180,230221_170155
0,0,0,0,0.1952374231168371,0.005346097372056463,-0.1623853001071484,0.9566111658202122,0.20090106280206133,0.21103042527819788,-0.19299872475828042,0.9795058565640766,-0.05761743831821595,-0.21828094206726428,0.014388881877273113,0.9757798882988671,147,84,166,180,147,84,166,180,230221_170155
0,0,0,0,0.1943090828891397,0.0062237668215528175,-0.16290390799949023,0.9558354189226322,0.20362100498027957,0.21193663737970578,-0.19618546930361813,0.9789795358738085,-0.055770332385801535,-0.21883764202512088,0.011728370352468754,0.9756907972107559,180,106,75,170,180,106,75,170,230221_170155
0,0,0,0,0.19432021156545567,0.006149992678237959,-0.16281698419964408,0.9555551626068977,0.20274902913117415,0.21402607878871097,-0.19521794596068648,0.9791606499475541,-0.0559854907022648,-0.2209169182977972,0.01171549318847755,0.9752222630914221,180,180,81,97,180,180,81,97,230221_170155
0,0,0,0,0.19145877429939942,0.006695287109276804,-0.1626255273848347,0.950210411476906,0.20504674453200553,0.23464016382050937,-0.19174521957795365,0.9783067938660567,-0.07841930785539766,-0.24562969016365105,0.02952371305144109,0.9689140342041521,75,170,180,92,75,170,180,92,230221_170155
0,0,0,0,0.19574658157292465,0.005262251977790233,-0.1617565462995197,0.9560971911459628,0.19973892330523974,0.21443535995647806,-0.19073273553025996,0.9796746767489971,-0.062117238620950956,-0.222484122309761,0.018490274568319736,0.9747609579104219,86,137,180,180,86,137,180,180,230221_170156
0,0,0,0,0.19536283872868976,0.006193351687663856,-0.1630069108824569,0.9561724824996864,0.20177578656588355,0.21218085603113682,-0.1941460657860238,0.9793486781154914,-0.05642226345380104,-0.21918368746372535,0.01275533728131668,0.9756002319191217,147,84,166,180,147,84,166,180,230221_170156
0,0,0,0,0.19480288773700183,0.006801423708573395,-0.16303226032200419,0.9553989299612587,0.20281961541761964,0.21465574353073508,-0.19507115024985452,0.9791362790305934,-0.056915669426995,-0.22172084017764915,0.012504026870301407,0.9750300089448242,180,106,75,170,180,106,75,170,230221_170156
0,0,0,0,0.19469714718236916,0.007039292079104725,-0.16300959821951305,0.9555126376114091,0.20143702694698543,0.21545004882720636,-0.19332498314689084,0.979400482810157,-0.05831076369320864,-0.22275782872020586,0.014064794559116712,0.9747723484475076,180,180,81,97,180,180,81,97,230221_170156
0,0,0,0,0.1922463300449484,0.007184921290162571,-0.16251117227323053,0.9501602622332105,0.20584642976306985,0.23414252801811578,-0.1926786708055829,0.9781532839669621,-0.07804538987820485,-0.2450926475631417,0.02904135703517853,0.9690645972751479,75,170,180,92,75,170,180,92,230221_170157
