0,0,0,0,0.2530731481803656,0.17540921965998946,-0.2249601384170814,0.9973008635011413,0.011505066578076662,0.07251635059013993,-0.010677403520738597,0.9998734768158295,-0.011790819067398995,-0.0726428297489393,0.010984707700200479,0.9972975260587021,162,162,83,96,162,162,83,96,230201_162441
0,0,0,0,0.25489326935942397,0.17304263856392674,-0.22835615624601546,0.9974073947610558,0.012683959508851315,0.0708350622724425,-0.012702080241531185,0.9999193063809605,-0.00019463853155547763,-0.07083181512216592,-0.0007056187342195245,0.997488023020177,162,130,152,112,140,159,157,117,230201_162441
0,0,0,0,0.25291892018673634,0.17566606748600083,-0.2237461600481928,0.9976794561033104,0.011194953902466056,0.0671593320136872,-0.010388840928057886,0.9998698864266621,-0.012340267473072828,-0.06728874239852105,0.011613923723579885,0.9976659470595197,133,86,159,162,117,64,162,162,230201_162442
0,0,0,0,0.25296857256141175,0.1755647177208945,-0.22381104171102062,0.9977475998530946,0.011702775728668074,0.06605128331556642,-0.010928296802445303,0.9998673795759484,-0.012074584420350526,-0.06618382971985216,0.011325559596373411,0.997743169549881,153,162,115,68,152,162,114,162,230201_162442
0,0,0,0,0.2528974929980694,0.1756918202678321,-0.22462763512167216,0.9969509157191668,0.011573542694639852,0.07716815895310054,-0.010844966220989433,0.9998926387074465,-0.009853819884961776,-0.07727391768495526,0.008986888680462046,0.996969396459823,84,116,162,146,82,108,162,151,230201_162442
0,0,0,0,0.2530301714679104,0.17564758739617167,-0.2235884261954063,0.9978991564868792,0.011011742661803459,0.06384367632213211,-0.010150237328287058,0.9998532187449932,-0.013802668128163947,-0.06398629669667093,0.013125642415783154,0.997864455397735,162,142,149,146,162,109,162,162,230201_162442
0,0,0,0,0.25304300490806303,0.17555542535380542,-0.22329859479439662,0.9979386242391166,0.011084390977811217,0.0632110633385425,-0.009907991523754536,0.9997724010470377,-0.018893856372030813,-0.06340610345781718,0.01822861435471012,0.9978213185049736,162,162,162,98,162,162,162,88,230201_162442
0,0,0,0,0.25490384001688976,0.17283250808189815,-0.22741976115754658,0.9982248832145421,0.012695458308467349,0.05818855445576969,-0.012748876096269311,0.999918580239328,0.000546855052896602,-0.05817687418206722,-0.0012877229922906173,0.9983054608084136,111,87,162,162,106,82,162,162,230201_162442
0,0,0,0,0.2529032616983458,0.1755893369683612,-0.2237442700358927,0.9977867204886764,0.011055985923925671,0.06557000527453069,-0.010299501665030908,0.9998765765663413,-0.011863890568630466,-0.06569307940646447,0.0111622940842092,0.9977774413710071,138,162,109,152,162,126,126,160,230201_162443
0,0,0,0,0.2527309626524395,0.17527064410540238,-0.22515665184340405,0.9974963869754876,0.011272458869994634,0.06981324832632486,-0.010439055488772265,0.9998699705564549,-0.0122909763622881,-0.0699427200740088,0.0115314201406536,0.9974843568989886,53,154,162,123,76,154,162,121,230201_162443
0,0,0,0,0.25314731089122455,0.17547266427203556,-0.22484692748916701,0.9972078703243118,0.011184654550588036,0.07383337230435617,-0.010396427439954718,0.9998848829617046,-0.011051475971324318,-0.07394847976622247,0.010253015519495244,0.9972093551571913,139,91,162,138,132,71,162,138,230201_162443
0,0,0,0,0.25302314149534766,0.17560062187937106,-0.22512110258937712,0.997294645461865,0.011328044538231594,0.07262964642646191,-0.010711188984471298,0.9999032295375442,-0.008877048548382359,-0.07272317762331326,0.008075083116057638,0.9973194736236913,162,162,111,127,162,140,118,136,230201_162443
0,0,0,0,0.2530649740183464,0.1752481882372483,-0.22365608575263674,0.9980290134872067,0.011208164926287978,0.06174516399475204,-0.010208244285029942,0.9998119833381705,-0.016486046282019183,-0.06191833320084487,0.015823242789670386,0.997955783089235,75,114,162,162,99,115,162,162,230201_162443
