0,0,0,0,-0.07228986454049438,0.20588196240097306,-0.13346176507581975,0.9973320568678081,-0.06393813566241566,0.03522333249199901,0.06308777667275642,0.9977011063535458,0.024747420378689915,-0.03672466171819366,-0.022459233934526025,0.9990730113624123,180,180,81,97,180,180,81,97,230221_173232
0,0,0,0,-0.0701659063159864,0.2052792068521171,-0.13361035980575914,0.9978830268787374,-0.061769336629412,0.020347327089592922,0.061034392867176185,0.99752351186158,0.03495205531402695,-0.022455902445989315,-0.03363617599701112,0.9991818353581265,75,170,180,92,75,170,180,92,230221_173232
0,0,0,0,-0.07131698117138274,0.20781872158553558,-0.13076915459039617,0.9972883783224813,-0.06723530603785423,0.029921632390479437,0.0662966639800182,0.997307998404607,0.03132903865931401,-0.031947500810478306,-0.029260381750624377,0.9990611529089559,86,137,180,180,86,137,180,180,230221_173232
0,0,0,0,-0.07212920584117036,0.205448673340187,-0.13340937516503093,0.9972735962279574,-0.06579628465801596,0.033409926545235516,0.0649185313855512,0.997532998103864,0.026711457778620364,-0.03508501887273134,-0.024469708194359983,0.9990847185457212,147,84,166,180,147,84,166,180,230221_173233
0,0,0,0,-0.07201120917498377,0.20539601387358855,-0.13331711528374424,0.9971305535948768,-0.06738931644948623,0.03448679625662542,0.06648843593109896,0.9974316125317859,0.02663580690871512,-0.03619318962195984,-0.024266403744955835,0.9990501462260419,180,106,75,170,180,106,75,170,230221_173233
0,0,0,0,-0.07174618484475367,0.20580521649257,-0.1326154788252235,0.996939264436193,-0.07183271887342793,0.03085714705987709,0.07094885982319261,0.9970628401546427,0.028843579399026723,-0.0328384274168639,-0.02656601742847803,0.9991075439624992,180,180,81,97,180,180,81,97,230221_173233
0,0,0,0,-0.06967280667867423,0.20540829110368605,-0.13383487443945358,0.9973089575193322,-0.07067693238346036,0.01948369781554998,0.06992758631104964,0.9968738569648786,0.03677833564311718,-0.02202216893075011,-0.03531691561887822,0.9991334943573629,75,170,180,92,75,170,180,92,230221_173233
0,0,0,0,-0.07017257228968204,0.20723543966824798,-0.131025018153331,0.996977841945217,-0.07316428198615271,0.026118394125755107,0.07222708304104596,0.9967674139578054,0.03518481131469268,-0.028608235626117418,-0.0331920218323519,0.9990394679596203,86,137,180,180,86,137,180,180,230221_173234
0,0,0,0,-0.0720554220946909,0.20582149348521586,-0.1327429668490382,0.9968500860805788,-0.07038371181945645,0.03655186714324735,0.06944273317415725,0.9972363852173773,0.026406416036281976,-0.03830943343936038,-0.02378497654180155,0.9989828137663135,147,84,166,180,147,84,166,180,230221_173234
0,0,0,0,-0.07183578539266242,0.20539833966352988,-0.13326625296533268,0.9970371937886767,-0.06909637455135578,0.0338012607140463,0.068273578360772,0.9973553484016556,0.024920423600460064,-0.035433779078948596,-0.022538856192574078,0.9991178345228928,180,106,75,170,180,106,75,170,230221_173234
0,0,0,0,-0.07187316378667669,0.20504493159528087,-0.13334043048426208,0.9969023257588655,-0.07159982012659027,0.032545639560556644,0.07075508128202211,0.9971441151616446,0.02640704586421999,-0.03434343269593357,-0.024022476065979306,0.9991213386142442,180,180,81,97,180,180,81,97,230221_173234
0,0,0,0,-0.06936522150862184,0.20531159457494297,-0.13360441378239268,0.9969639193228084,-0.07570396619824196,0.018216834806292534,0.07500719212241187,0.9965221759615653,0.03629702393776462,-0.020901308533580274,-0.034820429616569774,0.9991749961757957,75,170,180,92,75,170,180,92,230221_173234
0,0,0,0,-0.07044586707323494,0.20717047330792485,-0.13077964532541453,0.9963323301173626,-0.08209190056357875,0.024141413064831835,0.08117527111625387,0.9960212757581216,0.03677218509100509,-0.027064059601433738,-0.03467763110456096,0.999032030807254,86,137,180,180,86,137,180,180,230221_173235
0,0,0,0,-0.0718427068854918,0.20544537898869383,-0.13298785106646133,0.9965033712123823,-0.07457260087056088,0.03768233487666629,0.07365273383208203,0.9969645423199593,0.025238386553335823,-0.03945004387092189,-0.022374730303518317,0.9989710033241341,147,84,166,180,147,84,166,180,230221_173235
0,0,0,0,-0.07140499341548767,0.20520433317408854,-0.13321067327850195,0.9968423088749601,-0.07224276470663225,0.03296049429818199,0.07147867595358343,0.9971581187597982,0.023800946942124746,-0.034586270697503196,-0.021369818411988102,0.9991732185863859,180,106,75,170,180,106,75,170,230221_173235
0,0,0,0,-0.07081567242195394,0.20508081337723122,-0.13295257116358228,0.996587464539231,-0.07729174900933589,0.02897259150205123,0.07642688825724402,0.9966280482638836,0.029857397157773927,-0.03118262776902695,-0.027541222717956726,0.9991341875727295,180,180,81,97,180,180,81,97,230221_173235
0,0,0,0,-0.06909975914751681,0.20478431955607068,-0.13397187266197152,0.9964599979623009,-0.082676261764843,0.015235097687977373,0.08211044204317773,0.996021473658065,0.034628013507715924,-0.018037399159664333,-0.03325446966360644,0.9992841400117121,75,170,180,92,75,170,180,92,230221_173236
0,0,0,0,-0.07062255216992136,0.20672337585224584,-0.1310078493537314,0.9959251011990243,-0.08562571744760097,0.0283095268999122,0.08470140110764098,0.9958800801882384,0.032381144739964375,-0.030965552669309723,-0.029851338258972356,0.9990745878822225,86,137,180,180,86,137,180,180,230221_173236
0,0,0,0,-0.07151496070627861,0.20514040629609281,-0.13267453717458172,0.9958644802458786,-0.08282650345085243,0.03733238956605979,0.08180362609076676,0.9962510280440324,0.02814348733920508,-0.03952345813574717,-0.024973174554227665,0.9989065205561911,147,84,166,180,147,84,166,180,230221_173236
0,0,0,0,-0.07119952834342985,0.20446437500632916,-0.13338669192015434,0.9961254984375851,-0.08128321401286648,0.03357127465871489,0.08042121436906197,0.9964145444414158,0.026277060433218934,-0.03558679027220349,-0.023475407245543412,0.9990908295108998,180,106,75,170,180,106,75,170,230221_173236
0,0,0,0,-0.07042892452954744,0.2047953190688639,-0.13278283333733193,0.9960213252874187,-0.08329614006889918,0.03167447903780407,0.08234047921407464,0.9961414925774758,0.030367289117006882,-0.0340817407931349,-0.02763837576887845,0.9990368137007605,180,180,81,97,180,180,81,97,230221_173236
0,0,0,0,-0.06850981312097115,0.20413518047691448,-0.13461229235142502,0.9959025036733048,-0.08946069336694598,0.013228284830212152,0.08896190603407535,0.9954399953550344,0.034423755204126785,-0.01624753679879653,-0.03310589056156941,0.9993197774276746,75,170,180,92,75,170,180,92,230221_173237
0,0,0,0,-0.07127632016354166,0.2054439136149404,-0.13189909851611442,0.9950919324081529,-0.09265140044452981,0.034752899905996386,0.0916650789375552,0.9953681638924117,0.0289781230037737,-0.03727679384792168,-0.025650269104194254,0.998975727600677,86,137,180,180,86,137,180,180,230221_173237
0,0,0,0,-0.07108095120832444,0.20453593590622743,-0.1329582158819818,0.9948940354876962,-0.09352505498300084,0.03793312854793358,0.09251994715706616,0.9953325838265329,0.02744279415896914,-0.04032266768284354,-0.023793101177117918,0.9989033841204635,147,84,166,180,147,84,166,180,230221_173237
0,0,0,0,-0.07058046686355007,0.20419246868452012,-0.13297687369160266,0.9951894781883667,-0.09210735818607778,0.033378691872930716,0.09130034520471775,0.9955108461930569,0.024947987443552117,-0.0355267430067234,-0.021780488515318098,0.9991313531520108,180,106,75,170,180,106,75,170,230221_173237
0,0,0,0,-0.07006526097900534,0.20427427502367462,-0.13290855598188878,0.9950301528897135,-0.0950376831036635,0.029712516395626175,0.09426870911776378,0.9951995076249844,0.02629354491618059,-0.032068759276642315,-0.023361909452703746,0.9992125979315816,180,180,81,97,180,180,81,97,230221_173238
0,0,0,0,-0.06748346074229311,0.20414949455539821,-0.1340438807049718,0.9947627448633442,-0.10124912462702236,0.013989145585311797,0.10073150758411974,0.9943408922516377,0.03375430899971241,-0.01732757374174789,-0.03216838134689744,0.9993322522713579,75,170,180,92,75,170,180,92,230221_173238
0,0,0,0,-0.07109982504014106,0.20382764319276953,-0.13261952023062368,0.9938777146780954,-0.10303945889661696,0.03987427963662059,0.10182371448084508,0.994306442707161,0.03141065361235677,-0.04288378989280504,-0.027158201363946192,0.9987108754104489,86,137,180,180,86,137,180,180,230221_173238
0,0,0,0,-0.07050419041653327,0.20381078810372336,-0.13330163987363375,0.9941746648136615,-0.10147191129528674,0.036334378496476895,0.1006271103139504,0.9946255896332201,0.024374599825102195,-0.03861243986732572,-0.020576386097934468,0.9990423874003751,147,84,166,180,147,84,166,180,230221_173238
0,0,0,0,-0.06952418449455655,0.20411945309043772,-0.1326368645222491,0.9944946847445919,-0.09823534158108539,0.036471080038876044,0.09730951053218648,0.9949052516082684,0.02635146072374014,-0.03887391380786051,-0.022657404677852214,0.9989872175551212,180,106,75,170,180,106,75,170,230221_173239
0,0,0,0,-0.06943601707531002,0.2037289448558708,-0.1330021863314143,0.9943753261289193,-0.1014119280317169,0.03055047690127197,0.10059756818218658,0.9945577315286168,0.027111767417139547,-0.03313366961016605,-0.023885968884275233,0.9991654619874648,180,180,81,97,180,180,81,97,230221_173239
0,0,0,0,-0.06717769879378793,0.2031275885827668,-0.13422884553088577,0.9942990598096103,-0.10563431357722196,0.014517970133407753,0.10499837400646336,0.9936997646373698,0.03919335677938125,-0.01856666684475675,-0.037445554538639535,0.9991261728768643,75,170,180,92,75,170,180,92,230221_173239
0,0,0,0,-0.06985021191950927,0.20401667677864715,-0.1318930215770901,0.9937228797026969,-0.10602928373252378,0.03567393090966052,0.1051056394114062,0.9940986457079616,0.026845617249661276,-0.03830982797271191,-0.022927572762151415,0.9990028445845074,86,137,180,180,86,137,180,180,230221_173239
0,0,0,0,-0.07000150842572608,0.20338268901579656,-0.13301236482526302,0.9936631038797867,-0.10560673760053607,0.038481852363928565,0.10466266851207875,0.9941736262148848,0.025778416527735205,-0.04098001717811477,-0.021587448022358645,0.9989267341902325,147,84,166,180,147,84,166,180,230221_173239
0,0,0,0,-0.06944941171653418,0.2032021952384303,-0.1328766465978105,0.9940815460681246,-0.10265499052573096,0.03555042456806917,0.10186496055953484,0.9945237352878128,0.023368135556384576,-0.037754596766648406,-0.019608489726119477,0.9990946389374975,180,106,75,170,180,106,75,170,230221_173240
0,0,0,0,-0.06920882954217022,0.2033087930299925,-0.13265575917928707,0.9939731277956636,-0.1052084381883083,0.030799444054761746,0.10444643310043014,0.9942063980430939,0.025388593950328938,-0.033292098652725616,-0.02201868806614651,0.9992030892381903,180,180,81,97,180,180,81,97,230221_173240
0,0,0,0,-0.06658251282269337,0.2029059327220591,-0.13390916350460924,0.9937208661483329,-0.11097507771582574,0.014260866291127905,0.11040512393004773,0.9932364380236148,0.03594560880208035,-0.018153478768484405,-0.03414542880281066,0.9992519906912741,75,170,180,92,75,170,180,92,230221_173240
0,0,0,0,-0.0678890639354521,0.20516175245364687,-0.1303849986968228,0.9924492690081745,-0.12068444830737682,0.02190233736122114,0.11993455331759706,0.9922391074072224,0.03282158820390893,-0.025693410938390455,-0.02994691417262744,0.9992212122277471,86,137,180,180,86,137,180,180,230221_173240
0,0,0,0,-0.06919810624804204,0.20296992561235153,-0.13313176648792335,0.9934695611453919,-0.10820366816984295,0.03619664725046277,0.10743744269154372,0.9939574711842702,0.022488694601332602,-0.03841128721463445,-0.018452958341721247,0.9990916180926321,147,84,166,180,147,84,166,180,230221_173241
0,0,0,0,-0.0683761876119032,0.20287739986417905,-0.13261129988558212,0.9938277103873449,-0.10653437449921643,0.030933947635384484,0.10592068811222267,0.9941560318866343,0.020846872505377458,-0.032974079154407934,-0.017441654551189047,0.9993040071922237,180,106,75,170,180,106,75,170,230221_173241
0,0,0,0,-0.0681750667148909,0.20327207468736755,-0.13217532473824484,0.9935734713475062,-0.10879353879430644,0.03123656432897875,0.10813667774617815,0.9938924790476197,0.02200452268503378,-0.03343973625024347,-0.018485291698773273,0.999269772398988,180,180,81,97,180,180,81,97,230221_173241
0,0,0,0,-0.06594266708808183,0.20226653162568237,-0.13416625212785122,0.9928398751848307,-0.11866739676237655,0.013675934652161272,0.11809732889187147,0.9923178305085106,0.03685572090583524,-0.017944446259904965,-0.03497673799147667,0.9992270135699399,75,170,180,92,75,170,180,92,230221_173241
0,0,0,0,-0.06791617457679572,0.20377504582583927,-0.13105467785190872,0.9918209181560298,-0.1254248442859678,0.023661672467738554,0.12458660528081804,0.991623029615204,0.03408731320251116,-0.027738855288773623,-0.030860582829964497,0.9991387192650796,86,137,180,180,86,137,180,180,230221_173241
0,0,0,0,-0.06886745089725035,0.20210011991225324,-0.13327991142116996,0.9925198963669737,-0.11684314010660918,0.03538270659120842,0.11598300684233757,0.9929247226217133,0.02546443265427351,-0.0381077084000395,-0.021170163358394774,0.9990493615151739,147,84,166,180,147,84,166,180,230221_173242
0,0,0,0,-0.0678468215052159,0.2018376644125198,-0.1328866333908112,0.9929550447908867,-0.11431457719319872,0.03118423424533979,0.11355891749520812,0.9932162071121664,0.02501875670450532,-0.033832695453428714,-0.021301252800316427,0.9992004830600777,180,106,75,170,180,106,75,170,230221_173242
0,0,0,0,-0.0680642232107106,0.20166993853699036,-0.1331318215502012,0.9926174752270043,-0.11707046156065119,0.03170260090186285,0.1162552672750626,0.9928672172226888,0.026446205687724166,-0.03457254264254378,-0.022565371577922124,0.9991474081939961,180,180,81,97,180,180,81,97,230221_173242
0,0,0,0,-0.06547094408070445,0.20180012087093058,-0.13379937020628374,0.991979905969062,-0.12555780860910423,0.014529378888678926,0.12492583903167423,0.9914246752638974,0.03834902893305336,-0.019219804781615824,-0.03622637126673817,0.9991587707311591,75,170,180,92,75,170,180,92,230221_173242
0,0,0,0,-0.06750603768305175,0.20284875175131667,-0.13134160609132467,0.9909527915809991,-0.13182527952657797,0.025192469818669898,0.1309487728553647,0.9908143773171371,0.033753349305361516,-0.029410606003603835,-0.030149052711406294,0.9991126317263263,86,137,180,180,86,137,180,180,230221_173243
0,0,0,0,-0.06821988198163134,0.2020460542549052,-0.13375060012073742,0.9917256566882318,-0.123284044732611,0.035794778678784875,0.1224947011698641,0.9921915238558783,0.023473989304233927,-0.03840924435082353,-0.01889508674013464,0.9990834327750018,147,84,166,180,147,84,166,180,230221_173243
0,0,0,0,-0.06802208471051505,0.20188532790370758,-0.13318742465660016,0.9926312271559522,-0.116357232897753,0.033826634879134,0.11559253332945735,0.9930126926385587,0.0237520209076538,-0.03635399721277451,-0.01966689124130866,0.9991454349971058,180,106,75,170,180,106,75,170,230221_173243
0,0,0,0,-0.06776114603358468,0.2018537039371416,-0.13278188203110386,0.9924025006638516,-0.11954744908614567,0.029080648086489413,0.11886180516754824,0.9926141828641365,0.024268400220747742,-0.03176708907732212,-0.020627442739178978,0.9992824228703293,180,180,81,97,180,180,81,97,230221_173243
