0,0,0,0,0.07328774720592886,0.2664831355578165,-0.19916434788753534,0.9425493089344588,-0.3276502310540806,0.06516230748969488,0.3014385508819519,0.918232610475804,0.25687287342375864,-0.1439986120397098,-0.2224729177877547,0.9642459232901325,180,180,81,97,180,180,81,97,230218_121612
0,0,0,0,0.0717075609243111,0.27076572790527165,-0.18951309641259928,0.9424484336590964,-0.3272962412394963,0.06832364425300913,0.30661042266629424,0.9275137507653071,0.2137949738737253,-0.13334541089182977,-0.18054199680896335,0.9744863204695698,166,180,147,84,166,180,147,84,230218_121612
0,0,0,0,0.07662318834232487,0.2712402315050956,-0.18697482096561457,0.9388628436423674,-0.2945598153477863,0.17824442771106827,0.30511825798719666,0.9516925095304885,-0.034412438832788134,-0.1594973650899192,0.08669418945834637,0.9833843135028814,75,170,180,92,75,170,180,92,230218_121612
0,0,0,0,0.07971107840935818,0.2686322103123778,-0.19432646055688818,0.9410126009572475,-0.3286980319419925,0.08032987387726138,0.2976727132143184,0.9170445902994806,0.2653679995969429,-0.16089201548648088,-0.22580262000233273,0.9607949501078678,75,170,180,106,75,170,180,106,230218_121612
0,0,0,0,0.07683129164272925,0.2720709120559,-0.18136029582903057,0.937494322165772,-0.3232090576104053,0.12899729061314885,0.3035977475749982,0.9407926045937121,0.1507901946718236,-0.17009645373824606,-0.1022016644696766,0.9801132670285105,86,137,180,180,86,137,180,180,230218_121612
0,0,0,0,0.07079893935752576,0.2638238239628483,-0.20376555063215052,0.93141035478077,-0.3416416749916203,0.12552177865247524,0.29501438885799,0.9106153076758363,0.2893894811377728,-0.21316956014850644,-0.23250962847882778,0.9489457367472229,81,97,180,180,81,97,180,180,230218_121613
0,0,0,0,0.0811795809756371,0.2703520150030984,-0.185675548575849,0.9320295464806088,-0.32724603169293764,0.15566296678522357,0.2966198042159119,0.9356875433653115,0.19106415921858141,-0.20817688688725014,-0.1319047229336921,0.9691560905415181,147,84,166,180,147,84,166,180,230218_121613
0,0,0,0,0.07594966292843645,0.2734301705305271,-0.18389141471033876,0.9474099174456098,-0.3187548934825804,-0.028456391313924495,0.31994410345849766,0.9414565933163401,0.10627913042234179,-0.007086535672710763,-0.10979435678621982,0.9939290619707524,180,92,75,170,180,92,75,170,230218_121613
0,0,0,0,0.07392712367429585,0.27276721830346573,-0.1879840704865401,0.9491853573390985,-0.3122238140881608,0.039540451809375134,0.31301333904309586,0.949622182069416,-0.015503577097346977,-0.03270790415388587,0.02709245721530466,0.9990976888011988,180,106,75,170,180,106,75,170,230218_121613
0,0,0,0,0.0793741939983623,0.2704555767932276,-0.18794675269054317,0.9500351941224257,-0.31119903157122053,-0.024254745471742667,0.3109173549882325,0.9365656078551842,0.1617877020974424,-0.027632015776741757,-0.1612452322767519,0.9865274688381112,180,180,86,137,180,180,86,137,230218_121613
0,0,0,0,0.07327152462467215,0.27352338067037685,-0.18151550128956773,0.950472353349878,-0.3033622967244551,0.06762856233580936,0.3005355916691814,0.9525164043389444,0.048896396649059155,-0.07925063821572587,-0.026149883198031718,0.9965116757726069,180,180,81,97,180,180,81,97,230218_121613
0,0,0,0,0.07585023470426562,0.27414777094483844,-0.1793024012707225,0.9379321086134391,-0.302424489957531,0.16977275254255464,0.2932660895715524,0.9529034426876765,0.07726596677311075,-0.1851441609647969,-0.022681639885605825,0.9824495828655743,166,180,147,84,166,180,147,84,230218_121614
0,0,0,0,0.08288123909187943,0.2619895232138334,-0.2024813173049571,0.9506384913875768,-0.3076829246627914,0.040220350114134745,0.2941583773567357,0.9348443514815546,0.19883884815066402,-0.09877908545438639,-0.1771927097088969,0.9792065338338045,75,170,180,92,75,170,180,92,230218_121614
0,0,0,0,0.07714025705165964,0.2740296416033207,-0.18066079438931393,0.9419509035980352,-0.30328374422544074,0.14403980595460725,0.2949429417948494,0.9524375400382289,0.07662501818156679,-0.1604280408664381,-0.029693481010531604,0.9866008011801094,75,170,180,106,75,170,180,106,230218_121614
0,0,0,0,0.07905309032624466,0.2740156985735913,-0.18563376976707846,0.9515962432139821,-0.30363687767295316,-0.04763650299985741,0.30713766807218235,0.9452174951252893,0.11059086653181108,0.01144739062918815,-0.11986881757194004,0.9927237399305446,86,137,180,180,86,137,180,180,230218_121614
0,0,0,0,0.08198136442005627,0.2716890581392516,-0.18485961570053422,0.9537363295828964,-0.2998286859488984,0.022130809201251808,0.2997077909609889,0.9539916585732967,0.008669221986680554,-0.02371188881193715,-0.0016353760200297645,0.999717496032876,81,97,180,180,81,97,180,180,230218_121614
0,0,0,0,0.07788075166736073,0.26974913183744076,-0.1909326074364195,0.9512365303274248,-0.30679307604945594,0.03204796185023731,0.3025243301902199,0.9481636422938434,0.09728688028214938,-0.06023365349703084,-0.08284754625326661,0.9947402631170675,147,84,166,180,147,84,166,180,230218_121614
0,0,0,0,0.08026142709412157,0.27406758173560164,-0.177064542070839,0.9387815626583903,-0.30738279938856095,0.1555795367415722,0.2894425297509944,0.9486358364008415,0.1277226364722407,-0.1868480655078217,-0.0748723215622912,0.979531487947099,180,92,75,170,180,92,75,170,230218_121614
0,0,0,0,0.07935044718250428,0.2717934986817547,-0.18650142289930915,0.9533782018800881,-0.2923201617760574,0.07495950372774106,0.2919394478158142,0.956299044444961,0.016232572274659348,-0.07642880994027723,0.0064078555597208865,0.9970544500669153,180,106,75,170,180,106,75,170,230218_121615
0,0,0,0,0.07241797372995265,0.26941053297699086,-0.1906033850543376,0.9475434109016058,-0.3032633270792252,0.1009595904596998,0.2900531671744664,0.9485468288071304,0.12699635338070592,-0.13427823602137676,-0.09105090888494677,0.9867517860750051,180,180,86,137,180,180,86,137,230218_121615
0,0,0,0,0.07672761980939284,0.2754735251274729,-0.17621435085542103,0.9469273160490921,-0.2956156421519519,0.12625391176178874,0.2832589759840082,0.9530534232825726,0.10702114227507244,-0.15196384650486952,-0.0655786892554227,0.9862081042411817,180,180,81,97,180,180,81,97,230218_121615
0,0,0,0,0.07281255303458181,0.27371173581786096,-0.18557661497972977,0.9477402814436582,-0.301151407353159,0.10533844871797478,0.28063141035709893,0.9439511768707951,0.17378776483177727,-0.15177078259692586,-0.13514438772457854,0.9791330982131415,166,180,147,84,166,180,147,84,230218_121615
0,0,0,0,0.08044867392245847,0.2613861619913624,-0.2052624551036104,0.9552886810575617,-0.29421475337505615,0.029346460429826117,0.28294706261761227,0.93846035791366,0.19807351256700131,-0.08581663940850505,-0.18091388979572579,0.9797477577823848,75,170,180,92,75,170,180,92,230218_121615
0,0,0,0,0.07508128008828382,0.27283368286860543,-0.18662445198763722,0.9497835582275103,-0.2988064902968088,0.09287558278251772,0.28247294308570786,0.94645313159383,0.1563186045252809,-0.13461139975940992,-0.12223400121380222,0.9833303717480083,75,170,180,106,75,170,180,106,230218_121615
0,0,0,0,0.07426235693122019,0.27324218712827075,-0.18480376022968215,0.9513614068804084,-0.29653815509685305,0.08352602031872337,0.2852560580943998,0.9503000406368295,0.12473497539217054,-0.11636345998196106,-0.09484173837185676,0.9886680888162775,86,137,180,180,86,137,180,180,230218_121615
0,0,0,0,0.08214450930755157,0.2730862681009332,-0.18313692987162788,0.9547756506422511,-0.2943043851952666,0.04228931065295644,0.28673213586860613,0.9490225748834605,0.13092301028388434,-0.07866472653542747,-0.11287639795990455,0.9904901713710762,81,97,180,180,81,97,180,180,230218_121616
0,0,0,0,0.0768655509546457,0.2750423962331696,-0.18080116369613397,0.9520450538105094,-0.2983103908397006,0.06797886606887868,0.29053360067336786,0.9511081198273045,0.10480253469424244,-0.09591893658039412,-0.0800265900537738,0.9921669730895357,147,84,166,180,147,84,166,180,230218_121616
0,0,0,0,0.07649230173693597,0.27671176041185586,-0.17618806043300395,0.9535980957872129,-0.29546110272330656,0.05790862188422687,0.28851540029638706,0.9517220252452913,0.10480482076134012,-0.08607865881168426,-0.08323414828379419,0.9928053893168857,180,92,75,170,180,92,75,170,230218_121616
0,0,0,0,0.07560905379674449,0.27279085040988305,-0.18806984490501022,0.9545184013967882,-0.29299033784365697,0.05523842254427302,0.2844056548332744,0.9503541412812341,0.12625541433326706,-0.08948768012288735,-0.10480299652141814,0.9904586245908283,180,106,75,170,180,106,75,170,230218_121616
0,0,0,0,0.07639994909949141,0.2710314563690095,-0.1901824109714385,0.9570529104497739,-0.28705483473122406,0.040610940115280755,0.27722515438989875,0.9471312551924409,0.16151965580414154,-0.08482888878863297,-0.1433244825388217,0.9860335452366034,180,180,86,137,180,180,86,137,230218_121616
0,0,0,0,0.07279598553731424,0.27564513628942094,-0.17901906559345182,0.9514020771566101,-0.279542170861279,0.12919079801693065,0.2648420663247951,0.9568031821307108,0.11994311388887433,-0.1571393250809626,-0.07989896979755375,0.9843390610650323,180,180,81,97,180,180,81,97,230218_121616
0,0,0,0,0.07694942037559374,0.2728444893074027,-0.18676010715892466,0.9572699245506345,-0.27223492220908024,0.09758298356085389,0.25953953214113484,0.9575622272173253,0.12535474567225596,-0.12756771851366852,-0.09467168603342441,0.9873012453434898,166,180,147,84,166,180,147,84,230218_121616
0,0,0,0,0.08260755894899718,0.26290350888764114,-0.2043905559223509,0.9629150737937044,-0.2697898729184988,-0.0028257974952169565,0.2670588594997176,0.9515727529322198,0.15227889361203203,-0.03839435145400716,-0.14738629633590336,0.9883335233759964,75,170,180,92,75,170,180,92,230218_121617
0,0,0,0,0.07770033912978055,0.2757289883755153,-0.1816609562179139,0.9510516704446059,-0.27712908892064975,0.13674863150516234,0.26284513095546014,0.958119420766187,0.1136644741494596,-0.16252125177197946,-0.07215707605409695,0.9840631072740162,75,170,180,106,75,170,180,106,230218_121617
0,0,0,0,0.0748802669097722,0.27421095956137664,-0.18607002540058581,0.9585110342775901,-0.27712375978323567,0.06677588585490646,0.27059093400043316,0.9582299200070393,0.09260651618583023,-0.08965011770699054,-0.07069541828793909,0.9934611286951374,86,137,180,180,86,137,180,180,230218_121617
0,0,0,0,0.07984713518262512,0.2721350114574682,-0.18920429720066223,0.957088321156065,-0.2843595792364315,0.055871058725814576,0.26810731156779327,0.9420270660199961,0.2017510256966455,-0.11000188630452659,-0.1781141111260922,0.9778419854082806,81,97,180,180,81,97,180,180,230218_121617
0,0,0,0,0.07816606699957744,0.27489108529658446,-0.1835534431472221,0.9572927449955261,-0.2842985966363176,0.052582395623916096,0.27371672622117715,0.9497472779620296,0.15185276352597804,-0.093111514678319,-0.130974867643895,0.9870034599128684,147,84,166,180,147,84,166,180,230218_121617
0,0,0,0,0.07797634733920852,0.27250681659647163,-0.18663467711182546,0.9577250794338729,-0.2785999281458263,0.07172692841969032,0.2650534725091939,0.9514487447451996,0.15649901863463028,-0.11184511135584346,-0.13087156360311702,0.9850702030342176,180,92,75,170,180,92,75,170,230218_121617
0,0,0,0,0.07737061251259134,0.2712793578598977,-0.19076723719943578,0.9581598523354617,-0.2746920803726071,0.0804609119576482,0.26188944685424626,0.9547628057780801,0.14086128754610341,-0.11551456617615039,-0.11389576674898069,0.9867543459837396,180,106,75,170,180,106,75,170,230218_121617
0,0,0,0,0.07306396633840828,0.2700408973085999,-0.1936710136938684,0.9602353713659987,-0.2701036763513196,0.07065433885547039,0.25701823370842575,0.9540353262551405,0.15413702929098072,-0.10903971349468483,-0.12984837418600714,0.9855200356168553,180,180,86,137,180,180,86,137,230218_121618
0,0,0,0,0.07245384064899234,0.27575153858051754,-0.18248915011493816,0.952717249260368,-0.265216410055159,0.14829058904465633,0.24789424191714116,0.9606312673339459,0.1254432662389789,-0.17572218922516106,-0.08275158039476456,0.9809555994825074,180,180,81,97,180,180,81,97,230218_121618
0,0,0,0,0.07652661329452644,0.27534671294352153,-0.18604772365643285,0.962223027721853,-0.2627522678424866,0.07133085353072018,0.24821504639861705,0.9542489643705119,0.16672793628884652,-0.11187553648194644,-0.14272406854288933,0.9834193940509008,166,180,147,84,166,180,147,84,230218_121618
0,0,0,0,0.08259627798489766,0.26764742266126546,-0.19735065371869087,0.9671123065841702,-0.2542139410525226,0.008310152103916174,0.2499693498474314,0.9559868512136297,0.15363744479619146,-0.04700117647780834,-0.14650738029599367,0.9880923423084034,75,170,180,92,75,170,180,92,230218_121618
0,0,0,0,0.07503792798876932,0.27572813962038717,-0.1845280524443469,0.9594897979432706,-0.2651057788214376,0.09538476648952747,0.25199600011252044,0.9589181348070919,0.13028440683895073,-0.12600533151447685,-0.10096997956603596,0.9868777632799115,75,170,180,106,75,170,180,106,230218_121618
0,0,0,0,0.07551107343585237,0.2760856989080023,-0.18314717684717974,0.9587277167097171,-0.2664388612159686,0.09925471498377589,0.2514434686333304,0.95747527453477,0.1414824396743516,-0.13273035558685237,-0.11068618652977814,0.9849523952035869,86,137,180,180,86,137,180,180,230218_121618
0,0,0,0,0.0807846266413603,0.2618142252821505,-0.2074491090358368,0.9642410066807485,-0.2624285377810224,0.03702085349382599,0.2511969401978777,0.9494977525113907,0.1880269002324975,-0.08449484167995369,-0.17200372244208106,0.9814659144338876,81,97,180,180,81,97,180,180,230218_121618
0,0,0,0,0.0764235131042815,0.274007719565193,-0.1869714172586694,0.9610339864281752,-0.26503170199810083,0.07856127459480612,0.2549177913417767,0.959618778789056,0.11894838818930027,-0.10691396815852054,-0.09428677707606643,0.9897875565398906,147,84,166,180,147,84,166,180,230218_121619
0,0,0,0,0.08055416283009556,0.28268097443870166,-0.16555871002006128,0.9634745259932617,-0.2624373102137962,0.05332444064224108,0.2546664937922923,0.9594683172523054,0.12068771738900957,-0.08283607125884597,-0.10269959297278994,0.9912572718026449,180,92,75,170,180,92,75,170,230218_121619
0,0,0,0,0.07498206354054537,0.2748508974968841,-0.1890797468569263,0.9641271980032438,-0.2626057618420868,0.03869056626300112,0.254107491724649,0.9552424262247577,0.15146382336930153,-0.07673414311648963,-0.13619882887740534,0.9877052952640284,180,106,75,170,180,106,75,170,230218_121619
0,0,0,0,0.07525395469592272,0.27518244736842185,-0.1862109283557325,0.9589032846937482,-0.26376439301938803,0.10456020073935564,0.24882181475059606,0.9588317510707587,0.13685531645793778,-0.13635319984423067,-0.10521415358066578,0.9850572505080826,180,180,86,137,180,180,86,137,230218_121619
0,0,0,0,0.07319728826136422,0.28015587556441923,-0.17524450757596388,0.9598212056339905,-0.26122088259888543,0.10250318877757829,0.24964702697427443,0.9617014039497644,0.11316700740038482,-0.12813904611092783,-0.08303047714732287,0.9882744177233717,180,180,81,97,180,180,81,97,230218_121619
0,0,0,0,0.07137360595342575,0.27592931607317506,-0.18817008940674906,0.9649372416857803,-0.2537933545883886,0.06697053661582153,0.24164369398447325,0.9585611029572666,0.1508937939574911,-0.10249119359914277,-0.12942003347287434,0.9862788703863138,166,180,147,84,166,180,147,84,230218_121619
0,0,0,0,0.07232092217133908,0.26580104265108623,-0.2038863341724002,0.9602241119243198,-0.25849310876781234,0.10559814202296625,0.23439303783042095,0.9517041350539167,0.19829055231630008,-0.15175492972479462,-0.16565190020289092,0.9744382429191673,75,170,180,92,75,170,180,92,230218_121619
0,0,0,0,0.07677685570997238,0.27800891504233793,-0.18256986270325126,0.9652181056291758,-0.25313664077232156,0.06538998137429644,0.24506355007682815,0.9631246235282174,0.11106221669574616,-0.09109261764472518,-0.09117456143100233,0.9916598884489057,75,170,180,106,75,170,180,106,230218_121620
0,0,0,0,0.07801408433543855,0.2804572032466407,-0.1748846045051038,0.9634884619257627,-0.2504231520862166,0.09475351515975859,0.2433462255556515,0.9666159271047983,0.08022632968763999,-0.11168078726327539,-0.054239232724435975,0.9922628217310773,86,137,180,180,86,137,180,180,230218_121620
0,0,0,0,0.07946491796569422,0.27443825213081996,-0.1874692017029378,0.9651070612301619,-0.25565883820261315,0.056629663715845234,0.2461099925362975,0.9594698672783135,0.13728599840740988,-0.08943283478378175,-0.11855856035658437,0.9889113387097506,81,97,180,180,81,97,180,180,230218_121620
0,0,0,0,0.07857696254389837,0.2791786355841551,-0.1769913711552591,0.9620578588164799,-0.25682430181013316,0.09211923951699123,0.24393276169610073,0.9608624753081012,0.1313016043927195,-0.12223536338050651,-0.10384883988050393,0.9870531568232326,147,84,166,180,147,84,166,180,230218_121620
0,0,0,0,0.07347490246824794,0.2766380402689963,-0.1832860559446079,0.9585377664610957,-0.2569106583271802,0.1232974610674118,0.242081942252964,0.9623887519470607,0.12330540685960042,-0.15033856292650846,-0.08834480043371974,0.9846793959119479,180,92,75,170,180,92,75,170,230218_121620
0,0,0,0,0.07509485337974262,0.2776043650263432,-0.18371891605023283,0.9640716619445312,-0.2502313986387147,0.08916320861668525,0.2420516790928184,0.9657746336487187,0.09322200195785636,-0.1094386370705389,-0.06829058599833501,0.991644886327836,180,106,75,170,180,106,75,170,230218_121620
0,0,0,0,0.073519167500844,0.2756971532949116,-0.1870189083599192,0.9646158947489536,-0.2491467261897566,0.08626751663634553,0.23681172629681735,0.9625516263866434,0.13196428618663628,-0.11591540832001973,-0.10686568845683671,0.9874934646592096,180,180,86,137,180,180,86,137,230218_121620
0,0,0,0,0.07998402152861211,0.28330433704712576,-0.16971724415239642,0.9694797026313675,-0.2402015600716339,0.04911534103463827,0.23398777285637257,0.9663144629483427,0.10717313492928354,-0.07320401860219285,-0.09240978971953703,0.9930264862653366,180,180,81,97,180,180,81,97,230218_121621
0,0,0,0,0.07275007787315493,0.2738598916016601,-0.1933761127944713,0.9695871545279048,-0.23048906741440126,0.08231366579688709,0.226012133705731,0.9722611793137816,0.06022221033104745,-0.09391094287815901,-0.039786794314366374,0.9947852762309671,166,180,147,84,166,180,147,84,230218_121621
