0,0,0,0,0.18934287999292582,-0.005460678684200415,-0.10455576978547476,0.9998226576822384,-0.016373490546983678,-0.009303869761239284,0.016453084343768513,0.9998281353560418,0.008543755967855048,0.00916237964739981,-0.008695318152274291,0.999920217938125,162,162,83,96,162,162,83,96,230208_184155
0,0,0,0,0.18940949545811572,-0.006966556991836903,-0.0987921451950563,0.9997121284595943,-0.016061898952732644,-0.01782345681453853,0.01616008229237559,0.9998549519448149,0.005378365154618182,0.01773448479914652,-0.005664845405213478,0.999826683768464,162,138,144,95,155,162,139,100,230208_184155
0,0,0,0,0.18946262066540404,-0.004515829609148314,-0.10492381160229036,0.9997719754273932,-0.021342950591091016,0.0006896448901114355,0.021336048635725288,0.9997334993020519,0.008814953311643971,-0.0008775982122601588,-0.008798228988766164,0.9999609097299949,88,104,162,162,63,114,162,142,230208_184155
0,0,0,0,0.19033238639331712,-0.00488149134472754,-0.10577579309679563,0.9997404049616342,-0.02269327885283913,-0.002034153891633578,0.022714229664090542,0.9996820539748813,0.01094781856483585,0.0017850652409671546,-0.010991180804122393,0.9999380018214212,162,121,110,156,138,162,100,162,230208_184155
0,0,0,0,0.18895684617993216,-0.003645294447841896,-0.10766248964118663,0.9996565692659843,-0.02466726902896409,0.008846997344559182,0.024575422640458207,0.9996444586891623,0.010344313128235028,-0.009099017826380236,-0.010123341874342969,0.9999073586207325,140,154,162,100,162,154,162,96,230208_184155
0,0,0,0,0.1899405981017597,-0.0037572824448789954,-0.10700804454467572,0.9997768886593515,-0.020806286994803913,-0.0036429828596967573,0.020828910300606556,0.9997632909425793,0.006286380465165172,0.003511324296541076,-0.006360857265602781,0.9999736046999097,90,106,162,162,106,114,162,154,230208_184155
0,0,0,0,0.18880802092307075,-0.0022202897259998022,-0.11081292839984602,0.9997784769527864,-0.01946131384012203,0.008015877093827067,0.01935942205172996,0.9997332093495949,0.012598527746611517,-0.008258922435163815,-0.012440554134580563,0.9998885051909712,162,104,162,154,146,84,162,162,230208_184155
0,0,0,0,0.18933953738602588,-0.003626212665364892,-0.10833322618894603,0.9998054377693372,-0.016525969925966534,0.010769351181483608,0.016423829189148014,0.9998199420666968,0.009504803023469238,-0.010924488163285031,-0.009326079763507812,0.9998968345757551,144,162,124,69,162,162,133,85,230208_184156
0,0,0,0,0.18932034092134592,-0.002667399569690976,-0.11301660145154091,0.9994478399478184,-0.02619465398946748,0.020441509876027355,0.025820867737797612,0.9994983330757481,0.01834025539809423,-0.02091167169087221,-0.017802311118847013,0.9996228187201014,56,136,162,162,58,136,162,162,230208_184156
0,0,0,0,0.19014735144321632,-0.001417592212435148,-0.11018023310210856,0.9995580685672497,-0.028832064143918926,0.0072373779305922245,0.02878394078423969,0.9995634182665769,0.006667654472507332,-0.007426460465030637,-0.0064563875686261644,0.999951580200024,138,156,162,162,144,90,156,162,230208_184156
0,0,0,0,0.18938251212160573,-0.0033570185174631173,-0.10961075155026156,0.9988213274389282,-0.047113389670882924,0.011674089551526384,0.046999424688743054,0.9988463342603042,0.009851630001200054,-0.012124765237508472,-0.00929134266254919,0.999883323703052,162,162,115,123,18,82,99,128,230208_184156
0,0,0,0,0.19019464254172597,-0.0036457781786333743,-0.11066500949001601,0.9991156648767553,-0.04055680941320989,0.011092042557598877,0.040334321977858995,0.9989940648958914,0.019595937675162323,-0.011875633392178639,-0.019131218283293255,0.9997464507656586,94,148,146,28,94,146,162,128,230208_184156
0,0,0,0,0.19044392606583405,-0.0015192865842463266,-0.11285505740364832,0.9981165047636263,-0.060580697891394225,0.009665503682305492,0.060428924056418296,0.9980553897221791,0.015290002743373951,-0.010572987081459312,-0.014677128108057514,0.9998363835421648,139,91,162,162,133,86,162,162,230208_184156
0,0,0,0,0.18951676660768602,-0.003373968310604436,-0.10771584627096287,0.9977207662505344,-0.0665293880790499,0.01127444518694186,0.06645460019595381,0.9977657059835666,0.006883463947110844,-0.011707207405787564,-0.006118536176439958,0.9999127485985042,162,131,94,143,162,162,92,146,230208_184156
0,0,0,0,0.18971966906490026,-0.00405336299493253,-0.10968716155228342,0.9988708442923079,-0.046934504099720026,0.007361300678926133,0.046851410830954045,0.9988404056668736,0.011081033813874265,-0.007872847383340783,-0.010723634278937752,0.9999115070554645,162,162,162,85,126,162,162,81,230208_184156
0,0,0,0,0.1903792021054307,-0.0011505747072598216,-0.11396452685921898,0.9981470917486477,-0.060474175106114865,0.006727360474329742,0.060378322091075465,0.998082365733382,0.0136399938974185,-0.00753932723675921,-0.013208533502635844,0.9998843399051346,116,92,162,162,98,18,159,162,230208_184157
0,0,0,0,0.18945512988793406,-0.003779800255035437,-0.10910455856477874,0.9978950504291236,-0.0633737378936841,0.013756368504798912,0.06320642263141828,0.9979249828904538,0.012275042208708236,-0.014505739112354882,-0.011379713022290697,0.9998300283869926,162,114,162,154,162,120,162,162,230208_184157
0,0,0,0,0.1888822632675222,-0.0037548629418341917,-0.10960608993095067,0.998022851598307,-0.06074297589112942,0.01614554326970883,0.060645667264203625,0.9981385163909072,0.006450204573371629,-0.016507293226445625,-0.0054582943167742455,0.9998488467230872,162,162,140,84,152,162,152,80,230208_184157
0,0,0,0,0.18927632236603611,-0.003325802463907457,-0.11088743097980014,0.997843557129107,-0.06338116603400702,0.017060577015458343,0.06328230438070823,0.997975944569451,0.006274074671188251,-0.0174237036303462,-0.005180912359989347,0.9998347726994294,95,95,18,82,99,99,82,162,230208_184157
0,0,0,0,0.18929999503077208,-0.0023324523535540598,-0.11281006323975462,0.9976785285209325,-0.06710383054354069,0.01160300196893125,0.06697243369149776,0.997690097126194,0.011364999857646572,-0.012338835185913366,-0.010561535054630693,0.9998680948622897,162,112,132,154,162,133,162,162,230208_184157
0,0,0,0,0.18980195142458217,-0.0020546714120046605,-0.11128476663129327,0.9956309323177152,-0.09256346377399678,0.012290312702137944,0.0924546462137677,0.9956748885152708,0.009146298354523498,-0.013083768785924009,-0.007970041045237438,0.9998826398333424,162,162,112,80,162,162,122,82,230208_184157
0,0,0,0,0.18983775761891694,-0.0021484880406054674,-0.11101769869515343,0.99692954549714,-0.07793021650214918,0.007639546504504162,0.07783515394681507,0.9968935603668886,0.012038193764167955,-0.008553953760799954,-0.011406605759656845,0.9998983544441414,100,116,162,147,69,120,162,152,230208_184157
0,0,0,0,0.18983230575139604,-0.0001660178811843105,-0.11458204728094745,0.9967303437806186,-0.08022402467615514,0.00962951980784095,0.08006801235547031,0.9966669982387033,0.015620756041171606,-0.0108505845194682,-0.014798665028078356,0.9998316179882353,160,93,162,162,146,82,137,162,230208_184158
0,0,0,0,0.18918561766706218,-0.0007032052304533076,-0.11361327627526774,0.9947452237486317,-0.09941818484653425,0.024453309614562956,0.0991630801021193,0.9950054825036333,0.0114356168339819,-0.025468085400083853,-0.008950659726152029,0.9996355647517352,162,149,105,112,162,90,100,120,230208_184158
0,0,0,0,0.18916309911548393,-0.0019694086077777784,-0.11293959475770932,0.9958153338040732,-0.08847767543365004,0.022880601183981587,0.08815100630407718,0.9959954690029026,0.014913946937889885,-0.02410852646391348,-0.012834589029081033,0.9996269565573916,76,146,162,137,71,146,162,151,230208_184158
0,0,0,0,0.18946171670714135,-0.0011425458734850569,-0.11324866473336437,0.9951766194162707,-0.09615859284044724,0.01941703350537153,0.09582049145960643,0.9952420864390521,0.017652841042796012,-0.021022121292654426,-0.015707144978890225,0.9996556187072471,146,127,162,146,138,141,152,162,230208_184158
0,0,0,0,0.18855399838834008,-0.0014729601158928185,-0.11371738438423495,0.9930348790608114,-0.11509583304121329,0.025192820112664563,0.11467317457037132,0.9932468472352115,0.017628485223226822,-0.02705165434188991,-0.014616760032973042,0.9995271673764078,162,143,135,122,162,147,93,132,230208_184158
0,0,0,0,0.18882789358779684,-0.002724742145905845,-0.11368457352055661,0.9939764724743394,-0.1085221553626881,0.015287706267010618,0.10825079715009901,0.9939680969263601,0.01758371999770918,-0.01710371549803533,-0.015822897586299182,0.9997285125613531,106,162,162,133,107,162,162,162,230208_184158
0,0,0,0,0.18935591963351173,-0.00047126514945916576,-0.11470974736681017,0.9929890407772085,-0.11758802339286144,0.01207566358087421,0.11738133530268767,0.9929481946107349,0.01659834153882413,-0.013942274524505594,-0.015064513727340552,0.9997893145094331,138,152,157,162,138,83,162,162,230208_184158
0,0,0,0,0.18747461491564055,0.0004434757828719049,-0.11666989647976844,0.9934719835633884,-0.11129318368842382,0.025044862529491473,0.11092568966298526,0.9937059854173206,0.015617487588635301,-0.02662534971446351,-0.012737417724360357,0.9995643295667855,138,162,102,144,162,133,96,149,230208_184159
0,0,0,0,0.18805519126579692,-0.0002200760624454512,-0.11445532611794673,0.9930568345529306,-0.11317710295136232,0.03207906973791309,0.11291508481243927,0.9935556095403011,0.009870885107236126,-0.03298949786694076,-0.006180139038667093,0.9994365907409783,134,162,162,86,162,162,162,18,230208_184159
0,0,0,0,0.18896716772880967,-0.001066956690289278,-0.11115758703757317,0.9940303203167491,-0.10767744067153881,0.01758667283507509,0.10752557831831164,0.9941581962388666,0.0093664752386474,-0.018492493025372144,-0.007419543214425152,0.9998014693328853,126,82,162,122,121,72,162,122,230208_184159
0,0,0,0,0.18824596724551543,-0.0004942302987483993,-0.11263600385054262,0.9945474242262439,-0.10288901193430847,0.01700800364904115,0.10277606515229584,0.9946770754534014,0.007388910560971885,-0.017677709035818563,-0.005600606275108713,0.9998280511230899,162,101,77,154,146,89,162,162,230208_184159
0,0,0,0,0.18765827743467683,-0.002129447783773053,-0.11451999982376271,0.9946947814595481,-0.10016443253359361,0.02343881806671074,0.09983582718157695,0.9948939029882041,0.014796263307599401,-0.024801196505643476,-0.012377732107322079,0.9996157723844535,121,138,138,85,162,162,149,72,230208_184159
0,0,0,0,0.1881706403157493,-0.002403927092846758,-0.11134297178374208,0.995501148756505,-0.09160140644609405,0.024220758897599556,0.09141763244708537,0.9957755809447678,0.008591208988272493,-0.024905407088578423,-0.006338353982542234,0.9996697184403178,57,101,162,156,92,101,162,158,230208_184159
0,0,0,0,0.1888743491504851,-0.0023220022263973905,-0.11248581119914924,0.9948719845500411,-0.1001304532494358,0.014269782392349375,0.1000105818135727,0.9949467309552579,0.008881783984968826,-0.015087010398789428,-0.007409108820059106,0.9998587336337665,154,120,140,154,162,122,162,162,230208_184159
0,0,0,0,0.18756897421652113,-0.0009051541948064679,-0.11545261908485593,0.9939509854511619,-0.10777854981986147,0.021100301405214242,0.10737540708759445,0.9940294291760543,0.019391129020793686,-0.023064268326498702,-0.017008178346172895,0.9995892963592137,162,162,97,81,162,90,110,60,230208_184159
0,0,0,0,0.1883283839292074,0.0005790060265567498,-0.11569700451510789,0.9935068042571582,-0.11010347183221689,0.028661042989056407,0.10971024887639044,0.9938511239922033,0.01495341535953647,-0.030131232736296545,-0.011711909747196563,0.9994773334017457,89,121,162,162,54,126,162,124,230208_184200
0,0,0,0,0.18972332033533992,-0.0005137651481436634,-0.11637686376428769,0.9956442463301324,-0.09183168593567582,0.016108265204974093,0.09153454819606749,0.9956336358574195,0.018305453719493457,-0.017718951330262366,-0.0167512568945164,0.9997026728763958,160,95,162,162,146,146,136,162,230208_184200
0,0,0,0,0.1882945341425591,-0.0007541567088033552,-0.11270897406654212,0.9928504016308455,-0.11689101328479709,0.024177903025742704,0.11663019991515215,0.9931036997713183,0.011934737880240652,-0.02540622855168692,-0.009029535634334562,0.999636429426723,162,150,104,112,162,90,100,120,230208_184200
0,0,0,0,0.18884202863231234,-0.00023215198051684816,-0.11156963299522515,0.9927342972859904,-0.11863471441272337,0.02011018469090064,0.11856020206401037,0.9929349620852727,0.004862052576695743,-0.020544913692483062,-0.002442458787595992,0.9997859475489937,72,147,146,93,86,146,162,127,230208_184200
0,0,0,0,0.18680000420101114,0.00506425427866819,-0.12204132805366619,0.992144207371957,-0.11994060880313426,0.035554495330473855,0.11958424142702752,0.9927516138094072,0.011993434918311136,-0.036735282503249984,-0.007647459627279614,0.9992957697201843,154,92,152,162,148,92,151,162,230208_184200
0,0,0,0,0.1886557064484011,0.0006506538089205982,-0.11540255401417332,0.9878722537202423,-0.15422120552118088,0.018006390456811645,0.15388622918815606,0.9879113665538461,0.018712570640166824,-0.02067459300541777,-0.015714693802512173,0.9996627479318981,162,155,108,132,162,151,87,138,230208_184200
0,0,0,0,0.18963576321701703,-0.0002803645829196899,-0.11376913869719407,0.9893316522550235,-0.14450512371706156,0.018470275197230844,0.14426326008493898,0.9894427712354893,0.013824407383308812,-0.02027297797587012,-0.011012341683357504,0.9997338319245972,120,162,162,113,115,162,162,18,230208_184200
0,0,0,0,0.19083076344887887,-0.0016243817244314673,-0.11391895187764522,0.9884981449853123,-0.15082857756181284,0.011052490727294835,0.15073515807043855,0.9885345494839062,0.008851926238405161,-0.012260892385002279,-0.007084113729359634,0.999899737899052,143,79,162,138,136,85,162,138,230208_184201
0,0,0,0,0.19002027523048515,0.0033534714218407813,-0.11636401074525848,0.9873262490676268,-0.15725874386446945,0.021367390580515983,0.15705036340252895,0.9875280573175663,0.01111392665654138,-0.022848659855332094,-0.007617315062581603,0.999709915552533,146,33,106,146,162,128,106,154,230208_184201
0,0,0,0,0.18817043308165987,-0.000977634090532975,-0.11757451259524387,0.9900588347933722,-0.13873057121148558,0.02318042835938636,0.13808925771910058,0.9900434871533205,0.027299275592600484,-0.026736876223255716,-0.023826920838154825,0.9993585028873244,148,154,154,162,76,154,162,18,230208_184201
0,0,0,0,0.1901518664737006,-0.0013915758391078725,-0.11397729553381541,0.988632468600972,-0.15033131204971187,0.0025176666497327455,0.15026884788641995,0.9885027315127939,0.01678163122679828,-0.00501152500095841,-0.016212538640083846,0.9998560087372622,121,72,158,162,113,89,156,162,230208_184201
0,0,0,0,0.18891174209441422,-0.0015561591034886635,-0.11311328347832272,0.9877835527192083,-0.15579337273064933,0.003475340361514625,0.1556849224688569,0.9875741362421465,0.02143665882183768,-0.006771845633600573,-0.020633720914729266,0.9997641680256037,154,162,153,154,146,89,162,162,230208_184201
0,0,0,0,0.18825743297931335,-0.0018008912556831125,-0.11350980973949876,0.9870223343259065,-0.15945042971232432,0.019038697602341545,0.15918003665450645,0.9871360604669078,0.014970439423850554,-0.021180827946711528,-0.011745577483818628,0.9997066639455113,162,162,140,84,162,162,154,34,230208_184201
0,0,0,0,0.18736957713360475,-0.000895640629696659,-0.11368471089118104,0.9861825749930616,-0.1641890756022652,0.022042600412084234,0.16387068117854667,0.9863591082745967,0.015559864196746528,-0.024296679405476928,-0.011732730995615117,0.9996359409271217,111,87,162,162,36,82,131,131,230208_184201
0,0,0,0,0.18896685978097874,-0.00017995092590161743,-0.11487413390300016,0.9873137603782134,-0.15715535053865148,0.022665709009540517,0.15682799646210316,0.9875031506186285,0.015572637668842218,-0.024829782389584824,-0.011820461723472652,0.9996218077808875,154,162,118,162,146,162,162,162,230208_184202
0,0,0,0,0.18794873127349518,-0.0010957818562304378,-0.11371719628083443,0.9870622592531013,-0.15780418427065615,0.028389008169280194,0.15748901899041656,0.9874347875503173,0.013028784781984909,-0.030088291004956372,-0.008389264695537729,0.9995120384378916,112,122,123,68,162,162,133,56,230208_184202
0,0,0,0,0.18849236044346726,-0.0012473405245344016,-0.11204295885104065,0.98847704409142,-0.1506521820342098,0.014732730657306842,0.15050003743748308,0.9885493848424131,0.010947714784571034,-0.016213328948913353,-0.008604288234327358,0.9998315329036063,97,97,162,157,92,101,162,157,230208_184202
0,0,0,0,0.1880622852471899,0.00025992508858574404,-0.11484009237356041,0.9876145931732042,-0.15514884403538712,0.023372024854712688,0.15498305466726892,0.9878783221571524,0.008756333591840821,-0.0244472517336513,-0.00502561503225217,0.9996884890185638,162,114,128,162,162,130,162,162,230208_184202
