0,0,0,0,-0.15874697653179431,0.045178035682017975,-0.10540020593356003,0.9996759891064259,-0.009760924683392035,0.023508320939920897,0.009053580370518585,0.9995085999693185,0.03000985287947214,-0.023789692864005934,-0.029787294887219103,0.9992731196108189,162,162,83,96,162,162,83,96,230417_145740
0,0,0,0,-0.15912746726192029,0.044103495537328785,-0.1007888667926864,0.9998485443542003,0.00023533838183833675,0.017402096673485946,0.00043237720586961244,0.9992640397492015,-0.0383561196428628,-0.017398316089184074,0.03835783466192785,0.9991125938137848,123,150,160,127,162,138,162,112,230417_145740
0,0,0,0,-0.1615933816216728,0.0417767104337,-0.10970890400060285,0.9998869346909216,0.012318802837046356,-0.008623510367286981,-0.012236639131760605,0.9998798416794881,0.009516662532615102,0.00873970807017032,-0.009410063743811018,0.9999175307010002,92,101,162,162,162,98,162,155,230417_145740
0,0,0,0,-0.1579678862020171,0.04535000818465136,-0.10781112501956469,0.999330463022633,0.00759418913831286,-0.03579041724123805,-0.006203371953896374,0.9992272698303539,0.03881212959603702,0.036057507559064506,-0.03856412216956951,0.9986053598043214,129,65,162,155,142,87,162,162,230417_145740
0,0,0,0,-0.15534671565827446,0.04571705232929024,-0.10544822086352357,0.9980765042330128,0.007971587112311752,-0.06147963481446007,-0.006491845647677247,0.9996853050720975,0.024231111468398864,0.06165344790111317,-0.02378538672836897,0.9978141649325724,162,128,132,138,162,104,162,154,230417_145741
0,0,0,0,-0.15987798305450251,0.0457590961360588,-0.09868147916416248,0.9995802756224897,0.002667939585108619,-0.02884709144502207,-0.004165379339406932,0.9986397118579751,-0.05197475844270932,0.028669185573121782,0.052073102448282796,0.9982316714069857,162,90,136,112,162,149,114,18,230417_145741
0,0,0,0,-0.16144895569150847,0.04784682940623519,-0.1054504798380329,0.9999569943961548,0.008688777006548316,-0.003242608878597806,-0.008730718724204074,0.9998753829305861,-0.013152686416575741,0.0031279240348713604,0.013180431083405837,0.9999082419540744,162,162,162,88,162,162,162,18,230417_145741
0,0,0,0,-0.16105361882796565,0.0459900744652359,-0.10610758235555029,0.9995610565169046,0.025314865898989555,-0.01538999218081731,-0.025241303976811225,0.9996691051274197,0.004955484566950154,0.015510347138592511,-0.004564845918457187,0.9998692871137613,77,144,138,162,64,145,138,162,230417_145741
0,0,0,0,-0.16076001592549097,0.04806790563623062,-0.10100736919729192,0.999996951920243,0.0001747811925745255,0.0024628442415584465,7.138996022617072e-05,0.9950274515798289,-0.09960103165141312,-0.002468006016409673,0.09960090388187716,0.9950244061791731,153,88,162,162,130,162,162,122,230417_145741
0,0,0,0,-0.15683662170460502,0.05114352747940967,-0.10105583233679094,0.9980719440538282,-0.04111569981629086,-0.04649616888765237,0.03442451508672485,0.9900380930138586,-0.13652665359747673,0.05164636728421834,0.13466281450384934,0.9895446322103139,162,162,109,115,162,144,135,103,230417_145741
0,0,0,0,-0.15931276318395765,0.05022612833812992,-0.10162351024373095,0.9975877991692058,-0.05362344867730531,-0.044080706671883,0.05294090575731065,0.9984611721971975,-0.016509031231194935,0.04489814524382722,0.014135535594711592,0.9988915572709156,148,162,162,64,162,162,162,84,230417_145742
0,0,0,0,-0.16626149976833596,0.04792236877730588,-0.10338332905951553,0.9948698503499156,-0.0795421217867714,0.06250625349831601,0.07983403876939932,0.9968057795468857,-0.0021826854311492536,-0.0621329793145575,0.0071616145933628365,0.9980421855602661,138,162,162,162,18,162,162,162,230417_145742
0,0,0,0,-0.16003593689867987,0.04998801061872918,-0.10741996239278717,0.9967654182799445,-0.07846901618395768,-0.01735841065102271,0.0785336098444863,0.9969067385697601,0.0030702962395589032,0.017063793423554127,-0.004423583765055033,0.9998446173584533,96,104,162,162,73,101,162,162,230417_145742
0,0,0,0,-0.16124708255921624,0.05298833331726768,-0.10640776525982032,0.9956320077339564,-0.09025189744941207,-0.02390606999135991,0.09035532012648241,0.9959041918796605,0.0032797441001119667,0.02351215218758028,-0.005425458810283435,0.9997088291578734,148,85,143,159,138,82,162,162,230417_145742
0,0,0,0,-0.15830723727390356,0.05103999142506857,-0.10757659934440966,0.9945000324906234,-0.08582935676593961,-0.0600250522140053,0.08798177019881787,0.9955354747581263,0.034180793010018265,0.05682335337545152,-0.03927391010908309,0.9976114807358184,162,131,109,127,162,112,116,162,230417_145742
0,0,0,0,-0.16221595223289503,0.05243571699331022,-0.10223789145522633,0.9958886885747062,-0.08236440471621304,-0.037707092233371264,0.08098803839873893,0.9960398556517677,-0.03668165194659962,0.040579029131764,0.0334770188181519,0.9986153571850237,150,142,137,101,151,151,106,18,230417_145742
0,0,0,0,-0.1633373694039315,0.05622610253767853,-0.10570528654907518,0.9962605021152035,-0.08469852810944954,-0.01706374112716349,0.0844636573071795,0.9963275609658665,-0.014045705895530225,0.018190726193789333,0.012551916025100243,0.9997557436117291,162,162,162,18,162,162,162,18,230417_145743
0,0,0,0,-0.16392245709456754,0.058769763512849696,-0.10450254550485771,0.9954636404579863,-0.09470339396298122,-0.009132781505438592,0.09479604771327894,0.9954433269987313,0.010309804636348778,0.00811479291636879,-0.011128787247054876,0.9999051456164901,86,148,162,148,78,140,146,95,230417_145743
0,0,0,0,-0.1635540534102379,0.059272480848522074,-0.10523828504175903,0.9959864509469324,-0.08899201937795445,-0.009560858599923776,0.08907874930444096,0.9959833446913444,0.00906385788720288,0.008715844909736122,-0.009879148975320365,0.9999132144656518,96,104,162,145,88,97,162,154,230417_145743
0,0,0,0,-0.1615847789733912,0.06433134381690044,-0.10498742268955652,0.9919037311497033,-0.11548540721369477,-0.05282148097113829,0.11597710731203761,0.9932317164564525,0.006329929265175926,0.05173295575191278,-0.012404763023012131,0.998583908914776,156,86,162,122,143,76,162,146,230417_145743
0,0,0,0,-0.16568338274388164,0.06379622985072259,-0.1032351068362688,0.9909311648814861,-0.13436979508245991,0.00042969305149755945,0.13436920375015293,0.9909027216349492,-0.007530825983976445,0.0005861315300720163,0.007520267678008278,0.9999715506072564,162,125,96,132,146,90,112,148,230417_145743
0,0,0,0,-0.16694539277227421,0.06356718833932662,-0.10793143375465986,0.9901199732175883,-0.1402082071595737,-0.0020241740784929002,0.1402063172943058,0.9896788603492563,0.029630085530821745,-0.0021510988751099877,-0.029621141485320256,0.999558883083301,162,82,130,162,162,82,127,119,230417_145743
0,0,0,0,-0.16584743882784225,0.06527581140711122,-0.10793075479105518,0.990610757701237,-0.1357538185049857,0.016162533461587157,0.13558471303489297,0.9907031228960592,0.011140371414062666,-0.017524620333329206,-0.00884437930625163,0.9998073137544353,162,162,162,18,162,162,162,18,230417_145744
0,0,0,0,-0.16319106189041357,0.06517324783623747,-0.1029347020807625,0.9912934072520703,-0.12881006088533103,-0.027301079709392117,0.12838047742398512,0.9915801151081084,-0.01695076218285672,0.029254636469641212,0.013298253152481504,0.9994835279823884,72,132,162,134,62,128,162,147,230417_145744
0,0,0,0,-0.16449997072925565,0.06918148544842061,-0.1072358157733938,0.989082268988999,-0.14519587047308694,-0.02518778214007264,0.1455532723053865,0.9892652694227291,0.012979662367303808,0.023032804709092518,-0.016504118017566696,0.9995984713852333,126,87,160,152,110,78,162,161,230417_145744
0,0,0,0,-0.1660643499396631,0.0733617581503572,-0.10124148348543438,0.9879085765774626,-0.14851633484939766,-0.044492051060763184,0.14751886497664124,0.9887447696078344,-0.024939227116229732,0.047695165380733436,0.018074259488370045,0.9986983990891601,162,92,108,142,146,86,134,157,230417_145744
0,0,0,0,-0.166093813781541,0.07123334160725205,-0.11114409915281043,0.9874646240779541,-0.14668297111940615,-0.05828998351490121,0.14967643806360711,0.9874291334158546,0.05080029891845709,0.050105689129830135,-0.05888813518185877,0.9970063226738474,162,144,125,81,162,141,110,124,230417_145744
0,0,0,0,-0.16936856822555615,0.07431749226938465,-0.10696258043381068,0.988440345837296,-0.14791294199070293,0.0332782859038919,0.14745148788901818,0.9889409738046903,0.015931385675603142,-0.03526671859361275,-0.0108402915959356,0.9993191415347522,162,162,162,18,162,162,162,18,230417_145744
0,0,0,0,-0.16780961553876703,0.07754723543687689,-0.1095738062329038,0.9874169745832289,-0.15792870374321846,-0.008138970382685635,0.15808841089255254,0.987089852257494,0.025723100741284748,0.003971479116245957,-0.02668610320495936,0.9996359733669868,96,149,162,162,25,147,146,28,230417_145745
0,0,0,0,-0.16826639421503373,0.08052123304872898,-0.10664423457054772,0.9879896737003578,-0.15265098145127357,-0.023960019270100726,0.15328067181683544,0.9878109140554032,0.027104127368526413,0.01953049689179743,-0.03045120580522862,0.9993454276456001,147,98,162,161,27,106,162,160,230417_145745
0,0,0,0,-0.16749542890934416,0.08305945785035122,-0.10145912894266285,0.9810577481680867,-0.1930142692925726,-0.016467744496967026,0.19266190481747414,0.9810440564122289,-0.0208314620308174,0.02017635228343886,0.017264160208169545,0.9996473696163268,162,162,162,155,146,44,162,162,230417_145745
0,0,0,0,-0.16916091259531088,0.08508815085255818,-0.1052865142323155,0.9777102605612645,-0.20927744646564136,-0.016899609286761094,0.20960066044872216,0.9775747056580985,0.020377880089512905,0.012255999864726055,-0.02346583171983432,0.9996495111833008,162,137,162,82,162,124,162,122,230417_145745
0,0,0,0,-0.17313292473190614,0.08557316014655462,-0.10193103111904167,0.9727471685666124,-0.2309108448044014,0.021050600878749198,0.2307828655577345,0.9729694308535134,0.008351981175224383,-0.022410154185082593,-0.003266248047611205,0.9997435254169402,162,162,162,56,123,162,154,51,230417_145745
0,0,0,0,-0.16919826852898828,0.08818137324067468,-0.10074635038590851,0.9743425166672584,-0.22428503059826688,-0.01878524059061882,0.22360753142218356,0.9741327393499806,-0.03263553305493731,0.025618979405705313,0.02759766613388508,0.999290766853258,123,162,162,18,162,162,162,18,230417_145745
0,0,0,0,-0.17300841618822604,0.0883497700841435,-0.1035300376429239,0.9696070466376301,-0.24456479855144786,0.007087624435758611,0.24448178805397136,0.9695929564151373,0.010869874888295663,-0.009530499492962844,-0.008806712192651629,0.9999158021552467,88,129,162,162,18,128,162,143,230417_145746
0,0,0,0,-0.16773079630757035,0.08924280648905876,-0.10718004411677029,0.9685723244054824,-0.2395634630448601,-0.06691038461790084,0.23886684688530288,0.970879068259364,-0.018342962544354847,0.06935619550433106,0.0017838132705076941,0.9975903649070499,162,92,132,148,138,119,151,162,230417_145746
0,0,0,0,-0.1716286116189073,0.09141235370287074,-0.09808510707328788,0.971921636988364,-0.2342396238670114,-0.02236359015229101,0.23390920734876605,0.9721195604507094,-0.016432982279313814,0.025589339017064627,0.010740521391516438,0.9996148392900678,162,162,128,104,98,18,126,126,230417_145746
0,0,0,0,-0.17511730163759692,0.09462842318225602,-0.10213166072497959,0.9715004287961947,-0.23162160324937905,-0.05038203803933123,0.23024687058778964,0.9726176037714973,-0.03164451640204577,0.05633201073403192,0.019142354661244705,0.9982285684274339,162,154,162,18,162,162,162,18,230417_145746
0,0,0,0,-0.1768202382289612,0.09313365353248976,-0.10720470238320357,0.9645005442002721,-0.2639809212916795,0.0072645324265089625,0.26372925401697517,0.9642709208302034,0.025069340177255397,-0.013622804888477046,-0.022263522526079233,0.999659319344196,162,162,162,18,117,162,162,162,230417_145746
0,0,0,0,-0.17361652067961098,0.097110030201655,-0.10279986495613591,0.9680509159532587,-0.2485685878059993,-0.03303151946533215,0.24879297619478222,0.9685526375954898,0.0028005718993953884,0.031296631099852375,-0.010929106228418401,0.9994503867220461,128,128,138,162,74,106,162,153,230417_145746
0,0,0,0,-0.17508871376747792,0.09859878363419511,-0.10329012778610758,0.9650848808365747,-0.2587222065836381,-0.04091445467248609,0.2574854708734216,0.9657134755738014,-0.03314687593514971,0.04808747310626937,0.0214546711851043,0.9986126836840162,162,126,123,151,150,88,149,162,230417_145747
0,0,0,0,-0.1724311237471272,0.1009140802897677,-0.11023394278802223,0.9692359643258603,-0.23423544262784116,-0.07560028355937776,0.23671895491570993,0.9712400350811679,0.025630658187922678,0.06742241349086533,-0.04273817582058494,0.9968087411768597,156,158,129,79,152,136,120,124,230417_145747
0,0,0,0,-0.17940602946123654,0.10215027177196706,-0.10214518700243991,0.9654686434961725,-0.2539358332936718,0.05819700159895844,0.2548082225912505,0.9669587568805421,-0.007970708370309118,-0.05425005184834848,0.022524543535556673,0.9982732976559907,162,162,162,18,162,162,162,18,230417_145747
0,0,0,0,-0.17623298541829047,0.10488222104208347,-0.10209535077549559,0.9658570544756689,-0.25493758573527037,-0.04611916845581668,0.2543364508601795,0.9669376397919902,-0.018562610736192964,0.04932666706186526,0.0061990429073626625,0.9987634613779183,104,137,162,97,18,144,162,162,230417_145747
0,0,0,0,-0.17559232055776222,0.10601962155145175,-0.10580165344883097,0.9663961393997493,-0.24629588861824578,-0.07359916441786758,0.2465946835826887,0.9691050626732587,-0.005141938332204892,0.07259176111662774,-0.013180013308299966,0.9972746479617235,146,80,144,146,122,66,162,130,230417_145747
0,0,0,0,-0.17797214271800316,0.10696812162461282,-0.10337376095192452,0.9563775703438491,-0.2841538951681943,-0.06781229095037879,0.28549038165710744,0.958321820477351,0.01070188666799641,0.06194501533194705,-0.029594801194100063,0.9976406982565449,162,133,123,107,156,134,121,143,230417_145747
0,0,0,0,-0.17865925416176592,0.11001626681432353,-0.10452479011456828,0.9596320889008196,-0.28124304370828507,0.0029333117033135438,0.28120901887047217,0.9596069318234013,0.008719180144102204,-0.005267035006066544,-0.007542331349057263,0.999957684894749,162,162,151,68,125,162,140,84,230417_145748
0,0,0,0,-0.17896305749704777,0.11443914784042623,-0.10578874838860974,0.9621032514588864,-0.27067544816879646,-0.03304747026415511,0.2700864956332161,0.9626019636821681,-0.021230741668669704,0.03755820028712692,0.011500490157122177,0.9992282623691836,134,162,162,18,162,162,162,18,230417_145748
0,0,0,0,-0.18286048162076549,0.11093437892816331,-0.10312739245045033,0.9553079700072217,-0.2949046212967489,0.020443746684564418,0.2947103657896069,0.955511170247709,0.012008489830507355,-0.023075587464627477,-0.005446821979316341,0.999718885183974,98,151,162,60,18,154,154,162,230417_145748
0,0,0,0,-0.17848918637143407,0.11495863916283539,-0.10598300149270545,0.9519801806212628,-0.30553770572440475,0.019505027171849664,0.3053592459336575,0.9521662623769592,0.011624960813672324,-0.022123892675926703,-0.0051106919060033805,0.9997421738633946,123,99,162,162,39,82,162,160,230417_145748
0,0,0,0,-0.1794678795341477,0.11547514214603827,-0.1033748041035848,0.9437275162380879,-0.32906026240060476,-0.03313183973059811,0.3282327959191914,0.9441799165850683,-0.028062729740413198,0.040516746885203625,0.01560861384806009,0.9990569375143653,162,162,162,114,138,162,126,154,230417_145748
0,0,0,0,-0.1815457720936169,0.11844045418168825,-0.10616569182181179,0.9438824480049853,-0.32959909317560493,-0.02122173710928017,0.329534726913346,0.9441206485754982,-0.006562369353094167,0.022198831191375546,-0.0007991940932221349,0.9997532561500054,18,82,162,108,121,125,162,132,230417_145748
0,0,0,0,-0.18173635463282128,0.1200864648277648,-0.10805130750478331,0.9459425584006443,-0.3240933784068295,-0.01249633063309997,0.3243104177965484,0.9447042244118012,0.04854566187751142,-0.003927991226142143,-0.049974097804210166,0.9987427899282089,79,154,162,18,18,162,162,136,230417_145749
0,0,0,0,-0.17412001157199508,0.11997844394303517,-0.10278029228221175,0.9467004288095409,-0.31630245129927376,-0.06091844871549032,0.31603572728477236,0.948640725276314,-0.014219473506874896,0.06228737569858031,-0.0057908245784557555,0.9980414566436032,138,98,162,151,97,81,162,162,230417_145749
0,0,0,0,-0.17821845953208015,0.11916565714761262,-0.10615612513387573,0.9326968854975919,-0.35996997711460377,0.02231894619383847,0.3598490196283461,0.9329636282207983,0.009356895297128966,-0.024190966405039593,-0.0006956961945687369,0.9997071136844006,162,118,162,122,154,90,135,162,230417_145749
0,0,0,0,-0.18116410362081897,0.12104401671001547,-0.10204101588202186,0.9425151761918467,-0.3333997841283438,-0.022577125397751353,0.33203889263478664,0.9419895256588976,-0.049050049202715634,0.037620691459839234,0.038733932050570165,0.9985411188739227,18,82,161,151,162,114,162,129,230417_145749
0,0,0,0,-0.1810180877144126,0.12180570050010454,-0.10754471699483992,0.9406136181853384,-0.33892698024817414,-0.01935260561630826,0.3394081119285185,0.9400530571547073,0.033202157929968744,0.006939368948592641,-0.03779883323519733,0.9992612738241451,117,154,162,18,50,162,162,115,230417_145749
0,0,0,0,-0.1708334008472796,0.11787260408304402,-0.11687987475925443,0.9378841268449721,-0.31266456460619535,-0.150380300079041,0.31831343415961777,0.9478752774319693,0.014457387965254816,0.13802145574422459,-0.061427424436365355,0.988522508232038,130,91,148,144,71,82,162,162,230417_145749
0,0,0,0,-0.180588778918818,0.1187782416490436,-0.10490400310541403,0.9249537809284349,-0.3739558173599531,-0.06795255557256293,0.37208131373467745,0.9273848931545084,-0.038894163036084686,0.07756287201792737,0.010691427007205623,0.9969301351011916,146,162,162,82,142,110,162,129,230417_145750
0,0,0,0,-0.17935796480942826,0.11971499291767448,-0.10716111132440653,0.9286678504975683,-0.3644186491013247,-0.0691018931679262,0.36646765334131587,0.9302307068616809,0.019294845584387644,0.05724930136459913,-0.04324211140522804,0.9974229981780464,162,114,144,55,117,156,133,93,230417_145750
0,0,0,0,-0.18210941300686279,0.11784115448672669,-0.10613476409624167,0.9217616359624722,-0.38326870794222706,-0.05882672844960673,0.3868575320647421,0.91930619681734,0.07223133930653258,0.02639576391326302,-0.08933764047440751,0.9956515704009616,145,162,162,18,162,162,154,157,230417_145750
0,0,0,0,-0.1796928964069944,0.11384581213863122,-0.10755792439791667,0.9289675111757102,-0.36459552619044183,-0.0639489285439672,0.3673656318747999,0.9292814691327902,0.03845053502402245,0.04540766121741818,-0.05921193636691151,0.9972121594196718,139,146,162,18,18,162,162,128,230417_145750
0,0,0,0,-0.17737210109099008,0.11612523642835722,-0.10846643193559125,0.9257487111224556,-0.37717637140398375,-0.02696866162115948,0.3780846434734499,0.924470336478117,0.04905710286585743,0.006428547632741688,-0.05561098656346139,0.9984318163744442,90,110,146,34,94,102,98,18,230417_145750
0,0,0,0,-0.17944360081801003,0.11669153438147283,-0.10358093196983165,0.915941379290463,-0.4000301656327672,-0.032050839104540076,0.4009696499107799,0.9155350869253793,0.031919343022137524,0.016574967689571615,-0.04208766080883627,0.9989764257747676,162,97,139,142,138,71,136,146,230417_145750
0,0,0,0,-0.17548997289292945,0.11509103835089414,-0.11470317612750558,0.9235304336347228,-0.3751609613167189,-0.079660474856587,0.3769537791845149,0.9261954728777063,0.008233734229048452,0.07069219553086308,-0.0376324211918096,0.9967880488680974,162,130,127,95,162,140,138,138,230417_145751
0,0,0,0,-0.18087648021167693,0.11572471178708027,-0.10507496456737553,0.9247895182700608,-0.37299992678940647,-0.07506931139238304,0.37071107361447425,0.9277553739148451,-0.04293327464484557,0.08566006535972714,0.011875217354793355,0.9962536486333907,162,154,162,18,162,162,162,18,230417_145751
0,0,0,0,-0.18253918316169862,0.1163760208626401,-0.10741336252879674,0.9314748289343733,-0.36229830248432593,-0.03308448395632124,0.36323161522102354,0.9312583506781327,0.02864747800717739,0.020431269309743465,-0.038701735222345206,0.9990419104948361,67,146,162,18,62,154,162,129,230417_145751
0,0,0,0,-0.17835511365985077,0.12006686105184183,-0.11516852685175205,0.9254036474491935,-0.3718966007243558,-0.072945237386673,0.37193176444137815,0.928160319347588,-0.013608239713756324,0.07276573291908812,-0.014537536182347328,0.9972431038390263,151,90,151,151,114,82,162,122,230417_145751
