0,0,0,0,-0.28515156985467205,-0.08451519136983439,-0.2778322144356252,0.9471759955825481,-0.32057599629803796,0.009416155782986576,0.3207030591243957,0.9469799429417434,-0.01945598967688325,-0.002679787391471998,0.021448036357041345,0.9997663729471818,162,162,83,96,162,162,83,96,230201_172728
0,0,0,0,-0.2858762798001557,-0.08820266203261194,-0.2746655415679129,0.9461403487171781,-0.3230603554639072,-0.021223742763005794,0.3221306070441913,0.9459252775758977,-0.03817382936386164,0.032408525648003415,0.029280983086197275,0.9990457004035543,162,146,148,92,162,146,148,92,230201_172728
0,0,0,0,-0.28231420189080425,-0.0921537447965971,-0.2800631835469509,0.9446400187498785,-0.3280740164659532,-0.004761795473063874,0.3280506379192559,0.9446464684799534,-0.0050821795640516075,0.006165544339233226,0.0032387201560963143,0.9999757480832979,88,136,138,162,88,136,138,162,230201_172728
0,0,0,0,-0.28181024538314386,-0.08631513572565906,-0.2829464989238226,0.9443245033600761,-0.3287724165843737,-0.012646361018722987,0.3283771028651648,0.944188944178509,-0.025994537983081517,0.02048684132866028,0.02039450377783291,0.9995820894494011,137,81,152,162,137,81,152,162,230201_172728
0,0,0,0,-0.2850080542475971,-0.08954753586837125,-0.27723822164874257,0.944762997828214,-0.3275433943817356,0.011755965784953967,0.3276647853154186,0.9447354370439118,-0.010523424235882041,-0.0076593993789819325,0.013794157833612302,0.9998755196577294,146,162,97,149,146,162,97,149,230201_172729
0,0,0,0,-0.2810439935180279,-0.09136882458799926,-0.2834302559783627,0.9465195764478124,-0.3219061318227939,-0.021843390211678734,0.32184488991511057,0.946771049930406,-0.006359705119608586,0.022727917559337445,-0.0010105981219055871,0.9997411767326841,162,122,124,92,162,122,124,92,230201_172729
0,0,0,0,0.298810524025842,-0.00488381997131606,0.28018749959769174,0.9453812672679203,0.32565005741130826,0.014363133603510608,-0.32590504013134175,0.9451412289194197,0.022225260711121676,-0.006337532318597781,-0.025692362769904116,0.9996498077724071,78,154,162,103,78,154,162,103,230201_172729
0,0,0,0,-0.2831902933731665,-0.09294548782666599,-0.2792282949142566,0.9447325715681496,-0.3276674044607924,-0.010697676016724268,0.32768352617415386,0.9447875102807198,-0.00025902052242405914,0.010191903271915484,-0.003260747074790279,0.9999427446790192,111,80,162,106,111,80,162,106,230201_172729
0,0,0,0,-0.28442349186060334,-0.08668280410608029,-0.280287913682839,0.9442733686616349,-0.3290748271960355,-0.007587050962407747,0.3289057103950361,0.9441965635280737,-0.017716746070129914,0.012993802597521784,0.014234027106770315,0.9998142595334296,154,162,114,162,154,162,114,162,230201_172729
0,0,0,0,-0.2845439722820157,-0.08947783278125486,-0.28087343671256837,0.9476135639261668,-0.31940410893830884,0.0030900900428943246,0.31939136717622246,0.9473597031373886,-0.022332654225175535,0.004205714737315368,0.022149674145746943,0.9997458196455665,162,162,83,96,162,162,83,96,230201_172729
0,0,0,0,-0.2868105173737526,-0.08336116595248291,-0.2787063701760314,0.9470709195812896,-0.3209718842171793,0.005807135741748988,0.32096717100720085,0.9464055208849286,-0.036009237344910516,0.006062047433300081,0.035967201456349365,0.9993345846113376,122,162,154,162,122,162,154,162,230201_172729
0,0,0,0,-0.28092058134883136,-0.09478067408625415,-0.28386604961485284,0.9429278208874068,-0.33243574599824705,-0.019328719024189672,0.3326536442445402,0.9430028194476869,0.009339993819097718,0.01512208872325224,-0.015236708840919091,0.9997695560159567,84,107,162,162,84,107,162,162,230201_172730
0,0,0,0,0.30449229564325797,-0.008566408493132775,0.2731422565397016,0.9426750366739757,0.33275541143718873,0.0252509681197894,-0.3331927147736969,0.942729568745899,0.015606890590548789,-0.018611556986272235,-0.023125664778308994,0.9995593096835766,162,92,162,154,162,92,162,154,230201_172730
0,0,0,0,-0.2823296551566896,-0.09286770583900165,-0.2821542045639178,0.9395388181710302,-0.34217212231701705,-0.013603229721361005,0.34184066052511763,0.9395014646855914,-0.021953602560426597,0.020292165028278696,0.0159761247709948,0.9996664401067822,162,152,72,122,162,152,72,122,230201_172730
0,0,0,0,-0.2891470282873859,-0.08576670471612849,-0.2757259060890471,0.9417172595563036,-0.33639978634720247,0.0019459700206296443,0.3363758457650614,0.9415420365545286,-0.018705180741934252,0.0044602062288747624,0.018269568859322325,0.9998231490689193,146,162,146,118,146,162,146,118,230201_172730
0,0,0,0,-0.2884400607830676,-0.08605081244660955,-0.27653322560595184,0.9400624862929092,-0.34097800427205477,0.004064783812363526,0.3409081599636531,0.9394564104838813,-0.034688316057988264,0.008009265571255093,0.03399490260890963,0.9993899130277532,59,136,162,162,59,136,162,162,230201_172730
0,0,0,0,-0.2877900132789725,-0.09011064210191976,-0.2771744834565645,0.9382708787643488,-0.3458922410597353,-0.00251309320354256,0.34581162245262115,0.9381681694540335,-0.015962694006793406,0.00787907605379547,0.01410827409510879,0.9998694298570168,138,156,152,162,138,156,152,162,230201_172730
0,0,0,0,-0.2901579980813953,-0.09004945722885498,-0.2738065833041654,0.9375703585978461,-0.3477838346053179,0.0028682862350739875,0.34779158601391535,0.9375674142678209,-0.0028907440350439597,-0.0016838576634282893,0.0037078417403889454,0.999991708232122,162,132,70,146,162,132,70,146,230201_172730
0,0,0,0,-0.2850882153283087,-0.09221362726800551,-0.2799715538921298,0.9373712306475681,-0.3480661025805395,-0.01360750486520064,0.34811053133377134,0.9374529955551596,0.0009690712963718367,0.012419095328662918,-0.0056452953024171615,0.9999069440263758,151,162,136,85,151,162,136,85,230201_172730
0,0,0,0,-0.2843136279007327,-0.08695693669718586,-0.28270987467098285,0.9366553493709945,-0.3501139959241632,-0.009846133896926635,0.3498651755228689,0.9365715504447147,-0.020690332378572155,0.016465583835791865,0.015934891138583592,0.9997374474297478,105,153,162,162,105,153,162,162,230201_172731
0,0,0,0,-0.28808509395509374,-0.08539804916562087,-0.27868843388597064,0.9317663534471066,-0.3630537335530551,0.0018571852546114395,0.3630570422222263,0.9317360483154743,-0.007584217976356678,0.0010230722022750475,0.007740983312975813,0.9999695147856346,114,18,162,162,114,18,162,162,230201_172731
0,0,0,0,-0.28691952678050586,-0.08996043593014261,-0.2791101836153358,0.932306826263069,-0.36146533930546065,-0.012115699900252075,0.36141669581959474,0.9323846736609149,-0.006065666086765868,0.013489020947836564,0.0012762456730333392,0.9999082045422224,162,141,103,154,162,141,103,154,230201_172731
0,0,0,0,-0.28838834704303756,-0.08539175890028741,-0.27723258758314095,0.9321516734844162,-0.36167686249558634,-0.01682571708872183,0.3613613868495382,0.9322292654560127,-0.01914535770156221,0.022609858787246553,0.011766212759050482,0.999675122488766,162,162,114,98,162,162,114,98,230201_172731
0,0,0,0,0.3016005323767927,-0.018831972419832865,0.2785138139485127,0.9282007389164912,0.37200711560917044,0.007354876683261066,-0.37207958753037135,0.9279969887532052,0.01945171992943184,0.00041087480986792905,-0.02079170029433974,0.9997837448072263,116,162,154,162,116,162,154,162,230201_172731
0,0,0,0,-0.28807091215978325,-0.08665356750006048,-0.27970336715852795,0.9290562923909528,-0.3698974914827987,0.005500123953952006,0.3699152197389213,0.9287290776636359,-0.025000610143686035,0.004139537930899342,0.025261553728622023,0.9996723053725828,83,96,162,162,83,96,162,162,230201_172731
0,0,0,0,-0.2878701276637331,-0.08574605753344501,-0.28025951486452183,0.9298279952878409,-0.3679609251582478,-0.004965554921743708,0.36772411905096286,0.9295774980644937,-0.025780755620194388,0.014102178809941763,0.022145714006133684,0.9996552885389898,154,162,120,162,154,162,120,162,230201_172731
0,0,0,0,-0.2885630460045392,-0.08646929638720428,-0.27809934905203537,0.9248324767865695,-0.3803737800985984,-0.0008229789327947473,0.3803373324930075,0.9247698445119046,-0.012010336944972493,0.005329483363734238,0.010794540051863071,0.9999275346304572,162,153,93,102,162,153,93,102,230201_172732
0,0,0,0,-0.286717579300442,-0.09040095033541465,-0.2801665878342453,0.9240224875710736,-0.38233437189338165,0.0016942644004820998,0.3823377483533586,0.9240187297809679,-0.002689460550311335,-0.0005372588290112665,0.003132903263918541,0.9999949481222841,132,154,162,108,132,154,162,108,230201_172732
0,0,0,0,-0.2849584249576874,-0.09205992605955596,-0.2818655735540837,0.9231880916475307,-0.38411792633476993,-0.013310375970172927,0.3842368087211081,0.9232010031834141,0.007872899399644001,0.009264030656778563,-0.01238250335814765,0.9998804185234231,100,116,114,18,100,116,114,18,230201_172732
0,0,0,0,-0.28613734877782765,-0.08924367439883851,-0.2809709445707176,0.9230280730891701,-0.38438945918360196,-0.01624561349503992,0.38439042745577057,0.9231651196291512,-0.0031876606572995856,0.016222686881717695,-0.003302358041470192,0.999862950039506,160,93,119,162,160,93,119,162,230201_172732
0,0,0,0,-0.2862472486913616,-0.08718037913435031,-0.2814798003941046,0.9229798442209832,-0.38484748952871634,-0.0007854713579083614,0.3846637761043102,0.9225985951423027,-0.02907940155201856,0.011915809455622586,0.02653755913596676,0.99957679616932,162,162,53,130,162,162,53,130,230201_172732
0,0,0,0,-0.2886565821996035,-0.09144214680856938,-0.2770587387239699,0.9231279505191775,-0.3843954029612118,-0.008658010888897711,0.3843982802694382,0.9231662981155807,-0.0013957612529268183,0.008529308070604582,-0.002039658271417799,0.9999615446095776,146,162,146,118,146,162,146,118,230201_172732
0,0,0,0,0.3032413495119828,-0.028248263247054296,0.275141896789597,0.9219528042862316,0.38630979644855473,0.027708623867495008,-0.38684722220239076,0.9219768733518238,0.01754627250130293,-0.018768413439825552,-0.02689583931153791,0.9994620355394594,90,130,130,162,90,130,130,162,230201_172732
0,0,0,0,-0.2857845074781178,-0.08094566170279474,-0.28460402382913963,0.9183618190431404,-0.3955987699890881,-0.010638726751585892,0.39518686469648767,0.9181657589239652,-0.028266253924737188,0.020950209906679788,0.021754363302535013,0.9995438141383134,145,86,160,162,145,86,160,162,230201_172733
0,0,0,0,0.3010603053017102,-0.026224274258938536,0.27813797618631775,0.9180429923070555,0.3963061778129744,0.011767654956620056,-0.39647687106185237,0.9174963671335393,0.03172549463381937,0.0017762288451750848,-0.033790971042989205,0.9994273436758979,162,132,70,146,162,132,70,146,230201_172733
0,0,0,0,-0.28590749374270824,-0.08853994990721502,-0.28451885892264395,0.923573678868617,-0.3834139051906776,-0.002331739162788919,0.3833695587351908,0.9235323133440538,-0.010763254366784568,0.006280217852454857,0.009046740618205932,0.999939355835099,162,162,129,89,162,162,129,89,230201_172733
0,0,0,0,-0.28944020798870873,-0.08870314749466426,-0.27808923797480567,0.9222793750751047,-0.38652237521742977,-0.0010989846911253014,0.38651839281008493,0.9222776463295917,-0.002734062957892766,0.002070345522761995,0.0020967920796846683,0.9999956585567715,79,156,162,143,79,156,162,143,230201_172733
0,0,0,0,-0.28699251593996095,-0.09037808759677152,-0.2819191446744288,0.9211189838963798,-0.38908854992517566,-0.012244093385232219,0.389128356262395,0.9211830452564849,0.0009588975527211019,0.010905955172697985,-0.0056477826723418155,0.9999245785021273,114,18,162,162,114,18,162,162,230201_172733
0,0,0,0,-0.2873284211627517,-0.09460292573950811,-0.27970705513286753,0.9185948826418747,-0.3948701350755153,-0.016156051795088947,0.3951915951956512,0.9180808275221914,0.03084148541957271,0.002654179887970446,-0.034715566560458225,0.9993937085891169,162,139,108,154,162,139,108,154,230201_172733
0,0,0,0,-0.28512665869705517,-0.10100922062107057,-0.2800496195403598,0.919384957607598,-0.39282059756932425,-0.020573717460761805,0.3933058290802744,0.9188623860282082,0.03166133847494717,0.0064671892158924445,-0.03720072133475736,0.9992868866325724,162,106,112,88,162,106,112,88,230201_172733
0,0,0,0,0.3033704187848594,-0.030073769850945835,0.2763822813053186,0.9199681746689942,0.39193759392166544,0.006593941696433311,-0.39198376682722186,0.9197003848725493,0.022359083371771924,0.0026989146229893625,-0.02315436322120794,0.999728258740183,114,162,154,162,114,162,154,162,230201_172733
0,0,0,0,0.3042295063281494,-0.03151150062226749,0.277213265028863,0.9193200141670325,0.3934040580137587,0.009162897480341952,-0.3928957428877166,0.9189356818831438,-0.03449851855762466,-0.021991970640155865,0.02811511515659416,0.9993627437157611,83,96,162,162,83,96,162,162,230201_172734
0,0,0,0,0.30572057307516964,-0.02995061281271446,0.27610876013745755,0.9221022646363177,0.3863221985406522,0.021967532116544553,-0.38675936122437604,0.9219347392968593,0.021296313834673442,-0.012025392213439137,-0.028133527904428836,0.999531837686906,154,162,122,162,154,162,122,162,230201_172734
0,0,0,0,0.30530881712284097,-0.031038797831571353,0.2752790979755414,0.9161411301122204,0.4003984399082341,0.019144686880584568,-0.4006564193565647,0.9161467875303415,0.012226909920719585,-0.012643707726767194,-0.018872016767826093,0.9997419585263164,58,162,93,100,58,162,93,100,230201_172734
0,0,0,0,0.30288672045324,-0.03609914772731019,0.2802432043065538,0.9152201166830728,0.4025835391611536,0.017280972631798293,-0.401831945040519,0.9150299158055506,-0.035374300358309456,-0.030053717965910325,0.02543122445668656,0.9992247128944816,123,162,154,128,123,162,154,128,230201_172734
0,0,0,0,0.3039714967726335,-0.029583281743169043,0.27626671212259235,0.9210746824704267,0.38937077070099396,0.003439801697023671,-0.38937896486540385,0.9210751536254211,0.002140816258587555,-0.002334744599991616,-0.0033112380797354025,0.9999917923013328,100,108,162,156,100,108,162,156,230201_172734
0,0,0,0,-0.2907993920090003,-0.0756532359036423,-0.2822525384328619,0.9191333328022973,-0.3938754028546058,-0.0074888956371691314,0.3932315454580891,0.9184440839436493,-0.042771676674581136,0.023724843274196983,0.0363680037262717,0.9990568052501222,162,92,162,154,162,92,162,154,230201_172734
0,0,0,0,-0.2876441283996843,-0.09397060100981265,-0.28130172264668707,0.9153362579736628,-0.4025364808130907,-0.011131776739733545,0.4026551335266542,0.9152720835130089,0.012077110018006652,0.005327127124736624,-0.015536883740544785,0.999865104381701,162,146,70,120,162,146,70,120,230201_172734
0,0,0,0,-0.27678557033929707,-0.09393221971388067,-0.2957046372834228,0.9139524583592799,-0.40191004025632493,-0.05620696932042762,0.40279618129917527,0.9152763560892293,0.0049425008675326116,0.04945846934378308,-0.027157163422992386,0.9984069051669198,146,162,146,118,146,162,146,118,230201_172735
0,0,0,0,0.30029270133499486,-0.03762867858909662,0.28071027822373007,0.9156175322800368,0.4020186258004081,-0.005055599961158944,-0.40204152338229593,0.9156085169290861,-0.004863867120097187,0.0026735852069262457,0.006486003119837183,0.9999753915500474,59,136,162,162,59,136,162,162,230201_172735
0,0,0,0,0.3061224979669494,-0.03565621638803375,0.27294094639899225,0.9126145925140698,0.4084600201130003,0.017176073464734157,-0.40874190195505056,0.9124587747858582,0.018682663152179278,-0.008041337982359675,-0.024070651955798862,0.9996779184306694,138,156,152,162,138,156,152,162,230201_172735
0,0,0,0,-0.2842471055302846,-0.09690752558575044,-0.28665229495108724,0.9123369936949293,-0.4084146318863031,-0.028960289999823988,0.4092823647884773,0.9116645824885917,0.03681894769073668,0.011364673723884802,-0.0454442240232656,0.9989022307984264,138,162,64,145,138,162,64,145,230201_172735
0,0,0,0,-0.2825450637891586,-0.0998292127984352,-0.2862700027652674,0.9115698997609665,-0.40940910341108117,-0.037742600518728256,0.4104668048021372,0.9114942834181757,0.02636614214309693,0.02360762599894225,-0.039526666190312185,0.998939599102255,162,162,137,81,162,162,137,81,230201_172735
0,0,0,0,0.30446673737876884,-0.039112145176701876,0.274500348046116,0.9142551779225371,0.40494512862859994,0.01252646964617159,-0.4050209082346011,0.9142980239845004,0.004145748527807197,-0.0097741257741418,-0.008863754170978096,0.999912946374507,77,147,162,135,77,147,162,135,230201_172735
0,0,0,0,-0.28981772641412407,-0.09183935711867465,-0.27994593198072915,0.908163607189552,-0.41841400350952,-0.012983999522410784,0.418552544639124,0.9081278635245392,0.010842087735760819,0.007254650410369409,-0.015280875547272307,0.9998569222093389,132,92,141,162,132,92,141,162,230201_172735
0,0,0,0,-0.2898445166654896,-0.0893173368745791,-0.2813898073727591,0.909792665541663,-0.41499081672759686,-0.007741302109989329,0.41495113398534117,0.9098222386800289,-0.006249032528267263,0.009636499928671872,0.002473061871885609,0.999950509692406,162,124,111,154,162,124,111,154,230201_172736
