0,0,0,0,-0.1558215433650917,0.034230242439730024,-0.09992002419763624,0.9990783214373105,-0.0020819281855984986,0.04287392224926409,0.0036163650691285174,0.9993544673134315,-0.03574311911927049,-0.04277183112391516,0.03586522320741329,0.9984409127367475,162,162,83,96,162,162,83,96,230417_144534
0,0,0,0,-0.15594638374491473,0.033902567109716425,-0.10001381151816147,0.9988441119465845,-0.0018554797353308183,0.048031210942374836,0.004047211609421886,0.9989527455788543,-0.045574468495595745,-0.047896347541620456,0.04571618198646144,0.9978055775534395,151,162,136,85,151,162,136,85,230417_144534
0,0,0,0,-0.15583107456634443,0.03334817019125591,-0.09922971277749981,0.9992251774308399,0.0013582056075591253,0.039334464097455626,0.0029050918038666424,0.9941329543761165,-0.108125988851084,-0.0392505443263853,0.10815648062386839,0.9933587320143419,78,154,162,92,78,154,162,92,230417_144534
0,0,0,0,-0.15526339907179756,0.03481520549047923,-0.10684733718037198,0.9962223072141688,0.006651070693081249,0.08658451286179447,0.022725237515152208,0.9423490505472392,-0.33385899795062757,-0.08381335328429815,0.3345654348425026,0.9386379981760213,78,154,162,103,78,154,162,103,230417_144534
0,0,0,0,-0.155616093154228,0.03369535386768416,-0.10617601132820931,0.9973972216298699,0.003998163444094361,-0.07199164516865986,-0.0047040457083418865,0.9999424870411708,-0.00963818260313297,0.07194896968678391,0.009951748539418284,0.9973586659081168,87,128,162,162,87,128,162,162,230417_144534
0,0,0,0,-0.15630159232466012,0.03336028658331444,-0.09798578822268733,0.9998982671828904,-0.00863747939561015,0.011351177663282662,0.010385301252173094,0.9863621496775489,-0.16426154510836072,-0.009777566289962692,0.16436271971823416,0.9863515071029549,83,96,162,162,83,96,162,162,230417_144534
0,0,0,0,-0.15637871719238375,0.03368376353426894,-0.10673034465706333,0.9975765702021556,-0.004627152842267926,-0.06942316645240834,0.00421298513490674,0.999972452385399,-0.006111074094285579,0.06944953088363909,0.005803785566946486,0.9975685834734047,136,85,151,162,136,85,151,162,230417_144534
0,0,0,0,-0.156478536835392,0.034381728108220266,-0.11019261850863638,0.9965677092210312,-0.004599737163618964,-0.08265375584915415,0.007162704078375479,0.9995017880028397,0.030738761351277795,0.08247118653342872,-0.031225281378248728,0.9961041537884568,162,92,78,154,162,92,78,154,230417_144535
0,0,0,0,-0.15662448068846532,0.03463474158235966,-0.10987249921555464,0.9976733621975513,-0.0175706975838451,-0.0658720953655752,0.020358654373767354,0.9989146103615578,0.04189422869928836,0.06506448765281923,-0.04313782322551556,0.9969482136268866,162,103,78,154,162,103,78,154,230417_144535
0,0,0,0,-0.1560445573205087,0.03295921599756649,-0.10747657469744953,0.9950987847314046,-0.018652495527032693,-0.09711072565219668,0.02116033277860394,0.9994669951554347,0.02485892016288307,0.09659528426781978,-0.02679197651499213,0.9949630852708251,162,162,87,128,162,162,87,128,230417_144535
0,0,0,0,-0.15580879265288997,0.033325891045626777,-0.10952332952956845,0.9977516261222394,-0.022341418484937845,-0.0631866567441891,0.0261496293739749,0.997849842494407,0.06009899098563268,0.06170809877180469,-0.06161617363946193,0.9961905227876848,162,162,83,96,162,162,83,96,230417_144535
0,0,0,0,-0.15619933431954036,0.033895727998075276,-0.09993347986656209,0.9977255686163001,-0.01814906908733806,-0.06491764798993123,0.01178842091759467,0.9952093075595494,-0.09705394004941018,0.06636808616760898,0.09606792096276447,0.9931597211427481,151,162,136,85,151,162,136,85,230417_144535
0,0,0,0,-0.15603609342548222,0.03242256182972081,-0.10362504906765069,0.997811169043404,-0.020902366142953998,-0.06273724588999549,0.012865764737200079,0.9919632368126539,-0.1258706038354089,0.0648640349497537,0.12478793171532795,0.9900609218973586,78,154,162,92,78,154,162,92,230417_144535
0,0,0,0,-0.15628643213244142,0.033848289852361435,-0.10889721199331293,0.9967630933090271,-0.011430375067949354,-0.07957815242153958,0.013351328578244328,0.9996311627983372,0.023649109658536185,0.07927848284506672,-0.02463503375787647,0.9965480606922743,78,154,162,103,78,154,162,103,230417_144535
0,0,0,0,-0.15652518655111633,0.033006572253101246,-0.10368311081911641,0.9953102924707202,-0.012292217466313761,-0.09594958619822155,0.005696954012348583,0.9976203848991865,-0.06871035110214826,0.09656586569192181,0.06784149927116995,0.9930118652663772,87,128,162,162,87,128,162,162,230417_144536
0,0,0,0,-0.15735078471381309,0.033557928906018664,-0.10505389607661231,0.9922607505442452,-0.01250086218688131,0.12354080853691704,0.05133172053259052,0.9472223925243781,-0.3164408215884241,-0.11306483713575428,0.3203333693903546,0.9405332929027488,83,96,162,162,83,96,162,162,230417_144536
0,0,0,0,-0.15699078046773007,0.03395792259960406,-0.10454066634080927,0.9947779751942822,-0.01595565354916305,0.10080772385180929,0.04946814680821637,0.9393104829056251,-0.3394830174765178,-0.08927307835918014,0.342697000021039,0.9351946768758126,136,85,151,162,136,85,151,162,230417_144536
0,0,0,0,-0.15675686774136732,0.034496011828761275,-0.10710832605550302,0.9984859498416967,-0.026469870445313883,-0.04821984993063769,0.028522004884673224,0.9986944049779624,0.04237901253062724,0.047035127363318885,-0.0436901753752564,0.9979373053301472,162,92,78,154,162,92,78,154,230417_144536
0,0,0,0,-0.15722944872869418,0.03354792478650456,-0.10453225526480803,0.9975202296650418,-0.042711750752792786,-0.05593833887981921,0.042956342274630056,0.9990718992994556,0.0031768992058041827,0.055750731541272504,-0.0055719276565921695,0.9984291710255679,162,103,78,154,162,103,78,154,230417_144536
0,0,0,0,-0.15670152096968476,0.03275585020805594,-0.10489035210954845,0.9972931244445256,-0.04754388835332275,-0.05608923796881681,0.04675505700672901,0.9987892959069767,-0.015294019286721298,0.05674846764427489,0.012630164761073098,0.9983086147870981,162,162,87,128,162,162,87,128,230417_144536
0,0,0,0,-0.1566868851838979,0.033407076665929486,-0.10340555569750587,0.9973750253704526,-0.04411561909025122,-0.05741838485687505,0.04339064270684922,0.9989626900162399,-0.013812895460604635,0.057968188627685074,0.011285216338330928,0.9982546433648192,162,162,83,96,162,162,83,96,230417_144536
0,0,0,0,-0.15677734752581454,0.03484920658372226,-0.10522746210458767,0.9963885484557001,-0.034984508572804086,-0.07736888693953481,0.036591659128910624,0.9991409471189665,0.019452975926792564,0.07662187017122965,-0.02221377838491518,0.9968127392150088,151,162,136,85,151,162,136,85,230417_144537
0,0,0,0,-0.15658333827813528,0.032820576080623665,-0.10110494415321292,0.995626864725517,-0.03422310021189903,-0.0869248275737336,0.024586515552294737,0.993670957000096,-0.10960626107804877,0.09012574265898582,0.10698975944640197,0.9901669262724176,78,154,162,92,78,154,162,92,230417_144537
0,0,0,0,-0.1570887084469552,0.03404990561231913,-0.10553096749343494,0.9991296295938336,-0.03294360168790654,-0.025587152548075035,0.033932960010894915,0.998653249834922,0.039245901939549,0.024259791684777807,-0.040079991292143936,0.9989019255189334,78,154,162,103,78,154,162,103,230417_144537
0,0,0,0,-0.15726106799185827,0.03196756435686063,-0.09646907710610209,0.9992537393844133,-0.03684480981597741,-0.011594150071999836,0.03456422049785636,0.9869308005733698,-0.15739412168496827,0.017241780292162067,0.156875921891256,0.9874678051172734,87,128,162,162,87,128,162,162,230417_144537
0,0,0,0,-0.15654216529393186,0.03132813243727722,-0.10555187549138789,0.9973729200071879,-0.04963274639650001,-0.052762192159500655,0.04879013169203798,0.9986619648764593,-0.017140681391442744,0.0535423335857609,0.01452137714647345,0.9984599882418729,83,96,162,162,83,96,162,162,230417_144537
0,0,0,0,-0.1574244953749917,0.031883471594481155,-0.10181774236833485,0.9980346190527447,-0.05293809878389377,-0.03353292217194479,0.052017052560096845,0.9982600457218306,-0.02776881989584209,0.034944604951310486,0.025969959811179336,0.9990517683144365,136,85,151,162,136,85,151,162,230417_144537
0,0,0,0,-0.1574689566751741,0.03351289291324,-0.10162439971387227,0.9982529328002508,-0.05135708691020343,-0.029215266211270567,0.050571753821314035,0.9983550331204636,-0.02701343292650939,0.030554539288525914,0.02548877139323036,0.9992080577445969,162,92,78,154,162,92,78,154,230417_144537
0,0,0,0,-0.15658113535632873,0.03388574087787402,-0.10294505370811546,0.997479245763967,-0.0650838269797539,-0.028271005214114554,0.06475998123519465,0.9978259909189218,-0.012224429519950196,0.029005156447850504,0.01036278497028846,0.9995255442394132,162,103,78,154,162,103,78,154,230417_144538
0,0,0,0,-0.1560112595781729,0.033238320045113456,-0.10348685272010016,0.9962543621162463,-0.06528178515622703,-0.05670568305881596,0.06263501478039532,0.9969167632321791,-0.04726332732822544,0.05961628039227423,0.043534534722351234,0.9972715996150187,162,162,87,128,162,162,87,128,230417_144538
0,0,0,0,-0.157080623873243,0.03163659848866021,-0.1011747291466909,0.9969337203550058,-0.07073255563638192,-0.03346733918721276,0.06985001248773605,0.9971962498597179,-0.02684427352668923,0.03527226920101659,0.024424267417031506,0.9990792371912011,162,162,83,96,162,162,83,96,230417_144538
0,0,0,0,-0.15636476396614044,0.03234898608643377,-0.10113386726834761,0.9976232668164935,-0.062004238797572844,-0.03005481454811135,0.05992122249350659,0.996028556926883,-0.06585256928195607,0.03401859199425252,0.06389513406578606,0.9973766325924444,151,162,136,85,151,162,136,85,230417_144538
0,0,0,0,-0.15709902978002505,0.03184239669518693,-0.10276736110566942,0.9978445379463179,-0.05873034391547321,-0.02927498581160371,0.05794469652946583,0.9979546193931882,-0.026999810664239496,0.03080081548932335,0.025245283428138286,0.9992066780350429,78,154,162,92,78,154,162,92,230417_144538
0,0,0,0,-0.1559769238031733,0.03256475929922628,-0.10589172736955665,0.9968551519665325,-0.05496467722787346,-0.05708493895080672,0.053628721563260505,0.998255954473472,-0.02467811949375613,0.05834180509096261,0.02153911826174799,0.9980642765690165,78,154,162,103,78,154,162,103,230417_144538
0,0,0,0,-0.15730503627949682,0.03284864743373092,-0.10499959056623953,0.9976605296523124,-0.05341599847859792,-0.04266378652206897,0.05375245235062153,0.9985312910723659,0.0067775080706539955,0.04223909847712659,-0.009054935443616206,0.9990664976386464,87,128,162,162,87,128,162,162,230417_144538
0,0,0,0,-0.15715241263923502,0.03289191528531615,-0.10250956019017077,0.9974976974850223,-0.0632284087200027,-0.031630868511875174,0.06211552492029928,0.9974547557811864,-0.03500959487581072,0.033763961200588714,0.0329572222772045,0.9988862880347373,83,96,162,162,83,96,162,162,230417_144539
0,0,0,0,-0.15767511336165937,0.03206843882563534,-0.1031529959823666,0.9978521748153104,-0.061712091629839594,-0.021969409710441205,0.06149736129374724,0.9980538955017028,-0.010319700954148555,0.02256350527425372,0.008946475314167413,0.9997053810044196,136,85,151,162,136,85,151,162,230417_144539
0,0,0,0,-0.15790421671238897,0.03216939339778854,-0.10331202828452779,0.9971242353651201,-0.06606912953740203,-0.037123164866355564,0.06527323191801244,0.9976191472157923,-0.02225853327184169,0.038505381993974734,0.019771374019182036,0.9990627749680657,162,92,78,154,162,92,78,154,230417_144539
0,0,0,0,-0.1574207443977418,0.03248394364432736,-0.10039783899893362,0.996256819505294,-0.08604226435694821,-0.008311337649544422,0.08562401404696313,0.9954507324184741,-0.04178956264438761,0.011869195747025892,0.04092148667696122,0.9990918647053764,162,103,78,154,162,103,78,154,230417_144539
0,0,0,0,-0.157290899254322,0.03245958207855254,-0.10157156301434378,0.995111006718077,-0.08755658057562006,-0.04569386727384146,0.08605306075159225,0.9957137055781745,-0.033898189613348645,0.04846601947568277,0.029800364455568523,0.9983801797083605,162,162,87,128,162,162,87,128,230417_144539
0,0,0,0,-0.15807757842355458,0.03131895592327852,-0.09787266935203276,0.9957210175733971,-0.08784386594212877,-0.028689900295056137,0.0867821583398792,0.995563369936606,-0.036365277866942776,0.031757080414783284,0.03371990001185068,0.9989266520554547,162,162,83,96,162,162,83,96,230417_144539
0,0,0,0,-0.15688870725453255,0.03284048271719939,-0.09932756524198938,0.9965222925374703,-0.08105835664080743,0.01930966842171272,0.08178297406832633,0.9958360026365664,-0.040276556523180684,-0.015964511530396335,0.04171568855379592,0.9990019698179172,151,162,136,85,151,162,136,85,230417_144539
0,0,0,0,-0.15724195035326172,0.031123088013300437,-0.1036350504986907,0.9961218839630471,-0.07760431451525569,-0.041457962546738066,0.0774041999850955,0.9969791692916589,-0.0064129418507463485,0.041830397016724995,0.0031790512941685814,0.9991196682671661,78,154,162,92,78,154,162,92,230417_144540
0,0,0,0,-0.1559340056778694,0.03163063002863681,-0.10535272507181814,0.9959135901514278,-0.07470467569948892,-0.050747732760464646,0.07333082722370216,0.9969027193438683,-0.028417563996379125,0.05271347769196215,0.02458006495993965,0.9983071219199952,78,154,162,103,78,154,162,103,230417_144540
0,0,0,0,-0.15906592252900562,0.03230849013652201,-0.09654632719794676,0.9970989354036375,-0.07363771483002268,-0.019266550587620338,0.07291675566609136,0.9966962731250548,-0.03577269743476252,0.02183711885905825,0.03426406416699226,0.9991742161138345,87,128,162,162,87,128,162,162,230417_144540
0,0,0,0,-0.1584589682077216,0.031674138404924584,-0.10062963917370649,0.9957211332991738,-0.08035914006642322,-0.045627111558756386,0.07947135721656828,0.9966169400491963,-0.02095180634538915,0.047156421445724774,0.017236107877449627,0.9987387989367742,83,96,162,162,83,96,162,162,230417_144540
0,0,0,0,-0.1578470350321102,0.029864423814688817,-0.10323777319641658,0.9956314960179794,-0.08719073692056815,-0.033402088740796636,0.08634282934394386,0.9959251045557348,-0.026040390483438914,0.03553645955750825,0.023042602086040725,0.9991026966889951,136,85,151,162,136,85,151,162,230417_144540
0,0,0,0,-0.1584419542637276,0.03177450133904211,-0.10470616126080756,0.9958412801344726,-0.08476286786669394,-0.033397619842547625,0.08539810056590011,0.9961829623687461,0.018074011894586094,0.03173813478877243,-0.020850940440245925,0.9992787044077778,162,92,78,154,162,92,78,154,230417_144540
0,0,0,0,-0.1577499060207612,0.031614768888466316,-0.10031004359561191,0.9940096078033213,-0.10271118295907887,-0.03735388185763198,0.10110775056258503,0.9939653008792344,-0.04254648545093687,0.04149846227104552,0.03851484834708974,0.9983959555636928,162,103,78,154,162,103,78,154,230417_144540
0,0,0,0,-0.1578077988719295,0.03133279612510026,-0.10230181552103779,0.9940444435834387,-0.10720018043251973,-0.019589933540645234,0.10692149113984625,0.9941578719419341,-0.014762126822214103,0.021057989299160928,0.012579625237599623,0.9996991117909217,162,162,87,128,162,162,87,128,230417_144541
0,0,0,0,-0.15812421873943483,0.030745514277165376,-0.10096041823345969,0.9936140880418375,-0.1069196056243693,-0.036044999346889955,0.1056886760571111,0.9938010826189198,-0.03448640222982799,0.03950883189975409,0.030456626841982283,0.9987549479643769,162,162,83,96,162,162,83,96,230417_144541
0,0,0,0,-0.158257184968083,0.030552411261251716,-0.10328000077964139,0.9949113772284176,-0.09855768144936226,-0.020922114825702477,0.09869795352441008,0.9951006583727353,0.00577872617820731,0.020250072383751632,-0.00781429033728567,0.9997644079656854,151,162,136,85,151,162,136,85,230417_144541
0,0,0,0,-0.15760759273187236,0.03207936596959657,-0.1016500283784717,0.9951332915227131,-0.08944950358672535,-0.04133422808350251,0.0884280947536998,0.9957453835478557,-0.02591530824366221,0.04347647825435434,0.022134078955802248,0.9988092302273628,78,154,162,92,78,154,162,92,230417_144541
0,0,0,0,-0.1579628723624833,0.03029222105453952,-0.10248697667963347,0.9945896217954987,-0.09565675110263548,-0.04051259292091155,0.09511410808983523,0.9953515276379974,-0.015120941471357811,0.041770691387168775,0.011185812317110565,0.999064605990946,78,154,162,103,78,154,162,103,230417_144541
0,0,0,0,-0.15766106795632867,0.031559022519621976,-0.10391137205335654,0.9948006663333107,-0.08844989508220243,-0.050480197332699456,0.08779518176976472,0.9960248913265536,-0.015047322550528448,0.051610467163307264,0.010537168399199959,0.9986117001924782,87,128,162,162,87,128,162,162,230417_144541
0,0,0,0,-0.15903713326734611,0.031124494929253038,-0.10102457722646285,0.9946703138229882,-0.09547528385149505,-0.038928613804692695,0.09514917016260284,0.9954112798169564,-0.010149848793826497,0.039719040983469525,0.006391727985914335,0.9991904441079827,83,96,162,162,83,96,162,162,230417_144541
0,0,0,0,-0.15789993859712814,0.03101563628984691,-0.10322284766162104,0.9944811673774119,-0.10058256385879062,-0.029838826707036928,0.09981439903090686,0.9946608734694412,-0.026207490057394183,0.03231552997800108,0.023084510750759013,0.9992110947570784,136,85,151,162,136,85,151,162,230417_144542
0,0,0,0,-0.15857398500329797,0.03079207707689552,-0.10058848577936186,0.9945641182465644,-0.10399240592994022,0.005272020991688202,0.10411180103470076,0.9939882998407743,-0.03388204044856888,-0.0017168522781907856,0.034246741283662785,0.9994119336538386,162,92,78,154,162,92,78,154,230417_144542
0,0,0,0,-0.1583528332072251,0.032537328948463284,-0.09843211983571465,0.9921693641572098,-0.117652128944543,-0.04192766846241146,0.11573426008623465,0.9922344710729929,-0.04556682408056608,0.04696311180244467,0.04035753918804051,0.9980810263503244,162,103,78,154,162,103,78,154,230417_144542
0,0,0,0,-0.1575740469713371,0.030944517273481603,-0.10070269606477888,0.9918441594389621,-0.1192103331594612,-0.04510055271089482,0.11633446493682034,0.9912872075375514,-0.061773493023027454,0.05207163963888183,0.05602292959505641,0.9970706974457257,162,162,87,128,162,162,87,128,230417_144542
0,0,0,0,-0.15748529161609676,0.029517646708789175,-0.1034275786259693,0.9922233951207288,-0.11994555751886897,0.033253532242183054,0.12165806478968522,0.9910233046672621,-0.05542675236750855,-0.026306832700326497,0.059041280794610664,0.9979088524085801,162,162,83,96,162,162,83,96,230417_144542
0,0,0,0,-0.1585583700279187,0.03070338021462793,-0.1003221459999879,0.9926690374531636,-0.10891955404634063,-0.05239000694937299,0.10811316798738624,0.9939757024236501,-0.017995718911481964,0.05403447963606489,0.01219974334796054,0.9984645418204412,151,162,136,85,151,162,136,85,230417_144542
0,0,0,0,-0.15864629126785396,0.029366937812101174,-0.10166054266310609,0.9930498010589254,-0.10786720686243415,-0.04708246277040636,0.10699312197945315,0.9940439717643492,-0.020713619868331618,0.04903635861194895,0.015532156407169859,0.9986762176258247,78,154,162,92,78,154,162,92,230417_144542
0,0,0,0,-0.15724367455580812,0.03147265228017346,-0.10286778202295466,0.9927400829360332,-0.10157540528236744,-0.06441711553523549,0.09970667017154017,0.9945150272998577,-0.03159810750768744,0.06727337999135198,0.024945891775729593,0.9974226761148219,78,154,162,103,78,154,162,103,230417_144543
0,0,0,0,-0.159211670757237,0.030663025376730685,-0.09999278571143555,0.993987251692581,-0.10480875592613213,-0.031693345576727726,0.10395266200597741,0.9942004793357141,-0.027554508714662238,0.03439749314267463,0.02409422274845013,0.9991177512664098,87,128,162,162,87,128,162,162,230417_144543
0,0,0,0,-0.1581931888444689,0.030952805183084825,-0.10305704762336243,0.9925163065560307,-0.11468161085830057,-0.04194650582969571,0.11421007424491292,0.9933651895742927,-0.013478096416082668,0.04321388852379475,0.00858651692917226,0.9990289443082607,83,96,162,162,83,96,162,162,230417_144543
0,0,0,0,-0.1579855078147322,0.03190631330435184,-0.10543147436680034,0.9924503513103192,-0.10618988982647055,-0.06136780493602636,0.10683912570875863,0.9942488759687962,0.007387411764179652,0.06023040263697555,-0.013888122026664805,0.9980878812332912,136,85,151,162,136,85,151,162,230417_144543
0,0,0,0,-0.15900527213722215,0.031661670110182005,-0.10398028844191676,0.9909907287969572,-0.11386020908346817,-0.07052111900661243,0.11463130756904787,0.9933836370476814,0.006972300260976087,0.06926065812195357,-0.014993412999976422,0.9974859191001776,162,92,78,154,162,92,78,154,230417_144543
0,0,0,0,-0.15857786411111335,0.030441104822834908,-0.10283858651467903,0.9898310088157323,-0.1375610413105769,-0.03621510596947025,0.13716200985176763,0.9904594239925455,-0.013293324557034148,0.03769823656689555,0.008190808135036762,0.9992555997450508,162,103,78,154,162,103,78,154,230417_144543
0,0,0,0,-0.15830977307239597,0.030558139162397607,-0.10359955548026689,0.9891057001114169,-0.13464055840401376,-0.059513309769829825,0.1338398154630345,0.9908526523253202,-0.01726050916685952,0.06129288542665789,0.009107217606577744,0.9980782738761229,162,162,87,128,162,162,87,128,230417_144543
0,0,0,0,-0.15778226337345466,0.030963234028406866,-0.10503802270542051,0.9893495337034703,-0.13256862483453194,-0.06010873372653083,0.13219929565693436,0.9911717219801066,-0.010097711364591162,0.06091671682334904,0.002043833768552954,0.9981407597904167,162,162,83,96,162,162,83,96,230417_144544
0,0,0,0,-0.1578760411500477,0.02954538685342284,-0.10148690054140341,0.9897171807942866,-0.12621998211911675,-0.06729352238112261,0.12183284642507589,0.9903705413121915,-0.06574913256430351,0.07494437652401037,0.05687448474355052,0.9955644797865093,151,162,136,85,151,162,136,85,230417_144544
0,0,0,0,-0.15904568222090276,0.029862628602504854,-0.10004239917179558,0.9912900213199843,-0.12748629406066808,-0.03303541218301481,0.12681236251243622,0.9916880494737026,-0.021758613123483952,0.03553474842234657,0.017379797401571466,0.9992173058433491,78,154,162,92,78,154,162,92,230417_144544
0,0,0,0,-0.15834132388051916,0.028589997222057045,-0.10037971754914055,0.9905130583515074,-0.12184778819639253,-0.06353737283513836,0.11514995787331371,0.9882869843971358,-0.10014651103753218,0.07499578946126423,0.09188010112567173,0.9929419311219655,78,154,162,103,78,154,162,103,230417_144544
0,0,0,0,-0.1576480762092818,0.03157962878981779,-0.10430555997697455,0.9929583863053277,-0.1170441878045114,-0.01828390459123449,0.11675890673000466,0.9930319764106146,-0.015964069820742947,0.020025003498960105,0.01371684829724218,0.999705380253431,87,128,162,162,87,128,162,162,230417_144544
0,0,0,0,-0.15854516709163136,0.02988816799072974,-0.10632397017448858,0.9896162688843896,-0.12766356815769433,-0.06604281735802106,0.12700532459014227,0.9918019771372119,-0.014088494329389004,0.06729998428745636,0.005554413737045856,0.9977173249988925,83,96,162,162,83,96,162,162,230417_144544
0,0,0,0,-0.1585170544432273,0.031098717704855228,-0.10506045244740037,0.9903358681153277,-0.13014670580099136,-0.047923932365894636,0.1304377294914686,0.9914520167671562,0.002982813009584166,0.047126076108361274,-0.009205075637382265,0.9988465345252688,136,85,151,162,136,85,151,162,230417_144544
0,0,0,0,-0.15914987434994612,0.030946923346046262,-0.10413248340694192,0.9910169232316074,-0.13019509533398432,-0.030572782332221222,0.1302520648790195,0.9914809039513526,-0.0001292074355060151,0.030329152037442162,-0.0038541212726747602,0.9995325348811339,162,92,78,154,162,92,78,154,230417_144545
0,0,0,0,-0.15889967227963112,0.029872995081950793,-0.10272999321918475,0.9881790349451334,-0.14990263652135385,-0.03211533058917693,0.1494135627197693,0.9886262872016611,-0.017136263573014576,0.034318831132351665,0.012135230438894858,0.9993372573920699,162,103,78,154,162,103,78,154,230417_144545
0,0,0,0,-0.1590645942666052,0.028418212114144303,-0.10406774639840066,0.9869019172497746,-0.15347188484111363,-0.04970901620465935,0.1530324758632449,0.9881414568226488,-0.012550802348026755,0.051045734982312685,0.004779317077765402,0.9986848807648916,162,162,87,128,162,162,87,128,230417_144545
0,0,0,0,-0.1597886083935949,0.028940168624006224,-0.10041888325265869,0.9878204442289115,-0.15330800656651553,-0.026597463901603675,0.15288231464242485,0.9880916767376619,-0.017373434644061242,0.028944219335999662,0.013095552082983075,0.9994952419509917,162,162,83,96,162,162,83,96,230417_144545
0,0,0,0,-0.15730788554979303,0.03091571423649539,-0.10654061770768752,0.9887307216197757,-0.14447554095468232,-0.03922216453855158,0.14457594434398105,0.9894936676418101,-0.00027930951356547204,0.0388504368351681,-0.005394419580473277,0.9992304758138167,151,162,136,85,151,162,136,85,230417_144545
0,0,0,0,-0.15851604632937516,0.030751104931216855,-0.104262566081472,0.9892178320962073,-0.14086663430424237,-0.04005835746350354,0.14096608425366813,0.9900143655227296,-0.0003451793934566827,0.03970697360750061,-0.005305412181984443,0.9991972822463602,78,154,162,92,78,154,162,92,230417_144545
0,0,0,0,-0.15877764523663984,0.028923736014442425,-0.10537507213606667,0.9877516704296417,-0.14133558789191789,-0.06611270043417992,0.14185934646364118,0.9898814163704114,0.003272208034188812,0.06498125409964195,-0.012610833428302373,0.9978067966775338,78,154,162,103,78,154,162,103,230417_144545
0,0,0,0,-0.15976965031319326,0.028901340292493388,-0.10391537795107575,0.9893747208639849,-0.1358086373953497,-0.05190063317657417,0.13575206381203148,0.9907320219137302,-0.0046301107442693525,0.052048428276798994,-0.0024647035416904112,0.9986415204418282,87,128,162,162,87,128,162,162,230417_144546
0,0,0,0,-0.1587618560505989,0.029132478254984884,-0.1044471933178448,0.9874807588300254,-0.15070953705326423,-0.04656593585088848,0.14985286016602017,0.9884768880049342,-0.0213907031241379,0.049253134322006294,0.014144869079368504,0.9986861626347817,83,96,162,162,83,96,162,162,230417_144546
0,0,0,0,-0.16011613602888114,0.02871557071687278,-0.10301164070095847,0.9887217432534359,-0.14848147569527326,-0.019559289180350686,0.14862587720518758,0.9888744331137173,0.006140371243827005,0.018429949616726282,-0.008978135072359486,0.9997898429408789,136,85,151,162,136,85,151,162,230417_144546
0,0,0,0,-0.15937667032761207,0.02974717020310247,-0.10227832141757842,0.9887908307330385,-0.14530902326228007,-0.03432172514355692,0.1445367146606236,0.9892079556299669,-0.024015799663870206,0.03744103595497122,0.018785853106621852,0.9991222450479595,162,92,78,154,162,92,78,154,230417_144546
0,0,0,0,-0.15881855617263946,0.03008520498403558,-0.10237352932176436,0.984363416341664,-0.16883464375455626,-0.05023472540424097,0.16650799591049217,0.9849003572225611,-0.047395924305175516,0.05747827299109647,0.03829033051753941,0.9976121985635593,162,103,78,154,162,103,78,154,230417_144546
0,0,0,0,-0.15913641922820546,0.029387584591137383,-0.10562908523467285,0.9848229700231278,-0.17068797663838095,-0.031453653935927375,0.1711696424607786,0.9851518457520577,0.013296402188677607,0.02871708924446982,-0.01847851299237319,0.9994167665908531,162,162,87,128,162,162,87,128,230417_144546
0,0,0,0,-0.15957520284145268,0.030122748477574762,-0.1005951433424579,0.9852081563498176,-0.17096359631442873,-0.01167636060729149,0.17075158327773826,0.9851633905059983,-0.017233421450028402,0.014449410712549004,0.014984750313765133,0.9997833124172929,162,162,83,96,162,162,83,96,230417_144546
0,0,0,0,-0.15929381556709943,0.02947193982420057,-0.10057787261698581,0.984550081892247,-0.15485541793202878,0.0817369915219952,0.17333021275353813,0.9281458556922628,-0.329396277920822,-0.02485505165520987,0.33847462253228816,0.940647200765963,151,162,136,85,151,162,136,85,230417_144547
0,0,0,0,-0.15890939807338328,0.027766269099431834,-0.10385581383888576,0.9855019396231818,-0.16514970674387092,-0.03887803186068548,0.1641000818113243,0.9860226485596162,-0.02881839129787059,0.043093968817731636,0.022020692311869556,0.9988283130556734,78,154,162,92,78,154,162,92,230417_144547
0,0,0,0,-0.15880491156061988,0.029266087994457096,-0.10420879482571455,0.9867859566641978,-0.15734390018221048,-0.038682978243343255,0.15746965129857765,0.9875238053940483,0.0002066396934732974,0.03816784838353794,-0.006295304242778528,0.9992515121300853,78,154,162,103,78,154,162,103,230417_144547
0,0,0,0,-0.16064883062823734,0.02828957655691891,-0.10026626680973938,0.9871181624964888,-0.1581581257533107,-0.024160722831807164,0.1574911978264899,0.9871403715770403,-0.02739360162372658,0.028182545604201453,0.023235620519838636,0.9993327023881112,87,128,162,162,87,128,162,162,230417_144547
0,0,0,0,-0.1597047434152762,0.028319495731528116,-0.10359973898585761,0.985142823704008,-0.16464908612307053,-0.04882924680283621,0.1642308751576645,0.9863429246080074,-0.012484178814462234,0.05021789073071379,0.004279429233185734,0.9987291173967024,83,96,162,162,83,96,162,162,230417_144547
0,0,0,0,-0.1580912689822055,0.029741020073284496,-0.1042704242135416,0.9857226873684222,-0.16053051162933157,-0.050800968919904405,0.15854485139425395,0.9865006655928069,-0.04098739905534499,0.0566949177929553,0.03234797707698622,0.9978673732893949,136,85,151,162,136,85,151,162,230417_144547
0,0,0,0,-0.16039437087463668,0.02902566408264967,-0.10285151440693319,0.9852225521282699,-0.1710315187626913,-0.009205561774567802,0.17098489048140558,0.9852575091424394,-0.005639849776183728,0.010034440937081621,0.003982495218267512,0.9999417231653637,162,92,78,154,162,92,78,154,230417_144547
0,0,0,0,-0.1592369805101475,0.028639660522226856,-0.10386178641604737,0.9814616759927715,-0.18795957791828227,-0.03747233147591984,0.1870767961193662,0.9820051780290676,-0.025847682252235497,0.041656342988470915,0.018358305828169674,0.9989633234988892,162,103,78,154,162,103,78,154,230417_144548
0,0,0,0,-0.15985195775564112,0.028621681715718883,-0.10373632455375636,0.9812125310585934,-0.19108830174836972,-0.026593793044850253,0.19075352983462188,0.9815289993267379,-0.014625810619680997,0.028897400388622357,0.009278168761924221,0.999539321805403,162,162,87,128,162,162,87,128,230417_144548
0,0,0,0,-0.1598633197885142,0.029449474117509727,-0.10246228922622813,0.981741016032549,-0.18844481181187656,-0.025944755550302324,0.18831434355289464,0.9820808862758139,-0.007405459064479118,0.026875368864836574,0.0023844732960537057,0.9996359481508653,162,162,83,96,162,162,83,96,230417_144548
0,0,0,0,-0.15972372234208917,0.02848690439025567,-0.10406123590298244,0.9828038442351539,-0.18121435833081537,-0.03546773310143749,0.18124170833360656,0.9834354811107766,-0.00246934257062854,0.03532770749595619,-0.004001353166877669,0.9993677712713743,151,162,136,85,151,162,136,85,230417_144548
0,0,0,0,-0.1597602316909077,0.028346871992317224,-0.10210907267707958,0.9821340675389371,-0.18386203397108206,-0.04009271559073866,0.18332873781514664,0.982911041016426,-0.01662706646138383,0.042464659077030814,0.00897986147012738,0.9990576133624371,78,154,162,92,78,154,162,92,230417_144548
0,0,0,0,-0.15991773898504671,0.030140240527945228,-0.09768473858620319,0.9835048759261322,-0.1762297767737966,-0.040758125665698614,0.17363492868842972,0.9829638062504047,-0.06027492962318545,0.05068599973253768,0.05220365293706975,0.9973493410290795,78,154,162,103,78,154,162,103,230417_144548
0,0,0,0,-0.16065151877336442,0.028810373923622207,-0.10033262921779884,0.984590987832508,-0.1724216923412808,-0.029177845862491468,0.1716261334009191,0.9847673507751121,-0.027887903851271722,0.03354186954921755,0.022450497935154218,0.999185127055846,87,128,162,162,87,128,162,162,230417_144548
0,0,0,0,-0.16090690583095602,0.02544081878269741,-0.10391052727656369,0.9826198651808713,-0.18472208093344009,-0.018329030731229847,0.18447594692678843,0.98273254353721,-0.014330836624275322,0.020659756953826467,0.010700499451280694,0.9997293002378704,83,96,162,162,83,96,162,162,230417_144549
