0,0,0,0,-0.02945069101367792,0.19701139617768337,-0.06062513710603468,0.997241949865927,0.02058534688679281,0.07130734128513269,-0.02057669755896151,0.9997879109493517,-0.0008559422285841376,-0.07130983764650572,-0.000613688098352026,0.9974540242245489,180,180,81,97,180,180,81,97,230221_172303
0,0,0,0,-0.029591278399645836,0.1972073991523864,-0.06446450099951173,0.9987091602560398,0.022116446263757937,0.045726097858207096,-0.023425986329780296,0.9993248242758984,0.02830404123834083,-0.04506923989988038,-0.02933868420033627,0.998552955643435,75,170,180,92,75,170,180,92,230221_172303
0,0,0,0,-0.03005487907535786,0.19666669624639455,-0.06178171058571702,0.9977157055815556,0.018709184036089108,0.0649102246845787,-0.02036900807209804,0.9994798117246593,0.025004188949031576,-0.0644086511740275,-0.026269228910339417,0.997577793090042,86,137,180,180,86,137,180,180,230221_172303
0,0,0,0,-0.03030358300206762,0.19694219188489157,-0.05847381430172571,0.9974989848795089,0.019462284365043752,0.06794847056147936,-0.02055271809907829,0.9996703760711944,0.015385869634720276,-0.06762662894962211,-0.016743915102835478,0.9975701881892518,147,84,166,180,147,84,166,180,230221_172303
0,0,0,0,-0.02967249663661787,0.19705056418950512,-0.05960236414030862,0.9976702077798983,0.020473862475849994,0.06507670446277843,-0.019579615310058668,0.9997053191539182,-0.014349687093182005,-0.06535132112456435,0.013042078464803776,0.9977770838301468,180,106,75,170,180,106,75,170,230221_172304
0,0,0,0,-0.03052020321353959,0.1977825022142004,-0.06482193393350821,0.998139619045822,0.019977901784054838,0.057603683314243585,-0.02304706702814152,0.9983222343790669,0.053118255296931025,-0.056445846547477335,-0.05434703105686853,0.9969254067495935,180,180,81,97,180,180,81,97,230221_172304
0,0,0,0,-0.030784816944069246,0.19752069630603353,-0.06185274219255166,0.9969358783423109,0.020379066805995282,0.0755218386293803,-0.020202791695376105,0.9997911048217641,-0.0030974064939544854,-0.07556918473530476,0.0015621636893523732,0.9971393372859427,75,170,180,92,75,170,180,92,230221_172304
0,0,0,0,-0.030359222427006526,0.19765142433198046,-0.06131499501150306,0.9978448092528551,0.020260161924788717,0.06241203798879761,-0.020842320049130447,0.9997450020700063,0.008690715218626818,-0.06222004775073225,-0.009972796740282697,0.9980126296711247,86,137,180,180,86,137,180,180,230221_172304
0,0,0,0,-0.03115140631255329,0.19698160500266332,-0.05804411364736317,0.998652599717854,0.01753734665680452,0.04884082870929351,-0.019280761902077264,0.9991852119526906,0.03545651471212414,-0.0481792205960919,-0.03635042898364131,0.9981770429214741,147,84,166,180,147,84,166,180,230221_172305
0,0,0,0,-0.029778446326039744,0.1970712418900456,-0.0588542393137963,0.9984609173164083,0.020810311405687846,0.05140746571144419,-0.021235819268061347,0.9997444962720611,0.007744814635381932,-0.051233158907969395,-0.008824574376166308,0.998647730841757,180,106,75,170,180,106,75,170,230221_172305
0,0,0,0,-0.02924793202288819,0.19818937478644838,-0.05883641392981587,0.9987826425155184,0.0253351978105801,0.04232447000990172,-0.026977441540254152,0.9988869695208158,0.03869159817663448,-0.041297102291352875,-0.03978630258542203,0.9983544458101635,180,180,81,97,180,180,81,97,230221_172305
0,0,0,0,-0.030330786214866547,0.19681451509865883,-0.05668605747438227,0.9982501707792837,0.020934474790517653,0.055302299268446695,-0.021318324663131317,0.9997525085242602,0.006360089072134674,-0.055155467296442905,-0.0075279123728523864,0.9984494003015965,75,170,180,92,75,170,180,92,230221_172305
0,0,0,0,-0.030424882508450234,0.19690185632028437,-0.050256804639664976,0.9979867570394346,0.020846740373311756,0.05989863261979236,-0.018371017682362063,0.9989658778422998,-0.04158942913862346,-0.06070369414811146,0.040405300674168546,0.9973376926569067,86,137,180,180,86,137,180,180,230221_172305
0,0,0,0,-0.029939376324751438,0.19742086565376454,-0.06287890161874254,0.99818830478948,0.020760521973314218,0.056472195892315315,-0.022053926702116918,0.9995063171004891,0.022377363411122883,-0.05597975079010402,-0.023582256117923705,0.998153367322811,147,84,166,180,147,84,166,180,230221_172306
0,0,0,0,-0.030446993707098337,0.19647521660290043,-0.057900262437854844,0.9956301776274771,0.0192300553140393,0.09138246204878307,-0.018722466071801724,0.9998041801145172,-0.006408641800489694,-0.09148780608184087,0.004669732128906132,0.9957952474982875,180,106,75,170,180,106,75,170,230221_172306
0,0,0,0,-0.03019463706902578,0.19704930474142518,-0.06191126760620114,0.9959330039809863,0.01860954238341954,0.08815404989953662,-0.021370791133873978,0.9993067858570668,0.03048338935109435,-0.08752565833926994,-0.032243335315965564,0.995640309780585,180,180,81,97,180,180,81,97,230221_172306
0,0,0,0,-0.029244401275871183,0.19688093035904755,-0.05544589476181272,0.9986609366165256,0.021105514283146262,0.047232308254516124,-0.022123035920573787,0.9995320472015017,0.021124817131336415,-0.04676435563399461,-0.02214145171435946,0.998660528487092,75,170,180,92,75,170,180,92,230221_172306
0,0,0,0,-0.030393431213355575,0.197178015446165,-0.06324664119209189,0.9962378374715279,0.017844914777986526,0.0848040695168496,-0.018736309345646237,0.9997771440404788,0.009726919675231897,-0.08461159437190922,-0.011279240702749648,0.9963501677758745,86,137,180,180,86,137,180,180,230221_172307
0,0,0,0,-0.02918629341718791,0.1968882787901731,-0.06173048327239028,0.9953383994602658,0.02079595083236015,0.09417536296110081,-0.021805306412169614,0.9997151653149434,0.009701384003718923,-0.09394678904650448,-0.011709682672655063,0.995508354640762,147,84,166,180,147,84,166,180,230221_172307
