0,0,0,0,-0.10378057360846317,0.19656585828211684,-0.10090637494238042,0.9988800595453087,-0.026875001055564094,-0.03894047972257425,0.029805218051001652,0.9966060290755252,0.07673377214268787,0.036746096659278596,-0.07780846437616613,0.996290904932756,162,162,83,96,162,162,83,96,230216_162120
0,0,0,0,-0.10269370431941097,0.1909315992131463,-0.11746531898873158,0.9975438085796092,-0.029335994194156813,-0.06360620574385109,0.03279501237369624,0.9980002073210251,0.0540377030470451,0.06189375677641346,-0.05599094240885678,0.9965110020668463,151,162,136,85,151,162,136,85,230216_162120
0,0,0,0,-0.10125044575833433,0.19614553304110816,-0.10507200468300293,0.994788050217177,-0.02281778746109183,-0.09937848721171189,0.029684721108014425,0.9972314816319634,0.06817763104463738,0.09754769334970127,-0.0707723153323369,0.9927113008849315,78,154,162,92,78,154,162,92,230216_162120
0,0,0,0,-0.10227848398752953,0.1945359278261084,-0.11119845706280929,0.998254114051921,-0.027645529492928197,-0.052196249649480525,0.03490084308420071,0.9890125476847682,0.14365274683797452,0.04765138959597359,-0.14522363864446747,0.9882506968621039,78,154,162,103,78,154,162,103,230216_162120
0,0,0,0,-0.10352738526374063,0.19701295948576333,-0.09933345854127096,0.9994530904079875,-0.019043976825992324,-0.02703418244693025,0.018404627446963945,0.9995495769885094,-0.023704700601979416,0.027473437397990512,0.0231941822175754,0.999353411035754,87,128,162,162,87,128,162,162,230216_162120
0,0,0,0,-0.10366589982875508,0.1958433292587564,-0.10496127506875486,0.9996425055715961,-0.015348135032211491,-0.021892825436085585,0.016993394473680645,0.9968816863698146,0.0770592494431209,0.020641840974191056,-0.0774037346095668,0.9967861236341967,83,96,162,162,83,96,162,162,230216_162121
0,0,0,0,-0.10281882779338601,0.1950488969036999,-0.10950212169644369,0.999586032539308,-0.02067779960533733,-0.020004803318399683,0.021641826722832314,0.998552574960058,0.04923805821452471,0.018957713164441663,-0.049650615747637405,0.998586712042302,136,85,151,162,136,85,151,162,230216_162121
0,0,0,0,-0.1016759509756901,0.19590561571817822,-0.10523680716608019,0.9993438908076326,-0.023388172435503514,-0.027654679451957303,0.02269632462344138,0.9994279702063957,-0.02507208044244349,0.028225250292082896,0.024427970837794584,0.9993030618819784,162,92,78,154,162,92,78,154,230216_162121
0,0,0,0,-0.10254753830715231,0.19520111671317308,-0.10437369938858254,0.9995613795096956,-0.0023813278668500357,-0.029519110255321595,0.004423463645016905,0.997585419847639,0.06930918464958692,0.029282786104749024,-0.06940936093208096,0.9971583921589106,162,103,78,154,162,103,78,154,230216_162121
0,0,0,0,-0.10201026431723917,0.19405785780314375,-0.10676646719240035,0.9999932766673595,-0.00038499125893100836,-0.0036466973838015465,0.00048405092935119667,0.9996298289939433,0.027202402104180706,0.003634874795130172,-0.02720398440064043,0.999623294505462,162,162,87,128,162,162,87,128,230216_162121
0,0,0,0,-0.10031655795836911,0.19299144649968097,-0.11404215981601196,0.9997522799485637,0.008810955779448388,-0.020438830590341666,-0.00803167257850251,0.9992492111362391,0.03790127015279928,0.020757431759247366,-0.03772772325301843,0.9990724437821833,162,162,83,96,162,162,83,96,230216_162121
0,0,0,0,-0.10194713481598364,0.19629548920358417,-0.10160439903759999,0.9994239135811299,0.004891036973554734,-0.0335845011798696,-0.005028291113770875,0.9999793435801573,-0.004003586076458521,0.033564225756786255,0.0041701523137362365,0.9994278626189225,151,162,136,85,151,162,136,85,230216_162121
0,0,0,0,-0.10233468226347918,0.19567251143932013,-0.10378947320873966,0.9999255245630911,0.003286713420213313,0.011753418316356961,-0.003949669640404287,0.9983757974489811,0.056834559713629614,-0.01154752947420168,-0.05687674905445856,0.9983144244074802,78,154,162,92,78,154,162,92,230216_162122
0,0,0,0,-0.10245256034817835,0.19461454497393266,-0.10793570219388626,0.9983684372742682,0.006371410361958138,-0.056743885877993706,-0.0018612143951039278,0.9968582692550683,0.07918413287246931,0.05707012647183026,-0.078949326455575,0.9952436910207973,78,154,162,103,78,154,162,103,230216_162122
0,0,0,0,-0.10105783809172686,0.19700560326470962,-0.10432333014157769,0.9995064763147359,0.02997101664180396,-0.009409674083448968,-0.02926470666930859,0.9972640242870444,0.06788256629185384,0.011418438967711315,-0.06757369328566641,0.997648943881201,87,128,162,162,87,128,162,162,230216_162122
0,0,0,0,-0.10125299004204533,0.19735162622795788,-0.1036273216351965,0.9996237971239627,0.027416384300848928,0.0007785212518837713,-0.027393253461807203,0.999392396134262,-0.021551060618778622,-0.00136890037937689,0.021521626817813895,0.9997674458047062,83,96,162,162,83,96,162,162,230216_162122
0,0,0,0,-0.1018033618774694,0.1964472438915764,-0.10409281870744003,0.9993267205811033,0.022111503503371533,-0.029277755129759123,-0.021312359865944108,0.999399202640427,0.027331613172722004,0.029864508192204372,-0.026689233306695138,0.9991975760458682,136,85,151,162,136,85,151,162,230216_162122
0,0,0,0,-0.10073742958052312,0.19219860512114165,-0.11943298268980185,0.998775157387195,0.028839441538552044,-0.040205367775071256,-0.026871643177377055,0.998454181696706,0.04865348749378911,0.04154635698989771,-0.04751351033237822,0.9980061956504894,162,92,78,154,162,92,78,154,230216_162122
0,0,0,0,-0.1019121418516026,0.19553228940924403,-0.10260483188870195,0.9983404986632978,0.03744842126817266,-0.04374773677846864,-0.03710857983600731,0.9992746201469427,0.0085549303175331,0.044036371686043525,-0.0069173170163473255,0.9990059803094393,162,103,78,154,162,103,78,154,230216_162122
0,0,0,0,-0.10128949336131557,0.1950788024675309,-0.1039203939824408,0.999081775231162,0.04214156109329783,0.007726268799965716,-0.042251435116918014,0.9989995006343196,0.014656533114663986,-0.007100889487264745,-0.014969521067830425,0.9998627359830397,162,162,87,128,162,162,87,128,230216_162122
0,0,0,0,-0.10059571151055495,0.19190579913297515,-0.11802492156353761,0.9986554217395845,0.050020120012511375,-0.013613824740564513,-0.048193251352439896,0.9925756688983814,0.11167341686816692,0.019098668912084085,-0.11086716874198958,0.9936517054486053,162,162,83,96,162,162,83,96,230216_162123
0,0,0,0,-0.10322850246359955,0.19237783937309588,-0.11508567946489678,0.9986915192995269,0.04010867229510363,0.03172607265211672,-0.04137264216325965,0.998333089808824,0.04024110178906669,-0.030059170973835293,-0.04150103853509151,0.9986861919746737,151,162,136,85,151,162,136,85,230216_162123
0,0,0,0,-0.10045957575610442,0.1963932558825995,-0.10654607194536836,0.9984723481452493,0.04771878007574129,-0.027854766511214504,-0.044373494112339304,0.9928997999863388,0.11036747803293227,0.032923593509418744,-0.10896286163262528,0.9935004437720477,78,154,162,92,78,154,162,92,230216_162123
0,0,0,0,-0.10075426279884439,0.19754465065823051,-0.10028496650861551,0.9969408039730067,0.04201136727621338,-0.06590962291834457,-0.0439300199045856,0.9986439556176115,-0.027935698659462174,0.06464662964794053,0.03074564892781846,0.9974344681968682,78,154,162,103,78,154,162,103,230216_162123
0,0,0,0,-0.10040760853241187,0.19406500788806208,-0.11634913326891927,0.9974704609374567,0.07083067083197486,-0.005974581718477528,-0.07034636339483895,0.995714315832538,0.06003657554575653,0.01020140746855994,-0.05946442058603202,0.9981782976853524,87,128,162,162,87,128,162,162,230216_162123
0,0,0,0,-0.09903383633655838,0.19858838778228446,-0.10218704922273014,0.9977815090823464,0.06511594968069712,-0.013855440467071916,-0.06550682964474418,0.9974032631559142,-0.0299263415042518,0.01187077938680181,0.03076757616575539,0.9994560724982537,83,96,162,162,83,96,162,162,230216_162123
0,0,0,0,-0.10109825146808202,0.19689354075471477,-0.10526837680092294,0.9982828377346321,0.05855765634723012,0.0015416768828475677,-0.05856559753590675,0.9971862632748786,0.046793451690872734,0.0012027758534308213,-0.04680338896921415,0.9989033967863173,136,85,151,162,136,85,151,162,230216_162123
0,0,0,0,-0.10140252339896935,0.19552640710905492,-0.10868161974106993,0.9973197024803275,0.0627192873318473,-0.0376789336517869,-0.0612430954023975,0.9973554611044676,0.03913269056208656,0.040033664709634334,-0.0367202287803379,0.9985233750334722,162,92,78,154,162,92,78,154,230216_162123
0,0,0,0,-0.10085920826998729,0.19589230964976964,-0.10692826136012501,0.9968783162325199,0.07895302514255041,0.00020602489077741664,-0.07883447559429113,0.9952315997564087,0.05743856112466197,0.004329905678989298,-0.05727549796499554,0.9983490217602624,162,103,78,154,162,103,78,154,230216_162124
0,0,0,0,-0.09991254609727365,0.19644562200518906,-0.10196272753519398,0.9943110470590326,0.09126749617374842,-0.05491617101131758,-0.08770291228444754,0.9940786929353042,0.06415412246196721,0.06044618162626994,-0.058972844549108686,0.9964278512429241,162,162,87,128,162,162,87,128,230216_162124
0,0,0,0,-0.09983842892363921,0.19660865289352525,-0.10270799744943382,0.9959868479363988,0.08889226182427326,-0.01040982831181093,-0.08835459418720902,0.9951163851053073,0.0440096100977645,0.014271104502810853,-0.04291323668413387,0.9989768714507665,162,162,83,96,162,162,83,96,230216_162124
0,0,0,0,-0.10174938864481485,0.1931170665943531,-0.11508648741305805,0.9964325312571353,0.08293571403822138,0.015616593401487338,-0.08397665724097789,0.9927533450910403,0.08595764567029594,-0.008374466617542833,-0.08696242376750542,0.9961763925938782,151,162,136,85,151,162,136,85,230216_162124
0,0,0,0,-0.09974441494710991,0.19252667658861003,-0.11845444496676794,0.9963076564323896,0.08569829699986159,-0.0051822413608371256,-0.08522160461559587,0.9944735569874794,0.061315761101160195,0.0104082583048991,-0.0606477233207894,0.9981049653293302,78,154,162,92,78,154,162,92,230216_162124
0,0,0,0,-0.1009434534958881,0.19742181466562492,-0.1020137728324948,0.996385268128976,0.08395971960344346,0.012929150770997475,-0.08346382382556874,0.9958948622835283,-0.035031605582480745,-0.01581731860848902,0.03382585935912385,0.9993025686300694,78,154,162,103,78,154,162,103,230216_162124
0,0,0,0,-0.1000677119280523,0.1988570997437526,-0.09871658710786468,0.994456488119012,0.10378093462387757,-0.016905941162644572,-0.1042423611529909,0.9941235865442114,-0.029186038061446432,0.013777640554528623,0.030786560137001474,0.9994310202988904,87,128,162,162,87,128,162,162,230216_162124
0,0,0,0,-0.09954147777700509,0.1960786678996202,-0.11038750242776174,0.9937038682170685,0.10936071688695581,-0.024348632249174437,-0.10806124592469231,0.9929122399922055,0.04947778090077089,0.029586980576558265,-0.046535118734484696,0.9984783890023508,83,96,162,162,83,96,162,162,230216_162124
0,0,0,0,-0.09996047850393719,0.1945503423393381,-0.1162450972051603,0.9947797168701761,0.10184674287408373,0.006368349050806892,-0.10204562974357441,0.9928808299518357,0.06143571407896425,-6.598431590210592e-05,-0.0617648644465056,0.9980907259192296,136,85,151,162,136,85,151,162,230216_162125
0,0,0,0,-0.10000745198078273,0.1980990194204509,-0.10252481625526566,0.9945482022594063,0.10383320801865718,0.009619682694160445,-0.10388152066820508,0.994578737272731,0.004665300487631714,-0.009083118750920667,-0.005639173479589069,0.9999428467048622,162,92,78,154,162,92,78,154,230216_162125
0,0,0,0,-0.0982132979941696,0.19700467490284712,-0.10341510467347659,0.9930087496902376,0.11795093936913081,-0.004604230725049641,-0.11782090044398126,0.9927844468380468,0.02229972051489957,0.007201281635884598,-0.021601342977064987,0.9997407281512481,162,103,78,154,162,103,78,154,230216_162125
0,0,0,0,-0.0962202858464418,0.1939921764043834,-0.11754308414165793,0.991638329422185,0.12734316711585986,0.020907926957937244,-0.1286288020674015,0.9884076707117113,0.0806530083565092,-0.010394945862365602,-0.0826679760678346,0.9965229304102171,162,162,87,128,162,162,87,128,230216_162125
0,0,0,0,-0.09783701880619225,0.1965876059372347,-0.10705018716407932,0.9913792935603539,0.12866621271382878,0.02474069533487641,-0.1294690045595945,0.9909945689644803,0.03416930115251755,-0.020121460138894685,-0.03707789083515252,0.9991097821826667,162,162,83,96,162,162,83,96,230216_162125
0,0,0,0,-0.0991297755880511,0.1984883753678026,-0.09900925387159853,0.9915718667949764,0.12591925622340341,-0.030488914261914312,-0.1258077665153573,0.9920390829776452,0.0055555134137573944,0.03094574066237298,-0.0016729485999142906,0.9995196658284614,151,162,136,85,151,162,136,85,230216_162125
0,0,0,0,-0.09748319376127464,0.1986311627184483,-0.10181194915317471,0.991720078914317,0.12815987290856193,0.008144449290316207,-0.12839122291923313,0.9908188290889064,0.042352589061269874,-0.0026417712779641736,-0.04304758877045558,0.9990695301857447,78,154,162,92,78,154,162,92,230216_162125
0,0,0,0,-0.09756770479607307,0.19513772542308738,-0.1155231036435106,0.9919817533168162,0.12636830370416674,-0.0018035812781944547,-0.12635547090275237,0.9919668132796824,0.006011349656619564,0.0025487368321011096,-0.005735256810456265,0.9999803051909966,78,154,162,103,78,154,162,103,230216_162125
0,0,0,0,-0.09855342227606188,0.19834067792853752,-0.10423131776170869,0.9881247619110782,0.15352095941310856,-0.006385132657435869,-0.15278446881951488,0.9861001148319453,0.06529524956658556,0.016320569405295294,-0.06354430383049837,0.9978455594253974,87,128,162,162,87,128,162,162,230216_162126
0,0,0,0,-0.09625102344189815,0.19795812144060954,-0.10963290668052694,0.985771000819164,0.15803694558034395,-0.05727004256693089,-0.1520551067782347,0.9836026372543248,0.09697987672190668,0.0716573684043891,-0.08689174769776442,0.9936372807696909,83,96,162,162,83,96,162,162,230216_162126
0,0,0,0,-0.0975823664948815,0.19492954720296715,-0.11637440537105992,0.9856255217244463,0.14105992547763585,-0.09297541798592338,-0.1390228600043188,0.9898913573260393,0.02806679688582469,0.09599466298515198,-0.014737642805224967,0.995272739786895,136,85,151,162,136,85,151,162,230216_162126
0,0,0,0,-0.097877791534694,0.1965329103583729,-0.11361399744687417,0.9884029899263806,0.14721417852547636,0.03724936436583374,-0.14960669109765,0.986068406486355,0.07271131760787165,-0.026026284471699496,-0.07744083787337021,0.996657187374911,162,92,78,154,162,92,78,154,230216_162126
0,0,0,0,-0.09796456161167613,0.19665181071640223,-0.1056325362163879,0.9869703288551254,0.16089923331381295,0.001003333759362602,-0.16067619921703274,0.9852333918262594,0.05914661981628993,0.008528127858674002,-0.05853717066575328,0.9982488019956121,162,103,78,154,162,103,78,154,230216_162126
0,0,0,0,-0.09767396100988998,0.19869126581827698,-0.10065978463021086,0.986174198956957,0.16356001740387788,0.026618978538766963,-0.16449339565405893,0.985654724830766,0.03777149990381905,-0.020059214785265206,-0.041627924829735846,0.9989318013641214,162,162,87,128,162,162,87,128,230216_162126
0,0,0,0,-0.09902538202216837,0.19620646974473954,-0.10186934259061686,0.9867743482516029,0.16154860139819555,0.013357957138356705,-0.16183095708468204,0.9865315979146116,0.023793857297616197,-0.009334182432279795,-0.025640899015643294,0.9996276393417654,162,162,83,96,162,162,83,96,230216_162126
0,0,0,0,-0.09875127243782042,0.1918395408174551,-0.11975396056487897,0.9863630668314132,0.16281133426658784,-0.024090866013115407,-0.15918698256034924,0.9809197434230391,0.11160627915224836,0.04180197332973081,-0.10624935951436108,0.9934604514667549,151,162,136,85,151,162,136,85,230216_162126
0,0,0,0,-0.09763133566694435,0.19795778241204948,-0.10307386875519031,0.9866192455693611,0.16286578948807656,0.0075629945505502495,-0.16304123665350573,0.9855964844968397,0.044912413628818315,-0.00013936513781851256,-0.04554453163548921,0.9989622996967714,78,154,162,92,78,154,162,92,230216_162127
0,0,0,0,-0.0955091706085979,0.1983189679802988,-0.10399751510485733,0.9857872884246031,0.1669219185079718,-0.018986708563812436,-0.1665938272406117,0.9858662188970412,0.017728371695579195,0.02167760839655436,-0.014313335015620881,0.9996625479305186,78,154,162,103,78,154,162,103,230216_162127
0,0,0,0,-0.09551666690339128,0.1925442260842376,-0.12240710639202568,0.9815027368560356,0.1913212090068984,-0.006969399418213194,-0.19061714508062275,0.9799829455502986,0.057432834092307025,0.01781801182580988,-0.0550419968269716,0.9983250457841248,87,128,162,162,87,128,162,162,230216_162127
0,0,0,0,-0.09483987776720322,0.1981643629243646,-0.1096420243572036,0.9810645975972229,0.193580774536529,0.006224071917710025,-0.19344540949609004,0.9777822220473043,0.08075146929391397,0.009546145100997867,-0.08042642586907277,0.9967148344113461,83,96,162,162,83,96,162,162,230216_162127
