0,0,0,0,0.09554088524568644,0.23417603991686764,-0.18608574096267816,0.9964983609516228,-0.04484395592645719,0.07056937180954874,0.04470312991856803,0.9989939207970977,0.003574407073425394,-0.07065866398547316,-0.0004072189937682305,0.9975004698627861,180,180,81,97,180,180,81,97,230216_164726
0,0,0,0,0.092467902522062,0.23290323049733785,-0.1919180007541138,0.997517788433174,-0.0467230501106016,0.052680341188651864,0.04603760057940492,0.9988394651081122,0.014151405422476787,-0.053280400639275693,-0.011691002134220368,0.9985111513532615,166,180,147,84,166,180,147,84,230216_164726
0,0,0,0,0.09605142137088896,0.2336757736212002,-0.18694346672217887,0.9974927285441079,-0.0459216490917647,0.05384662149405359,0.045293854748880126,0.9988914102039691,0.012822532617018838,-0.054375759522220964,-0.010351461994326305,0.9984668867874196,75,170,180,92,75,170,180,92,230216_164726
0,0,0,0,0.09514274861818947,0.23414790783799128,-0.1874279135812611,0.9974493164474939,-0.04767592614023874,0.053121249845024,0.04731776675350456,0.9988480074039802,0.007980416941402103,-0.053440528327177855,-0.005446482513346088,0.998556180572903,75,170,180,106,75,170,180,106,230216_164726
0,0,0,0,0.09429614480183565,0.2332268221393848,-0.18721180660482994,0.9948787042624723,-0.0516681792330044,0.08687210749009329,0.048508724292598414,0.998095975529463,0.03809628983765721,-0.08867506680306954,-0.03368713235994207,0.9954907883254545,86,137,180,180,86,137,180,180,230216_164727
0,0,0,0,0.09294859311442671,0.23399533304237055,-0.18745753244526897,0.9954211563355425,-0.050962844639792275,0.08086723678864599,0.04914360851750111,0.9984953239570209,0.02433092225632696,-0.0819855308056802,-0.020245406940469893,0.9964278680548462,81,97,180,180,81,97,180,180,230216_164727
0,0,0,0,0.0973195142899372,0.23358483346001166,-0.18721141101215355,0.9983827720596901,-0.045404598049760186,0.03420910595658993,0.04473667673459765,0.9987977146129239,0.02004382794636992,-0.03507805879967684,-0.01848101079322474,0.9992136818673507,147,84,166,180,147,84,166,180,230216_164727
0,0,0,0,0.09441295555755455,0.23426229013272828,-0.1866397798166184,0.996254502480214,-0.046860967623431705,0.07267059929088804,0.04611252529676793,0.9988648461762265,0.011943788515299252,-0.07314780446914367,-0.008548028236905996,0.9972844779272386,180,92,75,170,180,92,75,170,230216_164727
0,0,0,0,0.09252914407630446,0.2340673042763981,-0.18841851010025756,0.9968724577592042,-0.047935910525638975,0.06282874694916415,0.04733851231502233,0.9988187351670729,0.010963554672152433,-0.0632800775357035,-0.007955046280615583,0.9979641020726892,180,106,75,170,180,106,75,170,230216_164727
0,0,0,0,0.0956835264990834,0.23302203070618302,-0.18876279442115795,0.9977206193839776,-0.04416374181466592,0.051020873816326195,0.04359125197095746,0.998973975455219,0.012280029104235016,-0.051510857182330436,-0.010027974477624636,0.9986220863370775,180,180,86,137,180,180,86,137,230216_164727
0,0,0,0,0.09373016404456619,0.23414348488078315,-0.18695704777693178,0.9960341750064845,-0.04914530225412399,0.07416644447122475,0.0473867349264296,0.9985564549552488,0.025288408811517744,-0.07530218836238936,-0.021673613763213098,0.9969251902195461,180,180,81,97,180,180,81,97,230216_164727
0,0,0,0,0.09454744371738517,0.23405144698695526,-0.1874726293812431,0.9973215744846718,-0.04669508929099345,0.056296054067064144,0.046431802880593426,0.998903583510249,0.0059764982758518164,-0.05651340326571544,-0.003346563384980305,0.9983962318462731,166,180,147,84,166,180,147,84,230216_164727
0,0,0,0,0.0943454830994955,0.23396396744379824,-0.18629056915608977,0.9942636815081372,-0.05106976174842958,0.09397665172181893,0.04796870761062606,0.9982365719557563,0.034967835223036425,-0.09559672967236742,-0.03025931005455659,0.9949601195178481,75,170,180,92,75,170,180,92,230216_164728
0,0,0,0,0.09555776588183792,0.23274600344833266,-0.18933075434349733,0.9979894368311243,-0.045271038090576504,0.044357830015660814,0.04454938032278186,0.998860391103382,0.017125180222578803,-0.0450825541241046,-0.015114635126301894,0.9988689158836839,75,170,180,106,75,170,180,106,230216_164728
0,0,0,0,0.093972756710648,0.23422210220487621,-0.18640924540108117,0.9946793081612607,-0.04731069677914303,0.09151377976079457,0.04626837999632705,0.9988381000067378,0.013479131553844458,-0.09204515700649722,-0.009173218911720009,0.9957125795762786,86,137,180,180,86,137,180,180,230216_164728
0,0,0,0,0.09489865254043955,0.2334684422882695,-0.18836193616650876,0.9972833332664117,-0.04770046735332288,0.056130371487369164,0.04660806649075563,0.9987005447403196,0.020613346971851965,-0.057040698865185646,-0.01794121929143154,0.9982106347476509,81,97,180,180,81,97,180,180,230216_164728
0,0,0,0,0.09273333219640717,0.23354338740406852,-0.18985844604849567,0.9978150646892315,-0.04699031688039852,0.04644358727213234,0.046406260765497455,0.9988303995735125,0.013575413422092876,-0.04702717981113784,-0.011390478800113036,0.9988286646626213,147,84,166,180,147,84,166,180,230216_164728
0,0,0,0,0.0939034405141006,0.2343052000073444,-0.18770558550387328,0.9976114464821325,-0.0489607842222259,0.04872620912991425,0.04773669781302737,0.9985221153996553,0.025976773081065708,-0.04992604059741974,-0.02358869784753102,0.998474318049354,180,92,75,170,180,92,75,170,230216_164728
0,0,0,0,0.09274786011504838,0.2338060813491796,-0.18758644227720755,0.9924222288959212,-0.04857861576601612,0.11286380147552987,0.046752887834690705,0.998730142780739,0.01876884067491406,-0.11363224486195327,-0.01334990604540843,0.993433184938077,180,106,75,170,180,106,75,170,230216_164728
0,0,0,0,0.09294511654642722,0.23410868491775783,-0.1890122517358347,0.9974513226589317,-0.050335622388356614,0.05056860730457981,0.04874961313262794,0.9982943483895521,0.03212272082029365,-0.052099272023389535,-0.029575650326851482,0.9982038603223174,180,180,86,137,180,180,86,137,230216_164729
0,0,0,0,0.09302567251988156,0.23437468581472304,-0.1873118462818334,0.9961870096010055,-0.05095172728084654,0.07081923036368998,0.04910662168144222,0.9984133402951281,0.02755615408146383,-0.07211089799220956,-0.023973389577277314,0.9971084670099504,180,180,81,97,180,180,81,97,230216_164729
0,0,0,0,0.09499476716152597,0.23439515548323597,-0.1862527737621834,0.9959922518088228,-0.04632703982578575,0.07650646847012074,0.04583611904429143,0.9989156345388172,0.008161204866261545,-0.07680159196102038,-0.004621737215766239,0.9970356839237808,166,180,147,84,166,180,147,84,230216_164729
0,0,0,0,0.09311183159500847,0.23409015537583683,-0.18691654189787654,0.9954038379844503,-0.04749150255239533,0.0831610275979186,0.04648952181723786,0.9988214358599292,0.013945021617525448,-0.08372528702268223,-0.01001481163200362,0.9964385479601563,75,170,180,92,75,170,180,92,230216_164729
0,0,0,0,0.09505138524052348,0.23281705391615176,-0.19089577482110276,0.9984310660709335,-0.046600665606288796,0.03104487509251024,0.04571853147474681,0.9985464864486547,0.02854348053128929,-0.03232989613734167,-0.02707937159718352,0.9991103469835804,75,170,180,106,75,170,180,106,230216_164729
0,0,0,0,0.09450569615870433,0.23345251847144732,-0.18872898850849407,0.9977744568439463,-0.04891115358700104,0.0453192268750956,0.047360261998724826,0.9982754551543711,0.03468603782135539,-0.04693760595918513,-0.032462512088887334,0.9983701950958369,86,137,180,180,86,137,180,180,230216_164729
0,0,0,0,0.09438417401095264,0.23380137935914544,-0.18767157729944817,0.9962481574307145,-0.04833798908438136,0.07178473115631419,0.04724590467637696,0.9987414092835015,0.016835138066426215,-0.0725081602801835,-0.013380440713338278,0.9972780607729722,81,97,180,180,81,97,180,180,230216_164729
0,0,0,0,0.09548720459921842,0.23340035864134737,-0.1876076604485153,0.9963337862157933,-0.04595923594780994,0.0721577097474376,0.0453551249136299,0.9989209815748884,0.009989254903654588,-0.07253894877216609,-0.006679910220556415,0.9973432105902532,147,84,166,180,147,84,166,180,230216_164729
0,0,0,0,0.09481713173957947,0.232315499651759,-0.1923106176215783,0.9984823221734486,-0.04419495441460901,0.03286119765633502,0.0438861043963692,0.9989858729613249,0.0100615836035218,-0.03327254345596493,-0.00860416341025112,0.9994092786361255,180,92,75,170,180,92,75,170,230216_164730
0,0,0,0,0.09595855195252243,0.23139590356139134,-0.1920162770035868,0.996133159563776,-0.0486262169459504,0.07317253202543791,0.044564348214594894,0.9974269527506325,0.056155968469935424,-0.07571490794880961,-0.05267793610339533,0.9957370575418943,180,106,75,170,180,106,75,170,230216_164730
0,0,0,0,0.09588548163777329,0.2339526021060637,-0.18786578263493703,0.9986132434323297,-0.0461297207845557,0.02537003945409532,0.045721237065953844,0.9988187464686595,0.016452361044364105,-0.02609901382662312,-0.015269596036378846,0.9995427359118585,180,180,86,137,180,180,86,137,230216_164730
0,0,0,0,0.09458681172243595,0.23417101295859946,-0.1865118228855306,0.9953227524286936,-0.046382409707558574,0.08474249564115706,0.045729558508119265,0.9989074391461201,0.009629927164394163,-0.08509656853495234,-0.005709648698406334,0.9963563488708832,180,180,81,97,180,180,81,97,230216_164730
0,0,0,0,0.09791978795453471,0.23079528488877546,-0.19199415634982853,0.9976486570061441,-0.04652924365895095,0.05032083721842396,0.044091737433720773,0.9978490040935292,0.04851065573282129,-0.052469761424204876,-0.0461778574002568,0.9975542740232276,166,180,147,84,166,180,147,84,230216_164730
0,0,0,0,0.09506334949898963,0.23208471721279372,-0.1917468752824214,0.9978146138992027,-0.04687821830418091,0.046566392793647535,0.04571031172347443,0.9986205572345773,0.025836990355812352,-0.047713349194219226,-0.023651962225766862,0.99858100372055,75,170,180,92,75,170,180,92,230216_164730
0,0,0,0,0.0936170915693661,0.233688156878029,-0.18799956022830544,0.996755014969109,-0.051008303893401934,0.062270322528871914,0.04914911511217227,0.9983092299961795,0.031032979040466122,-0.06374797736102553,-0.027871746237972197,0.9975767444883749,75,170,180,106,75,170,180,106,230216_164730
0,0,0,0,0.09543614524011079,0.23380328712367435,-0.18784048835758704,0.9982237194860585,-0.0453532759015674,0.03863270920366949,0.044969007059249666,0.9989304471504054,0.010758724831288051,-0.03907933289507562,-0.00900233974511768,0.9991955582465273,86,137,180,180,86,137,180,180,230216_164730
0,0,0,0,0.09292481649610682,0.2333935082933315,-0.18973394450966352,0.9980219237554134,-0.04747269092161963,0.04121387290954299,0.04701044189902684,0.9988209392283797,0.012114029527571712,-0.041740364828326625,-0.010152584675689092,0.9990769074342581,81,97,180,180,81,97,180,180,230216_164731
0,0,0,0,0.0916854778022025,0.2341634561301148,-0.1864559816976865,0.9926624587527871,-0.04912895161632003,0.11048795905415225,0.04770161345063395,0.9987409488305415,0.015526532236070924,-0.11111165131108906,-0.010142151751611832,0.9937561761824528,147,84,166,180,147,84,166,180,230216_164731
0,0,0,0,0.09174694685851376,0.23365229387216113,-0.18864241949495286,0.9949179098307881,-0.0459877065755244,0.08957389989197982,0.04596397731448503,0.9989403835204221,0.0023287252960213457,-0.08958607864712273,0.0018002821985172285,0.9959774563194878,180,92,75,170,180,92,75,170,230216_164731
0,0,0,0,0.0943709044570942,0.23270887884553396,-0.18886917055198205,0.9961884652544275,-0.04994084405777486,0.0715154094501709,0.047290119543705746,0.9981469864698559,0.03829148723526994,-0.07329519962160275,-0.03476356563909736,0.9967042230353423,180,106,75,170,180,106,75,170,230216_164731
0,0,0,0,0.09334658453912464,0.2333072754688072,-0.18804164475495255,0.9963953475822068,-0.04682485815652513,0.07073714706683126,0.04644633691763397,0.9988963482806502,0.006987358479119675,-0.07098625996252263,-0.0036766901152256387,0.9974705172817538,180,180,86,137,180,180,86,137,230216_164731
0,0,0,0,0.09308630083673868,0.23407270863074647,-0.18848124271005784,0.9971251216156611,-0.047670402229472914,0.05889842607601752,0.04693874702540586,0.9988032012203037,0.013744790277036662,-0.059483156192629796,-0.010940657354795132,0.9981693524377555,180,180,81,97,180,180,81,97,230216_164731
0,0,0,0,0.09384597969137176,0.23398938350569023,-0.18816969498080638,0.9967629472959557,-0.047282979803250816,0.06502266311684567,0.04677650963446847,0.9988621757102499,0.009290429581188123,-0.06538795794561786,-0.006218822743246628,0.9978405389637114,166,180,147,84,166,180,147,84,230216_164731
0,0,0,0,0.09519424101879537,0.2326774274793446,-0.19018572829879943,0.9980762195054301,-0.04451666495678364,0.04315236492792079,0.0439302727119037,0.9989301830966184,0.014443698903464584,-0.04374918510332226,-0.012520217237797539,0.9989640899267168,75,170,180,92,75,170,180,92,230216_164731
0,0,0,0,0.09444072131837222,0.2311193086483023,-0.193519539149836,0.9976615133651578,-0.045887641945674296,0.050654013331708034,0.04436520898881712,0.998541034027233,0.030782001156544527,-0.05199262429731586,-0.02846274197066276,0.9982417739897432,75,170,180,106,75,170,180,106,230216_164732
0,0,0,0,0.09503855362229435,0.2343301443319367,-0.18653524743301553,0.9966229521856024,-0.04774834396392154,0.06680409288027334,0.046568973453013966,0.9987324132722802,0.01910228758189369,-0.06763151549673893,-0.015926780215471052,0.9975832375213523,86,137,180,180,86,137,180,180,230216_164732
0,0,0,0,0.09381410132154741,0.2341840505841338,-0.18669694579115914,0.9966576667365591,-0.04673689041586918,0.06700118214996646,0.04640284829229265,0.9989014371765813,0.006534101080027004,-0.06723296070827482,-0.0034032162459313522,0.9977315005118276,81,97,180,180,81,97,180,180,230216_164732
0,0,0,0,0.09546733895179052,0.2323451885937193,-0.19128677847651976,0.9983341509860832,-0.04515473722884965,0.035916189673864375,0.04454858100729253,0.9988538903075109,0.01750227835992002,-0.03666533656101025,-0.01587310692161342,0.9992015300085978,147,84,166,180,147,84,166,180,230216_164732
0,0,0,0,0.09525158412333795,0.23353658560310706,-0.1886743535234956,0.9982002644016392,-0.04672270546819682,0.037592830995159976,0.04567371129699413,0.9985555949970154,0.028295508415921638,-0.038860574427784185,-0.026527579872442142,0.9988924583063253,180,92,75,170,180,92,75,170,230216_164732
0,0,0,0,0.09476336950477383,0.2341484514532726,-0.18616492528484696,0.9964913112620482,-0.04837166838761074,0.06830262276547928,0.04726979763839305,0.998726065122894,0.017658229678166545,-0.06906976770244502,-0.014367621290266848,0.9975083652020116,180,106,75,170,180,106,75,170,230216_164732
0,0,0,0,0.09217560368699489,0.23402621301419427,-0.18682830937690786,0.9921885598212083,-0.04771344282476803,0.11526182860654073,0.04705393335053119,0.9988567146657795,0.008437471382433512,-0.11553263225669082,-0.0029480401783568,0.9932993103505846,180,180,86,137,180,180,86,137,230216_164732
0,0,0,0,0.09141130903734056,0.23178024815331522,-0.19430016212951084,0.9973202514450424,-0.0469274945248335,0.05612598609574535,0.04558457238846757,0.9986482798859858,0.02497318243481377,-0.057222048353398225,-0.022347781509215712,0.9981113233722267,180,180,81,97,180,180,81,97,230216_164732
