0,0,0,0,-0.037843663952988424,0.19215473767073638,-0.07999629501995276,0.9907304523243734,-0.11084950244556249,0.07852107134211352,0.10106521856701109,0.9877138882030277,0.1191935260274653,-0.09076889573606282,-0.11015290671802085,0.9897612564191562,180,180,81,97,180,180,81,97,230221_171033
0,0,0,0,-0.036403313159827984,0.19309961934340072,-0.08249094295780207,0.9921224014724976,-0.10390654820859767,0.0699754938233285,0.09493963062666118,0.9880849234514808,0.12113897219456121,-0.08172886291217736,-0.11354124046907314,0.9901660364200675,75,170,180,92,75,170,180,92,230221_171033
0,0,0,0,-0.033787957802735365,0.19495215019802034,-0.08720471654495915,0.9942541389045497,-0.09173335200281893,0.05516973265749792,0.0841721995733945,0.9883876372590388,0.1265105502812748,-0.06613431855057977,-0.12113988048459184,0.9904298971992058,86,137,180,180,86,137,180,180,230221_171033
0,0,0,0,-0.036701307972477545,0.19285459937501684,-0.08173428345967376,0.9916692331710755,-0.10591959325177204,0.0733019218525104,0.09658346074057961,0.9879509979198909,0.12093163697091416,-0.08522773664286387,-0.1128444304096182,0.9899506893943071,147,84,166,180,147,84,166,180,230221_171033
0,0,0,0,-0.033802427475927745,0.19429309666671774,-0.08548915274794622,0.993908442397755,-0.09369279244033797,0.05803161875391634,0.08589509133895669,0.9884621470101527,0.1247582350466342,-0.06905100588941804,-0.11901363187807831,0.9904886238684667,180,106,75,170,180,106,75,170,230221_171034
0,0,0,0,-0.036467368379646294,0.1931888672171977,-0.08273678819620411,0.992094626471851,-0.10390501720264333,0.07037044497369768,0.09489387958614169,0.9880906072627612,0.12112845849013959,-0.08211823027055934,-0.11349316824912896,0.990139332123518,180,180,81,97,180,180,81,97,230221_171034
0,0,0,0,-0.03599397453339671,0.19326179848502056,-0.08283935697739736,0.9923699668196927,-0.10237976483957265,0.06870394970942964,0.09358317465776203,0.9882425194262584,0.12090869372801584,-0.08027476798631598,-0.11355662265774785,0.9902832196272482,75,170,180,92,75,170,180,92,230221_171034
0,0,0,0,-0.0352658053742431,0.19371208068451062,-0.08404195332228759,0.9929756951106662,-0.09982083075078893,0.06352220609922019,0.09148116795325119,0.9881988397335529,0.12285865479960975,-0.07503642335158646,-0.1161845725450799,0.9903891559751241,86,137,180,180,86,137,180,180,230221_171034
0,0,0,0,-0.03555673558655803,0.19352549676171857,-0.08362202927464452,0.9928044912464427,-0.10055281211966544,0.06502594971024625,0.09205554857692591,0.9881797119773169,0.12258316692200838,-0.07658340640826493,-0.11571511919906984,0.9903257004903244,147,84,166,180,147,84,166,180,230221_171035
0,0,0,0,-0.0358935555826298,0.19335230384887403,-0.08313981053266867,0.9925573352330507,-0.10187858382820492,0.06671349512823016,0.09322460337529162,0.9881411531584673,0.12200915850940156,-0.07835247029024987,-0.11488174612101021,0.990284340382904,180,106,75,170,180,106,75,170,230221_171035
0,0,0,0,-0.038309586288453996,0.19197736507709212,-0.07956342108795139,0.9903371777682184,-0.11241145225967247,0.0812153909733396,0.10243140484229678,0.9877093941639046,0.11805913764891607,-0.0934884037307013,-0.10859934659676183,0.9896797968467589,180,180,81,97,180,180,81,97,230221_171035
0,0,0,0,-0.03449021416831069,0.19406233713683033,-0.08486462407676254,0.9935448839285148,-0.09525118987853179,0.06160985672925184,0.08709240509026325,0.9884843641725193,0.12374802932589715,-0.07268752709418984,-0.11758347083316416,0.9903992380811679,75,170,180,92,75,170,180,92,230221_171035
0,0,0,0,-0.03494258567664501,0.19394907425084235,-0.08471815110118569,0.9934000300635346,-0.09769839149747861,0.060094962921805564,0.08972095432766422,0.9882753192899947,0.12353964398844472,-0.07145999317310972,-0.11733250862852954,0.9905183248151622,86,137,180,180,86,137,180,180,230221_171035
0,0,0,0,-0.03628173837125383,0.193174787467159,-0.08284363133908296,0.9922800355462215,-0.1034227462051204,0.06844024126038867,0.09464361424335274,0.9881289655002155,0.12101129625960737,-0.08014310537622292,-0.11359966156140708,0.9902889475066302,147,84,166,180,147,84,166,180,230221_171036
0,0,0,0,-0.03502856352674951,0.19432854880291606,-0.08551058481938234,0.9932436006953012,-0.09758837984181704,0.06279854932785355,0.08922119761560354,0.9881999801646363,0.12450051043529256,-0.07420732830301248,-0.11805637349359958,0.9902302586286024,180,106,75,170,180,106,75,170,230221_171036
0,0,0,0,-0.036013555963429145,0.1932145872554891,-0.08254090497828531,0.9922805857474769,-0.10296852904432079,0.06911382766924223,0.0941312983086011,0.9882033396154856,0.1208033867552486,-0.08073746235411458,-0.11336508104019453,0.9902675499951356,180,180,81,97,180,180,81,97,230221_171036
0,0,0,0,-0.036482646003152035,0.19325104850786087,-0.08273352424305208,0.9920948215595047,-0.1042991658905985,0.06978215408926952,0.09533693204705307,0.9880231494788808,0.12133064527022569,-0.08160106875935304,-0.11371868838655849,0.9901562126699868,75,170,180,92,75,170,180,92,230221_171036
0,0,0,0,-0.03594030877351887,0.19327046503221232,-0.0825629278322706,0.9922759421709264,-0.10227856747876386,0.07019650435236545,0.09327898075871799,0.9882222257525975,0.1213089620646266,-0.08177705263345214,-0.11382410624764099,0.9901295806607897,86,137,180,180,86,137,180,180,230221_171037
0,0,0,0,-0.0356103840034265,0.19382886887194672,-0.08446029855467951,0.9927476438158213,-0.1006321128902128,0.0657669639970223,0.09187753269543716,0.9879228959440287,0.12476726596092125,-0.07752828312256733,-0.11781990292313028,0.990003957462419,147,84,166,180,147,84,166,180,230221_171037
0,0,0,0,-0.03549625854638402,0.19408260490877768,-0.08486836105011597,0.9930038608734988,-0.09945818702093602,0.06365061920227401,0.09099289252398496,0.9880587819646044,0.12433879882297523,-0.07525706478758566,-0.11767715333543002,0.9901961733830457,180,106,75,170,180,106,75,170,230221_171037
0,0,0,0,-0.035014123880177266,0.1938656076682688,-0.0839538417968902,0.9931038083017509,-0.09828069527455702,0.06391972209661789,0.08998778367133402,0.9884757419915023,0.12172882273426422,-0.07514668806062191,-0.11513736331312428,0.990503085731095,180,180,81,97,180,180,81,97,230221_171037
0,0,0,0,-0.03643925954699368,0.19328478781796196,-0.08287379453670402,0.9920387686497526,-0.10429921051286584,0.07057447259651771,0.0952403930891577,0.9880236258388888,0.12140256302236642,-0.08239143778395001,-0.11371450861947963,0.9900912389822079,75,170,180,92,75,170,180,92,230221_171037
0,0,0,0,-0.03603480304177325,0.1932725331036214,-0.08313837456408818,0.9925421146562912,-0.102735832135723,0.06561630459724102,0.09419553846772491,0.9880345332602719,0.12212682595536026,-0.07737797597761738,-0.11503525494619499,0.9903431420235468,86,137,180,180,86,137,180,180,230221_171038
0,0,0,0,-0.035807186019132305,0.19362132326091408,-0.08396876283524601,0.9925894606589362,-0.10142846716749176,0.06692106272957143,0.09265102369674488,0.9880363323122128,0.1232882550731233,-0.07862538010558286,-0.11617431763984407,0.9901119015162727,147,84,166,180,147,84,166,180,230221_171038
0,0,0,0,-0.036006862868641284,0.19369340315709865,-0.08427698714545556,0.9925862666657183,-0.10164488514969165,0.06663948191212794,0.09280970445137882,0.9878795873459926,0.12441977200090638,-0.07847841732768661,-0.11731256636872216,0.9899893432687674,180,106,75,170,180,106,75,170,230221_171038
0,0,0,0,-0.03657632118052827,0.1930836784207796,-0.08247543791394568,0.9918936305007297,-0.10537768693973948,0.07101104750187233,0.09629556885030609,0.9879666837185662,0.12103303384586662,-0.08291073025778317,-0.11321384613804526,0.9901052650353659,180,180,81,97,180,180,81,97,230221_171038
0,0,0,0,-0.03641382140832103,0.19327208241915717,-0.08342896157799295,0.9920865808376758,-0.10377710634636599,0.07067197690870802,0.09456864777734869,0.9878794145644967,0.1230895330126441,-0.08258926673226787,-0.11543212065141183,0.9898759712926383,75,170,180,92,75,170,180,92,230221_171039
0,0,0,0,-0.036552077140002213,0.19329904128807768,-0.08318694283468747,0.9918930367985626,-0.10454090310957075,0.07224543672482435,0.09518309988281584,0.9878736206387106,0.12266167756419871,-0.08419252370147327,-0.11479071923810258,0.9898154927710396,86,137,180,180,86,137,180,180,230221_171039
0,0,0,0,-0.03565918759286932,0.19341207017905127,-0.0832660942618853,0.9926767899375704,-0.10143428404431211,0.06560393844624655,0.09288766268653055,0.9881366550559249,0.12230222015778021,-0.07723129443350328,-0.1153127788031602,0.9903223163217212,147,84,166,180,147,84,166,180,230221_171039
0,0,0,0,-0.03656676590821413,0.1931017878943432,-0.08274442402953769,0.9919349576505603,-0.10461821988900784,0.07155464945087628,0.09535567412072031,0.9878801696222195,0.12247475609348255,-0.08350051020063076,-0.11466385016399105,0.9898888151008699,180,106,75,170,180,106,75,170,230221_171039
0,0,0,0,-0.035967815356007814,0.19346690221204071,-0.0831749673684668,0.9923977474984427,-0.10217596906641688,0.06860599175987402,0.09329456308167527,0.9881227927550382,0.12210434446563738,-0.08026727390049196,-0.11477551038145008,0.9901432961734685,180,180,81,97,180,180,81,97,230221_171039
0,0,0,0,-0.03620863119261416,0.19326577282243465,-0.08318596247780896,0.9922123525799644,-0.10315950329475844,0.06980518797131575,0.0940927530657786,0.9879827076762511,0.12262431713654622,-0.08161618226941535,-0.11510119987506919,0.9899952083616794,75,170,180,92,75,170,180,92,230221_171040
0,0,0,0,-0.03553714188714081,0.19356352495732448,-0.08375582518567648,0.9927027955242406,-0.10095995779815971,0.06594123656522645,0.09228810973982503,0.9880526674896843,0.12342945785819975,-0.07761484754225391,-0.11644317578936497,0.9901600488067975,86,137,180,180,86,137,180,180,230221_171040
0,0,0,0,-0.03457821692566476,0.1938981539654407,-0.08442003039420592,0.9933862067479615,-0.0972965929603511,0.06096898589614538,0.08918170720149754,0.9882614512900653,0.12404002174572269,-0.07232196999199478,-0.11778232843835588,0.9904023706373668,147,84,166,180,147,84,166,180,230221_171040
0,0,0,0,-0.035561690216405234,0.19357453862196755,-0.08375641251555105,0.9927367883005771,-0.10078942810196356,0.06568988002375685,0.09218741244620186,0.9881252965685783,0.12292224887192907,-0.07729909534483821,-0.11597365849251169,0.9902398499326979,180,106,75,170,180,106,75,170,230221_171040
0,0,0,0,-0.035650509550950754,0.1935693899407609,-0.08375137350929857,0.9927092033603684,-0.1005797871609309,0.06642397141306602,0.09189483931250084,0.9881551701549004,0.12290117250811602,-0.07799856454673755,-0.11590110487308519,0.99019349514014,180,180,81,97,180,180,81,97,230221_171041
0,0,0,0,-0.03542254020489081,0.19362092078216153,-0.0837731704396047,0.9928391752392853,-0.09972400155622824,0.06576850023976896,0.09113340410896123,0.9882479758626147,0.12272180270415392,-0.07723389648132362,-0.11584930607067928,0.9902594930205185,75,170,180,92,75,170,180,92,230221_171041
0,0,0,0,-0.0359157358056834,0.19345376982555676,-0.08359686526080418,0.992501242194005,-0.10190002147212589,0.06751051671655421,0.09309675122091,0.9880646653846734,0.12272412937310313,-0.07921034752775566,-0.1155188410704264,0.9901419687106883,86,137,180,180,86,137,180,180,230221_171041
0,0,0,0,-0.03438231666540026,0.1940599575965259,-0.08464400743810446,0.9936163138034592,-0.09564119751423192,0.05982793897227334,0.08779066030329688,0.988595957027972,0.12235535832753058,-0.07084787157803377,-0.11632194584854147,0.990681474545109,147,84,166,180,147,84,166,180,230221_171041
0,0,0,0,-0.03503566375792489,0.19390210069909422,-0.08468631499925539,0.993329587660283,-0.09788810348582831,0.06094464270630601,0.08974704354232911,0.9881655490627291,0.12439580306813203,-0.07240026556624475,-0.11809643026570296,0.9903592452763972,180,106,75,170,180,106,75,170,230221_171041
0,0,0,0,-0.03720892195564921,0.19279051718581525,-0.0813044813253817,0.9911767520294281,-0.10704777217630435,0.07816278339775552,0.09738630733942946,0.9881777207037289,0.11840903448459905,-0.08991414448897686,-0.109752297364906,0.989883770876127,180,180,81,97,180,180,81,97,230221_171042
0,0,0,0,-0.035968606440654416,0.19343161559574565,-0.08341909865016789,0.9924618251592024,-0.10206368072198317,0.06784195368018323,0.09331141434093405,0.9881833383970933,0.12160045093695217,-0.0794512778711424,-0.11435337682751967,0.9902579460185036,75,170,180,92,75,170,180,92,230221_171042
0,0,0,0,-0.03631817461443165,0.19337056319686674,-0.08307281281798745,0.9921114800337121,-0.10268781177673986,0.07190288240274452,0.09353410231175323,0.9882601983961012,0.12080211906599281,-0.08346366209346794,-0.11312379757860239,0.9900691003820605,86,137,180,180,86,137,180,180,230221_171042
0,0,0,0,-0.03529930133173079,0.193643389849639,-0.08384806213015028,0.9927146819404379,-0.10007246897064795,0.0671048523879837,0.09133610895464664,0.9882470262951248,0.12257866951418141,-0.0785829209238194,-0.11555654881035851,0.9901875623164128,147,84,166,180,147,84,166,180,230221_171042
0,0,0,0,-0.03789692802217132,0.19227275263563767,-0.08022542637985114,0.9907786679232423,-0.11093960974044535,0.07778196564039913,0.10129408950504044,0.9877659018040245,0.11856656638626124,-0.08998410203803514,-0.10959437131495595,0.9898949111680937,180,106,75,170,180,106,75,170,230221_171043
