0,0,0,0,-0.8826839412604086,-0.6401028955889239,-0.6860648007807086,-0.8957195661412636,-0.44447098429370185,0.011489253791863004,0.44286518242334766,-0.8941807395256027,-0.06565999740009637,0.03945743312534816,-0.05372475390760931,0.9977759076008628,180,180,81,97,180,180,81,97,230223_164045
0,0,0,0,0.6696155821040876,-0.5214856181291083,-0.2815769797850227,-0.06118032714586104,0.9955196537176786,0.07209428987207214,-0.9871408726066064,-0.07103590956426407,0.14320194545411993,0.14768163460563577,-0.06240607834346421,0.9870641398541419,75,170,180,92,75,170,180,92,230223_164046
0,0,0,0,-0.46702170026151757,-1.001023102838496,0.6663267422029249,-0.892245249840735,0.44936162980849736,0.04441328396432194,-0.45105114328829055,-0.891563012556291,-0.04084434819992822,0.021243358373163344,-0.05647583817352184,0.9981779397620584,86,137,180,180,86,137,180,180,230223_164046
0,0,0,0,0.6688505224971437,-0.5213341064671269,-0.2833357973045576,-0.04324083094900979,0.9391640982321614,0.34073600797480924,-0.9788653971457478,-0.1080609567557826,0.17362420308160698,0.19988187714131903,-0.32602703295401,0.923987883564318,147,84,166,180,147,84,166,180,230223_164046
0,0,0,0,-0.41653134512555257,-1.1399402312089415,0.44050995003305715,-0.8963261930057034,0.41786029974459876,0.1482974228678871,-0.4433944323876821,-0.8453513781502284,-0.2979637977793858,0.0008561889443624028,-0.33282700815418076,0.942987512952122,180,106,75,170,180,106,75,170,230223_164046
0,0,0,0,-0.1509700853456234,-0.21119191899203096,-0.4017703465952116,-0.38465203751786436,0.9221294711412928,-0.04147346725359504,-0.9222655779744037,-0.38206657303651537,0.05874808466384794,0.03832771473611482,0.0608471217134605,0.9974109554553202,180,180,81,97,180,180,81,97,230223_164047
0,0,0,0,-0.23749991805818277,0.08314035334084202,0.4094539658873688,-0.38910437078204574,-0.9206755883510035,0.030890931563197953,0.9203356613758745,-0.3870763299570759,0.05616213303278973,-0.039749956454573125,0.0502829573662338,0.9979436683302145,75,170,180,92,75,170,180,92,230223_164047
0,0,0,0,-0.24119032869420226,0.0860897016095451,0.4109502313174318,-0.3865299211392787,-0.9219685682343737,0.023844899914269684,0.9213518085039266,-0.3848554501493478,0.054746026859364416,-0.041297276309776386,0.04313051910424652,0.9982155545227656,86,137,180,180,86,137,180,180,230223_164047
0,0,0,0,0.6702984209154482,-0.5210161700589702,-0.27928808328664867,-0.06069804846157219,0.9954978520901556,0.0727995425592977,-0.993533239700044,-0.0672673672457455,0.09147022966496643,0.09595545072632587,-0.06677670093462501,0.993143204018532,147,84,166,180,147,84,166,180,230223_164047
0,0,0,0,-0.44459333145376095,-1.1286796101245806,0.43842297299968,-0.8991743959755286,0.4239849821867051,0.10826883439929673,-0.4366953705139111,-0.8536183106033494,-0.28395938648757774,-0.027974255910761903,-0.3026095085796595,0.9527040077187752,180,106,75,170,180,106,75,170,230223_164048
0,0,0,0,-0.2376621581734179,0.08501581413417725,0.4086538036835681,-0.38403058628572245,-0.9226553280404906,0.03503789998758824,0.9224638203751923,-0.381763793990786,0.0575925836941355,-0.039761902568280535,0.05443850876224296,0.9977251324226998,180,180,81,97,180,180,81,97,230223_164048
0,0,0,0,-0.44171892536023843,-0.7178574096519669,0.3037684399583216,-0.061317703832157455,-0.9897482042053546,0.1289908193207037,0.9963014421180123,-0.0684868760763919,-0.051893971122529074,0.060196142985417,0.12533172015723526,0.9902870211671503,75,170,180,92,75,170,180,92,230223_164048
0,0,0,0,-0.8809843632992365,-0.6377093927593224,-0.7025070474007122,-0.8936033484330633,-0.44858740007077647,0.015569205726594985,0.4483496359137337,-0.8937047198335967,-0.016567369229179323,0.021346185730448327,-0.007824208898936678,0.9997415276509559,86,137,180,180,86,137,180,180,230223_164048
0,0,0,0,0.6702088513239458,-0.5214780917004836,-0.278756300366382,-0.06512137578077899,0.9940507205831804,0.08730619293313684,-0.9937870946365734,-0.07251934319730238,0.08442840396471923,0.09025750356738504,-0.08126567399764435,0.9925973369294784,147,84,166,180,147,84,166,180,230223_164049
0,0,0,0,-0.8808444161361823,-0.6370443535974316,-0.6998004626626804,-0.8961826372423684,-0.44264831100542795,0.030317543920219417,0.4417781287494726,-0.89657359138928,-0.031430561273112646,0.04109459409614929,-0.014773895470391476,0.9990460281431994,180,106,75,170,180,106,75,170,230223_164049
0,0,0,0,0.6689364964063803,-0.5234511676337616,-0.277910567760153,-0.05206336895471272,0.9982635729620175,0.027554391849438243,-0.9916096826949918,-0.0549460695745604,0.11700925870991966,0.11832008620104538,-0.02123130555134295,0.9927485023237068,180,180,81,97,180,180,81,97,230223_164049
0,0,0,0,0.6700029041757909,-0.5240860662947899,-0.27757901591739764,-0.05870404265864182,0.9966997231069089,0.05606690052200129,-0.9903170703439045,-0.06522179891917829,0.1225488356991257,0.12580117472026017,-0.048329896589563145,0.9908775330658399,75,170,180,92,75,170,180,92,230223_164049
0,0,0,0,-0.8821327738842963,-0.6356049312722424,-0.69984191668847,-0.8927287036169121,-0.4447996485074882,0.07203287045565876,0.44075224830500154,-0.8952286631896613,-0.06559798943366732,0.09366385296662658,-0.026812558461799262,0.9952427690549571,86,137,180,180,86,137,180,180,230223_164050
0,0,0,0,0.6707226345744152,-0.5213727383164263,-0.27246371359022103,-0.05527483733116155,0.9973296288566053,0.0477315803505465,-0.989967140164697,-0.06096731892459102,0.12746782895019956,0.13003750902006617,-0.04020693258499341,0.9906935191167661,147,84,166,180,147,84,166,180,230223_164050
0,0,0,0,-0.4992681599886256,-0.9628625937883017,0.7025485421549862,-0.8979370017580991,0.43955926403285356,0.022288882353581386,-0.43979735946587684,-0.8980699927375101,-0.006969271934036973,0.016953568371237945,-0.016060558749436692,0.9997272802980509,180,106,75,170,180,106,75,170,230223_164050
0,0,0,0,-0.8844133211353115,-0.6327426337432522,-0.694915184555819,-0.8988133863189196,-0.4381060381228808,-0.014056882093489202,0.41674364645157513,-0.844167163008558,-0.33720399469805856,0.13586474787876865,-0.30894158065620947,0.9413266542627386,180,180,81,97,180,180,81,97,230223_164050
0,0,0,0,-0.457481235266187,-0.7121203507961242,0.2892708922924976,-0.060633632481405485,-0.9940324804727343,0.09068070565083157,0.9968721154967667,-0.06491861533319557,-0.04507281584527847,0.050690708784861996,0.08766413832601937,0.9948595131446676,75,170,180,92,75,170,180,92,230223_164051
0,0,0,0,-0.2389433920865025,0.08551651023072637,0.41155009530888864,-0.3859759344457542,-0.9219843687061443,0.03110308489940239,0.9215602519139654,-0.38383123294550875,0.05831197739572196,-0.04182439624185521,0.051170386719888175,0.9978137658911815,86,137,180,180,86,137,180,180,230223_164051
0,0,0,0,0.6666279212841013,-0.5258708225939107,-0.28519920356679407,-0.06209219310959572,0.9974281513632662,0.035800033839361825,-0.9947501236422552,-0.06476917409462676,0.07922843934357232,0.0813434144141911,-0.030692620532609096,0.9962134369583069,147,84,166,180,147,84,166,180,230223_164051
0,0,0,0,-0.4300602890986976,-1.1376065978424919,0.43106644674144,-0.8991863427001133,0.41377097518014455,0.14232884879765537,-0.4375183214098251,-0.8453990466543169,-0.30639544765988225,-0.006452870084041768,-0.3377780810153968,0.941203659392182,180,106,75,170,180,106,75,170,230223_164051
0,0,0,0,-0.8812815088977808,-0.6411177213427545,-0.6844667526564905,-0.9009695219813338,-0.43126055888235715,0.047626156817477186,0.43079391485874063,-0.9022244301903869,-0.020191099234847423,0.051677106937275834,0.0023254935191790995,0.9986611380736138,180,180,81,97,180,180,81,97,230223_164052
0,0,0,0,0.6651405752598212,-0.5288474435010868,-0.28578125161664647,-0.058151281621083226,0.9977977788648489,0.03190644038745587,-0.9922792577912737,-0.06127767170297178,0.10782820367538395,0.10954589450555767,-0.02538975074780349,0.993657414582079,75,170,180,92,75,170,180,92,230223_164052
0,0,0,0,-0.23517252723427096,0.08268936437363139,0.4051006834862618,-0.3864830837734909,-0.9214461561234408,0.03959554674794803,0.9215630006609964,-0.38410781235483915,0.05641652506739154,-0.036775831324841565,0.058293823457681644,0.9976218564050467,86,137,180,180,86,137,180,180,230223_164052
0,0,0,0,-0.8818771749725086,-0.640334712660161,-0.6910133265633385,-0.8989846489145498,-0.43603125283054117,0.041271631552585314,0.4340808558687135,-0.8995625884733822,-0.04858971071485556,0.05831304814763539,-0.025766178880409513,0.997965777189596,147,84,166,180,147,84,166,180,230223_164052
0,0,0,0,0.6665784957159578,-0.5273220616095622,-0.2701311470747252,-0.047723765177043236,0.9973584014165724,0.05476003434169917,-0.9911354042167714,-0.054088547036389434,0.12134677411266041,0.1239881153392663,-0.04848348381944003,0.9910985314545405,180,106,75,170,180,106,75,170,230223_164053
0,0,0,0,-0.8868879190460282,-0.6355395544218471,-0.677296256861456,-0.8993863285926734,-0.4313742188517805,0.07085559434941342,0.43108852344369475,-0.9020865084975621,-0.02006529695303107,0.07257352751332473,0.012498579787105694,0.9972847480070965,180,180,81,97,180,180,81,97,230223_164053
0,0,0,0,-0.15310339436001885,-0.20981738830997793,-0.4024214245172204,-0.38621742913113183,0.9216424476891875,-0.03756722045644964,-0.9217377280820932,-0.38406459157875145,0.053795447070427084,0.03515192833116729,0.055403863700387246,0.9978450550168946,75,170,180,92,75,170,180,92,230223_164053
0,0,0,0,-0.15152987330135426,-0.20925270590234266,-0.4058756635207066,-0.3865203715475109,0.9211685888391203,-0.04528171060063343,-0.9217583226481857,-0.3841829825670915,0.05258355764550132,0.031041858958155734,0.06206340984830951,0.9975893624886056,86,137,180,180,86,137,180,180,230223_164053
0,0,0,0,-0.8837644696937956,-0.6393502488024086,-0.6830051790454263,-0.8977992621936519,-0.4396135304406392,0.02638993478681369,0.43976542949039954,-0.8981126678767025,-5.314617085896549e-05,0.023724498512278164,0.011557666412761167,0.9996517236104944,147,84,166,180,147,84,166,180,230223_164054
0,0,0,0,-0.4873181004721718,-0.9422352675622948,0.7301505490902327,-0.8997012318732169,0.43256443972739644,0.05852946992019928,-0.43208671320812775,-0.9015818525315575,0.021242303424130256,0.06195777299752155,-0.006178079725118258,0.9980596503697049,180,106,75,170,180,106,75,170,230223_164054
0,0,0,0,0.6631286443614156,-0.5287592080903697,-0.2883887088348174,-0.04858829227400647,0.9979901648630319,0.040679339849054086,-0.9953725837418949,-0.05176081277363053,0.08095824723891731,0.08290113020267095,-0.03655747663163178,0.9958870184481005,180,180,81,97,180,180,81,97,230223_164054
0,0,0,0,-0.15328088582872879,-0.21135468926025158,-0.39993137109603993,-0.38483615733379506,0.9223672369495762,-0.033761104996185794,-0.9219122029711193,-0.3823686606563037,0.0622261790634943,0.04448620034905639,0.0550716583181327,0.9974908974164097,75,170,180,92,75,170,180,92,230223_164054
0,0,0,0,-0.4605176765565308,-0.7153603442162392,0.2760716224367621,-0.05691729706057838,-0.9932096809199304,0.10146403807383066,0.9954137898565618,-0.06428118804704241,-0.07084712998179868,0.07688828427475129,0.09696627553015877,0.9923133240822146,86,137,180,180,86,137,180,180,230223_164055
0,0,0,0,-0.15276430984384626,-0.21225820394915113,-0.40099325568036503,-0.3827839625139553,0.9229765640672609,-0.03988358339854128,-0.9227800105818948,-0.37992375026221625,0.06430393500532694,0.04419830440855147,0.06141828855712874,0.9971330421353624,147,84,166,180,147,84,166,180,230223_164055
0,0,0,0,-0.4616233411557192,-0.7123863640665542,0.28226016810768995,-0.04397544659977479,-0.9914838308914417,0.1225804763295629,0.9950429790032727,-0.054423544393186654,-0.08323189143577041,0.08919433856833811,0.11831268273737636,0.9889623243940293,180,106,75,170,180,106,75,170,230223_164055
0,0,0,0,-0.47126752421246465,-0.7044019062997133,0.2882896459766129,-0.04580230551162925,-0.9943911763374068,0.09533277102931631,0.9968002989599934,-0.05175331741376152,-0.06091599239886547,0.065508112498282,0.09223764176831015,0.9935798431117315,180,180,81,97,180,180,81,97,230223_164055
0,0,0,0,0.6632587758434987,-0.5319701017446882,-0.27460475449012756,-0.0529129305922246,0.9958877851825353,0.07353734493688469,-0.9934554174056461,-0.059962190716446415,0.09721558163102216,0.10122527057763724,-0.06791211238585075,0.9925428905532373,75,170,180,92,75,170,180,92,230223_164056
0,0,0,0,0.664793630027953,-0.5293389581291756,-0.27787362676676786,-0.053031788295598195,0.9979119763820815,0.03686891405204867,-0.9929174742092058,-0.05662514893089629,0.1044436782125372,0.10631330509480494,-0.031068953985615613,0.9938471719827242,86,137,180,180,86,137,180,180,230223_164056
0,0,0,0,0.6616306123573275,-0.5317608027776084,-0.2903734297751521,-0.04909072167050137,0.9980069393238888,0.03965160913800635,-0.9970267408750676,-0.051326014526558966,0.05747450054467589,0.0593951094443799,-0.03671224991992877,0.9975592371783777,147,84,166,180,147,84,166,180,230223_164056
0,0,0,0,-0.46754797933074044,-0.691340975509762,0.32606131531578764,-0.03927845301746297,-0.9922638870299211,0.11776918792632718,0.9986889344308489,-0.0428556250597811,-0.027996564898416718,0.03282705247095401,0.11651512303991723,0.9926462666675689,180,106,75,170,180,106,75,170,230223_164056
0,0,0,0,-0.47149677037363125,-0.692938926372386,0.3147747891334025,-0.04147040904661722,-0.9937645316441015,0.10350005226899746,0.9985400853007578,-0.04481093473899398,-0.030160871595033875,0.034610738522325254,0.10209816733906915,0.9941720479901569,180,180,81,97,180,180,81,97,230223_164057
0,0,0,0,0.6616252815441562,-0.5335264301682023,-0.2773959327128692,-0.049917611294586106,0.9972549995300176,0.05468727452550646,-0.9926716165768488,-0.0555726572814885,0.10730676309245966,0.11005132314220313,-0.04893000792008671,0.9927207868275907,75,170,180,92,75,170,180,92,230223_164057
0,0,0,0,-0.4511271628223633,-0.7003230743181169,0.32915655203074956,-0.03825869577431058,-0.9849834558532222,0.16835635982371797,0.9975826150745712,-0.04742891609208528,-0.050788030275946194,0.05801032924082761,0.16600629389807608,0.9844169401669174,86,137,180,180,86,137,180,180,230223_164057
0,0,0,0,0.6621144687154675,-0.5306337219420718,-0.2829020232699606,-0.04947261508621461,0.9982694871966697,0.031788225628839435,-0.9937402023671046,-0.05239011910691404,0.098669577983028,0.10016421794192149,-0.02670779571702053,0.9946123984206214,147,84,166,180,147,84,166,180,230223_164057
0,0,0,0,-0.47265059269974496,-0.69220047527216,0.3108931253522109,-0.037316014827265785,-0.9928637103567062,0.11326591585347011,0.998484643166119,-0.04163277452713855,-0.03598790694941798,0.04044666115810842,0.11175135230450908,0.9929127367796602,180,106,75,170,180,106,75,170,230223_164058
0,0,0,0,-0.4777247962599953,-0.6826191427148405,0.32980606420962943,-0.03711122986327983,-0.9947153197709244,0.09572977191585214,0.9992076889559127,-0.03831511264032379,-0.010767844479832759,0.014378836858988837,0.0952543162086922,0.9953491167897809,180,180,81,97,180,180,81,97,230223_164058
0,0,0,0,0.6603758076100246,-0.5354833908639346,-0.28453863570058613,-0.04551421110035252,0.9978084917843599,0.04802780768403102,-0.9944632782377197,-0.049815246828806226,0.09252691186931498,0.09471665547621198,-0.04355060167674854,0.9945512054534918,75,170,180,92,75,170,180,92,230223_164058
0,0,0,0,0.6589185346460986,-0.5348645614556471,-0.2840019093614783,-0.04842720556680009,0.9986286082772801,0.019892422958823437,-0.9962006935553704,-0.04973352018864213,0.07148954559545066,0.07238082564318374,-0.016354806627648655,0.9972429675757974,86,137,180,180,86,137,180,180,230223_164058
0,0,0,0,-0.47709855867806306,-0.699273258103388,0.28776495302913174,-0.04162915548411734,-0.9951811113407513,0.08877820140251547,0.997613983921653,-0.04629947392017954,-0.051212281717205946,0.055075879454140865,0.08643445114826034,0.9947340012068814,147,84,166,180,147,84,166,180,230223_164058
0,0,0,0,0.658867619843791,-0.5340266564493239,-0.27978701151676355,-0.03536107285047255,0.9977764296441219,0.05649593767247894,-0.9949919987454443,-0.040438161151105594,0.09140939533364853,0.09349073194391837,-0.052980671658127046,0.9942095007951011,180,106,75,170,180,106,75,170,230223_164059
0,0,0,0,0.6593559990011779,-0.5340676893705146,-0.2842850925733076,-0.033914494749527,0.9987212559892338,0.03749213092332429,-0.9964449341434563,-0.03668425262192616,0.07584035093150795,0.07711874133910543,-0.034786756745320765,0.9964148640447984,180,180,81,97,180,180,81,97,230223_164059
0,0,0,0,0.6596039556061017,-0.535629506141166,-0.2813493076031024,-0.03658974682363673,0.9985708288066152,0.03895497765178232,-0.9899040561785731,-0.04155850622901059,0.13550959420359193,0.13693483847652152,-0.033603428641761815,0.9900099290385561,75,170,180,92,75,170,180,92,230223_164059
