0,0,0,0,0.6692179331251032,-0.5212027087562413,-0.27756348371077855,-0.05989361808174181,0.9938379484669647,0.09326782242581502,-0.9924940130406291,-0.06927071306597829,0.10078294691979124,0.10662264577276756,-0.08653150003499156,0.9905270874186678,180,180,81,97,180,180,81,97,230223_164010
0,0,0,0,0.6689361382088437,-0.522663902784443,-0.28291368120296445,-0.06138491031149402,0.9941813472473123,0.0885174647827681,-0.993392494455667,-0.06946982921564855,0.09135258500937418,0.09697032920020535,-0.08232491490592218,0.9918766877190615,75,170,180,92,75,170,180,92,230223_164011
0,0,0,0,0.6683440932188085,-0.5210905234126496,-0.2875990132749058,-0.062080291537175376,0.9958199892674612,0.06699691319764753,-0.995308560264223,-0.06675979953636987,0.0700285586787517,0.07420853904652085,-0.062335207878192606,0.9952926276183117,86,137,180,180,86,137,180,180,230223_164011
0,0,0,0,0.669107479875169,-0.5213481767457496,-0.2841654082898748,-0.05860960731599581,0.9960737192305136,0.06634802023088042,-0.992374012761556,-0.06535340896896742,0.10451196453833343,0.10843769052221533,-0.05971664587388873,0.9923080113955449,147,84,166,180,147,84,166,180,230223_164011
0,0,0,0,0.6673367773716125,-0.5231522888268125,-0.2895268675253322,-0.06361141617072873,0.9962266001341522,0.05904361877377553,-0.9946001165989795,-0.06814658317150109,0.07827292803609996,0.0820011938574625,-0.053745738316617046,0.9951819933151688,180,106,75,170,180,106,75,170,230223_164011
0,0,0,0,0.6694307779519443,-0.5214920232022631,-0.2815573942655698,-0.061597077281422795,0.9940597854016562,0.08972704785959734,-0.9940833979202156,-0.06915873524692098,0.08375719263708437,0.08946506608607499,-0.08403697035387678,0.9924383051676089,180,180,81,97,180,180,81,97,230223_164012
0,0,0,0,0.668644144188054,-0.5208235112092635,-0.28636691350629206,-0.05976050997065065,0.9958767063723161,0.0682514992734538,-0.9934529441088107,-0.06600548666427737,0.09324442917272566,0.09736492843721167,-0.062232318253768786,0.9933011674588821,75,170,180,92,75,170,180,92,230223_164012
0,0,0,0,0.670722532778678,-0.5200779227285208,-0.2761121180253008,-0.05819816972432401,0.9939899419839068,0.09271983755145409,-0.9923936812894185,-0.06769585098801724,0.10282048966934189,0.10847928086770244,-0.08603061660733,0.9903691123154985,86,137,180,180,86,137,180,180,230223_164012
0,0,0,0,0.6699674967958463,-0.5205244793785796,-0.28112534413847645,-0.060408702939005174,0.994675634844218,0.08349353302190098,-0.9938134905023733,-0.06774382864981536,0.08800863466361764,0.09319621615021009,-0.07766051201940861,0.9926143814030535,147,84,166,180,147,84,166,180,230223_164012
0,0,0,0,0.6695993072237432,-0.5210698891518062,-0.28371966018742634,-0.059740503447704436,0.9960562150864015,0.06559793164091929,-0.9936901617443142,-0.06559046663099799,0.09098215835913888,0.09492594324195172,-0.05974869935722378,0.9936896689735412,180,106,75,170,180,106,75,170,230223_164013
0,0,0,0,0.6690172279283201,-0.520969302704569,-0.28229077674984215,-0.058640830547036345,0.9939964728731914,0.09237025986977654,-0.9928528976416408,-0.06770635172206779,0.09828007723381656,0.10394410342752038,-0.08594685481240111,0.9908626350360098,180,180,81,97,180,180,81,97,230223_164013
0,0,0,0,0.6690753773443064,-0.5215066617089884,-0.287463841789263,-0.06080351025714002,0.9939324060307313,0.09165863506713229,-0.9940921347972604,-0.06857205908936972,0.08413501201325259,0.08990973626163104,-0.08600142414055613,0.9922298092534613,75,170,180,92,75,170,180,92,230223_164013
0,0,0,0,0.6698423101213593,-0.5206327324127236,-0.2799770391401526,-0.058710098582398715,0.9938403448686669,0.09399198495497423,-0.9929275093025457,-0.06786872240597665,0.09741046036860586,0.10318956146184667,-0.08760824978454715,0.9907959976579437,86,137,180,180,86,137,180,180,230223_164013
0,0,0,0,0.6717951482170914,-0.5198817222663173,-0.2705273910825503,-0.057395637240208505,0.9947131980159598,0.08515512033137497,-0.9916135934805891,-0.06669354688582314,0.11069982849264452,0.11579387743012524,-0.0780872876763497,0.9901990473904972,147,84,166,180,147,84,166,180,230223_164014
0,0,0,0,-0.4804536764881713,-1.0090131480105058,0.6432916438608336,-0.8952232388214026,0.44395225066204674,0.03849352940717217,-0.4455868033325491,-0.8928358407844317,-0.06554816631025903,0.005268146732803139,-0.07583245046060333,0.997106657327661,180,106,75,170,180,106,75,170,230223_164014
0,0,0,0,0.671503316459676,-0.5196811647553056,-0.27207115409114824,-0.05842702015988131,0.9933848950984253,0.09885713684670216,-0.9919371130674467,-0.06892522002004445,0.10634884938074612,0.11245909049364128,-0.09184641656308218,0.9894024402283753,180,180,81,97,180,180,81,97,230223_164014
0,0,0,0,0.6704040034986525,-0.5204983943718622,-0.28309423394652944,-0.059919510850112066,0.996956530615199,0.04987312185125117,-0.994374995524367,-0.06398670608517304,0.08440420439933816,0.0873385395767463,-0.04453512667632283,0.9951826977980097,75,170,180,92,75,170,180,92,230223_164014
0,0,0,0,-0.8805285916586203,-0.6406049592394683,-0.69126230015946,-0.8947987511341492,-0.44639355398899977,0.008245600392761508,0.4174817611528036,-0.8431056784345566,-0.33894216925038984,0.15825351204166196,-0.2998426419782158,0.9407710752239373,86,137,180,180,86,137,180,180,230223_164014
0,0,0,0,0.67011127885744,-0.5217151219432092,-0.28063356874028345,-0.060687067410638826,0.9958891012310545,0.0672456533784812,-0.9933484180127595,-0.06686229251945108,0.09374622270038711,0.09785704001574848,-0.06110918006523756,0.9933225396773752,147,84,166,180,147,84,166,180,230223_164015
0,0,0,0,-0.8798226223352087,-0.6452377806894664,-0.6856890108592908,-0.8971130674641098,-0.44098110772227095,0.026903658063069123,0.4406700357178283,-0.8975103488690248,-0.0168847059035498,0.03159214784695028,-0.0032918543467700084,0.9994954226455347,180,106,75,170,180,106,75,170,230223_164015
0,0,0,0,0.6697087503080276,-0.5213715684365697,-0.28029507991534386,-0.034320579604647995,0.9398335029570163,0.33990452267533255,-0.9755902103306968,-0.1053178021190592,0.19269639867864144,0.2169005286358432,-0.32499407267880337,0.9205069328370844,180,180,81,97,180,180,81,97,230223_164015
0,0,0,0,-0.8808247005135178,-0.6443188946571945,-0.6769593010656945,-0.8963581288233471,-0.4419622386766547,0.03480638556684385,0.44087302750976465,-0.8968929892097821,-0.034841634874332755,0.046616290142849515,-0.01588538605957653,0.9987865517732284,75,170,180,92,75,170,180,92,230223_164015
0,0,0,0,0.6710212256382155,-0.5206791315939684,-0.2819209345390994,-0.0579850713920732,0.9952982095508751,0.07758353923660614,-0.9920867861623438,-0.06611792693183965,0.10673438274665052,0.11136220282361854,-0.07078060329679127,0.9912560546999012,86,137,180,180,86,137,180,180,230223_164016
0,0,0,0,0.6705849742984207,-0.5209913774715987,-0.2770896675168153,-0.0569987343016199,0.995695181414519,0.07309069705456232,-0.9912183883246896,-0.06518794376185123,0.11505059163301747,0.11931995195699234,-0.06589110483221686,0.990667003270509,147,84,166,180,147,84,166,180,230223_164016
0,0,0,0,0.671559090413311,-0.5203071353061512,-0.27623852732680265,-0.06042134319341763,0.9964543293710714,0.058549387395172396,-0.9942472149042084,-0.06527720249086927,0.08491974146328912,0.08844058424687763,-0.053081600509148015,0.9946660780108358,180,106,75,170,180,106,75,170,230223_164016
0,0,0,0,-0.8794988122438747,-0.6429283398904542,-0.6897262004654645,-0.8967810091149102,-0.44120320572562916,0.03351944134783244,0.439960082956918,-0.8971871641696075,-0.038604635134130136,0.04710570130445776,-0.01987268745603625,0.9986922094408718,180,180,81,97,180,180,81,97,230223_164016
0,0,0,0,-0.8801146811356086,-0.6406020266466637,-0.6886610369354234,-0.8963596634130994,-0.44270734609877493,0.023442685770504228,0.4402364504019612,-0.8950979523727457,-0.0706507140487559,0.05226109014780422,-0.05300812549314261,0.9972256099239861,75,170,180,92,75,170,180,92,230223_164017
0,0,0,0,-0.8797019841752444,-0.6472893285150058,-0.6796245933151468,-0.8970019659889918,-0.44106389266932744,0.029156741849259097,0.441185999140189,-0.8974123386045664,-0.002451261502963945,0.027246782829480988,0.010664759897126152,0.999571846203053,86,137,180,180,86,137,180,180,230223_164017
0,0,0,0,-0.880578467804481,-0.6444798578348078,-0.6821897443494602,-0.8964950290099142,-0.4428315326287687,0.014031987392008807,0.44139259125397634,-0.8954256516937849,-0.05818490074633618,0.03833071022840129,-0.04596885900712371,0.9982072032674226,147,84,166,180,147,84,166,180,230223_164017
0,0,0,0,-0.880075299821189,-0.6473397840700199,-0.6830477227098883,-0.8970452134788012,-0.44094671251460144,0.02959529856813586,0.4407951009007511,-0.8975299556664824,-0.01181768603491818,0.03177363681842216,0.0024444639265106603,0.9994921013191865,180,106,75,170,180,106,75,170,230223_164017
0,0,0,0,-0.8793774547366754,-0.6444919130025496,-0.6865482680084929,-0.8963682680428147,-0.44309147074635163,0.013923957690241559,0.4407752687871678,-0.8941570580290021,-0.07874209803224283,0.04734015707118657,-0.06444458184172165,0.99679777557924,180,180,81,97,180,180,81,97,230223_164018
0,0,0,0,0.6701580599121222,-0.5200500716781662,-0.28216357649050017,-0.05807466472994489,0.996776710196762,0.05534910411039556,-0.9933654064234787,-0.06321054102090146,0.09607079069603595,0.09925977351183676,-0.049402606339785556,0.9938344328152526,75,170,180,92,75,170,180,92,230223_164018
0,0,0,0,-0.8759498658425585,-0.6433144360161325,-0.6930349613340594,-0.8974313965557227,-0.44115235471297143,0.0012200029696766742,0.4402908114697869,-0.8958448369545235,-0.06005022428933581,0.027584231207736596,-0.05335380054994853,0.9981946113637132,86,137,180,180,86,137,180,180,230223_164018
0,0,0,0,0.6704825595124341,-0.5203708504014308,-0.2734866286099271,-0.03364504958578811,0.9417260174948834,0.3346940671891202,-0.9747534625628452,-0.10488173287681166,0.19711800864076304,0.2207344510041709,-0.31961215571686663,0.9214794474419409,147,84,166,180,147,84,166,180,230223_164018
0,0,0,0,0.6713599508706128,-0.5199890396679306,-0.2777185017528758,-0.058580525921599465,0.9942604463623588,0.08952366604465158,-0.9929414174051151,-0.06729663585122296,0.09766526713540581,0.10312935365002088,-0.08317047314061281,0.9911846492018002,180,106,75,170,180,106,75,170,230223_164019
0,0,0,0,0.6710957694355397,-0.5194930145092758,-0.2738823596759774,-0.059279590314907454,0.997391164523932,0.04119217282072196,-0.9942367409003098,-0.06268401812934911,0.08697135686586678,0.08932655381255471,-0.035799145251736726,0.9953588237330384,180,180,81,97,180,180,81,97,230223_164019
0,0,0,0,-0.882778508216712,-0.6399156213858993,-0.6898172462844023,-0.8962922873029214,-0.4423692482912242,0.031138142005498855,0.44164449159760755,-0.8967658410713181,-0.027589297365881185,0.040128278841587234,-0.010976085545833446,0.999134248628933,75,170,180,92,75,170,180,92,230223_164019
