0,0,0,0,-0.9784261402947919,-0.4553945361258447,-0.6916386213419712,-0.7446279847750031,-0.6670658926760241,0.023500194004656468,0.6667554387166373,-0.7449985457616466,-0.020355632017118833,0.031086158201069657,0.0005115089157720805,0.9995165777149108,180,180,81,97,180,180,81,97,230227_164028
0,0,0,0,-0.9794914541537277,-0.46130916031440317,-0.6920909097337229,-0.7467219900481726,-0.6616394877797469,0.0681135653820245,0.658654676490331,-0.7498193358267828,-0.06280908180907954,0.09262983707161937,-0.002037604190273959,0.9956985294019717,180,130,180,180,85,137,180,180,230227_164028
0,0,0,0,-0.23256261875590045,0.01135950472906,0.40381673836484455,-0.6881963921867913,-0.7230080903279399,0.060374059838871924,0.7254673057302136,-0.6847111000844331,0.06977032132439442,-0.009105717853479793,0.09181508994446258,0.9957344400797148,174,114,145,180,180,88,180,180,230227_164028
0,0,0,0,-0.2814178535859918,-0.9967329441465116,0.7602010443282667,-0.7174245043283111,0.6733906923183174,0.17845743494832042,-0.6854131832879092,-0.728110294844992,-0.008010412965248122,0.12454255804507851,-0.12806394512038152,0.9839150253938558,0,150,180,180,0,73,180,110,230227_164029
0,0,0,0,-0.33408685743544486,-1.0012121698095038,0.7235574114518304,-0.7229998356109879,0.6880265228121125,0.06237580952226431,-0.6883628093160771,-0.7251082032051223,0.01935810928570096,0.05854810378621174,-0.028941277644809065,0.9978649818444002,180,154,70,135,180,167,106,168,230227_164029
0,0,0,0,-0.31691022839459154,-1.0339056977338963,0.7019748754124533,-0.6947810004921943,0.7172827197434803,0.052771785193047,-0.7186859622115329,-0.6952230390614161,-0.012466502247679524,0.02774615424070261,-0.04658783012336628,0.9985287802608632,180,180,170,0,180,180,160,0,230227_164029
0,0,0,0,-0.2487318283679112,0.018578768073645335,0.411544210175933,-0.6943986357064815,-0.7194226526646919,0.015542894256748358,0.7188236741191584,-0.6924998729723314,0.06112652009675299,-0.033212350937747,0.05361877251675146,0.998009001451883,59,103,180,173,115,127,177,180,230227_164029
0,0,0,0,-0.97781711392505,-0.4894341083983541,-0.6549901500810749,-0.6922368164438227,-0.721649269180227,0.005524694685283199,0.7214769697724019,-0.6922082221736074,-0.01785382993327628,0.01670844240956875,-0.00837313841388479,0.9998253440003149,180,180,180,180,150,180,168,180,230227_164030
0,0,0,0,-0.9744299065634858,-0.44426555974771975,-0.7061596454501797,-0.6879523776876555,-0.7254845086701232,0.01984322840598543,0.7233702530667604,-0.6876497545330645,-0.06223577804403988,0.0587962839985025,-0.028461250328939217,0.9978641962800755,180,180,66,130,180,180,104,119,230227_164030
0,0,0,0,-0.3198963242148627,-1.0063558285176912,0.7239824414561795,-0.7073142462963162,0.7036689373197997,0.06750247134363045,-0.703042281073292,-0.7102020163894499,0.036669427860558594,0.07374352859428175,-0.021520282702202343,0.9970450187543597,180,180,180,0,180,180,180,138,230227_164030
0,0,0,0,-0.9822918753135439,-0.4715857158976931,-0.6867413913744325,-0.705459252461351,-0.6999184012544998,0.1115413587061621,0.7042316376541631,-0.7099695454780168,-0.001022262527024709,0.07990646809619187,0.07782978914967684,0.9937592667629868,150,100,171,160,140,60,180,150,230227_164030
0,0,0,0,-0.9761348794677107,-0.4749307891937918,-0.6754464967752452,-0.7109056004286138,-0.7017056057870698,0.0471430810006423,0.7026567120862921,-0.7115087994872996,0.005364066761596051,0.029778721250471495,0.03693874739542068,0.9988737441246236,180,180,129,179,180,144,132,171,230227_164030
0,0,0,0,-0.9637133870668873,-0.4465595621800902,-0.7080770118210842,-0.6896381031073123,-0.7227817267935831,-0.044563013316368826,0.7241538641695661,-0.6882726335128074,-0.043381597084831504,0.000683923119514495,-0.06218808061543721,0.9980642138051712,180,170,180,0,180,180,180,0,230227_164031
0,0,0,0,-0.34000598644195085,-0.7624074155144396,0.2925078576702016,-0.051365594002309625,-0.99175270108298,0.11742297751037716,0.9959559060482657,-0.05954850943297346,-0.06727412750746554,0.07371166095245431,0.1134925324368246,0.9908007045418906,100,0,180,180,144,90,180,180,230227_164031
0,0,0,0,-0.9651261305547189,-0.43484033982099035,-0.7102972254161368,-0.6809339875079211,-0.7298092426151125,0.06088820945074121,0.730117932859212,-0.6829918106353162,-0.02121298476129338,0.05706758076134961,0.03001093131922167,0.9979191526508547,180,89,180,170,160,175,174,180,230227_164031
0,0,0,0,-0.24326532349988228,0.017433533119404876,0.40292889855139835,-0.6910004956098064,-0.7220309558223034,0.034490779946702105,0.7222619760276283,-0.6877166913294466,0.0733715915838248,-0.029256675335154712,0.07561118502714244,0.9967080794531187,180,180,119,119,180,180,117,125,230227_164031
0,0,0,0,-0.966852003155796,-0.4342533168688779,-0.6999480924887393,-0.6984362694994327,-0.6974491311036078,-0.16047269852077065,0.7124153050128479,-0.6561868443150014,-0.24876345899543115,0.06819978468563435,-0.28806862875145367,0.9551781271040968,180,180,145,85,180,180,180,0,230227_164032
0,0,0,0,-0.2933506293164245,-0.9432990328220199,0.795584198758222,-0.7110555274146493,0.6912182786300639,0.12890821626555007,-0.6902559076830886,-0.7211292343602946,0.05932460922358046,0.1339657375662519,-0.04679656652604422,0.9898804283951187,36,16,180,150,160,70,180,180,230227_164032
0,0,0,0,-0.1697739409462179,-0.19444826757808015,-0.40164428781784367,-0.6924264764080852,0.720649350672327,-0.03478632122885846,-0.7206878142718298,-0.6885829176079422,0.0803905463262083,0.033980128445561184,0.08073462054216107,0.9961562487465189,180,180,180,110,166,180,180,140,230227_164032
0,0,0,0,-0.36572683224426333,-0.9710060138090706,0.7086373387325671,-0.7449775379913993,0.6641819588259289,0.062215701060301734,-0.6652613992024256,-0.7465977267478379,0.004370943398429784,0.04935320272793065,-0.038133449688074174,0.998053155596125,128,64,139,172,151,81,180,170,230227_164032
0,0,0,0,-0.2506944749617722,0.025219533303888708,0.4126952934973709,-0.6901230343057102,-0.7231795449686035,0.02723129192092279,0.7226879520498312,-0.6866959488626133,0.07855442557676776,-0.038109335899484044,0.07389194512718389,0.9965378361921947,160,180,122,176,170,180,131,180,230227_164032
0,0,0,0,-0.9423348749921441,-0.4211536499947264,-0.7060654063238854,-0.7193645751072292,-0.6886143527019188,-0.09124078766491446,0.686337260179536,-0.6843764781742542,-0.246109734490639,0.10703164658195338,-0.2396645768041714,0.9649378825889432,180,180,150,107,180,180,180,0,230227_164033
0,0,0,0,-0.34005668753609836,-0.9530105052692949,0.7227225826847905,-0.7227382297645811,0.6889042876318248,0.05532028307273268,-0.6891476460155017,-0.7244071036993139,0.017603127598895287,0.052201276115153586,-0.025401389577339326,0.9983134759079884,113,93,146,168,147,87,180,160,230227_164033
0,0,0,0,-0.3941374251217262,-0.8828087393409842,0.7862538447266416,-0.7191074990534463,0.6943446674340351,-0.027746848668210557,-0.6925673222416093,-0.7128550452702371,0.11040012951013459,0.05687626014590517,0.09860612170999518,0.9934998358294423,180,180,168,76,180,180,165,122,230227_164033
0,0,0,0,-0.39127656560094876,-0.7173029945446127,0.2339920193121232,-0.001682463393060335,-0.9967293123235177,0.08079509435614252,0.9939556126277553,-0.010535715719000555,-0.10927597549356982,0.10976980205281357,0.0801228846795681,0.9907224202105809,80,180,180,90,67,104,180,156,230227_164033
0,0,0,0,-0.23637559872039793,0.012074690730949245,0.40343589767406396,-0.6869559491476653,-0.7240879483276075,0.06154808703239424,0.7266645465588139,-0.6836296869455268,0.06789026367038671,-0.007082422262458895,0.09136243327253295,0.995792521101368,180,116,180,180,180,134,180,180,230227_164034
0,0,0,0,-0.4054442633897375,-0.67387025364864,0.30229423313491144,-0.005472981412298705,-0.9989564434156379,0.045343915058573575,0.999984526272309,-0.005422147222031169,0.0012439997782586329,-0.000996840211028219,0.04535002180684284,0.9989706611466187,180,180,180,80,180,180,0,0,230227_164034
0,0,0,0,-0.9254335761406074,-0.4027416903678219,-0.7042391947662112,-0.7158611215751398,-0.6915717423160594,0.09628800468964374,0.6902152688201568,-0.721720874652438,-0.0521714651743431,0.10557337403294982,0.029111927467095403,0.9939852908239888,0,0,178,177,39,96,180,80,230227_164034
0,0,0,0,-0.24409125313864832,0.020957340322832363,0.4030623119072754,-0.6853178857927903,-0.7264004428136387,0.051786022174431394,0.7277950683391585,-0.680664845212143,0.08372399293828191,-0.02556822077698198,0.0950671613780473,0.9951424525734092,180,97,180,180,180,123,180,180,230227_164034
0,0,0,0,-0.9241054143942355,-0.4001813601613061,-0.693631103923636,-0.6851603416445582,-0.7230982157876498,0.08766000548842133,0.7198883634547496,-0.6905755375215216,-0.06975794678245875,0.11097770226471179,0.015310039241601625,0.9937049624000402,180,180,132,142,180,180,0,90,230227_164035
0,0,0,0,-0.34807460362104375,-0.6436449389538146,0.3861042711466467,-0.014039620505716641,-0.9794173224373679,0.20135689103100804,0.9991348887378213,-0.005857708146444814,0.04117233734113027,-0.039145410496202654,0.20176073890846272,0.9786522574807637,0,140,180,180,60,60,160,162,230227_164035
0,0,0,0,-0.9096511050551077,-0.4084415036970315,-0.6920774896602397,-0.7211920301446145,-0.6909838983651395,-0.04922710489153867,0.6898921235090154,-0.7228479681960791,0.03923866454177291,-0.06269699814274028,-0.005662779786779926,0.9980165426229044,180,180,159,180,170,180,164,180,230227_164035
0,0,0,0,-0.2975364639470968,-0.8879997519514639,0.7684307626268989,-0.718920208167783,0.6876739036380954,0.10128344654056419,-0.6857710369217386,-0.725492332552312,0.05812882526844258,0.11345404006589792,-0.027667266994592866,0.9931579447045549,169,180,160,92,81,140,180,180,230227_164035
0,0,0,0,-0.44642975110362426,-0.9324800029926588,0.6477058198798167,-0.7318286857773657,0.6779931566449152,-0.0689351449990282,-0.6789951399975123,-0.7340562370047993,-0.011271236583091253,-0.05824409440562852,0.038558014173674555,0.9975574695273706,160,180,60,146,180,142,112,171,230227_164035
0,0,0,0,-0.35766725226332874,-0.882325383187152,0.7583646585855082,-0.7528238203648963,0.6525108822948414,0.08652077194529832,-0.6509278498293936,-0.7575362176477555,0.049313418745964316,0.09772016070230945,-0.019194463752341646,0.9950288150368183,64,170,180,141,45,130,180,180,230227_164036
0,0,0,0,-0.24248525583876024,0.013472454595702676,0.4077149877460724,-0.6957545490315791,-0.717644806773513,0.030191701059586684,0.7178823234614171,-0.6933573120996295,0.06245484304372269,-0.023886757073791925,0.06512732966263195,0.9975910253042137,170,81,180,180,180,87,180,180,230227_164036
0,0,0,0,-0.1740620616437547,-0.19286536857359168,-0.4065355503693835,-0.693070499893889,0.7197936131699669,-0.0393755840154691,-0.7204612788662046,-0.6898049300724716,0.07144721199729814,0.02426577489610244,0.07788653855088058,0.9966668747787567,74,170,180,95,180,176,180,150,230227_164036
0,0,0,0,-0.9220771527812289,-0.40572511470544664,-0.7043258053440027,-0.7510040121354737,-0.6569799115058927,0.06610877123444957,0.6592198360980263,-0.7517289862260444,0.018241133803997917,0.037711821108404556,0.05727937801051816,0.9976456742769026,164,74,180,180,160,113,180,160,230227_164036
0,0,0,0,-0.2422450625547432,0.015552973718775842,0.40843801351114495,-0.6908674413410832,-0.7215625212979052,0.04527368278630533,0.7228078473973556,-0.6879737532508169,0.06512242761740579,-0.015842797594674277,0.07771513814047708,0.9968497194001615,160,97,116,174,180,148,115,174,230227_164037
0,0,0,0,-0.42404704274909066,-0.618369088796603,0.33746237015123803,0.04658139733283751,-0.9960941004732309,0.07501144196017834,0.9982458247269586,0.04916594445793478,0.032984592172010864,-0.03654376605817927,0.07334339034967058,0.9966369952265975,180,180,180,0,180,180,180,0,230227_164037
0,0,0,0,-0.41327957660429854,-0.6251034613617855,0.3374736183299667,0.054021024894787786,-0.9921381536650756,0.11288761185964354,0.99853776720811,0.05344656180033951,-0.008111257039773553,0.0020140328595945984,0.11316072231025781,0.993574654768257,160,126,168,180,160,73,180,180,230227_164037
0,0,0,0,-0.2499438640035685,0.027713867999062725,0.40786843484049595,-0.6828176251849135,-0.7296030810560863,0.037939884690150055,0.7294233274242875,-0.6778762558525046,0.09178992951664348,-0.04125166840402938,0.09035001862122813,0.9950553622733901,180,142,155,160,180,180,118,160,230227_164037
0,0,0,0,-0.9058412242572143,-0.37994435853425007,-0.7121873859156862,-0.7645241335606249,-0.6440824359047487,0.025703403712015307,0.6444702707355248,-0.7629834078138511,0.05014368892335458,-0.01268539875039554,0.05490113987676811,0.9984112106235462,11,180,180,180,180,180,180,0,230227_164037
0,0,0,0,-0.5064056952687652,-0.8060241714474752,0.7307304655187625,-0.7842765462512369,0.6174591213034346,-0.06045272962755094,-0.6204071397921066,-0.780178269475384,0.08010523536806224,0.0022978022562825376,0.10032996241196071,0.9949515660308321,178,138,0,120,160,107,86,147,230227_164038
0,0,0,0,0.6339074353944368,-0.4138159018390697,-0.285595542248571,0.1024225835729529,0.9660137411004523,0.23733323909505238,-0.9795285023993564,0.05637727249485061,0.19324988003441262,0.17330183888670925,-0.25226782424865296,0.9520122990210451,180,180,180,0,180,180,180,0,230227_164038
0,0,0,0,-0.46581012308181485,-0.8504411251493478,0.6971377260586424,-0.7870847536865468,0.6167721172011313,-0.009473434299205654,-0.6166233234644904,-0.7862976964949945,0.03887942188704456,0.016530803785466407,0.036442940741638494,0.9991990014988543,155,100,108,162,180,127,180,170,230227_164038
0,0,0,0,-0.46599101978290836,-0.8402284324046749,0.7381432789354472,-0.7771621347064047,0.6292902353389862,0.0035799560872569434,-0.6289142748899281,-0.7768719514507072,0.03060728489829753,0.0220420329883522,0.02153533738237302,0.9995250762364933,180,160,150,180,133,160,180,164,230227_164038
0,0,0,0,0.6348442458093333,-0.42001024478689164,-0.29169006439922773,0.08472784481892044,0.9961800068418573,-0.02113258812587927,-0.9912146993853311,0.08642937295409844,0.10011684779899895,0.10156087846600892,0.012464247242354348,0.9947512405148807,118,78,143,163,160,81,131,180,230227_164039
0,0,0,0,-0.9017327785973838,-0.3750151073914335,-0.7136731878780482,-0.8075384266595003,-0.5883219352496125,0.04194031440570745,0.5896809746653332,-0.806826868117467,0.036149038735522845,0.012571300093522827,0.05392314334226558,0.998465951861178,180,180,118,178,160,180,117,167,230227_164039
0,0,0,0,-0.4732315380784893,-0.6008632105678158,0.25667664153129244,0.11503513556140381,-0.9924353747810666,0.042882915823590974,0.9902898190774437,0.11118029539703327,-0.08345667227365089,0.07805761857712838,0.05206696456096027,0.9955882880907526,180,180,180,0,180,180,180,0,230227_164039
0,0,0,0,-0.5003912258403256,-0.8410615349342971,0.6953960397502794,-0.7975970078265938,0.6030282178447327,-0.01399934245134523,-0.6029564804471025,-0.797719252518364,-0.00935290587918462,-0.016807611160029948,0.0009811445093154268,0.999858260736263,180,120,78,163,180,136,180,170,230227_164039
0,0,0,0,-0.46666263978692696,-0.5880275025094548,0.2990970819523908,0.12272373714692086,-0.988664064800291,0.08650000759108588,0.9918678065956098,0.119224595741782,-0.04453930858716418,0.03372148543447197,0.09126260319963073,0.9952557453626277,180,180,127,137,180,90,129,129,230227_164040
0,0,0,0,-0.24557177674155173,0.012944836659677161,0.4090156790557311,-0.6958541754502229,-0.7176619333870169,0.027355362832532062,0.7179469435120623,-0.6941438429239971,0.05212016531432093,-0.01841610192677241,0.05590773379340599,0.9982660830118933,72,106,180,160,177,110,160,150,230227_164040
0,0,0,0,-0.9007544685058185,-0.3866106982868151,-0.7047519561178195,-0.8234261581976654,-0.5672383427940625,0.014492220674505576,0.566315704864531,-0.8231456894098501,-0.041445101396566666,0.035438459611315955,-0.02591980845275266,0.99903567459333,180,91,150,180,180,122,180,150,230227_164040
