0,0,0,0,-0.14633693993749247,-0.00031118412204361734,0.004827260256151211,0.9987848111972609,-0.041820049485247306,-0.026076510171079648,0.04041796106537338,0.9978206606242632,-0.05215666452791078,0.028200874897224663,0.05103932496037275,0.9982984012621781,162,162,83,96,162,162,83,96,230209_181610
0,0,0,0,-0.1459683249350195,-0.0013202536015396171,0.015036166088547187,0.998872801956315,-0.04323110143519234,0.019600953564573625,0.04433436627656154,0.9972214649546435,-0.05986496304659592,-0.016958463338290628,0.06066647923206621,0.9980140223557928,162,138,143,100,153,162,139,100,230209_181610
0,0,0,0,-0.14576273070391021,0.0002042249827662046,0.0027596019419596773,0.9550009787647955,-0.09846832735957128,-0.2797804837105174,-0.02516750941145435,0.9129795257647161,-0.4072284150258418,0.2955329542171349,0.39594491288744094,0.8694181381419702,152,82,162,162,96,112,162,162,230209_181610
0,0,0,0,-0.14569551292742808,-0.0006024290314494418,0.0059795501153105945,0.9603772837153021,-0.0953427446478892,-0.26188782706843405,-0.024114248563292,0.9077155438278589,-0.41889258111062544,0.2776580197650455,0.4086101473731431,0.8694502697244116,162,81,162,154,138,162,162,162,230209_181610
0,0,0,0,-0.14612949265590436,-0.00012504461705417635,0.0048028776642173865,0.9990313606662917,-0.042154018983771975,-0.012624543111488836,0.04147076808372869,0.9978770977321684,-0.05021427303238526,0.014714475858950596,0.04964208401287295,0.9986586742701707,18,90,103,110,18,162,133,114,230209_181610
0,0,0,0,-0.14650214935660605,-0.000670552211566311,0.007192920074101328,0.9984538565754087,-0.04318535513819033,-0.03499887700029972,0.040943850755796346,0.9972103061250474,-0.06241158901418788,0.03759650748381827,0.06088210294969452,0.9974366507029115,80,133,130,162,81,129,162,129,230209_181610
0,0,0,0,-0.1457853717750369,-0.0007950650691921635,0.006588109144634702,0.9614434948518205,-0.0959837812433091,-0.25770820698098734,-0.02217561341621938,0.9070005522082318,-0.4205451705388806,0.2741070016922829,0.41004525607815323,0.8699012815205346,162,142,154,154,146,146,162,162,230209_181610
0,0,0,0,-0.1456396073465671,-0.00036330557315941703,0.011900834519975034,0.973994934801368,-0.07866502782324424,-0.21247512884769845,-0.008324955465893055,0.924732277370747,-0.38052714792140935,0.2264167884627126,0.372400360615131,0.9000296713530903,162,162,97,123,162,150,58,136,230209_181611
0,0,0,0,-0.1462672468462053,-4.579224282075245e-05,0.00440767185791735,0.998903888404615,-0.04484774310416775,-0.013405285099668682,0.044026539028541145,0.9974425181808112,-0.056303523746654816,0.015896087295594625,0.05565162049378579,0.9983237007830208,162,162,162,162,124,162,162,18,230209_181611
0,0,0,0,-0.14602223845066947,-0.001173558805033309,0.014083675691730857,0.9986466532837106,-0.045698025488483264,0.024830472240758267,0.04722958827096081,0.9967627529571937,-0.0650644319805637,-0.02177677379688388,0.06614911022570005,0.9975720862871753,88,115,106,18,92,108,162,162,230209_181611
0,0,0,0,-0.14587844037900935,-0.0009458175852277151,0.00714091655578819,0.9619565810441992,-0.09317429879276762,-0.2568230640542851,-0.021560174764131277,0.911225013474679,-0.41134430065604527,0.27235031677950267,0.4012325072355764,0.874550044358559,162,107,162,162,162,111,162,162,230209_181611
0,0,0,0,-0.1460622794583917,-0.0011386428486399869,0.013575206252487537,0.9990973359996992,-0.042379766548378606,-0.0029100834367694916,0.04217238878460578,0.9977660895794858,-0.05181042471801651,0.00509929627537741,0.05164093214269219,0.9986526980411807,162,114,102,78,162,90,117,76,230209_181611
0,0,0,0,-0.14614029421269958,-0.0012640363755063444,0.0141464240616479,0.9990234633240802,-0.043802192867256194,0.005786849572863728,0.044066255232585144,0.9973118582444295,-0.05854248504135598,-0.003207004480183784,0.05874032094788401,0.9982681452481611,124,162,154,162,86,157,162,116,230209_181611
0,0,0,0,-0.1458005611550951,-0.0006738762047483471,0.005514297174123994,0.9596321445803345,-0.09637709444339689,-0.2642302078771393,-0.022809781579843,0.9096954829158668,-0.4146490591171611,0.2803316980871545,0.4039375991772935,0.870774686712043,138,100,162,162,123,83,162,162,230209_181611
0,0,0,0,-0.14589280301831395,1.1690457019764011e-05,0.0035455002858841844,0.9561746469791931,-0.09850746524811851,-0.27572871407346244,-0.02372207225676333,0.9125474023554128,-0.40828237990664573,0.29183438413260926,0.396930116953577,0.8702178890905198,162,162,105,145,162,140,79,154,230209_181611
0,0,0,0,-0.14649188923260778,-0.0007409418583942395,0.008249000301624787,0.9987545844856582,-0.04589597263214493,-0.019566288994847233,0.04444370098852135,0.9966179496386107,-0.06911888237359134,0.022672393153863962,0.0681632023476073,0.9974165330664997,147,162,150,75,125,162,162,78,230209_181612
0,0,0,0,-0.14591210203428406,1.3461458916119717e-05,0.003469211902845326,0.95590244496218,-0.09873888848563822,-0.2765884083181121,-0.02348934989877638,0.9130661559841642,-0.4071344314076558,0.29274351599422127,0.3956776803117949,0.8704828586172265,107,123,162,126,53,136,162,144,230209_181612
0,0,0,0,-0.1459568044981697,-0.0001331748110893205,0.0037427034933460446,0.955689476539307,-0.09837586820243804,-0.27745236165410775,-0.0232114802792275,0.91439085383038,-0.40416654192869167,0.2934601363307669,0.3926977909114926,0.8715902669247525,162,117,162,162,162,107,162,162,230209_181612
0,0,0,0,-0.14551483027469994,-2.419779622778173e-05,0.009439208715656733,0.969865490578438,-0.08182798323514406,-0.22948880439950523,-0.014042986637334375,0.92157323842068,-0.3879504617256247,0.2432359445298928,0.37948247309525474,0.8926529717097011,162,152,106,114,162,137,92,123,230209_181612
0,0,0,0,-0.14604095841198558,-0.0011656492800277973,0.013706215065094618,0.998555713520739,-0.045914809849875414,0.02789833743320141,0.047837439258804106,0.9962073368344954,-0.07268095653113554,-0.02445539613760558,0.07391056943070029,0.9969649749746389,162,162,162,90,110,154,162,68,230209_181612
0,0,0,0,-0.14590089636615058,-0.0007832007465982949,0.011633585261405677,0.9987721653176259,-0.04399892637109241,0.022765242474680786,0.04513385949516532,0.9976262730811595,-0.05200724935301436,-0.020422940870758403,0.05297087630374948,0.9983871943037944,93,93,162,162,112,96,18,90,230209_181612
0,0,0,0,-0.14591846962697091,-0.0025097169535390484,0.018353036484025864,0.9987875451016607,-0.046359715055389945,0.01655948579458425,0.04770633073318317,0.9945020584790037,-0.09321889126674433,-0.012146841473162218,0.09389585987149811,0.9955079214859206,162,123,95,151,162,125,103,154,230209_181612
0,0,0,0,-0.1463200039218909,-0.00036920181577301814,0.0060252932360597145,0.9989293270128696,-0.042709073868200775,-0.017780175559814843,0.041716719643528466,0.9977296163156637,-0.0528708618123796,0.01999787328193958,0.05207252380978923,0.9984430566278071,162,162,162,162,122,162,162,18,230209_181613
0,0,0,0,-0.14597757363497837,-0.0012631792848074863,0.014547249662932638,0.9985668133783577,-0.045777716174957836,0.027725798837847128,0.0476594106835071,0.9963004091154367,-0.07151276368393943,-0.02434953372638918,0.07273166778109223,0.9970542636732909,84,112,162,151,65,106,162,136,230209_181613
0,0,0,0,-0.1457881263705448,7.467069933003723e-05,0.0037186829743590666,0.9564682645307995,-0.09707106786310606,-0.2752193066072157,-0.024611942527677663,0.9128702932848844,-0.40750715321695247,0.2907966836648153,0.3965413413780292,0.8707423576165678,162,60,162,162,162,110,162,162,230209_181613
0,0,0,0,-0.1456126440354235,-0.0003454631189328816,0.011529231947336571,0.972119328951419,-0.07946057992653106,-0.22061284304587284,-0.01141614872124052,0.9236792463781452,-0.38299650306324806,0.234208628849191,0.37483685257461186,0.8970193153575571,162,162,57,85,162,82,92,68,230209_181613
0,0,0,0,-0.14649574984584054,-0.0004642662979155998,0.006434458575510171,0.998394804163865,-0.042108093036583895,-0.03787774438136736,0.0396967222840438,0.9972673115755564,-0.06230633597609728,0.04039783729980251,0.06070269980557049,0.9973380555146854,54,122,162,134,89,109,162,162,230209_181613
0,0,0,0,-0.14603717472821548,-0.001141969666746373,0.01400017935428477,0.9989993979388253,-0.043098800180688054,0.011945557368712332,0.04367828758117754,0.9976142978875305,-0.05345951593818786,-0.009613017832086897,0.0539277857264188,0.998498564753503,138,87,112,160,146,36,162,154,230209_181613
0,0,0,0,-0.14587489624610545,-0.0009062159620190913,0.006564644764040617,0.9602148755074016,-0.09306235682480303,-0.26329981123525037,-0.022371588122915176,0.9141766094301456,-0.40469820708234083,0.27836469765249344,0.3944876734614348,0.8757240264991136,161,162,144,80,162,146,150,75,230209_181613
0,0,0,0,-0.14609351473301418,-0.001145846204833545,0.014012261356703193,0.9986115788840525,-0.045671342419833685,0.026249628573928166,0.04739723255417583,0.9964625264555422,-0.06939694313182336,-0.02298731965463286,0.0705447507005762,0.9972437120802965,98,18,149,162,124,92,162,114,230209_181613
0,0,0,0,-0.1460443779429814,-0.0011171632636490514,0.013687423327725767,0.9989765493922104,-0.042928803003325515,0.014246811472591825,0.04364802381263454,0.9975460962220518,-0.054741537514002125,-0.011861862488057739,0.05530735742057185,0.9983989144793115,153,121,113,130,162,139,137,138,230209_181614
0,0,0,0,-0.14570772689450046,-0.0006713535978778717,0.005997616256477656,0.9606281051612144,-0.09560562259599246,-0.2608700989044299,-0.022579772118530513,0.908960464401643,-0.4162703785351824,0.27691839495679893,0.40577141235279435,0.8710142154131406,103,148,162,128,100,154,162,103,230209_181614
0,0,0,0,-0.14589773569072448,-3.727210146584059e-05,0.00380707255802748,0.9563741052919577,-0.09834386734183502,-0.2750946282341009,-0.023238227921307475,0.9130459707240288,-0.40719410617995505,0.2912190850375092,0.3958226106488444,0.8709281861376682,162,47,139,162,162,100,162,162,230209_181614
0,0,0,0,-0.14554240532680582,-0.00014285471855607357,0.010276579791101415,0.9708502253249024,-0.0801114480326264,-0.22590262477603532,-0.012817585624944975,0.9237890672901744,-0.3826871681333174,0.239343998222921,0.3744274496471463,0.8958339887866503,114,18,72,117,18,162,71,128,230209_181614
0,0,0,0,-0.14605600185091105,-0.0010855918620596428,0.013535400131567732,0.9990514944353861,-0.04257424565760282,0.009140299399246323,0.04302599307818047,0.9974581123273091,-0.05679857456025874,-0.0066989093185485455,0.05713797125491065,0.9983438169562703,162,162,162,162,114,162,162,18,230209_181614
0,0,0,0,-0.14556362295651107,-0.0004077667527714046,0.012125161919259941,0.9734177877686179,-0.07893143161991678,-0.21500613841953467,-0.009937094172425663,0.9233024918486549,-0.38394499958388834,0.2288210318459779,0.37587542836489607,0.8979747199873991,18,18,162,161,92,92,162,162,230209_181614
0,0,0,0,-0.14561507487307757,-0.0005669852606612902,0.01260743334483072,0.9744264113795721,-0.0783685826464181,-0.210598039069506,-0.008305529327779946,0.9240109106783309,-0.3822758887635836,0.22455330544998667,0.3742488506346997,0.8997297432063092,162,92,111,162,146,162,162,162,230209_181614
0,0,0,0,-0.14607281620519943,-0.0010463755780300565,0.012955918261847388,0.9989963179769884,-0.043127902152633735,0.012097137030375606,0.04376576907196495,0.997318289408887,-0.05865822251032668,-0.009534889929006335,0.05912878881259461,0.9982048247767575,162,162,117,76,162,162,131,72,230209_181614
0,0,0,0,-0.14595114968812078,-0.001033343992298208,0.013714715339059325,0.9987147969316142,-0.0439482371442635,0.025244936952883292,0.045339158024947035,0.9973178674151684,-0.057458089805080374,-0.022652044928269895,0.05852882867759593,0.998028687500613,31,162,162,125,80,148,162,143,230209_181615
0,0,0,0,-0.14677841682615034,-0.0012424794714950282,0.007480166946734368,0.9973954987544582,-0.043829653278273616,-0.05728159004299354,0.03807771501115897,0.9944663231635031,-0.09791230623977704,0.061256074669180545,0.09547614145517844,0.9935451674327416,126,87,162,162,136,88,162,162,230209_181615
0,0,0,0,-0.14624325097084398,-0.0014037746290049002,0.015029529511023432,0.9989886562135188,-0.04469920954266238,0.0048626559582987975,0.044935390716959345,0.9963055042321086,-0.07318574244972323,-0.0015733460591446583,0.073330231849246,0.9973064732965058,162,162,85,128,160,128,95,136,230209_181615
0,0,0,0,-0.1461060650667396,-0.001000169002143142,0.013150375011126147,0.9987306235074751,-0.04527600196660999,0.022073180882904313,0.04664588315675746,0.9967219546680051,-0.0661022440414702,-0.0190079786641299,0.06704795842314275,0.9975686783467055,63,162,162,144,87,148,162,143,230209_181615
0,0,0,0,-0.14681666534383306,-0.0012109163159423897,0.00775740596894392,0.9975276602928039,-0.044374283897647804,-0.05449302596970363,0.03849017488708537,0.9937642534932213,-0.10464757482246381,0.058796882467741576,0.10229140436826811,0.9930153046174274,124,92,159,162,132,92,162,162,230209_181615
0,0,0,0,-0.14523072046562635,-0.0013863045728989831,0.01503757425833896,0.9761582624432619,-0.07705509193106211,-0.20292254549765293,-0.011914308552489577,0.914438156813283,-0.40455025227484703,0.21673277536050592,0.3973227531509136,0.8917183041258661,162,136,80,140,162,145,88,144,230209_181615
0,0,0,0,-0.1467027138509139,-0.0011431925406684973,0.007000570600718015,0.9980728931604362,-0.04555853378025612,-0.04212979869581825,0.040661562976045576,0.9930367325944957,-0.11056529751415,0.0468736304834817,0.10863916291025391,0.992975525905577,162,162,154,86,149,162,162,18,230209_181615
0,0,0,0,-0.14589932167498793,-0.0009249204398140976,0.012833843720209015,0.9986718748242449,-0.045009684284981956,0.02507219088139328,0.046286412648318606,0.9975258983475301,-0.0529117201582207,-0.02262861991320578,0.05400194854371965,0.998284395908453,45,124,162,162,67,114,162,152,230209_181615
0,0,0,0,-0.1459537596985595,-0.0011166168305074553,0.014289539476763369,0.9984526427893688,-0.04521963475954747,0.03236517787897971,0.04710854779681,0.9970742058321964,-0.0601981128323077,-0.02954834735481046,0.06162964137741444,0.9976616071956919,138,162,115,162,146,162,162,154,230209_181616
0,0,0,0,-0.1467343349960746,-0.0011776837399240792,0.0073606515252625515,0.9971945846069225,-0.0431289508957729,-0.06117886910737462,0.037153721083641005,0.9947213450066337,-0.09565064975122453,0.06498123914074186,0.09310928730702665,0.9935331394457415,162,162,140,74,156,162,151,68,230209_181616
0,0,0,0,-0.14644181254245214,-0.001727042942050755,0.009111573554342667,0.9983379200614333,-0.04521001169002822,-0.03574146346189145,0.04135486643446643,0.9939153434625456,-0.10208851576900657,0.04013941192391424,0.10044075304735009,0.9941330307044844,23,138,162,144,91,123,130,18,230209_181616
0,0,0,0,-0.14642698657171171,-0.0004337249405653443,0.005944566738644519,0.9986656026365331,-0.042283113892469706,-0.02965050404574689,0.04063603134563579,0.9977077895369506,-0.05410988499127178,0.031870473279932934,0.05283280209158506,0.9980946688346074,143,92,162,162,154,94,150,162,230209_181616
0,0,0,0,-0.14600853048114332,-0.0012111749635579094,0.014553989010302693,0.9984071998866307,-0.04563019524639567,0.03318054394239703,0.04786141186654331,0.9964058888488344,-0.06988984133266161,-0.02987220227366296,0.07136658846504662,0.9970027390043529,162,162,104,80,132,132,120,61,230209_181616
