0,0,0,0,-0.5732463448729297,-0.4648765877891603,-0.45369822770245816,-0.8581603689555412,-0.509444330437553,0.06346065977534503,0.5077790315202304,-0.8604976555557085,-0.041282440958671854,0.07563885444972127,-0.0032029624041196763,0.9971301343001182,162,162,111,80,162,162,111,80,230223_162951
0,0,0,0,-0.5718897666550858,-0.46121736150316317,-0.4650972081517234,-0.8577120904421127,-0.5106564521156384,0.059665382107968734,0.5080537573269485,-0.8596375840566551,-0.05389437580311433,0.07881211566371668,-0.01591263617086039,0.99676247844444,59,136,130,18,87,136,122,24,230223_162951
0,0,0,0,-0.2358642708771017,-0.6817052659686962,0.48752750415724866,-0.8604359093094035,0.507251018150531,0.048440175021874046,-0.5072842031134345,-0.8616878619866455,0.012520614060566763,0.04809140507894984,-0.01379974964033079,0.9987476075903243,161,132,92,143,162,162,111,154,230223_162951
0,0,0,0,-0.23400607352694885,-0.6841298637090028,0.4806052346691193,-0.8603585725356105,0.5073389003798127,0.0488913778276917,-0.5077103683849515,-0.8615107731499984,0.0054193708962226245,0.04486990638394325,-0.020160057239430096,0.9987893990192322,105,161,146,37,112,160,162,148,230223_162951
0,0,0,0,-0.16917911080578957,-0.8006420669955238,0.292518209900146,-0.849670286962338,0.484920640896526,0.20715302432221755,-0.5266527791975982,-0.8000523194118908,-0.2873206159799548,0.026405560338393624,-0.35322550620836746,0.9351654870380205,129,72,162,162,114,67,162,122,230223_162952
0,0,0,0,-0.14147541084408408,-0.8008402703665153,0.2990793539482689,-0.8390199115953363,0.47914841834071514,0.2578029890209675,-0.5393358427739748,-0.794959671261314,-0.27776963435082325,0.07185009844001672,-0.37209664641017004,0.9254089091231318,162,127,90,149,122,162,94,140,230223_162952
0,0,0,0,-0.1994145287685203,-0.7335000246715011,0.4109898205407927,-0.85150189154696,0.5102249324801476,0.12089270849632794,-0.5218196462728281,-0.8471903925561406,-0.09986338430211633,0.05146635265539286,-0.14811805101405107,0.9876296155483338,122,154,146,162,104,160,162,145,230223_162952
0,0,0,0,-0.2279144958629073,-0.6890728429938106,0.48236830167953526,-0.8537665765407929,0.5183103021191082,0.049366623330077394,-0.5190826765263469,-0.8547173702974761,-0.0033751802930346263,0.04044511975576055,-0.028506975093236738,0.9987750220439915,120,82,162,144,121,89,162,106,230223_162952
0,0,0,0,-0.1941364113509419,-0.7439141203957056,0.39923609311155506,-0.8480238038070104,0.5139166445080415,0.12940367334154387,-0.5282950341252367,-0.8391033511020017,-0.1296530874603654,0.04195217628805966,-0.178312222427364,0.9830792268366317,162,124,99,146,162,125,106,154,230223_162952
0,0,0,0,-0.212502709612739,-0.7003866537721442,0.4653764572153687,-0.855526372295118,0.5098394140458119,0.09021307107608112,-0.5137072758294022,-0.8576027948450989,-0.02494556140498579,0.06464875147664496,-0.06768469664037045,0.9956100244439144,162,162,162,128,162,154,162,162,230223_162952
0,0,0,0,-0.22071726730248636,-0.5282613386626724,0.16049069070751942,-0.1427640709526322,-0.9766320413826786,0.16064954338476536,0.9781044423300168,-0.16404528477924793,-0.12806578167481966,0.15142694588255765,0.13884883970129946,0.9786679108739,162,83,162,154,146,80,152,162,230223_162952
0,0,0,0,-0.22695157451644232,-0.700432738131317,0.46399171328691435,-0.8527041809258085,0.5190205954091758,0.059272264785066225,-0.5213146118193034,-0.8527373730737883,-0.03271158918343008,0.03356568687418711,-0.058792806569516,0.9977057434736675,162,106,109,93,162,90,98,98,230223_162953
0,0,0,0,-0.1618494410734363,0.05748329328220547,0.27962651041607445,-0.3816554922253527,-0.9236481416131246,0.03483095963142049,0.9233155767374613,-0.3792334714514486,0.060583165028354535,-0.04274846205647204,0.05528186524987064,0.9975552537911379,100,159,162,162,82,156,162,162,230223_162953
0,0,0,0,-0.22399844632455054,-0.6994491899338336,0.4599722862736403,-0.8559989654789313,0.5120149750500266,0.07145933405454859,-0.5147977274271069,-0.8568873931187502,-0.02696841393257915,0.04742437068517573,-0.05987203720163146,0.9970788676059892,140,93,162,138,151,90,160,162,230223_162953
0,0,0,0,-0.16162513741414314,0.05872414670457077,0.27834780848896756,-0.38454680171373884,-0.9222758689032952,0.039127725852727745,0.9220731286636326,-0.3817674241987797,0.06351991197325124,-0.043645190894239266,0.06050500358896962,0.9972132379047642,162,152,100,108,98,18,77,114,230223_162953
0,0,0,0,-0.15961900564339443,0.05525508427781617,0.2749304648640212,-0.38447885232552537,-0.9218895236663894,0.04791365430233256,0.9224843705691743,-0.3817439462773903,0.05739464727793622,-0.034620776566113946,0.06626662534580549,0.997201151320654,89,162,162,162,103,154,162,18,230223_162953
0,0,0,0,-0.14351924200776467,-0.8088174643709616,0.28686963668876686,-0.8409241468414094,0.4787527586305971,0.2522744048900736,-0.5381775077187012,-0.7886858975459047,-0.2972196581619376,0.05667053418431566,-0.3857075979492811,0.9208789819729084,156,85,162,162,138,123,162,162,230223_162953
0,0,0,0,-0.1623554159143959,0.05728137005426659,0.27766503934672127,-0.3838839304159583,-0.9225110954205222,0.040080004920430665,0.9223983683924307,-0.3811115503773479,0.0627314606553609,-0.04259551567214936,0.061051330820879865,0.9972253291255809,162,162,120,96,160,160,88,102,230223_162953
0,0,0,0,-0.10392386771528805,-0.14264589718695853,-0.27198099082176996,-0.38492143395498796,0.9223513064653996,-0.03321983057761539,-0.9219765256224224,-0.38261442323210904,0.059711718581591584,0.04236479532870261,0.053612224318058295,0.9976627453806358,162,162,162,18,113,161,162,150,230223_162954
0,0,0,0,-0.16073237800538925,0.05612165435410171,0.2760801225814894,-0.3792227026976039,-0.9239445739920072,0.05016538596935125,0.9246156914517726,-0.37628978815134967,0.05909161069198198,-0.03572065060836697,0.0687925833483648,0.9969912816049964,129,88,162,162,129,89,151,162,230223_162954
0,0,0,0,0.4594870106731255,-0.3234415236732095,-0.1911502837506026,-0.14130087443228118,0.9885892578044688,0.052204810489861204,-0.9845950787084915,-0.14582464724193978,0.09647643878058641,0.10298831908373449,-0.03776839433141747,0.9939652682674245,162,90,116,90,162,162,112,120,230223_162954
0,0,0,0,-0.23228372671737116,-0.7039726059840722,0.44616609430111975,-0.8611594624023482,0.504619635273852,0.061346589236759515,-0.5072842300604419,-0.8608537358791098,-0.03991936065327198,0.032666347314686116,-0.06549709244742086,0.9973179235499834,162,162,162,112,99,159,162,162,230223_162954
0,0,0,0,-0.5729933017894608,-0.4547193682545722,-0.4633407966823858,-0.8564128320100037,-0.50918765848557,0.08535215061489784,0.507311727052824,-0.8606373261917063,-0.0440250424221338,0.0958742549555717,0.005596535676016467,0.9953777202776548,160,88,160,162,144,88,162,162,230223_162954
0,0,0,0,-0.1586378249557081,0.055517575966469,0.2744874033221274,-0.3820844977604771,-0.9228079289166681,0.0493656044190007,0.9235391997745923,-0.3793905146156814,0.05601949570778269,-0.03296639274821632,0.06699525168381637,0.9972085304493702,98,18,101,108,162,161,72,117,230223_162954
0,0,0,0,-0.2076044609873322,-0.5484948250493857,0.10893068635395564,-0.09709975903412502,-0.9509252482919396,0.2937904167198594,0.9395109884557101,-0.1849941071742311,-0.2882642587657783,0.32846725767797536,0.2480289347469824,0.9113676031996023,105,81,162,162,18,95,162,144,230223_162955
0,0,0,0,0.4550570635356863,-0.3294801506132592,-0.20250460912160673,-0.10043732280338188,0.9297584930552535,0.3542054330183465,-0.9695421281468783,-0.1713909783544067,0.1749662661404831,0.2233839876457406,-0.3258439459777399,0.9186540790379931,144,136,101,122,162,135,118,126,230223_162955
0,0,0,0,-0.2418348573571026,-0.6843940589695935,0.47147348667112665,-0.8593179334248399,0.5098768429320468,0.03997867351616094,-0.5102101569977946,-0.8600471126261987,0.002135359366685077,0.03547231301661044,-0.018562572693144864,0.9991982515518446,162,162,162,18,78,154,162,18,230223_162955
0,0,0,0,-0.23351980155696292,-0.5132120573220071,0.19534137313603672,-0.13180873900824833,-0.9825323905067389,0.1313642185915482,0.9873820416198911,-0.1418665021218636,-0.07036049646102874,0.08776764898065037,0.12043254203420199,0.9888340824484104,143,87,162,162,133,80,148,162,230223_162955
0,0,0,0,-0.5734897446763819,-0.45402664313793123,-0.46436127386520665,-0.8597903746983522,-0.5093371279853541,0.03655409185985255,0.5097297084463192,-0.8603329726784261,0.0016734543712769406,0.030596338070066464,0.02007152654716341,0.9993302746933912,162,136,109,138,162,144,58,146,230223_162955
0,0,0,0,-0.5726686557374818,-0.4557059199219273,-0.46482648910656243,-0.8548874050475442,-0.5177345905421973,0.03344276374911348,0.4715066866829842,-0.8022129485796172,-0.36624558638218535,0.21644622681929548,-0.29733025222351644,0.9299170672744909,144,149,156,144,124,162,141,109,230223_162955
0,0,0,0,-0.17648716490374905,-0.7987665968641993,0.295418089452666,-0.8533111657966735,0.4766863782050275,0.21125849370024102,-0.5203663705803749,-0.8041059059249995,-0.28745874908505303,0.0328465324764815,-0.35522357592129183,0.9342041085405061,117,71,144,162,108,84,162,152,230223_162955
0,0,0,0,-0.16121382672125395,0.05652173133640315,0.2762415401707775,-0.38516567689579,-0.9219936742257173,0.03968710154660873,0.9220541888189318,-0.38269585590713817,0.057965116690684416,-0.03825538161971361,0.058919831629643794,0.9975294377700662,146,93,105,145,162,132,105,153,230223_162956
0,0,0,0,-0.10309229153343391,-0.1426794813225622,-0.27035399045927044,-0.3839405400529788,0.9227663445591576,-0.03304444057261417,-0.9220810707730137,-0.38128274447454585,0.06625683125572841,0.04854029898876911,0.055908336720814765,0.9972552818908471,88,162,154,162,112,156,162,135,230223_162956
0,0,0,0,-0.1617997145207652,0.05792093751243488,0.2772609419566239,-0.3842899024213684,-0.9224250577003162,0.0381219598596669,0.9222576012134087,-0.38168743098928165,0.06128313005136207,-0.04197842185057092,0.058708755321244234,0.997392146624168,131,81,152,162,131,81,104,122,230223_162956
0,0,0,0,-0.23579475231739205,-0.513175375140162,0.19443301544039715,-0.14256076867693196,-0.9844970705754035,0.1021858368987216,0.987151331787554,-0.14894939363974932,-0.05784743973945569,0.0721711534084162,0.0926261095091495,0.9930819344107,162,148,140,154,162,128,103,154,230223_162956
0,0,0,0,-0.5742078087872944,-0.45231583651484997,-0.46666595214652984,-0.8616163638533123,-0.5050888505541358,0.050024939641123874,0.5048040816741596,-0.8630225523153628,-0.01910270452537062,0.0528212141596995,0.008793590903428752,0.9985652668172061,143,162,146,85,135,154,152,110,230223_162956
0,0,0,0,-0.1653904935929462,-0.7909351714974624,0.30723666913009384,-0.8502373776363608,0.4713120038747158,0.23443847097616893,-0.5223259174738332,-0.8106681706706752,-0.2645614352028272,0.06536082622766566,-0.3473933103343538,0.9354388544045924,112,80,159,162,100,61,162,162,230223_162956
0,0,0,0,-0.160891995228291,-0.7938734845618173,0.3087797063989157,-0.8491820747597404,0.47262808740725815,0.23561089724480005,-0.524443835776075,-0.8071305410313018,-0.27110690299399504,0.06203601392110901,-0.35378380506783386,0.9332676744902851,162,134,162,162,138,162,111,159,230223_162956
0,0,0,0,-0.23582598536468688,-0.504128597263388,0.21302376358148112,-0.14174969109240076,-0.9849047216257292,0.09934643624486275,0.9894231809523435,-0.14408859826893836,-0.01674051501712854,0.030802501024353033,0.09592270413326562,0.9949120769004701,162,158,148,100,124,146,142,102,230223_162957
0,0,0,0,-0.15999589189915786,0.05552633106787325,0.2775645592865109,-0.38642960315001823,-0.9212223858928124,0.0449608445124621,0.9217462483979578,-0.3840130019675213,0.05401729245514049,-0.032496390162768805,0.062316370640844235,0.9975272700916712,101,114,162,162,82,114,162,136,230223_162957
0,0,0,0,-0.2425287627407246,-0.6858182261286893,0.47682339633651627,-0.8572338184116567,0.5132743842065154,0.041226048668208455,-0.5141372676948285,-0.8576043372505002,-0.013329317177807038,0.028514041079223538,-0.03262218948127831,0.9990609301813278,162,113,109,157,154,162,162,162,230223_162957
0,0,0,0,-0.16020949914296118,0.05412078005300058,0.2727466112564285,-0.3835836325444585,-0.9220178304774611,0.052409132082419305,0.9229531629027172,-0.38077254358400364,0.05630034760495701,-0.0319539658237966,0.06996706606828025,0.9970373883330195,104,138,138,162,124,162,139,100,230223_162957
0,0,0,0,-0.2431883542276134,-0.6817367022814538,0.47473687351411553,-0.8599700249429997,0.5089688236170623,0.03744719996742533,-0.5088833290123547,-0.8607448246503189,0.012494170280369534,0.03859162671927789,-0.008311643853963251,0.9992204976498456,58,152,146,33,96,133,146,162,230223_162957
0,0,0,0,-0.5735053537154139,-0.45578321723297316,-0.4679248252614657,-0.8596254592489243,-0.5102049039519804,0.027111359140168774,0.5085709017113687,-0.8595473233566084,-0.05033921774297539,0.048986811935064364,-0.029484824806000398,0.9983641306470289,162,68,141,162,154,162,162,162,230223_162957
0,0,0,0,0.4595506851511156,-0.3253706493554681,-0.18924031073207126,-0.13317389514420935,0.9826970076949809,0.12872957981539893,-0.975365315309489,-0.15299767278410065,0.15891574438635764,0.17586135261432534,-0.10439493852663186,0.9788638727967647,162,162,156,88,162,162,153,103,230223_162957
0,0,0,0,0.4587317883354066,-0.32662374654332516,-0.19236336781261432,-0.12672117395604157,0.9895441857436729,0.06887705374138026,-0.9788973041692096,-0.13597575746734228,0.1525472427526475,0.16031784667171406,-0.04809259654118213,0.9858931433966217,82,142,162,129,84,127,162,162,230223_162958
0,0,0,0,-0.5745332011209017,-0.45268902429952695,-0.46520389853569544,-0.8604705929227145,-0.5078312452535646,0.0412041874018426,0.5066985167038189,-0.8614053961023077,-0.035176081873550875,0.05335702283094467,-0.00938988338793244,0.9985313506368136,162,88,162,162,154,157,162,162,230223_162958
0,0,0,0,-0.2441608909751269,-0.6844614762627402,0.4706319871984467,-0.8639338362489494,0.5010975558590645,0.050195279621150946,-0.5020214128361589,-0.8648269860579187,-0.006984643152149101,0.039910244777004784,-0.03123337474638238,0.9987149987177479,162,138,129,89,140,162,125,88,230223_162958
0,0,0,0,0.4575747440309901,-0.32732321512962653,-0.1966863637486107,-0.12359042949328522,0.9885682878271173,0.08636055835985985,-0.9796506415785449,-0.1354173297525688,0.14814441352082547,0.15814558543446802,-0.06629394471024841,0.9851878433589931,162,162,162,162,100,152,162,162,230223_162958
0,0,0,0,-0.2314183812094921,-0.6918966420160453,0.4648670208639486,-0.8626632546441836,0.49905183315945273,0.08221542985896281,-0.5022715014876608,-0.8643971225566517,-0.023258402978531895,0.05945963235704808,-0.06135863701200099,0.9963431486109563,127,88,162,162,138,83,162,162,230223_162958
0,0,0,0,-0.21303218578330135,-0.712546658183205,0.44086315556362177,-0.8608188717068036,0.493514779036097,0.12423378359519148,-0.5039557560939224,-0.8606313711684117,-0.07309062087970912,0.07084818990790864,-0.1255261161421445,0.9895573394973339,162,144,34,122,161,162,104,128,230223_162958
0,0,0,0,-0.19438325604650214,-0.7177627612129187,0.43696926855680307,-0.8598058941080494,0.4794513915429285,0.17567067941067085,-0.49867495062931033,-0.8624152917280309,-0.08696642000513985,0.10980490914304403,-0.16237680789202916,0.9806001500034981,133,162,162,131,91,158,162,18,230223_162958
0,0,0,0,0.45750807511289715,-0.3267041422644905,-0.19914216326671652,-0.10559867786942798,0.9942834364073762,0.015791368470440156,-0.9841717697366447,-0.1067711649439407,0.14144202342286313,0.14231952390894476,-0.0006053283854855549,0.9898205830815385,128,92,162,122,148,103,162,162,230223_162959
0,0,0,0,0.45695415873235967,-0.32823752164744,-0.20381261026696096,-0.10487229556313714,0.9944845526982822,0.001508664249176025,-0.9898184105631905,-0.10452679432257506,0.09661088644043175,0.09623573002517276,0.008638501788204677,0.9953210841499225,162,155,28,90,162,162,92,114,230223_162959
0,0,0,0,-0.16089132474926993,0.0560278922036902,0.27587702034116357,-0.3855776277436725,-0.9217015005344487,0.04238203506330941,0.922053600747844,-0.3832250061479854,0.05436682822100507,-0.03386813150289811,0.06004114069054872,0.9976211761450736,105,153,154,162,93,146,162,162,230223_162959
0,0,0,0,-0.1585830078196201,0.055464695983680756,0.2755104044005222,-0.3835630823407249,-0.922180412823107,0.049625075019441356,0.9230026589974174,-0.38100747637745214,0.053846025184612,-0.0307482251354298,0.06645742358749676,0.9973153751452611,150,88,153,162,138,155,160,162,230223_162959
0,0,0,0,-0.22763539552581036,-0.5402002943090203,0.10687280709069469,-0.09127889279808353,-0.9667779519870977,0.2387646441188247,0.9469203338340806,-0.15847884669391635,-0.27968971472351273,0.30823699502348806,0.2005613290297988,0.929927474697189,138,162,96,141,157,141,80,122,230223_162959
0,0,0,0,-0.15858405469939174,0.0539030745486756,0.2743022301017334,-0.3822917630765648,-0.9226096272863924,0.05142454202300905,0.9235409015891749,-0.3796605222250719,0.054130314571777124,-0.03041728087232168,0.06818624129727392,0.9972088174109194,103,160,162,162,104,154,162,18,230223_162959
0,0,0,0,-0.26127980126263717,-0.6529977864450301,0.5106408053158914,-0.8746811964707952,0.48225316654100964,0.04862805673258592,-0.48040036975924727,-0.8758819952161784,0.04523511016129047,0.06440721446853657,0.01620536384335781,0.9977921110667833,136,96,162,156,146,136,162,162,230223_162959
0,0,0,0,-0.28608835468866267,-0.6478270889062593,0.5111842078793697,-0.879752450128982,0.47521955188357806,0.01421281110916224,-0.4743147368420847,-0.8793409817265749,0.04224888484407106,0.032575403397005445,0.030427214195760173,0.999006019866651,162,162,115,91,162,162,111,103,230223_163000
0,0,0,0,-0.15909435452348109,0.0554165812135739,0.2740884762055654,-0.3848777757178586,-0.9216331786394697,0.0496123148964217,0.9222148912603306,-0.3818375601624186,0.06098993348830413,-0.03726650099177626,0.06922688552953547,0.9969046324617569,84,139,146,96,54,138,162,108,230223_163000
0,0,0,0,-0.16044350814428665,0.0560809535647126,0.27488238058626724,-0.38470782272735715,-0.9220908084462514,0.041814257273255495,0.9224468516161113,-0.38244501433252565,0.05317534161356649,-0.03304083951568503,0.059028399869319195,0.997709351932198,157,89,162,146,146,124,149,162,230223_163000
0,0,0,0,0.4560782985494726,-0.3298112061174917,-0.2048136309344153,-0.09326733446915068,0.9956361731144907,-0.003132907108573256,-0.9915986802416239,-0.09260493639243707,0.09031269622164159,0.08962846458625394,0.011529810999495509,0.995908530837158,151,162,129,81,162,162,123,99,230223_163000
0,0,0,0,0.45881951830702683,-0.32691720008117314,-0.19191685078303067,-0.09642196762991229,0.9902544529501719,0.10049339565728621,-0.9931452514725869,-0.10241964216646748,0.05632695958370723,0.06607052017222295,-0.09437338242771813,0.99334201111869,80,162,162,104,105,145,162,147,230223_163000
0,0,0,0,-0.572710937499195,-0.45384017060314286,-0.4682898232217274,-0.8846829748821983,-0.4661866345717861,0.0024608332360071,0.46619283339097684,-0.8846760368583673,0.00354286656035408,0.0005254031560917233,0.004281536547021543,0.9999906961548792,162,84,156,162,157,88,162,162,230223_163000
0,0,0,0,-0.1616943769977479,0.05726168701784007,0.27639976761813767,-0.3853761807535738,-0.9219260240657289,0.039212312583509455,0.9217261003315479,-0.3825862361812158,0.06362992890368659,-0.04365999628247454,0.06066447094510408,0.9972029014646743,162,154,49,98,18,162,111,119,230223_163001
0,0,0,0,-0.22796972505479995,-0.6726139795533763,0.49509663135356285,-0.8810784333767966,0.44219390187938445,0.16782534784404457,-0.4511018375902536,-0.8923070988159355,-0.01718061481393401,0.14215458614123438,-0.0908437919913833,0.9856670224247337,162,162,154,162,108,156,162,56,230223_163001
0,0,0,0,-0.2923292613262084,-0.6717981927000267,0.4585710316657948,-0.892073696273125,0.45095297596893824,0.0290849425366742,-0.4514318570388204,-0.8922189317870878,-0.012436085042688555,0.020342046801757142,-0.024223773972396317,0.999499579743008,116,100,100,106,120,88,160,162,230223_163001
0,0,0,0,0.457395261178828,-0.329118936077583,-0.19235671671824417,-0.08556102211802837,0.9892908491453515,0.11824942829201378,-0.9936929065943729,-0.09336539205879556,0.062107253599988956,0.07248254188523104,-0.11218965800365548,0.9910397377294607,162,148,64,122,162,162,72,132,230223_163001
0,0,0,0,-0.2552897352667822,-0.5123768046012386,0.16248449591776115,-0.063869377057862,-0.9803653451583291,0.18655962233782128,0.9826093448664472,-0.09443920386137081,-0.15987530189232188,0.17435474772822004,0.17310409234509824,0.9693479226562609,94,109,162,140,95,119,162,135,230223_163001
0,0,0,0,-0.2253412208480996,-0.7795292351747494,0.30108730180757015,-0.8860024485647803,0.41670870982247643,0.20335563010475238,-0.46102840619653684,-0.8385344665227893,-0.290366590938459,0.04952241731877811,-0.35101823259116893,0.9350581428828246,154,113,162,162,154,98,136,162,230223_163001
0,0,0,0,0.4574734324452363,-0.32969498072637066,-0.19540588221710065,-0.06334466512023715,0.9952731895170398,0.07361203454181056,-0.9890516789940766,-0.07245694148602355,0.12855647750887012,0.13328251828279175,-0.06466273934091105,0.9889663798436865,162,162,162,90,141,162,157,108,230223_163001
0,0,0,0,-0.2888773162777514,-0.6680688804088385,0.47129260285590635,-0.8947235236713166,0.44347293677609717,0.052929864314649765,-0.44467310348227407,-0.8955993165346375,-0.01294972054272744,0.0416610997049583,-0.03512290662623889,0.9985142633941181,101,125,162,146,109,117,162,152,230223_163002
0,0,0,0,-0.575329199325974,-0.4469075259763603,-0.47902708661408666,-0.8936782230136644,-0.444622040180535,0.06041916166944491,0.44193269882672387,-0.8954792310899146,-0.05303240890572151,0.07768348227820204,-0.020692705775573254,0.9967633061609049,162,18,162,162,162,115,162,162,230223_163002
0,0,0,0,-0.28287046981665775,-0.6737224858226216,0.4675277757445345,-0.8936443072181786,0.44401275557307524,0.06521138754041107,-0.4464819076597071,-0.8943134494677848,-0.02928071436255852,0.045318410266577784,-0.05528224841156122,0.9974417851190477,121,161,141,89,162,138,136,100,230223_163002
0,0,0,0,-0.2717027784514774,-0.49690971327063377,0.1790155330873735,-0.04520393627103145,-0.9851525965011041,0.1656229626372421,0.9906830480191396,-0.06552880833754755,-0.11938623725273088,0.1284667369909772,0.15868313358701266,0.9789361371416918,122,82,162,114,102,78,162,90,230223_163002
0,0,0,0,-0.5749021730068702,-0.4560119383534419,-0.455094984360745,-0.8938218943158518,-0.4353172867539307,0.10761636072093565,0.42718978670116564,-0.8995882037345587,-0.09082923449992417,0.13634994455384034,-0.03521254825804878,0.9900347312419596,162,162,156,162,146,162,96,162,230223_163002
0,0,0,0,0.45524359348649357,-0.3285581172020095,-0.1999287512112653,-0.01749851284351378,0.9416871128844929,0.336034497448601,-0.9616214204072322,-0.10789212044871405,0.25227670157796384,0.2738211932306231,-0.31872350363967294,0.9074344507265576,18,162,162,134,76,139,130,18,230223_163002
0,0,0,0,-0.574554511110366,-0.44817240387515633,-0.469113121885809,-0.8903652063259018,-0.45202956063495026,0.05402847097973877,0.4046840759934213,-0.8402410139157477,-0.3608681714576501,0.20852001822747263,-0.2994400020805686,0.931050528785846,162,18,162,162,162,124,84,151,230223_163002
0,0,0,0,-0.5759843916227784,-0.44849176947580965,-0.4696820908285201,-0.8922027250538472,-0.4499689017710582,0.0387593194656066,0.40472118632189796,-0.8346619474407553,-0.3735507928469721,0.20043716907970174,-0.31759631756894385,0.926799611738137,162,142,137,121,117,162,128,99,230223_163003
0,0,0,0,-0.2763586102961559,-0.6529149308102958,0.49741714363102396,-0.9012507548902922,0.4164845032654102,0.11953131535059403,-0.4206617260741662,-0.9071516606058888,-0.010935121228488802,0.1038787226817033,-0.06013753569728873,0.9927702089478084,72,134,162,140,74,122,162,140,230223_163003
0,0,0,0,0.45566979717840744,-0.3277435572915939,-0.1931548914930813,-0.05895018526825421,0.993180629555379,0.10058385920623396,-0.9913855992294517,-0.07005147628615248,0.11066790099478714,0.11695926340953024,-0.0931934962650915,0.9887545210802267,138,162,114,158,154,162,115,154,230223_163003
0,0,0,0,-0.3113967012902044,-0.6735564136832108,0.4409661065939684,-0.9002706659173396,0.4351649767839762,0.012007125773959963,-0.4353275554463902,-0.8998187842612158,-0.02856702574191674,-0.0016271317773723234,-0.030945087999068487,0.9995197616710282,162,146,138,161,156,162,140,104,230223_163003
