0,0,0,0,0,0,0,1,0,0,0,1,0,0,0,1,162,162,83,96,162,162,96,96,230126_161930
0,0,0,0,-8.125187387748867e-05,0.00025466306294742724,0.002992898036048519,0.9999263274064214,0.005150696632617369,0.010991364051137827,-0.006026781023591458,0.9966777260938909,0.08122307688584549,-0.010536492300551413,-0.08128333551539971,0.9966353403815719,162,162,138,162,123,162,102,102,230126_161930
0,0,0,0,3.446775733371987e-05,0.00011426122224995894,0.0014129447329189748,0.9997240727951437,-0.0019829297373162497,-0.02340611594320932,0.0017815967394690206,0.999961264771638,-0.0086194471611222,0.023422301060058194,0.008575368561311544,0.99968888103604,112,96,162,98,75,95,162,162,230126_161930
0,0,0,0,-0.00016060577388893327,0.00012949877915550967,0.002368401784379026,0.9995679771267034,0.002000744772910497,0.02932330341525871,-0.003887530380452031,0.9979147056375484,0.06442924320419141,-0.029133249224395023,-0.06451540353029996,0.9974913616152031,130,162,102,144,162,116,156,156,230126_161931
0,0,0,0,-9.318351256396018e-05,0.0001336123930203298,0.001618847319423633,0.999997211335131,-0.0011484135193463635,-0.002063605667149089,0.0011665722017029604,0.9999604230935676,0.008819940806566574,0.002053395056758631,-0.008822323555714134,0.9999589742463534,125,154,154,162,115,162,92,92,230126_161931
0,0,0,0,-0.00015308099104491268,0.00019849710072129823,0.002037122913767231,0.9992877830195006,-0.00302754693035232,-0.03761330439560077,0.00284040402216233,0.9999833260940633,-0.005027886120937145,0.037627899396092956,0.004917468193973719,0.9992797204454812,122,90,162,114,117,86,162,162,230126_161931
0,0,0,0,-0.0004298969536624675,0.00022126964620775014,0.0028304595400372445,0.9998963720077414,-0.00043797415115066316,-0.014389351076384473,0.0007092769617263119,0.9998219822652097,0.018854726342704044,0.014378531633935642,-0.01886297850048128,0.9997186833655468,162,137,65,146,162,128,154,154,230126_161931
0,0,0,0,-0.0005052453546209174,0.00041077356754745664,0.004894525769260083,0.9997844433766442,0.0009076945932387516,-0.020742296704524522,0.0004983694353789165,0.9977068363194168,0.06768175817312588,0.02075616558902452,-0.0676775062485684,0.9974913216354396,162,162,162,83,147,154,124,124,230126_161931
0,0,0,0,-5.6895049614716364e-05,0.0001790337491426458,0.0020783502268342247,0.9998071847517764,-0.0017125852775501371,-0.01956170673520206,0.001763603013215438,0.9999950879723196,0.0025910877340646742,0.019557173188850908,-0.0026250872177819963,0.9998052939917654,35,144,162,90,99,91,162,162,230126_161931
0,0,0,0,-0.00021696995764733384,0.00011962161704935637,0.001855496708986104,0.9998377596234657,0.0001559550950882204,0.018011943513590704,-0.0005861093477584693,0.9997146889110985,0.02387880338747187,-0.018003080485320806,-0.023885486249883663,0.9995525862302823,162,118,162,154,146,88,162,162,230126_161932
0,0,0,0,-0.0005257088963179779,0.0003846357619565338,0.004154681721209474,0.9994228891656667,0.0003320768151792486,-0.03396731276889521,0.0010149642155712264,0.999213826223853,0.03963204928752378,0.03395376944305657,-0.03964365280945273,0.9986368320528397,162,162,146,68,162,162,82,82,230126_161932
0,0,0,0,-0.00010762059044164274,0.00018922791508194092,0.0019061428756070864,0.9994060597127521,-0.0029790777601695247,-0.034331514751456946,0.0026078335224241234,0.9999377014503317,-0.010853221758795682,0.03436170853944791,0.010757244718102259,0.9993515671035519,59,98,162,161,92,101,162,162,230126_161932
0,0,0,0,5.0963128390854595e-05,0.00027617445309885413,0.003422664696985933,0.9999728899788966,0.00204014232722868,0.007075106114929745,-0.002513056780695549,0.9977167321072602,0.06749079210400676,-0.0069212609306301765,-0.06750674257060485,0.9976948109791072,146,162,143,162,162,136,162,162,230126_161932
0,0,0,0,2.5566927011666518e-05,9.476111975770252e-05,0.0012630709837424536,0.9999357938086472,-0.0002973948868127492,0.011327833709580805,0.00013214554029353294,0.9998936119597414,0.014585859578992406,-0.01133096632361068,-0.014583426153795346,0.9998294518985678,162,162,127,78,162,162,76,76,230126_161932
0,0,0,0,-0.0004362629732474199,0.0003954001214440256,0.004193242577309242,0.9999812579055275,0.001256355041529435,-0.0059921122893546765,-0.0010111438154271136,0.9991688122289769,0.040751223995350284,0.006038329724612252,-0.04074440134477751,0.999151356068335,69,112,162,153,64,113,154,154,230126_161932
0,0,0,0,-0.0005894755849528976,0.0006025424950419217,0.006396054155161979,0.9965455778825593,0.0010828519025137544,-0.08304058426139226,0.006040741948364525,0.9963211259454968,0.08548522346822042,0.08282765624735157,-0.08569154816232201,0.9928728709830454,162,116,134,162,162,104,162,162,230126_161932
0,0,0,0,-5.0375809919664394e-05,0.00018365354830421343,0.0019610131752936244,0.999935675817298,-0.0011685975186085653,-0.011281782112879718,0.0011783107959607315,0.9999989408244158,0.0008543615828769204,0.011280771758665892,-0.0008676000724276737,0.9999359936809172,159,162,118,77,162,114,58,58,230126_161933
0,0,0,0,-6.276907621191596e-05,0.00014557180378466095,0.0013339966519980706,0.9992915961338763,-0.004298385698420577,-0.03738756178995525,0.00363675355507064,0.9998359021797122,-0.017746626047252138,0.03745770841615636,0.017598084920494486,0.9991432467305884,64,114,162,162,99,115,137,137,230126_161933
0,0,0,0,-0.0004292896291202969,0.0005128257029961697,0.00511846823632478,0.995800134128228,0.0011459099810468257,-0.09154659884735412,0.006362242794996718,0.9966382510945542,0.08168058717838825,0.09133244076898722,-0.08191998135683455,0.9924452135597589,162,108,114,162,162,106,162,162,230126_161933
0,0,0,0,9.836905125847062e-05,2.071242621602687e-05,-0.00013595870430815893,0.9974453396821875,-0.006580692512872525,-0.07113008387691161,0.004215843578199248,0.9994349772708582,-0.03334595733402456,0.07130933325455806,0.03296089643273465,0.9969095035644615,162,122,125,76,162,162,26,26,230126_161933
0,0,0,0,-4.3636274475525316e-05,0.0001272170743451123,0.000734053674066315,0.9999581323588831,-0.002564164951534735,-0.008783996097184846,0.002481662479850998,0.999952829561108,-0.009390420867563096,0.0088076603403025,0.009368228799254676,0.9999173272868587,132,82,162,90,95,90,90,90,230126_161933
0,0,0,0,-0.0005392505020836713,0.0006059996096971637,0.005648378367937079,0.9986673872446047,0.001906108493715031,-0.05157340791963,0.0027621630790218574,0.9959112744470946,0.09029453961501789,0.0515346495977149,-0.09031666612299934,0.9945788453970191,146,162,114,162,162,117,162,162,230126_161933
0,0,0,0,8.541081748519863e-05,0.00020267591511695382,0.0017450265282188404,0.9991622429084265,0.00196219357948426,0.04087740381382727,-0.004177514520841056,0.9985224694189525,0.05417957583724909,-0.040710695383771485,-0.05430495246137948,0.9976941472312731,158,146,141,85,162,162,72,72,230126_161933
0,0,0,0,-0.0004923070587011247,0.00011716889551977028,0.0010020393478336054,0.9996701818851507,0.0016661105509928845,0.025627163817749196,-0.0029716394987807098,0.9986947538411337,0.050989783377517355,-0.02550875944453532,-0.0510491207155298,0.9983703173000348,98,114,162,136,65,114,162,162,230126_161934
0,0,0,0,-0.0004980222806772322,0.00012031750706519018,0.0011407375726502078,0.9998750226923075,0.0012798233236645416,0.015757571142709616,-0.0019132247960288575,0.999187912359568,0.04024742681723285,-0.015693265018383272,-0.04027254457802315,0.9990654851341199,146,47,162,154,146,84,162,162,230126_161934
0,0,0,0,-4.7447803443179115e-07,2.987358688542885e-05,-0.00015101079043966514,0.999997377374766,-0.0010599764892105128,0.002030195417241579,0.0010709734971384446,0.9999847202019698,-0.005423318020909435,-0.002024415806670002,0.005425478083064617,0.9999832328235368,162,162,122,74,162,162,70,70,230126_161934
0,0,0,0,0.00021152653169836944,4.0046834634183126e-05,0.0002776471788930035,0.9990005695118787,0.003406302796484409,0.04456746813765515,-0.005056831577555137,0.9993034249780166,0.036974224557129225,-0.044410478148050665,-0.03716264157004233,0.9983219157677539,57,114,162,160,48,112,136,136,230126_161934
0,0,0,0,0.00011198415645269355,-2.50084223075292e-05,-0.0008132899907438151,0.9998517245397023,-0.0033874105680952336,-0.016883553672902993,0.00286047535969631,0.999511033271394,-0.031136988445683227,0.016980771940615945,0.03108407660512376,0.9993725199173268,162,104,138,154,157,99,162,162,230126_161934
0,0,0,0,-0.0004276412747692415,0.0005425669235987474,0.004972281862801964,0.997843008355028,0.0016661802788471103,-0.06562434396064956,0.003360147933950739,0.9970710027277007,0.0764076234772443,0.06555943931158374,-0.07646332037556808,0.9949147302931514,137,137,64,76,162,162,59,59,230126_161934
0,0,0,0,-0.00020406136718154055,0.00010950038827883812,0.00041093894053800817,0.9995515869693462,-0.004185919752242914,-0.02964967222229156,0.003563314045647767,0.9997726940557554,-0.02102053789772287,0.02973092296033939,0.020905460921139506,0.9993392986986958,67,138,162,141,87,136,162,162,230126_161934
0,0,0,0,-9.875424174446423e-05,0.0002414500478289533,0.0017645217426704995,0.9999784013237379,0.0004544546999241767,0.006556703207206528,-0.0005918644252446327,0.9997799209328655,0.020970441005768076,-0.0065457300986066745,-0.020973868751377116,0.9997585959855891,151,89,148,146,138,158,162,162,230126_161935
0,0,0,0,-2.490513966182939e-05,0.00022644935189811144,0.0016707792410624034,0.9999401622435363,-0.0013815502558637727,-0.010851877775785956,0.001471363952132515,0.9999646980656735,0.008272708779291843,0.010840065520578718,-0.00828818082073091,0.999906895184843,82,162,128,128,126,126,124,124,230126_161935
0,0,0,0,-0.0005211612775964519,0.0005611905326945027,0.005093970462846542,0.9971541878031788,-0.00011586635218900767,-0.07538907295868756,0.005327046041293304,0.997607525265094,0.06892639635820047,0.07520072025623047,-0.06913184584142279,0.9947691388274478,80,136,138,162,93,132,129,129,230126_161935
0,0,0,0,-2.4332862111217657e-05,0.0001032946030075782,0.0004764225686328949,0.9999674839119147,-0.001470210370235098,-0.00792903527179592,0.0013827845621947404,0.9999383189075843,-0.01102026710789757,0.007944748311223365,0.011008944624354531,0.9999078378093299,149,87,129,146,143,88,162,162,230126_161935
0,0,0,0,-0.00016005162949159213,0.0004647656104560388,0.004308052156071218,0.9999927133183388,0.0031518711090481196,-0.0021538381411717288,-0.0029367548750910476,0.9956175298685146,0.0934725076657344,0.0024390123062519474,-0.09346550126666579,0.9956195313933636,162,140,66,122,162,131,138,138,230126_161935
0,0,0,0,-6.041793197519851e-06,6.940408390239405e-05,0.00025493586899094645,0.9999974936893274,-0.002140830086445815,-0.0006553332008770408,0.002136280477237091,0.9999741458321685,-0.006866146877777444,0.0006700155115963793,0.006864729693557095,0.9999762129998137,71,147,162,131,69,146,32,32,230126_161935
0,0,0,0,-0.0003863224541225674,0.00028233415587987365,0.0021887366227726357,0.9999814030060654,-0.0011656368933021376,-0.005986228583504819,0.0012518051891213771,0.9998953739256902,0.014410905098989834,0.005968804385258943,-0.014418130691479243,0.9998782380277981,147,91,162,146,138,162,162,162,230126_161935
0,0,0,0,-0.00040558999926831873,0.00047758633810385254,0.004402947585612438,0.9997435244170104,0.001974164112058053,-0.022560763779458638,-7.286462299573763e-05,0.9964685820027578,0.08396642050342781,0.022646855786192244,-0.0839432412852304,0.9962131559889826,162,162,162,114,162,162,133,133,230126_161936
0,0,0,0,-8.809539374358966e-05,0.00017374704256781226,0.0012621273329136429,0.9999978739930231,-0.0016627785108711533,0.0012194986912271474,0.0016411989098192605,0.9998457266239441,0.017487979242189415,-0.0012483891911294733,-0.017485940622701056,0.9998463298952329,66,146,138,162,104,144,93,93,230126_161936
0,0,0,0,-5.925613437653132e-05,0.00038411733277608773,0.00359800212218242,0.9999922737550069,0.001632899059902279,-0.003575761590419039,-0.0013553078925745367,0.9970837891491858,0.07630255930451602,0.003689928293025614,-0.07629712351434392,0.9970782985165354,138,162,124,162,150,94,162,162,230126_161936
0,0,0,0,5.838529855631269e-05,3.159479062085635e-05,-0.00032101178691235077,0.9996117969300903,-0.003678393968671545,-0.027617473744129196,0.0030007267334088397,0.9996943674530632,-0.02453909781737082,0.027699297414696837,0.024446699172492134,0.9993173208857645,162,162,100,115,162,156,124,124,230126_161936
0,0,0,0,-0.0004055305978682422,0.00013240258636289248,0.0010363162136728388,0.9999955603755296,9.881341966216288e-05,0.0029781647265625776,-0.00019184991133590823,0.9995114102349058,0.03125546358384478,-0.0029736211665185776,-0.03125589618196256,0.9995069917369366,105,153,162,162,93,148,153,153,230126_161936
0,0,0,0,-0.00042687041016080396,0.0005341683802418812,0.00484193412657663,0.998013269735582,0.0014586894589122545,-0.06298718644895067,0.004045546364841318,0.9961851795275031,0.08717064669007855,0.06287405654403364,-0.0872522797113007,0.9942001270865332,140,86,147,162,138,162,162,162,230126_161936
0,0,0,0,5.5881294866722e-05,0.00027299939496325254,0.00241388899539019,0.9997018852297876,0.00169113240569681,0.0243573549301853,-0.0031390299892692496,0.998221640427026,0.05952901035548653,-0.024213367356381677,-0.05958772234582863,0.9979293643274065,162,152,108,124,162,162,134,134,230126_161936
0,0,0,0,3.5543320306807846e-05,4.611494966723362e-05,-0.00015016939767442672,0.9998248620668084,-0.0030549850710979965,-0.018463809447192333,0.002717230063764179,0.9998290262158612,-0.01829029789320856,0.018516529206831295,0.018236924150116622,0.9996622193239453,76,148,162,135,88,146,128,128,230126_161937
0,0,0,0,-8.45047283177941e-05,0.00021974900526273988,0.0017637489654229732,0.9997796130577564,0.0011878031438178,0.020959829144673647,-0.0019137138816050499,0.9993977651321075,0.03464743494297214,-0.02090605207258719,-0.034679910216718714,0.9991797840299307,146,143,119,162,154,95,154,154,230126_161937
0,0,0,0,-0.00018937637419298714,0.0002778143111433623,0.0020866819574958395,0.9999458580049058,-0.0017562364679891552,-0.010256543877011626,0.0019481078137294028,0.9998227311661366,0.01872728275627807,0.01022183617451612,-0.01874624967709575,0.9997720201067168,18,162,103,109,162,90,114,114,230126_161937
0,0,0,0,-0.0005511992756361134,0.0005945619678804498,0.005597584335168548,0.9993468845320751,0.001003154640896389,-0.036121988549930754,0.0022223406212630963,0.9960162964346383,0.08914369545172,0.03606751416715557,-0.08916574968782785,0.9953635534338243,91,146,146,34,94,140,34,34,230126_161937
0,0,0,0,-0.0004125340486616502,0.0003845678823456711,0.003111503780505842,0.9994895366713136,-0.0021451395507573407,-0.031875766043661005,0.0026709059345094853,0.9998609441488223,0.01646082097935352,0.031836022773761144,-0.016537555506576585,0.9993562812690054,138,155,162,162,141,93,162,162,230126_161937
0,0,0,0,-0.00019831824614680027,0.00030913934309158286,0.002409730191949455,0.9999283378768757,-0.0015404697300414028,-0.01187207074605356,0.0018616882805633104,0.9996311762168346,0.027093276879946844,0.011825955671085854,-0.02711343741317723,0.9995624083988489,162,135,98,135,162,162,147,147,230126_161937
0,0,0,0,-0.00046696603993676145,0.0005559159469722408,0.0051573439917731445,0.9984396193047566,0.001939571469849509,-0.05580828491438916,0.0034214488343740665,0.995394180120509,0.09580563589942657,0.055737063884331535,-0.09584708782604243,0.9938343501131468,162,162,162,108,118,162,78,78,230126_161937
0,0,0,0,-0.00031681474624348227,0.00034956812600968334,0.0027334619592440657,0.9999561929991904,-0.001235376060581889,-0.009278250295952488,0.0014761314920890016,0.9996612038787691,0.025986506026540727,0.009243003753297105,-0.025999063553103517,0.9996192352971097,114,18,153,162,120,84,162,162,230126_161938
0,0,0,0,8.513942982733835e-05,3.4764938470446816e-05,-0.0005272428070377533,0.9996330317974325,-0.004200226869975059,-0.026761162787027126,0.00338689062436767,0.9995331213859026,-0.030365576306952267,0.026876210881960204,0.030263795974654364,0.9991805502219472,162,101,75,154,138,162,162,162,230126_161938
0,0,0,0,-3.261267731258233e-05,0.0004518303116701067,0.0038237170186323777,0.999833668808129,0.0006731307995484479,-0.018225850120188253,0.00019630490782079538,0.9988636126679206,0.04765967637713971,0.018237219691061245,-0.04765532691019161,0.9986973383538292,162,146,141,75,162,138,65,65,230126_161938
0,0,0,0,-0.0005246531141013672,0.0005798165154815987,0.005253040281236521,0.9992504476621137,0.00014096475727734732,-0.038710760467889106,0.0027249010410541137,0.9972567410473111,0.07397004359882613,0.038614993996911935,-0.07402008217121205,0.9965088608105729,75,106,162,162,84,104,153,153,230126_161938
0,0,0,0,-0.0005292589904252049,0.00042816625974645417,0.003939672565354435,0.9998321177549216,0.0018341890390576247,-0.01823107392002868,-0.000570731959109312,0.9976118338325041,0.06906738204375944,0.018314217721196777,-0.06904538180006518,0.9974453993484275,162,108,162,154,162,107,162,162,230126_161938
0,0,0,0,-7.70451791588661e-05,0.0002397280169506577,0.0018635751357278796,0.9999970070738312,-0.00013654702074840768,0.002442784945696743,8.763538879100495e-05,0.9997997398291212,0.020011810454358587,-0.002445028306263415,-0.02001153648607911,0.9997967594686672,162,162,121,64,162,162,38,38,230126_161938
0,0,0,0,-0.0001670848775536804,0.000333603524071302,0.0024886613814121272,0.9995024363802918,-0.0026522546521415263,-0.031430005013047504,0.0032601600338922447,0.9998083040329827,0.019306127090733566,0.03137277524245203,-0.019398987910464335,0.9993194825688311,85,108,162,156,90,106,162,162,230126_161938
0,0,0,0,-0.00026614596502462506,0.00019707265725715795,0.001016413308972286,0.9994939900632552,-0.004198979595020907,-0.031529865172464165,0.003927274640974417,0.9999546648499154,-0.008674373682632658,0.031564859279387444,0.008546157923429137,0.9994651683992897,154,162,127,162,162,122,162,162,230126_161938
0,0,0,0,9.558285581516557e-05,-2.1760362666378708e-05,-0.000978207509814366,0.999915600383658,-0.0026932140652753235,-0.012709787857685388,0.0023921140539592033,0.9997175221304546,-0.023646431775135552,0.01276988252653935,0.02361403276320862,0.9996395888303528,162,90,82,47,162,90,64,64,230126_161939
0,0,0,0,4.190216555598203e-05,0.00020325753374250688,0.0012927244258669202,0.9999884872619498,-0.0003318573093356268,-0.004786983839912232,0.0004007572465768722,0.9998962427706078,0.014399412725890766,0.004781708605368626,-0.0144011653676871,0.9998848642213092,121,121,162,154,92,101,162,162,230126_161939
0,0,0,0,0.00015641684041335646,1.539686796468709e-05,-0.0010352574446257368,0.9993914017282967,-0.005129063145311389,-0.03450389634231515,0.003934200290836188,0.99939318601733,-0.03460898453006116,0.03466047056260785,0.03445217632286577,0.998805135813286,162,116,124,162,146,38,162,162,230126_161939
0,0,0,0,-0.00018579139149990653,0.0003767094415452338,0.00243577069616685,0.9994392188583929,-0.002999565954820587,-0.03335041846525684,0.0032519668696013282,0.9999664630314248,0.007516483479738731,0.03332675380537503,-0.007620722833488501,0.9994154551858258,162,162,112,72,162,157,76,76,230126_161939
0,0,0,0,0.00029993099927128064,8.306965545738787e-05,4.146527883075457e-05,0.99955180263435,0.0004216726975829889,0.029933527065110876,-0.0009271160579860131,0.9998571998953169,0.016873656192774363,-0.029922137394187545,-0.0168938453181342,0.9994094574718265,100,108,162,162,99,107,162,162,230126_161939
0,0,0,0,5.647597939326121e-05,9.172486146773184e-05,-0.00014842724961305898,0.9996030766105771,-0.0036810571581015164,-0.027930969350658825,0.0030454056715243224,0.999736172247652,-0.022766453476750066,0.02800740500232931,0.022672355806399234,0.9993505638899813,154,162,129,162,146,41,162,162,230126_161939
0,0,0,0,-0.0008801120368276405,0.000395293610710043,0.0033418686092856476,0.9998931770391918,0.003167400953793563,0.014268920129740407,-0.004364281816447317,0.9964014963392732,0.08464638880120103,-0.013949464315794786,-0.0846996202119902,0.9963088812116688,162,162,73,66,18,18,75,75,230126_161940
0,0,0,0,-1.4536539384740754e-05,0.00031599457282120713,0.002055136435297422,0.9999841221631613,-0.0008019140800600645,-0.005577845048020738,0.0009003838856037956,0.99984340278893,0.017673686890716838,0.005562798794678194,-0.01767842847259765,0.9998282494690323,88,137,138,162,87,136,139,139,230126_161940
0,0,0,0,-0.00044857871056262766,0.00011227262747945388,0.0002695500903209247,0.9998789564155391,0.0011850073121834276,0.015513486875682676,-0.0015203593668970045,0.9997650419207782,0.021622892048460837,-0.01548421857141634,-0.02164386081118559,0.9996458284134531,146,139,148,162,152,96,162,162,230126_161940
0,0,0,0,-0.001269122413398105,0.0006388832149996498,0.005477833138161969,0.9979005240180164,0.0006445183406308253,-0.06476209354766077,0.0034346997476195017,0.9980166549101884,0.0628566572410664,0.0646741602358398,-0.06294712954524452,0.9959191291866037,18,82,86,108,162,162,122,122,230126_161940
0,0,0,0,-9.293355752913735e-05,0.00034342605280537897,0.0021727194309009157,0.9993504511385956,-0.0030036591662561704,-0.03591175073284471,0.0031981948992368236,0.9999805163236859,0.005360832249049451,0.03589494892699396,-0.005472202904582532,0.9993405864053054,80,129,162,162,86,128,162,162,230126_161940
0,0,0,0,0.00020478417582543706,0.0006685930961053965,0.00333576650823475,0.9999402129765996,0.0035958409156878236,0.010326683902479275,-0.004443153935800742,0.9965198814102285,0.08323691691339487,-0.009991439106326733,-0.08327782347212076,0.9964762793274765,146,84,116,162,162,118,162,162,230126_161940
0,0,0,0,0.00017784976700464805,0.0009457297817419275,0.0034527453126340646,0.9922935228260453,-0.007312109937451691,-0.12369356331571575,0.01542963613987919,0.9977792320326891,0.06479606818972578,0.12294507263842382,-0.06620526544406628,0.9902026923521333,162,122,123,60,162,114,55,55,230126_161940
0,0,0,0,0.00036272385535308926,-0.0034523999376182696,-0.004595931959742394,0.9980656838164076,-0.02981323987026157,-0.054553290611332586,0.029578425322977036,0.9995494169290908,-0.0051068456141736135,0.054680961435396545,0.0034833669275850508,0.9984978010047637,64,108,162,162,18,114,154,154,230126_161941
0,0,0,0,0.00569757784438317,-0.003323983844923953,-0.02026398111944161,0.9957011136107853,-0.05157781605896292,0.0769351756014761,0.045229090372269014,0.9955975732099965,0.0820962946938735,-0.08083082171015751,-0.07826366403992363,0.9936504300571237,162,120,125,154,146,162,154,154,230126_161941
0,0,0,0,0.020480544375513943,-0.005252620764111857,-0.050992346982869696,0.9407136302786246,-0.09001282389779114,-0.3270406050354546,0.13037403498401806,0.9860349591379577,0.10362273090298252,0.31314609499400925,-0.14011691864921663,0.9393118610441644,162,162,154,18,162,162,66,66,230126_161941
0,0,0,0,0.04142847498650994,-0.015973612267560167,-0.05370389601028469,0.9737007193914622,-0.19387178688990328,-0.1196688735831722,0.21020320968579717,0.9670442079952367,0.14366666426368302,0.08787217815860884,-0.1650431156727865,0.9823641128800874,108,100,162,162,82,106,162,162,230126_161941
0,0,0,0,0.05448020146067194,-0.16015328278965213,-0.07283537272704943,0.736482121931284,-0.6458846636707891,-0.20106487836135079,0.6762336083392034,0.6953264249969424,0.24337064254653465,-0.017383642545069373,-0.31520495544303107,0.9488643976016923,162,18,162,162,162,162,162,162,230126_161941
0,0,0,0,0.05704641568862791,-0.18404363958691944,-0.07527637087397854,0.6244775898898185,-0.7803337783153808,0.033270619853640375,0.7478704007334657,0.6096947251076665,0.2626065610045793,-0.22520569138493887,-0.13910980050280053,0.9643292279983547,162,154,162,18,162,162,18,18,230126_161942
0,0,0,0,0.04935827038818704,-0.19015378576589875,-0.0656596228049684,0.5753021667570618,-0.816465295422983,0.049110470314282235,0.7631041047079357,0.5573782753488876,0.32711096518918326,-0.2944478600746313,-0.15071124556236493,0.9437089478003856,162,18,162,162,154,162,162,162,230126_161942
0,0,0,0,0.042740729352046314,-0.18477006337078034,-0.05895488093091528,0.5708545236045043,-0.8148917410516577,0.10038208628073199,0.7476432907867264,0.5664471834901582,0.34665126288196546,-0.3393444011942275,-0.12283744820642076,0.9326072799931738,157,162,136,93,153,162,54,54,230126_161942
0,0,0,0,0.04405491748428904,-0.18322760159799975,-0.05458102225901351,0.5332867564297615,-0.8358609201051883,0.1301605072882416,0.770074115093957,0.5433671676575569,0.3342723117071823,-0.35013010821533636,-0.0780297594044284,0.9334453727821485,87,128,138,162,84,135,109,109,230126_161942
0,0,0,0,0.040790884325052214,-0.17970164873565497,-0.049880633648564876,0.5318874463838869,-0.8322520611696014,0.15637215563577114,0.7595711586023328,0.5505192687718019,0.3463815666724626,-0.3743626575911879,-0.06546022754245923,0.9249689504039326,162,93,162,162,158,108,146,146,230126_161942
0,0,0,0,0.03752333983659077,-0.18253891730587005,-0.04759375940258925,0.5151725891476796,-0.8410877192945116,0.16482915956478258,0.771170483611491,0.5388016732706298,0.33910004731227694,-0.37402311238384073,-0.04758366665911743,0.9261978763039672,162,130,139,92,162,122,49,49,230126_161942
0,0,0,0,0.04161497614387268,-0.18991157408900064,-0.04513636428859469,0.4787609462320444,-0.8624823631151424,0.16404916847797663,0.7994399442419974,0.5055055834399803,0.3245918678299813,-0.36288253183826374,-0.024254451680528713,0.9315191837317837,52,152,162,138,43,154,162,162,230126_161942
0,0,0,0,0.043930052841607,-0.19118367300429273,-0.04658844684548891,0.4591353811790547,-0.8688239216335701,0.1853097270701895,0.804476390837484,0.4951186599655183,0.3281390698149874,-0.3768453772234175,-0.0015829564787394586,0.9262748274211746,146,80,162,146,150,94,162,162,230126_161943
0,0,0,0,0.045615626793450645,-0.20103806860846235,-0.026957035565273735,0.42511552055430624,-0.8834321918644705,0.19703897218920147,0.8164154412449655,0.468243394772832,0.33795554522511007,-0.3908230053113929,0.01719551188971445,0.9203052172460078,162,162,133,89,149,162,74,74,230126_161943
0,0,0,0,0.21118244544594172,-0.2567092632336996,0.08921626524849602,0.06620451096919969,-0.9032714296147665,0.4239312292919983,0.9868219888138552,0.12213965943356879,0.10613324637887264,-0.14764594515527946,0.41131815913614567,0.8994543050339227,84,126,162,144,18,162,68,68,230126_161943
0,0,0,0,0.23636422726146444,-0.25179205199207066,0.08412537121000896,0.07685830206296426,-0.9491345679661548,0.3053463169840092,0.9915239233181801,0.10493625637749722,0.07660738597027933,-0.10475261758887604,0.2968702645755838,0.9491548530767262,162,162,123,107,162,130,53,53,230126_161943
0,0,0,0,0.24886275953900006,-0.24949568285572973,0.09779165158460201,0.06292715817763217,-0.9927633613133031,0.10227942704962431,0.9953224876683683,0.06995395093841165,0.06663025056050571,-0.0733029215334335,0.09760816145189129,0.9925217017842204,128,80,162,162,64,89,90,90,230126_161944
0,0,0,0,0.25263987080295475,-0.24797906784397925,0.10669282851398121,0.042916303639328815,-0.985668662851558,0.1631425081159352,0.9990234891695815,0.04062169939070621,-0.017376582691824714,0.01050042710424898,0.16372893638887465,0.986449479912477,162,162,118,162,158,152,147,147,230126_161944
0,0,0,0,0.2525686704907248,-0.2481705302226777,0.10755836179368994,0.0354400035305407,-0.996698512697929,0.07304848345784563,0.9981728354454044,0.03888219176550133,0.046251116120508196,-0.048938703789916806,0.0712758721395022,0.9962553655173538,151,162,146,160,162,162,18,18,230126_161944
0,0,0,0,0.25348933343904667,-0.24817552982759455,0.10245790503526586,0.045977620348021525,-0.9692405594505498,0.24178253936774816,0.9987815075684054,0.048948205572168946,0.006290732123345745,-0.017932054163318854,0.24119869628015864,0.9703100691769799,162,76,162,162,121,73,162,162,230126_161944
0,0,0,0,0.25737047241780453,-0.25061951142630995,0.11033637332224955,0.05069791647534536,-0.9933173128401026,0.10368431548298539,0.9958223784163301,0.05817247212531267,0.07038291079568372,-0.0759441367736994,0.09968289471592447,0.9921168321275231,162,125,101,141,74,162,132,132,230126_161944
0,0,0,0,0.2570737068199262,-0.24925823671999037,0.10440445329938819,0.054836501836245145,-0.9984318412757432,0.01126127848388371,0.9984270855427115,0.054961141030353294,0.01107374513561153,-0.01167531246050178,0.010636320010685804,0.9998752701090171,152,160,162,132,162,162,18,18,230126_161944
0,0,0,0,0.2589731907483949,-0.24825576396588558,0.10486740193463384,0.03089907225496774,-0.990734244704144,0.13225318031824773,0.9967801940663367,0.04033810249171801,0.06929705768965592,-0.07398981045291395,0.12968613595090395,0.9887906826478826,162,18,162,162,149,93,154,154,230126_161944
0,0,0,0,0.2592050402348932,-0.24724412226550835,0.10180308641297153,0.03289362902917363,-0.9961785654044231,0.0809090538696143,0.9971328303152731,0.038229117648794095,0.06530431280739811,-0.06814783838642963,0.07852897804364779,0.9945798468351736,162,132,111,134,162,154,124,124,230126_161945
0,0,0,0,0.26100074700343867,-0.25105486350392675,0.10862340738692855,0.04134359076259576,-0.9939663403162431,0.10159538287338496,0.9954877808652586,0.049670826437090296,0.08085101823118208,-0.08540951733160358,0.09779429083229317,0.9915349166972344,112,160,162,136,162,162,18,18,230126_161945
0,0,0,0,0.26711543806502797,-0.2583608181695175,0.1157620155483301,0.09026861217701927,-0.9608044941891466,0.2621188692207647,0.9722700696970653,0.028004893172360254,-0.23217802981692418,0.21573708356909507,0.27580871977575727,0.9366894153713701,162,18,162,162,123,68,162,162,230126_161945
0,0,0,0,0.27196948318453357,-0.2619936446758909,0.13697033653426938,0.0805777826609141,-0.9959654252674615,0.03949800771248478,0.9967176501205035,0.08082289385362106,0.004646048577879234,-0.007819647032456484,0.038993993139088946,0.9992088478488151,159,162,144,89,162,162,18,18,230126_161945
0,0,0,0,0.26618738778663986,-0.2611801435175056,0.11576786113525994,0.0973750103609652,-0.9943883260322481,-0.04135171590133559,0.9920982309170625,0.09368017451345974,0.08345732510908098,-0.07911515384828008,-0.0491516220882952,0.9956530070650379,146,47,162,162,130,90,138,138,230126_161945
0,0,0,0,0.2643888070342588,-0.26224321222047514,0.12126013235804645,0.10588573073952762,-0.9938920877135192,-0.031092282100506193,0.9935042363899124,0.10443018509808542,0.04520695428445363,-0.04168386139806757,-0.03567708537480096,0.9984936661181711,162,162,110,146,162,152,154,154,230126_161945
0,0,0,0,0.27141372424294524,-0.26410641191317263,0.14678962457232303,0.10217281810837735,-0.9835757242073457,0.14879351460930143,0.993426939067173,0.09312703461863431,-0.06656028965356264,0.051610386313404866,0.15461613813937944,0.9866256726091439,141,162,138,162,162,162,18,18,230126_161946
0,0,0,0,0.2685397578780378,-0.26002797483722745,0.11326575699923458,0.10009200161579154,-0.9906376286122521,-0.09283684607976159,0.9934441717263691,0.09432251371712627,0.06459056486044368,-0.05522923931626287,-0.0986932225817736,0.9935841076330537,162,56,162,162,146,135,162,162,230126_161946
0,0,0,0,0.26534023315782745,-0.2611403375099013,0.1151596789202578,0.10293507507741759,-0.9912191698601706,-0.08299956397788477,0.9935233520662982,0.0984191134529283,0.05678932123284584,-0.048121920345661144,-0.08830761806804775,0.9949301711041805,162,142,151,122,162,150,136,136,230126_161946
0,0,0,0,0.26450268968774954,-0.26157958477247084,0.11980673225565508,0.14541756537987055,-0.9348875615270863,0.3237884787649623,0.9572788979713238,0.05027609445966804,-0.28476205123697634,0.2499416795530487,0.3513652823313935,0.9022591618788812,128,136,159,127,73,162,162,162,230126_161946
0,0,0,0,0.27027304400449154,-0.26277539736624145,0.13695468683714407,0.09942234075604953,-0.9935964075787695,0.05367845941484811,0.9926809241642496,0.09532500549138906,-0.07414665284743102,0.06855494846470793,0.06065741648496235,0.9958016353001089,162,40,162,162,162,119,162,162,230126_161946
0,0,0,0,0.26799199042649563,-0.2612317156482621,0.11948338293701144,0.09737888856117118,-0.9926028333559733,-0.07250494656424841,0.9939859709233312,0.09333033014789034,0.057282973753880244,-0.05009233145096095,-0.07764705202504035,0.995721694873436,162,162,138,77,162,162,52,52,230126_161946
0,0,0,0,0.2655281802914967,-0.26116587789314044,0.11448582391597717,0.09941863296490515,-0.9943155954032714,-0.03811078793762796,0.9922611264900202,0.09620433127555182,0.07850212417877817,-0.0743894634753196,-0.04562042724110835,0.9961852158821637,129,78,162,162,114,90,114,114,230126_161946
0,0,0,0,0.26690140583207767,-0.26119440992045806,0.11812905505121685,0.09522619645752727,-0.9948597596044306,-0.034438789584525044,0.9922080982802531,0.09206646379660338,0.08394555349196184,-0.08034339559239151,-0.04216426168929686,0.9958750493013072,162,94,76,154,162,124,162,162,230126_161947
0,0,0,0,0.26742376857630745,-0.2602918502955009,0.1128885176263128,0.0982530865148685,-0.9937798216908434,-0.05242134098262535,0.9918062876980827,0.0934639860998354,0.0870905906793492,-0.08164936419133913,-0.06054873493678214,0.9948202008527498,162,162,155,84,162,162,76,76,230126_161947
0,0,0,0,0.26796328280350395,-0.26194277839755864,0.12618392818515867,0.1344654316117109,-0.9413257782502402,0.3095558542542116,0.9679765164852708,0.05794681946965535,-0.24426139614435716,0.2119917716198336,0.3324875115172443,0.9189730917989681,134,64,162,162,91,83,160,160,230126_161947
0,0,0,0,0.2654972182575235,-0.2609698697838747,0.11453200302670385,0.09894607963936236,-0.9939701370810473,-0.04725505174142456,0.9927955071975508,0.09538131392903797,0.07252231271497174,-0.06757776418585336,-0.05409040159080046,0.9962466934667272,162,158,107,114,162,90,121,121,230126_161947
0,0,0,0,0.26618423018812265,-0.2607056601130785,0.11485289209403704,0.09723410592533993,-0.9940242083573675,-0.04961251701343918,0.9917099326462132,0.0925591643351133,0.08913030117995001,-0.08400558395572806,-0.05786773105189563,0.9947835883081118,104,153,162,152,100,159,119,119,230126_161947
0,0,0,0,0.2675708819409117,-0.26081175968684167,0.11643046123815881,0.0970234189888839,-0.9919541508745842,-0.08132292868797943,0.9934236437259385,0.09152750182391409,0.06879084602003338,-0.060794080747931405,-0.08746244321167876,0.9943110181293668,162,128,162,154,160,95,162,162,230126_161947
0,0,0,0,0.2666344806217375,-0.26122112924523844,0.11682865746823312,0.10500119630007013,-0.9929658054095272,-0.05471433142205563,0.9938132658940881,0.1027703394067501,0.042112348202724484,-0.03619311134014676,-0.058797675342055815,0.9976135985770694,162,162,103,131,162,162,137,137,230126_161947
0,0,0,0,0.26592716171486935,-0.26111203878414474,0.11622226525525403,0.09809983800203756,-0.9944161531128419,-0.0388964807177863,0.9927064968284456,0.09502949582281783,0.07418359709704424,-0.07007305429742268,-0.04589018796993723,0.9964857538919031,128,162,162,151,162,162,18,18,230126_161948
0,0,0,0,0.2659356264301871,-0.2608800159558752,0.115158808940931,0.10190409407640415,-0.9927650874843347,-0.06350619404977303,0.992259292857516,0.0968826228112606,0.0776868916556225,-0.07097218714657727,-0.07093122351567797,0.9949531195901645,156,87,162,162,142,88,146,146,230126_161948
0,0,0,0,0.26583321347491407,-0.26092766534640577,0.11355089613236902,0.10469358095568625,-0.9918344602333601,-0.07282621506211442,0.9932345366893477,0.10057956762119762,0.058042275150359014,-0.05024349942203679,-0.07841016560836434,0.995654275687649,162,162,102,144,162,141,153,153,230126_161948
0,0,0,0,0.2676729618326374,-0.2609292515324587,0.11797930354504915,0.09589133455124889,-0.9937829515859943,-0.05657116840767491,0.9941684250737288,0.09280181033227736,0.05492692040769973,-0.04933553024344854,-0.061508285101123425,0.9968865212849037,122,162,162,82,162,162,18,18,230126_161948
0,0,0,0,0.2678281276096361,-0.26155948269979934,0.12221181297975425,0.09528739787969732,-0.9945224288704345,-0.04295870434461169,0.9940901129029417,0.09281379010534221,0.05630672957024986,-0.052011145285717375,-0.048070144995964105,0.997488898146809,146,100,162,138,136,85,162,162,230126_161948
0,0,0,0,0.26856962962579845,-0.26229439494830903,0.12835395224869317,0.09327729338451274,-0.995628443882521,-0.004832004856068026,0.9931772374539767,0.09270430536640202,0.0707452243605174,-0.06998800998847295,-0.011397960282543047,0.9974827141155134,146,162,108,148,162,135,149,149,230126_161948
0,0,0,0,0.2683918882546551,-0.26205860668466363,0.12820976852789712,0.13077108675512744,-0.9430922099723431,0.305738460711709,0.9702447066826141,0.05835567594723071,-0.23498898748475375,0.20377470898826205,0.3273708884036944,0.9226614598012237,162,122,155,122,149,162,117,117,230126_161948
0,0,0,0,0.26576301945909947,-0.26072730294841784,0.11334852273250662,0.10216430593136795,-0.9927159365359889,-0.06385549264578919,0.9913637890227482,0.09629911303529655,0.08901864210980609,-0.08222099736697676,-0.07239855092534508,0.993980964312642,162,162,125,162,162,128,162,162,230126_161949
0,0,0,0,0.2661727421045229,-0.261287008748228,0.117285626089493,0.09504673822332613,-0.9953546085963666,-0.015340166201189756,0.9922055787333323,0.09347605526280679,0.08240337749727016,-0.08058664333225096,-0.023052770733217962,0.9964809896219609,162,114,122,75,158,162,67,67,230126_161949
0,0,0,0,0.26831111464736374,-0.2620521977487408,0.1284017246647262,0.132185437164577,-0.9463542156792917,0.2948570987235031,0.9684344432335793,0.059878729904818496,-0.24196955772132103,0.21133324244064294,0.31753462200367666,0.9243971140524545,114,72,162,122,90,98,159,159,230126_161949
0,0,0,0,0.2681986414614476,-0.2616168036170794,0.12237650592063476,0.10241551668746118,-0.9917321020176957,-0.07732075897973391,0.9944234201770844,0.10010682315443704,0.03317657850406173,-0.025161942392237215,-0.08028737002473056,0.9964541208051487,162,162,92,128,162,151,137,137,230126_161949
0,0,0,0,0.2657723729874875,-0.2607173144725556,0.11285633160585862,0.10231981337352376,-0.993054449790187,-0.058081972617285274,0.9906793346424833,0.0964492705314857,0.09618728671852109,-0.08991724919910517,-0.0673824752131598,0.9936671929426945,115,162,162,128,162,162,18,18,230126_161949
0,0,0,0,0.26663149005531134,-0.26103458004160596,0.11660694947154315,0.09760576137186647,-0.9940353825763839,-0.048649496741893436,0.9924004242053646,0.09353200133726652,0.07995725584872428,-0.07493005661302443,-0.05608407003835239,0.995610397547104,162,90,162,146,148,92,162,162,230126_161949
0,0,0,0,0.2677989191219126,-0.2616614284368474,0.12222380036301073,0.09689830856872723,-0.9939830025821575,-0.05107355846500248,0.9943317146635033,0.09442076433404671,0.04887903923883631,-0.043762529758424554,-0.05552035518918033,0.99749803566163,162,134,108,138,162,162,146,146,230126_161950
0,0,0,0,0.2657921251990978,-0.2608549518385317,0.11378901265031449,0.09791721156276255,-0.9942205160076829,-0.04402028202079708,0.9921077472364427,0.09403679854547319,0.08294153599222229,-0.07832265032035247,-0.05179426675545685,0.9955816974904974,139,162,162,89,162,162,18,18,230126_161950
0,0,0,0,0.26571898050862225,-0.26077411112329285,0.11322283877364159,0.1006641448978915,-0.99316362969457,-0.059099361958345704,0.9925547882236733,0.09615358510361423,0.07476282796939236,-0.06856910606268139,-0.06618529084040713,0.9954485345662706,152,87,155,162,142,88,146,146,230126_161950
0,0,0,0,0.26957095619634164,-0.26302438913466303,0.13596716667834507,0.12622971185276785,-0.9604012795807514,0.24838567194027483,0.9734256434057782,0.07169228592414639,-0.21749191456009925,0.19107217642978336,0.2692389242264667,0.9439289300978971,162,140,162,162,149,124,144,144,230126_161950
0,0,0,0,0.2674146355745484,-0.26130456906472044,0.12239464011625256,0.1374629742268415,-0.9337819627846118,0.33038640513015716,0.9639825699217509,0.04944677254173497,-0.2613285701416164,0.22768736373318235,0.35440973838669215,0.9069466366511924,75,114,140,126,125,154,75,75,230126_161950
0,0,0,0,0.26546018191701853,-0.26047735897706603,0.11086199648182538,0.10412396273219697,-0.9919921113444599,-0.07148322471255186,0.990603083348546,0.09703258169749361,0.09638573208454006,-0.08867768403210337,-0.08084756718343708,0.9927738610757346,162,162,145,154,162,113,162,162,230126_161950
