0,0,0,0,-0.048109684950761906,0.15987306327059342,-0.10341417124767671,0.9997787456434996,0.015346310032435572,-0.01438577519283725,-0.014191785517232013,0.996915942197921,0.07718288291755779,0.015525881081064823,-0.07696164603242915,0.9969131617431058,162,162,83,96,162,162,83,96,230208_171904
0,0,0,0,-0.04355919469105961,0.15957312783652647,-0.10813089276575627,0.9978968398515796,0.02901091195474033,-0.0579677841717602,-0.02282449223657025,0.9942450930780592,0.1046696586616408,0.06067074722114617,-0.10312643636699542,0.9928161957552223,151,162,138,162,162,162,141,101,230208_171904
0,0,0,0,-0.04441238789423563,0.15855218012607897,-0.11172292765586711,0.9959131548773414,0.03706566567482538,-0.08235972541444185,-0.0241035059213568,0.9879105142794157,0.15313992548803274,0.08704027196969975,-0.15052890820125941,0.9847664895045818,92,100,18,162,96,104,162,162,230208_171904
0,0,0,0,-0.047602624936622644,0.15979391215066582,-0.10106635241602568,0.9995594044221908,0.02038833057350465,-0.021571115121381768,-0.022176247719588017,0.9960325950336834,-0.08618168986244441,0.019728432989821455,0.08662208498352246,0.9960458841463447,162,130,83,148,114,18,89,146,230208_171904
0,0,0,0,-0.04599879418825974,0.15868526569345137,-0.10773619365189946,0.9995042256931586,0.01818209360912262,-0.025704363316514375,-0.015081201665772129,0.9931269985904911,0.11606602442988528,0.027638020512232353,-0.11562082919020915,0.9929088395615853,141,162,154,162,162,154,162,83,230208_171904
0,0,0,0,-0.04330725946705924,0.15937685857065395,-0.10518950031762353,0.996389878241282,0.04117609368042652,-0.07424109271518164,-0.036740021962123955,0.9975124311316332,0.060159126689822796,0.07653353072050259,-0.05721432554072656,0.995424100385546,88,113,162,162,100,116,162,162,230208_171904
0,0,0,0,-0.04782677827186118,0.15972846030237084,-0.09902601305618264,0.9991472948333638,0.010524599671785565,-0.0399238779293777,-0.009984774963196741,0.9998563415223527,0.013696736343804923,0.04006229519268109,-0.01328642612917554,0.9991088446133427,154,115,146,154,159,101,162,162,230208_171905
0,0,0,0,-0.04936988478414453,0.16032834274119723,-0.10005335454873909,0.999633290297203,0.008631020402111726,-0.025666912872552725,-0.007322901896912696,0.9986906573170594,0.05062949827351792,0.026070290320536732,-0.05042297566029094,0.9983876318786028,157,162,120,88,162,162,127,79,230208_171905
0,0,0,0,-0.04591134985382889,0.1592651362336396,-0.10430563388212744,0.9995938775860311,0.0040280466581592645,-0.02821089740937502,-0.0018722167337790112,0.997103640250805,0.07603173944542371,0.02843544789561698,-0.07594804433765717,0.9967062354898062,91,127,162,146,86,127,162,146,230208_171905
0,0,0,0,-0.04778577101707537,0.16023270082487528,-0.09984764316282269,0.9999683426551653,0.004224033250596873,0.006743235913120135,-0.0044858859681612216,0.9992173434128697,0.03930111257976099,-0.006571949068791818,-0.039330117798250325,0.9992046593763527,146,80,152,162,138,162,162,162,230208_171905
0,0,0,0,-0.04420528503065527,0.1587724421191166,-0.11028984578158041,0.9979162052726454,0.017903968550255205,-0.06198947623907312,-0.011278625027247876,0.9943422228147866,0.10562356055938839,0.06352983450110568,-0.10470430668267434,0.9924721498814778,162,82,108,108,162,162,100,124,230208_171905
0,0,0,0,-0.04330127327927298,0.159762362052412,-0.10608900213197558,0.9986690189551389,0.007487242753387577,-0.051030694441010147,-0.005905561776533183,0.9994995995854767,0.03107530802062458,0.05123782703514512,-0.030732582456165187,0.9982135009386977,91,123,162,162,68,127,162,142,230208_171905
0,0,0,0,-0.04698903256130104,0.15969616504553436,-0.1023118347711468,0.9999750907901561,0.005108887542177137,-0.004870017176583201,-0.0049047475626763145,0.9991452157067219,0.0410460885068763,0.005075554212620562,-0.04102117987636737,0.9991453855926,160,94,162,154,155,96,140,154,230208_171905
0,0,0,0,-0.04760662539293887,0.15673039004989764,-0.11007726098072657,0.9994949813275236,-0.0014501183251447224,-0.03174396726838672,0.0038227747564593836,0.9971903982714967,0.07481106862152834,0.03154629446154815,-0.07489463767170998,0.9966923419760826,162,82,76,109,162,90,162,114,230208_171906
0,0,0,0,-0.04290583429396194,0.15623167509269056,-0.11007287041983194,0.9990468944980113,0.013362274993565479,-0.04155420798037362,-0.010290598094142121,0.9972587332449523,0.07327429670448748,0.04241940811403015,-0.07277684091569768,0.9964457462609726,64,145,162,152,88,137,162,139,230208_171906
0,0,0,0,-0.04593506979887157,0.1582532817318891,-0.10161581921969531,0.9994855430070898,0.012611629099004328,-0.029488915397002165,-0.010869126673336126,0.9982269804370667,0.0585214286638221,0.030174681525765593,-0.0581708031487016,0.9978505129807036,146,90,162,162,146,92,155,162,230208_171906
0,0,0,0,-0.045897414569065424,0.16021235253319685,-0.10124236322110813,0.9991664126717419,0.03930508367681931,-0.011026793996448256,-0.03900418862857329,0.9988931226271914,0.026290736724649922,0.012047948294566575,-0.02583872994665979,0.9995935208756783,162,142,72,132,162,130,90,138,230208_171906
0,0,0,0,-0.0460487822573706,0.15546561891851082,-0.10765371008702407,0.9994412432783791,0.03119291526586956,0.012008466654146835,-0.03178558766494785,0.9980982983287068,0.0528153698286126,-0.010338164777241485,-0.05316755505527295,0.9985320893383863,162,162,154,162,110,162,162,162,230208_171906
0,0,0,0,-0.04260541030260062,0.1581146653960554,-0.10342655136438572,0.9984824504117854,0.03868274943457254,0.03919746313038607,-0.036095746306740985,0.9972526702528373,-0.06468546028394732,-0.041591986226138564,0.06317243520530769,0.9971355725837866,128,79,160,162,114,18,162,122,230208_171906
0,0,0,0,-0.04193072150432953,0.15808770028551428,-0.105500428128114,0.9989824397956096,0.03974096552928475,0.02132464862104139,-0.03960454789382147,0.9991924161250726,-0.006781986749117135,-0.021576949880293277,0.005930532601663591,0.9997496006585469,138,162,94,151,130,162,106,154,230208_171906
0,0,0,0,-0.04400383901275829,0.15527244616623861,-0.11444731792439355,0.9962761292049268,0.039460589553438855,-0.07665987378377097,-0.027091099326931458,0.9873594303601548,0.156164745112744,0.08185320222023688,-0.1535064075241324,0.984751662164288,162,162,162,18,122,162,162,18,230208_171907
0,0,0,0,-0.04297461120976585,0.1544231089607592,-0.11127812304444462,0.9976537536197867,0.03336955212791835,-0.05977843155463226,-0.030115996035116003,0.9980581422389021,0.05452496211319053,0.06148182390888048,-0.05259674611051645,0.9967214092350095,80,114,162,162,50,114,162,162,230208_171907
0,0,0,0,-0.044540320394483524,0.1580941057989445,-0.10895357030053787,0.9957129530312353,0.0398922708745483,-0.08345251278595035,-0.02822123160950405,0.9902204437655076,0.13662735756533137,0.08808675980112034,-0.1336864969745031,0.9871011312294327,146,84,134,146,162,95,162,162,230208_171907
0,0,0,0,-0.049065523859018495,0.15821355477860757,-0.10209283730471752,0.9987891772962076,0.034003290209316916,-0.0355521528308157,-0.03683352635421176,0.9959312447276112,-0.08224504308238828,0.03261089775333233,0.0834549700751926,0.995977809651134,162,98,98,18,159,162,114,51,230208_171907
0,0,0,0,-0.04838359174134929,0.15713559090922685,-0.10161058533705392,0.9979126511643341,0.036508859368443995,0.05326766217683433,-0.036233933635106685,0.9993246069295532,-0.006118172800839519,-0.053455053077298885,0.004175305103754585,0.998561527462276,18,18,162,162,95,87,162,90,230208_171907
0,0,0,0,-0.04422228993325064,0.15911425498495843,-0.10414096038018872,0.9975487473580789,0.03677779496261868,-0.05953058408931303,-0.03734644383759397,0.9992665026388662,-0.008467575601965373,0.05917549980365721,0.01067007505021107,0.9981905678383314,154,162,116,162,146,42,162,162,230208_171907
0,0,0,0,-0.046176258862291875,0.16088928516124598,-0.1101855462782525,0.9972177284430025,0.02862307800529881,0.06882965555980138,-0.03670924889518185,0.9921858096854078,0.11924659368075562,-0.06487860297917881,-0.12144150223220321,0.9904760110225063,144,162,117,85,159,162,125,77,230208_171907
0,0,0,0,-0.042984465810672695,0.1574232467171234,-0.10893436281794988,0.9922906301365606,0.05163780298018013,-0.11266251659965426,-0.045302253297355995,0.9972829715040603,0.058089418952282104,0.11535601930271985,-0.05253772027231156,0.9919338570485529,104,144,162,137,84,138,162,162,230208_171908
0,0,0,0,-0.043530738821401245,0.15722545540858943,-0.10685958593267308,0.9955557931112534,0.03685974309967806,0.08666038392050165,-0.03445506118817502,0.9989830044492258,-0.029082736805834477,-0.0876442329029247,0.02596759827600677,0.9958133220029917,146,110,162,154,142,88,148,162,230208_171908
0,0,0,0,-0.040631688882576684,0.1557801468043488,-0.11518184150846889,0.9949799857973316,0.049319072978785905,-0.0870773041799993,-0.042183054600480385,0.9957416560222304,0.08197038713266631,0.09074920257123928,-0.07788570794837452,0.9928234479151189,162,160,72,117,162,162,93,132,230208_171908
0,0,0,0,-0.045484911672411796,0.15577978018275004,-0.10704526196010422,0.9989933400455194,0.02470179153502615,-0.037445000195730986,-0.02058067501785607,0.9940777717759884,0.10670435547200492,0.03985903110347248,-0.10582629709031063,0.9935854530354425,56,154,162,127,92,146,162,108,230208_171908
0,0,0,0,-0.046603219962326164,0.15921592502699872,-0.10338795792107958,0.9994393473230824,0.024667350022598924,-0.022638746989928224,-0.0214006354334356,0.9906617606463091,0.1346524741555105,0.02574886066327154,-0.13409249731442033,0.9906342404432251,135,95,162,162,140,92,162,138,230208_171908
0,0,0,0,-0.04190984753444172,0.15873963239213895,-0.10653973587254062,0.9974038885830938,0.044238499044457924,-0.056819347423379823,-0.0412590011752119,0.9977639008057966,0.052582250530244554,0.05901845356622886,-0.05010143162720034,0.9969988308356013,160,162,88,122,106,18,72,139,230208_171908
0,0,0,0,-0.04198062471141277,0.15770800316381442,-0.10303414279394119,0.9972301537342658,0.030871501892529768,-0.06766809332345375,-0.027056484404932503,0.9980309585952294,0.05658756344933134,0.0692817951180377,-0.05459996388630667,0.9961018405809902,106,162,162,134,124,154,162,123,230208_171908
0,0,0,0,-0.04297929336139495,0.15977558159537492,-0.10283611356891209,0.9985709237039978,0.024069258353875713,-0.04771562778836648,-0.021813566386557137,0.9986451896102368,0.04724355606677728,0.048788099516611796,-0.04613519340622565,0.9977430858066256,140,85,162,138,139,84,162,162,230208_171909
0,0,0,0,-0.041641579140659545,0.1586313671637371,-0.10354215569425007,0.9975578956577171,0.01593721306328054,-0.06800183858340353,-0.013482149672655788,0.9992459745357344,0.03641035586659553,0.06853084306465061,-0.03540462701263236,0.9970205794941971,138,162,96,141,162,120,105,153,230208_171909
0,0,0,0,-0.042339956519673975,0.1573774835686756,-0.1064095700036145,0.9989663084701125,0.01746990777874429,-0.04196566291384569,-0.014257702193162209,0.9970317949493875,0.07565922143516476,0.043162859842316374,-0.07498267921464509,0.9962502523703701,162,162,162,162,133,162,162,18,230208_171909
0,0,0,0,-0.04461448325841292,0.15927677817961217,-0.10161031590769043,0.9980546388649241,0.011360060881978952,-0.06130160566383491,-0.008527658788495521,0.9988925805793057,0.04626976873945394,0.0617593464650783,-0.04565699815333117,0.9970462484979487,115,85,162,106,112,80,162,162,230208_171909
0,0,0,0,-0.044075290345685206,0.15814246129394086,-0.10624609858799205,0.9989880392663861,0.01406317448805168,-0.0427214761685686,-0.010039257455338053,0.9956169391230378,0.09298453549391078,0.04384188308510935,-0.0924615468970292,0.9947505977042487,162,123,113,161,162,149,162,162,230208_171909
0,0,0,0,-0.04124005006406115,0.15789044962641252,-0.1072520789719531,0.9984324334914128,0.015320044391371508,-0.05383281519910291,-0.011578694934550434,0.9975400129519887,0.06913650543205868,0.054759561503238637,-0.06840481561696424,0.9961536887571024,162,162,146,77,162,162,149,65,230208_171909
0,0,0,0,-0.042734554072514586,0.15935029967089984,-0.10224135132589152,0.9982177334479676,0.011226353178302432,-0.05861165092638596,-0.009289305233011755,0.999404981013118,0.033217355922115735,0.058949685650463386,-0.03261369222404287,0.9977280599648518,115,90,82,18,71,100,82,18,230208_171909
0,0,0,0,-0.04444096683884036,0.15748196466047437,-0.11069667804734795,0.9965633912472073,0.0003009068781404873,-0.08283306514259381,0.007357980260670357,0.9957187938379719,0.09214089062048514,0.08250616554143139,-0.0924337224875386,0.992294683848879,162,123,162,154,162,97,162,162,230208_171910
0,0,0,0,-0.04215362036373774,0.161953848380004,-0.10905419994041554,0.9999611150437067,0.0030101810764166194,-0.008288981266318817,-0.0028063126766058612,0.9996959436376583,0.024497854672876386,0.008360203927376563,-0.024473640601664366,0.999665518013897,162,162,122,52,160,162,138,49,230208_171910
0,0,0,0,-0.040937098307346625,0.1596399433191366,-0.10541359502265069,0.9983994733227236,0.019998189836521484,-0.05290145623866221,-0.017926887703639684,0.9990649454155314,0.03934287151595321,0.0536387767027711,-0.038331543735181724,0.9978244206215382,100,100,162,160,92,100,162,153,230208_171910
0,0,0,0,-0.04183763179014085,0.15818912297441468,-0.11247027543880961,0.9967723845399308,0.02058778418790743,-0.07759482302842198,-0.015076739423569147,0.997365813755983,0.07095157136540066,0.07885115945205738,-0.06955269004932806,0.9944570970936696,162,96,162,154,162,106,162,162,230208_171910
0,0,0,0,-0.046066001346051225,0.15886681408840406,-0.10674497721115384,0.9995497528418623,0.01088820316357157,-0.027959589153650145,-0.011746473599724706,0.9994590563680597,-0.030718317041124585,0.027609997315159028,0.03103291278202651,0.999136950759264,162,162,107,83,162,162,120,80,230208_171910
0,0,0,0,-0.04033211108704022,0.16045433146089022,-0.10417831793583188,0.994967281180357,0.01822187716874528,-0.09852955177516354,-0.017003038757732854,0.9997683552421682,0.013195928514955152,0.09874718250953043,-0.011454215329560102,0.9950466295091973,79,96,162,82,94,94,162,162,230208_171910
0,0,0,0,-0.04365341504170453,0.16113751418100936,-0.103183180065884,0.9988572892291548,0.017999360193048552,-0.04427345464750476,-0.015200431158749075,0.9979127065415769,0.06276286334651038,0.04531073433935817,-0.062018167947025866,0.9970459789789649,162,108,162,154,162,140,162,162,230208_171910
0,0,0,0,-0.04487615404013134,0.16103031978878027,-0.10084747863297738,0.9991736605341703,0.016838118405380405,-0.036992889361500914,-0.017768468367958902,0.9995303729373343,-0.02496627941064113,0.03655513133067236,0.025602955773108428,0.9990036091171429,162,162,127,87,162,162,129,73,230208_171910
0,0,0,0,-0.04945495762033532,0.16074686357042553,-0.0985588120025589,0.9999037011625572,0.012282039332102989,0.0064606432547010175,-0.012187239427671411,0.9998203962132525,-0.014513666356482088,-0.0066377403197510195,0.014433531301083097,0.9998737988254458,103,87,162,162,105,97,162,90,230208_171911
0,0,0,0,-0.044656194846433454,0.16101696025954823,-0.10346056033118545,0.9997403497033123,0.016000746935462447,-0.016223725608056686,-0.014398204532578032,0.9954214466299798,0.09449251449355972,0.017661395226206605,-0.0942343869645515,0.9953933671830845,146,162,113,161,146,162,110,162,230208_171911
0,0,0,0,-0.04510768042061601,0.1607689498712111,-0.10403696816013586,0.9994436671867684,0.013177831770711395,-0.03063822563543137,-0.010953999130751907,0.9973696025714393,0.07165113934566489,0.03150184158598123,-0.07127566636876313,0.9969590830923708,162,154,155,83,156,162,162,68,230208_171911
0,0,0,0,-0.04494296649457945,0.160178723677795,-0.10573736772333098,0.9999054556876005,0.013559225141169142,0.002286285140263976,-0.013708955245491006,0.9959337878809454,0.08903906279374314,-0.0010696879211399414,-0.08906198723744091,0.9960255108163993,57,94,18,90,100,92,162,157,230208_171911
0,0,0,0,-0.04313614212057352,0.16136366578160619,-0.10462948324636767,0.9988942181567155,0.018794026568477763,-0.043094378965575976,-0.015874876598497786,0.9976194402205592,0.0671076805365835,0.04425301375124399,-0.06634935613373376,0.9968146436096187,162,112,84,154,162,144,162,162,230208_171911
