0,0,0,0,-0.15185807254022132,-0.011934316600371975,-0.0023579977943610775,0.9996560632442202,-0.02564636705449099,-0.00547896668857705,0.02578133059594017,0.999324873093488,0.026174816320025204,0.0048039787438184725,-0.026307068890139302,0.9996423660062824,162,162,83,96,162,162,83,96,230213_173255
0,0,0,0,0.1595968652706314,-0.38018844657652245,0.004629082008906882,-0.03829823718587815,-0.9989742081984195,0.024161464831333312,0.9986360278378676,-0.03912156727998134,-0.03457725954675154,0.035487024849369254,0.022804261178547898,0.9991099222505204,151,162,136,85,151,162,136,85,230213_173255
0,0,0,0,0.15878417767940506,-0.3817431825450194,-0.016240547921233528,-0.03556058342981372,-0.9984190406845761,0.043530036809343794,0.9958618994628805,-0.03904737939768875,-0.08206326437789198,0.08363325955810934,0.04043168758120935,0.9956760299088362,78,154,162,92,78,154,162,92,230213_173255
0,0,0,0,0.15780950049811418,-0.382181171595215,-0.016354095748714936,-0.03277028420638905,-0.9985715005872169,0.04220268579161482,0.9964073657164604,-0.03594022605365792,-0.0766854725302901,0.07809270144523363,0.03953806224646363,0.9961617698018632,78,154,162,103,78,154,162,103,230213_173255
0,0,0,0,-0.15157098224647597,-0.01359416818508799,-0.011055319362783034,0.9985344971333125,-0.023401072224607758,-0.04879803124575153,0.03396966617904918,0.9729433015056862,0.2285331350918272,0.04212979722721926,-0.22985587195883014,0.9723123769199069,87,128,162,162,87,128,162,162,230213_173255
0,0,0,0,-0.15203733713731535,-0.011885440791310015,-0.006414417384958848,0.9982259121763524,-0.021805428296177414,-0.05540353379081201,0.02345010437346453,0.9992981668344054,0.0292107234808097,0.05472769741696616,-0.030458119742015757,0.9980366636938836,100,92,162,162,100,92,162,162,230213_173255
0,0,0,0,-0.1524856650054268,-0.013023394999789079,0.002005083747765757,0.998005652642406,-0.02274121751644228,-0.05888594331141145,0.021022107789897247,0.9993392356420784,-0.029650684484118124,0.05952132624425342,0.028353644072264098,0.9978242744040399,130,156,151,162,130,156,151,162,230213_173255
0,0,0,0,-0.1516488920012758,-0.013438406772964234,-0.002048690981984569,0.9990676874426044,-0.02166370421276115,-0.03734219902294697,0.03401640672841094,0.9276380177893494,0.3719282081600349,0.0265827007915807,-0.37285170225121533,0.9275100905903915,162,107,78,154,162,107,78,154,230213_173255
0,0,0,0,0.15769280185752435,-0.3806889890490633,-0.006720397185079996,-0.033861747597633544,-0.9982320707605478,0.048847875642076065,0.9987390902132042,-0.0356105060167596,-0.035385329464805895,0.037062268275655515,0.04758807378261834,0.9981792241395948,162,103,78,154,162,103,78,154,230213_173256
0,0,0,0,0.15914212689888782,-0.38146807374532654,-0.008403564797310192,-0.03550075980737582,-0.9984758591575812,0.04225700808894838,0.9966449127988646,-0.03849256318106741,-0.07223046706130669,0.07374695821009825,0.03955099568003289,0.9964924008217403,162,146,87,128,162,146,87,128,230213_173256
0,0,0,0,0.15813278027561747,-0.3816975408868082,-0.007831563100467842,-0.033703719858213334,-0.9984823981464714,0.04355410267000187,0.9977182327223795,-0.0361648309389744,-0.05701256963589811,0.058501174014303686,0.041533186668318164,0.9974229830137877,162,90,100,92,162,90,100,92,230213_173256
0,0,0,0,-0.15216772071068488,-0.012294058456377932,-0.0012670898035840317,0.9991087957574867,-0.023025846437224773,-0.03537548071579986,0.02328744710414897,0.9997042982989652,0.007000769239480587,0.03520382148852655,-0.007818334760186547,0.9993495707679979,152,162,130,156,152,162,130,156,230213_173256
0,0,0,0,0.15931370917969526,-0.379869527011935,0.0023775415368785247,-0.0389723843958259,-0.999179435002279,0.011027688925153368,0.9987269662049696,-0.03930369052190076,-0.03161750917413693,0.032024993825479575,0.009781440583297574,0.9994392043494158,129,154,162,107,129,154,162,107,230213_173256
0,0,0,0,-0.15187752627956524,-0.011754542507822013,-0.007750100040955332,0.9983278068868113,-0.021092775064310343,-0.0538208587506297,0.02306382238020665,0.9990759214491046,0.03626793732534785,0.053006132605417415,-0.0374486050568976,0.9978917535912948,116,154,162,103,116,154,162,103,230213_173256
0,0,0,0,-0.15228549980552092,-0.012383028524353273,-0.0007102634210315317,0.9989690662983662,-0.024110008739468444,-0.03846442587057812,0.023745211192528818,0.9996688947795287,-0.009912908538765645,0.03869069040987312,0.008989343071575574,0.9992107996747979,77,128,162,146,77,128,162,146,230213_173256
0,0,0,0,-0.1517818148861122,-0.011639839052871914,-0.009666399713871954,0.9965053028426225,-0.02065731346219968,-0.08093489239541811,0.019248594431442823,0.9996500206034843,-0.01814739429966633,0.08128144326319085,0.016526091733321594,0.9965541707669857,140,82,162,90,140,82,162,90,230213_173256
0,0,0,0,-0.15183221683068557,-0.013215200047554138,-0.0012128349279296735,0.998998008625487,-0.02089190777024622,-0.039579122678889626,0.03390903786203448,0.930501445226987,0.3647152829012801,0.02920883280075016,-0.3656919313031247,0.9302775152964887,137,81,152,162,137,81,152,162,230213_173256
0,0,0,0,0.15823962867671915,-0.38234537124560886,-0.015402044130818138,-0.03016978182136984,-0.9985450157682261,0.04469491860697798,0.9941003640371057,-0.03463616341267149,-0.10278522464510655,0.10418373426857588,0.041330227055802256,0.9936989291759203,162,108,129,154,162,108,129,154,230213_173257
0,0,0,0,-0.15228281602251467,-0.01253550536470327,0.0011189774927650165,0.9993613677036367,-0.02318126884415183,-0.02719348297462805,0.02301366449113267,0.9997142770324178,-0.006460305274549231,0.027335471245358248,0.005830357821433128,0.9996093131516273,162,120,116,154,162,120,116,154,230213_173257
0,0,0,0,0.1595954307951918,-0.3806272715245211,0.0008417434524250478,-0.03619973127399795,-0.9990951376264702,0.02232678720362947,0.9976912293002753,-0.037415428356967456,-0.05667712676353004,0.057461208071140545,0.02022354301329261,0.9981428844985043,162,143,77,128,162,143,77,128,230213_173257
0,0,0,0,-0.15222362539517353,-0.012389762586537623,-0.0008075130402730446,0.9988081669894004,-0.022257449985505436,-0.04343790367198946,0.022496711811923215,0.999734278142252,0.005027033423580593,0.04331447232652824,-0.005998252039823815,0.999043481265726,162,90,140,82,162,90,140,82,230213_173257
0,0,0,0,0.15791440725076294,-0.3816753536625527,-0.00895116833009113,-0.03535423634171321,-0.9983155045933574,0.04600251364005721,0.998162300591655,-0.037540750249249646,-0.047567990795235875,0.049214831608637065,0.04423624485908344,0.9978081253379834,162,162,137,81,162,162,137,81,230213_173257
0,0,0,0,-0.15222664028054367,-0.012595471429904775,0.0005591218079165072,0.9993909165102652,-0.02549883495048743,-0.023824470884799227,0.02487283308955741,0.9993469107577068,-0.02621248048404597,0.024477299092666622,0.025603932807193495,0.9993724533195484,132,154,162,108,132,154,162,108,230213_173257
0,0,0,0,0.15925494651263244,-0.3815550817140421,-0.01704655648439679,-0.03789490341000134,-0.9988338025117848,0.029916738715903533,0.9959504320045045,-0.04019418449633847,-0.08041868267209668,0.08152737752183467,0.02674813063605137,0.9963121118514463,128,154,162,120,128,154,162,120,230213_173257
0,0,0,0,0.15798331317653058,-0.3808748458919665,-0.007590916295121208,-0.03496015685955064,-0.9967776447990103,0.07219497393374626,0.9984329246770564,-0.03799407983025188,-0.04108703954621718,0.04369762411362387,0.07064542962422372,0.9965438981399832,69,128,162,143,69,128,162,143,230213_173257
0,0,0,0,-0.15203701654218696,-0.013127062308660925,0.000493303726856964,0.9987426655844693,-0.024180236000322215,-0.04391359844282735,0.038126920399492205,0.9351422530119026,0.3522148556955999,0.03254882305214652,-0.3534462941081575,0.9348883844069996,18,82,162,90,18,82,162,90,230213_173258
0,0,0,0,-0.15230481297286264,-0.012667184528832032,0.0012242446594290524,0.9992174682676583,-0.02474531374969028,-0.03085645080371309,0.02376084881574354,0.9992094458186511,-0.031873271723153566,0.03162077121652724,0.031115154414079166,0.9990155023789471,140,92,162,162,140,92,162,162,230213_173258
0,0,0,0,0.1584044109963787,-0.3810410709964084,-0.003981644961052688,-0.03334413152569478,-0.9984816310626679,0.0438474779574767,0.9976142200501338,-0.03590451157687733,-0.05896383639307716,0.06044862981541312,0.04177676960776321,0.9972966783633539,162,110,132,154,162,110,132,154,230213_173258
0,0,0,0,-0.15215332431750522,-0.012213294114850365,-0.0027776184416841154,0.9992068435296104,-0.024764936040492805,-0.03118303683899348,0.026201713200763307,0.998572602251389,0.04654275731232976,0.02998589783442658,-0.047322890611201894,0.9984294616823282,162,122,128,154,162,122,128,154,230213_173258
0,0,0,0,-0.15231538892194274,-0.013536224312525075,-0.00042874544733517705,0.9981029363163147,-0.027080813408915258,-0.055291573154165004,0.02481598730816757,0.9988408280640423,-0.041245205372973964,0.05634443442498768,0.039794845614092376,0.9976180005251905,162,136,69,128,162,136,69,128,230213_173258
0,0,0,0,0.1575681005396471,-0.3813681524435714,-0.01229323248589076,-0.033645256512240505,-0.9990517383797775,0.027633688761534617,0.9978907202566993,-0.035116335847402674,-0.05459810786299024,0.055516728468019666,0.02573843423746389,0.9981259569128598,162,162,18,82,162,162,18,82,230213_173258
0,0,0,0,0.16002285330818197,-0.37951449342603705,0.003623982432960249,-0.041157666382100624,-0.9991339585151122,0.006113872741768298,0.9988507967425839,-0.04129486524541233,-0.024327349857043067,0.024558752913848327,0.005105589709921241,0.9996853508024565,162,138,140,92,162,138,140,92,230213_173258
0,0,0,0,0.15868794429302444,-0.3813779639661029,-0.01606291405492155,-0.03614369504210297,-0.9983405262084398,0.04483109455009554,0.9965310665374304,-0.03937065396552109,-0.07331974517207544,0.07496310248698582,0.042025531955982943,0.996300350260574,135,154,162,110,135,154,162,110,230213_173258
0,0,0,0,0.1594009970847622,-0.38180391548020115,-0.013002202299042476,-0.03409061140949868,-0.998747995328109,0.036609726054833834,0.9938779914869869,-0.03773073386826221,-0.10384088674291812,0.10509218929834767,0.032845601681896444,0.9939199153848536,111,154,162,122,111,154,162,122,230213_173259
0,0,0,0,0.1589371353413394,-0.38101730829228425,0.0024788442229443097,-0.03498067779297109,-0.9986220268793253,0.03912032224525805,0.9979334817922163,-0.03701413104178561,-0.05252351874433841,0.05389914748128838,0.03720217110129502,0.997853135669844,53,130,162,136,53,130,162,136,230213_173259
0,0,0,0,0.15798427527429235,-0.3809520735051642,-0.003694813729785862,-0.03340640684586312,-0.997221350359052,0.06658521134393904,0.9983540352630134,-0.03640344030157643,-0.04431715027239103,0.046617939204825695,0.06499513768181348,0.9967960673186954,82,162,162,162,82,162,162,162,230213_173259
0,0,0,0,-0.15206867922703465,-0.01221042869351685,-0.0018798358554463768,0.9990865948113464,-0.022826597423201995,-0.03612371130362423,0.023092005458424415,0.9997092065570229,0.006947057581295665,0.03595462907855707,-0.007774881041456832,0.9993231788929018,138,90,162,138,138,90,162,138,230213_173259
0,0,0,0,0.16032523074254923,-0.3815962628626327,-0.00980950057813501,-0.039137880611846095,-0.9985180710939586,0.03781385989305963,0.9951302927689397,-0.04237531589781911,-0.0889945673407313,0.09046505797719273,0.034146658714419714,0.9953140604773069,162,112,135,154,162,112,135,154,230213_173259
0,0,0,0,-0.15204660196057182,-0.013142891606828216,-0.0016123222562939299,0.9992659783331934,-0.029363900085538238,-0.024602152701970945,0.02863333241684339,0.9991534273421087,-0.029539141917527028,0.025448709604046958,0.028813017930855226,0.9992608133901806,162,124,111,154,162,124,111,154,230213_173259
0,0,0,0,0.15932493562811872,-0.3804727357121622,-0.005115799573610302,-0.040244222211862635,-0.9988654532293509,0.025459947436837688,0.9982900266793754,-0.04127607666735693,-0.04139212639430571,0.042396051833324504,0.023750617673542296,0.9988185435548698,162,162,53,130,162,162,53,130,230213_173259
0,0,0,0,0.15735586644072846,-0.38187785528817064,-0.01805513901992628,-0.03055862615449356,-0.9967200482941095,0.07493541016193735,0.9964679904637215,-0.036245797875050376,-0.07574817567171968,0.07821581904412074,0.07235597739640351,0.9943072453654698,162,162,82,162,162,162,82,162,230213_173259
0,0,0,0,-0.15231225875972956,-0.013536151839873056,-0.0004912264716711023,0.9969036791811932,-0.023896396652991238,-0.07491339440983026,0.018921353342520715,0.9976116139822644,-0.066430791319897,0.0763219288454331,0.06480763747200738,0.9949748405374929,162,162,138,90,162,162,138,90,230213_173300
0,0,0,0,0.1593294764123672,-0.38046263506309885,-0.0034183545131201143,-0.038184939117592236,-0.9990216216598197,0.02230941238063515,0.9982912772464255,-0.03912622715501887,-0.043401199549270734,0.04423161989219367,0.020614019617662013,0.9988086032853918,137,154,162,112,137,154,162,112,230213_173300
0,0,0,0,-0.1518452159213084,-0.013245143155573624,-0.0008900816027067604,0.9986345541176813,-0.02125522695634642,-0.04772046363157806,0.037427425443683576,0.928389199128708,0.3697197354291694,0.03644468612618396,-0.37100095723352494,0.9279170623417657,82,156,162,124,82,156,162,124,230213_173300
0,0,0,0,-0.15238877088452707,-0.01226063027578772,-0.0012947117276431719,0.9980714080430583,-0.021665440932885395,-0.05817278673168985,0.023028711401672064,0.9994732377073853,0.02286756563117122,0.05764670760872223,-0.024163107745095207,0.9980445888465973,102,126,162,162,102,126,162,162,230213_173300
0,0,0,0,0.15700281957334972,-0.38207981170518285,-0.022294234424977688,-0.03104888064288356,-0.9963648851412441,0.07932832198087024,0.9961905075337978,-0.03731851731894465,-0.07881497931657368,0.08148889317189342,0.07657900445025591,0.9937279388077138,58,162,162,162,58,162,162,162,230213_173300
0,0,0,0,0.1595849615511873,-0.3816925826520883,-0.010967119074002385,-0.036451301438818744,-0.9985856606524609,0.038703759025525065,0.9953162044447913,-0.03974750643379745,-0.0881237136184635,0.08953745469372072,0.03531025448201672,0.9953573379120613,141,86,162,162,141,86,162,162,230213_173300
0,0,0,0,-0.15177577955395263,-0.013114448569436082,0.00225714628903817,0.9993726394626401,-0.03144279889947835,0.016299628549254472,0.03143965425331722,0.9995055509402608,0.0004491993283371254,-0.016305693297390855,6.353716764095014e-05,0.999867051326885,162,112,137,154,162,112,137,154,230213_173300
0,0,0,0,0.1583019929465807,-0.3819968068102216,-0.02009255104230323,-0.031320259112653695,-0.9978505105317237,0.057562140341504,0.9940825847299778,-0.037091638249330185,-0.10209811510770878,0.10401373037095805,0.05402378183318512,0.9931075344043856,162,125,82,156,162,125,82,156,230213_173300
0,0,0,0,0.15975654072115994,-0.38163891456740234,-0.008938048271165067,-0.037304320513560925,-0.9989277899486895,0.027416384503574073,0.9952638558692638,-0.03960405326159149,-0.08877711510010809,0.08976772733709125,0.023974766599057794,0.9956741262558019,162,162,102,126,162,162,102,126,230213_173301
0,0,0,0,-0.15182224033635194,-0.012903196019355495,0.0032926033367451923,0.9985393305501767,-0.03487764114951655,0.04126445797838714,0.03373289485589722,0.9990352047275587,0.028120304400999524,-0.042205416110323,-0.026687260309170725,0.9987524683264344,162,162,58,162,162,162,58,162,230213_173301
