0,0,0,0,0.06761682021448157,0.26408227424805153,-0.18950046646716046,0.9163366368765266,-0.30459940109454187,0.25989685025152554,0.28024608650246574,0.9514825737549858,0.12705527474544945,-0.28598828458150194,-0.043590327980360825,0.9572411317890045,180,180,81,97,180,180,81,97,230218_121500
0,0,0,0,0.07047851770711373,0.26162132326231013,-0.1951616850216371,0.9499646102168913,-0.311606409988964,0.021649124445552344,0.3025238754184161,0.9350992196945156,0.18457723079657068,-0.0777595276303293,-0.16879246008189344,0.9825795445063014,75,170,180,92,75,170,180,92,230218_121500
0,0,0,0,0.07048039379994157,0.26848544648303796,-0.17884098228450385,0.9347755629863779,-0.3082181084526365,0.17662458624262525,0.28852992908151054,0.9487883202390173,0.1286514803733016,-0.20723206042434242,-0.06929878065234814,0.9758342851798042,86,137,180,180,86,137,180,180,230218_121500
0,0,0,0,0.07674497281243692,0.2589011719080826,-0.19714843836644436,0.9489704089020756,-0.31511056273861193,0.012668712593724965,0.30293273027903483,0.9219922211580653,0.24116820903615707,-0.08767510452754824,-0.22502372624808578,0.9704006382270727,147,84,166,180,147,84,166,180,230218_121501
0,0,0,0,0.06954154326329737,0.26669164591972716,-0.18440099969642265,0.9456136059249889,-0.3208471894862378,0.05359094408874291,0.3059403751014028,0.933182134337093,0.18860432401427363,-0.11052327887080436,-0.16195118138763384,0.9805898325369258,180,106,75,170,180,106,75,170,230218_121501
0,0,0,0,0.06774171671879305,0.26254551199284715,-0.18975878559008263,0.9332003622710632,-0.29093979696892736,0.21092917862836297,0.29340413709444824,0.9557743439308657,0.02023402627717021,-0.20748758081634391,0.04300509299143808,0.9772919040817738,180,180,81,97,180,180,81,97,230218_121501
0,0,0,0,0.06791160793830057,0.26579720996834433,-0.18418686017450203,0.9535684783293097,-0.29317177941500056,0.06897437851381148,0.29284762420521404,0.9560415651730174,0.0149931537338823,-0.07033794235038543,0.0059019840874253125,0.9975057596073046,75,170,180,92,75,170,180,92,230218_121501
0,0,0,0,0.06749880836587961,0.26751063692589083,-0.18298704045096947,0.948174365357565,-0.3109367520765563,0.06545005031976683,0.296280738201707,0.9395793389390935,0.17148874601392386,-0.11481766871622791,-0.14320964369363762,0.9830096138409389,86,137,180,180,86,137,180,180,230218_121502
0,0,0,0,0.07104971726177621,0.2658676464527666,-0.18519299398944877,0.954754929736466,-0.29624212676478523,0.026146251620306236,0.2946726002544653,0.9542217900139666,0.05127215737428413,-0.040138295967660886,-0.041247761059458536,0.998342395876482,147,84,166,180,147,84,166,180,230218_121502
0,0,0,0,0.07125614142702856,0.26634796435073527,-0.1828874676446237,0.9539442478121863,-0.2972834137064986,0.04016147408964325,0.296040952184651,0.9545658878298973,0.03411334667144378,-0.048478105322377715,-0.020652789800209608,0.9986107027154382,180,106,75,170,180,106,75,170,230218_121502
0,0,0,0,0.07209729243284262,0.2652557265061849,-0.18789494085882996,0.9499146982393825,-0.311812962682766,0.020850476536019808,0.3011463652883451,0.9311636245861002,0.2055363007385676,-0.08350408817777642,-0.18896290786996306,0.9784273538219003,180,180,81,97,180,180,81,97,230218_121502
0,0,0,0,0.07096462640324645,0.26700796099494034,-0.1797372768632095,0.9527991993056959,-0.29610584953166214,0.0670448482402462,0.2882623637024626,0.9516317067621379,0.10631041509489614,-0.09528113913621189,-0.08196597195246694,0.9920701003290007,75,170,180,92,75,170,180,92,230218_121503
0,0,0,0,0.07470289805045166,0.2695318016160714,-0.17407120800967113,0.9542597119602367,-0.28697652568815496,0.08386224319395875,0.2831526109198373,0.9575162385195795,0.05465575816504142,-0.09598437924394919,-0.028409974925576984,0.9949773224882474,86,137,180,180,86,137,180,180,230218_121503
0,0,0,0,0.07060623798755909,0.2641237931541181,-0.18840653018211984,0.9521183138252549,-0.3004950825455064,0.05633313274195764,0.28907663535955885,0.9448244730811354,0.1540824907513874,-0.0995259532370852,-0.13042016881189786,0.9864507915751933,147,84,166,180,147,84,166,180,230218_121503
0,0,0,0,0.07200253571800101,0.2657018585555735,-0.18326579998676085,0.9510239314987574,-0.30000761953263544,0.07449100575913475,0.28827912865699906,0.9477562504722591,0.13657684163695588,-0.11157340945497385,-0.10841364265223415,0.9878248105759779,180,106,75,170,180,106,75,170,230218_121503
0,0,0,0,0.06969061018068284,0.2655440080428474,-0.18475384698612163,0.9525180012447924,-0.2989110176108522,0.05797983145432073,0.28982851288742734,0.9484489982159414,0.12823389138851288,-0.09332143602671948,-0.10534088158935856,0.9900476797830939,180,180,81,97,180,180,81,97,230218_121504
0,0,0,0,0.0708888775925142,0.2641359608673973,-0.1886244850798553,0.95556045809709,-0.29267771834524975,0.0352698753258238,0.2838231897407173,0.9457243230883497,0.158271607322629,-0.07967815187794755,-0.14122768108024134,0.9867654909906468,75,170,180,92,75,170,180,92,230218_121504
0,0,0,0,0.07145560171878353,0.2670931748228522,-0.18082404301364297,0.9553807431024577,-0.27939671651281334,0.09583898220899205,0.27563760654216307,0.9599228798529843,0.050714638857644,-0.10616753538019345,-0.022034961688465166,0.9941040764903257,86,137,180,180,86,137,180,180,230218_121504
0,0,0,0,0.07405831772701883,0.26226858292441235,-0.1897748184461514,0.9532688459512038,-0.29073143072838054,0.08218115675438552,0.2762910354863549,0.9489449500744591,0.15220625952324754,-0.12223653729036071,-0.12238756846513996,0.984926145473077,147,84,166,180,147,84,166,180,230218_121504
0,0,0,0,0.0727489015966652,0.26614643751963063,-0.1840236181423558,0.9531270603625521,-0.29399272294843604,0.07153380779745427,0.2806741492432367,0.9473884440307022,0.15387383813913696,-0.11300809152987334,-0.12658362836657916,0.9854977200776912,180,106,75,170,180,106,75,170,230218_121505
0,0,0,0,0.07409595846312364,0.26454532931146957,-0.18599756978172022,0.9567457775759343,-0.2866102089631145,0.04992098966107726,0.2822433771051809,0.9560342686520591,0.07960623872025105,-0.07054213755539374,-0.062073064053926756,0.9955755830413244,180,180,81,97,180,180,81,97,230218_121505
0,0,0,0,0.07535351746042174,0.2647869572837872,-0.18394368677010142,0.9554439215952146,-0.2721604654040044,0.11426107717780262,0.26409228618926894,0.9610961467952686,0.08092874020157127,-0.1318414846020822,-0.04714740381361517,0.9901489510430008,75,170,180,92,75,170,180,92,230218_121505
0,0,0,0,0.07476029336381701,0.2663750478373268,-0.18419959717741352,0.9556014368309298,-0.2833971261334736,0.08069673367584658,0.26685528043573936,0.9484719263311537,0.1708486589506421,-0.1249566053885323,-0.14172887447855495,0.9819871551648813,86,137,180,180,86,137,180,180,230218_121505
0,0,0,0,0.07396373724906442,0.26680856007981313,-0.1824110040491611,0.9588421758603827,-0.2801125557991705,0.0464611437115373,0.2735814481214925,0.9552049423430898,0.11285703064976646,-0.07599258539538441,-0.09550117385138081,0.9925243839613885,147,84,166,180,147,84,166,180,230218_121506
0,0,0,0,0.07574087033082451,0.26392748786516806,-0.1878643481235176,0.9600583844032261,-0.27833852814885296,0.02855805114143207,0.2750215868791334,0.9575171930164676,0.0867407160931275,-0.05148810821490337,-0.07542207121125483,0.9958215130668019,180,106,75,170,180,106,75,170,230218_121506
0,0,0,0,0.0740789121192392,0.26651953113983307,-0.18297665495222426,0.9588850802677344,-0.28113942466057906,0.03873017869129287,0.276058466000258,0.9556668167735379,0.1024336793614137,-0.06581129226451224,-0.0875303331391544,0.9939855706150988,180,180,81,97,180,180,81,97,230218_121506
0,0,0,0,0.07348172002218081,0.26635144936974386,-0.18345422759242314,0.960667382959789,-0.272974029868182,0.051023115689986034,0.2649263646758543,0.955957953082358,0.12632661334107445,-0.08325983795819611,-0.10784048848235968,0.9906756423911214,75,170,180,92,75,170,180,92,230218_121506
0,0,0,0,0.07538437474880968,0.268878861525051,-0.17900926028981123,0.9606448414993469,-0.2700661525776159,0.06500585921759847,0.26210997186257556,0.9587719385712066,0.1097940456427853,-0.09197744914322199,-0.08843439964365833,0.9918263486159116,86,137,180,180,86,137,180,180,230218_121507
0,0,0,0,0.07448160734669189,0.2666708019143438,-0.18247161027086767,0.9591775542832678,-0.27287836443564595,0.07426855042409368,0.26104721914531426,0.9553203334550628,0.1386268728054063,-0.10877853067433693,-0.11358018625726404,0.9875559592013494,147,84,166,180,147,84,166,180,230218_121507
0,0,0,0,0.07479348474204467,0.266664085663199,-0.18372369720759085,0.9577626889655804,-0.27516924255857983,0.08350161420690673,0.26203092836002145,0.9547417137394211,0.1407410836561196,-0.11845009163443826,-0.11291655324021865,0.9865188431024227,180,106,75,170,180,106,75,170,230218_121507
0,0,0,0,0.07200129889146455,0.2656087872255902,-0.18646686964532333,0.95714779224882,-0.27094262603653646,0.10226532740687427,0.26197421273082244,0.9605801972100002,0.09303330904607886,-0.12344073743005378,-0.06225574772198085,0.990397196188631,180,180,81,97,180,180,81,97,230218_121507
0,0,0,0,0.07530573710638111,0.26731967499518805,-0.18153972920645267,0.9616284091448504,-0.26217947931403185,0.0808252643185779,0.2515707559441852,0.9601797601475799,0.12151947562678539,-0.10946669575362153,-0.09652330718308878,0.989292825047884,75,170,180,92,75,170,180,92,230218_121508
0,0,0,0,0.07374434426056022,0.2656553543286177,-0.187013166823484,0.9639810149143315,-0.25982882631302934,0.05682942812952767,0.251279030180967,0.9597312708946768,0.1255975185192818,-0.08717483510766327,-0.10679357978681213,0.9904522600510685,86,137,180,180,86,137,180,180,230218_121508
0,0,0,0,0.0758056145116376,0.26769389013133993,-0.18294125400065964,0.9610319453806329,-0.26106574985205466,0.09089705282406407,0.24879927201736587,0.9601658060852089,0.12720277932644056,-0.12048453096370991,-0.09963081390276131,0.9877029810218899,147,84,166,180,147,84,166,180,230218_121508
0,0,0,0,0.07452173329430416,0.26612169340032743,-0.18847271978478308,0.9628351282640785,-0.2656689273836911,0.04866761555176833,0.2550477294379513,0.9536242718965247,0.15984806460626133,-0.08887728331379954,-0.14149476694429666,0.9859412048586557,180,106,75,170,180,106,75,170,230218_121508
