0,0,0,0,-0.0589360782255571,-0.16820972069279197,-0.09976251328626151,0.9992915957349058,0.024473554618746417,0.028589365468788125,-0.02262785610720388,0.9977450070715157,-0.06318924743856028,-0.03007136215033121,0.06249756785814276,0.9975919843253754,162,162,83,96,162,162,83,96,230216_162235
0,0,0,0,-0.055030004111954973,-0.16901313628446768,-0.09682108910181797,0.9945434300771664,0.015360450893355523,-0.10318634715259904,-0.018358665121876366,0.9994345549538205,-0.02816966061565886,0.10269530225519898,0.029910314485331258,0.9942630677954913,151,162,136,85,151,162,136,85,230216_162236
0,0,0,0,-0.05389657977288862,-0.17089482745881576,-0.09626302877034076,0.9993075937529223,0.014465400065802611,-0.03427951675098407,-0.015354221619105409,0.9995489741913166,-0.02580883708262721,0.03389072065058686,0.026317302179791845,0.9990789851957459,78,154,162,92,78,154,162,92,230216_162236
0,0,0,0,-0.05924979609944253,-0.1687191007531152,-0.10067578755000328,0.9990581924319683,0.018855281491439314,-0.039079489434319874,-0.018857845266050097,0.9998221290985096,0.0003030459464109562,0.03907825234692878,0.00043419442938346595,0.999236059031452,78,154,162,103,78,154,162,103,230216_162236
0,0,0,0,-0.05819187660182317,-0.17046832606192497,-0.09627864972970279,0.9995127674310879,0.02911383811183227,0.011252207456583476,-0.028837910640603103,0.9992970892642092,-0.023952083374192808,-0.011941635236958258,0.023615922985937118,0.9996497814381743,87,128,162,162,87,128,162,162,230216_162236
0,0,0,0,-0.06835232708373379,-0.1129379870874139,-0.1542518865044965,0.9960314020450676,0.058139389513543464,0.06738885313705974,-0.021612360250785553,0.8924887159232054,-0.4505516594510979,-0.08633858942863269,0.4473071688859236,0.8902033164613204,83,96,162,162,83,96,162,162,230216_162236
0,0,0,0,-0.06655417553348882,-0.11421954022567152,-0.15467060818043965,0.9979750039948628,0.0457351827778543,0.044206158595029195,-0.019852618191524254,0.8842292124831391,-0.46663108912972046,-0.06042983495256437,0.4648085550500591,0.8833466149818439,136,85,151,162,136,85,151,162,230216_162236
0,0,0,0,-0.06078568534746503,-0.17153426510781092,-0.08815528771039538,0.9993595189490869,0.031227514621065294,0.01747553193584876,-0.03159049108826528,0.999282463700252,0.02089494230566693,-0.016810495490970852,-0.021433620126942346,0.9996289347400874,162,92,78,154,162,92,78,154,230216_162236
0,0,0,0,-0.05521860215900246,-0.17139048993591852,-0.0983567973816949,0.9992482465796358,0.0379251918925184,0.008038751609467102,-0.03766663663193997,0.9988343175273262,-0.03018659660443493,-0.009174213446418989,0.029861110991340124,0.9995119548349597,162,103,78,154,162,103,78,154,230216_162237
0,0,0,0,-0.0567565730258946,-0.17185123842364472,-0.09099933511711711,0.9986570712460839,0.05180499228952269,0.0005448156367158038,-0.05179528861937328,0.998591217298057,-0.011525138264704568,-0.001141107808809792,0.011481441941988,0.9999334349664989,162,162,87,128,162,162,87,128,230216_162237
0,0,0,0,-0.05672171138387047,-0.17014129435292838,-0.09990535090591313,0.9987217277148475,0.05018544351153833,-0.006027590714362927,-0.050391252837123285,0.9978847810351661,-0.04106927581421509,0.0039537612187375845,0.04132051594485667,0.9991381199485264,162,162,83,96,162,162,83,96,230216_162237
0,0,0,0,-0.06016319352589734,-0.16857094069902684,-0.09786216368620249,0.998509279171913,0.05203676587084861,0.01647405248530545,-0.051432722606544586,0.9980565725408127,-0.03518171475870156,-0.018272779013174915,0.0342819632720606,0.999245141364895,151,162,136,85,151,162,136,85,230216_162237
0,0,0,0,-0.05718972573012193,-0.17060596279178794,-0.09386662244623578,0.9988509124960605,0.04564434613709913,0.0146098689763176,-0.045406204257508825,0.998836645331491,-0.016236765621839143,-0.015333989067227943,0.015554729462444569,0.9997614311277648,78,154,162,92,78,154,162,92,230216_162237
0,0,0,0,-0.057019832782566435,-0.17101593754668504,-0.09141032003917837,0.9988397883629798,0.04575107746747905,0.015030505432695641,-0.04543503444995549,0.9987520721832835,-0.020735379285818853,-0.015960414390889955,0.02002841032533869,0.999672010187497,78,154,162,103,78,154,162,103,230216_162237
0,0,0,0,-0.059121756650527706,-0.16780544075248827,-0.10181298624189172,0.9973063462163347,0.07001668220120646,0.021856715447658815,-0.06899676007705359,0.9966296679687254,-0.044370621174583236,-0.024889734741338015,0.04274305953115816,0.9987760169159159,87,128,162,162,87,128,162,162,230216_162237
0,0,0,0,-0.0615754047217069,-0.1677066762469894,-0.09984866534172376,0.9955077513071097,0.07229026190171371,0.06114274381839994,-0.0696591577055784,0.9965945480073655,-0.044123787572529945,-0.06412424529934212,0.039666420511284176,0.9971532762061266,83,96,162,162,83,96,162,162,230216_162237
0,0,0,0,-0.056449354884937145,-0.1692492070106454,-0.09232131758381068,0.998260952554283,0.05855475696034595,0.006812565062441725,-0.05838658091132983,0.9980357560604084,-0.02270763735869969,-0.008128823709487096,0.022270385318720824,0.9997189365831057,136,85,151,162,136,85,151,162,230216_162238
0,0,0,0,-0.05613384181866066,-0.17006774739064212,-0.09596001296188872,0.9984099595008432,0.05601668516593446,-0.006299504150760052,-0.056200008261367375,0.9978346016151693,-0.03417114120012838,0.004371709156278464,0.034470839887032964,0.9993961423562407,162,92,78,154,162,92,78,154,230216_162238
0,0,0,0,-0.05565956286718342,-0.16873386869952217,-0.10142095028019582,0.9979816505113855,0.06312924426105401,0.0068792268169462715,-0.06294498957153499,0.9977203388989978,-0.024332152290947942,-0.008399614896539113,0.023850028643561668,0.9996802601848709,162,103,78,154,162,103,78,154,230216_162238
0,0,0,0,-0.053109849610844445,-0.17014773667064936,-0.09554839164472229,0.9969576689746782,0.06615825251195796,-0.0412127637648811,-0.06650800817814594,0.9977601106397421,-0.0071726190715198515,0.04064592379011165,0.009891776419504445,0.9991246476984316,162,162,87,128,162,162,87,128,230216_162238
0,0,0,0,-0.05098709250219438,-0.16547589147706995,-0.10857259313437595,0.9978183246728212,0.06280182834201439,-0.02035979626673401,-0.06421429969282885,0.9948543399986847,-0.0783668673658742,0.015333449125436353,0.07950328636403084,0.9967166662573856,162,162,83,96,162,162,83,96,230216_162238
0,0,0,0,-0.06205534686953196,-0.16691589091650513,-0.09916938000299158,0.9969134453070968,0.07283859941827199,0.029293702407138283,-0.07060830874026996,0.9949693536546184,-0.07106653238303709,-0.03432272283447486,0.0687788028602931,0.9970413366427355,151,162,136,85,151,162,136,85,230216_162238
0,0,0,0,-0.056455731031778006,-0.16843291067172927,-0.10221876811403663,0.9975541002116138,0.06352761259344349,0.029155781402236798,-0.061868603778544015,0.9965867500863825,-0.05465460107579054,-0.03252834175747622,0.05271709391115615,0.9980795634577792,78,154,162,92,78,154,162,92,230216_162238
0,0,0,0,-0.059079721088063517,-0.16467528989852712,-0.1089865137487328,0.9971518298246899,0.06713117191434029,0.03437490414067247,-0.06471867901707343,0.9956486707425524,-0.06704637972980623,-0.038726229658439,0.06463072184337441,0.9971575346606203,78,154,162,103,78,154,162,103,230216_162238
0,0,0,0,-0.06592665216970711,-0.11056981515359204,-0.15464634343100514,0.9901493475030373,0.10864828086577344,0.08831659359497973,-0.054537593769314725,0.8802212071712748,-0.4714194282290428,-0.12895704907123928,0.46195906475666915,0.8774758697445655,87,128,162,162,87,128,162,162,230216_162239
0,0,0,0,-0.05881526789426738,-0.16675326641236315,-0.09549160988551231,0.9951575496511712,0.08809167809749248,0.043603986311402734,-0.08787329224905417,0.9961077363801965,-0.006903769465621444,-0.04404243273922926,0.0030387124723987254,0.9990250398988609,83,96,162,162,83,96,162,162,230216_162239
0,0,0,0,-0.05460230129098344,-0.16621122391540893,-0.10404618854503767,0.9970573175893985,0.07147731576280929,-0.027707377587519504,-0.07317269632272358,0.9951352076736606,-0.06596722641707732,0.02285742667703857,0.06780052934633424,0.9974370287221447,136,85,151,162,136,85,151,162,230216_162239
0,0,0,0,-0.05421464490753613,-0.16834873040281312,-0.09928409990915599,0.9973724513576391,0.07234455986810046,-0.0038023585239269435,-0.07241224935322502,0.997119375230048,-0.022570283215927682,0.0021585681504240188,0.02278631603247088,0.9997380278779077,162,92,78,154,162,92,78,154,230216_162239
0,0,0,0,-0.056938489619196245,-0.16865013193979841,-0.08861366285421302,0.9960445096602758,0.08776543860849763,-0.013876691301594253,-0.08721467864829868,0.9955289758074821,0.03627200237069603,0.016998076476345284,-0.0349182776431461,0.9992456050854267,162,103,78,154,162,103,78,154,230216_162239
0,0,0,0,-0.05534649540681826,-0.16854391192632057,-0.09592027414163573,0.9961207011981422,0.08791366702386502,-0.0038387230871218445,-0.08799386017198728,0.9955252495107214,-0.034446453498837,0.0007932317160596958,0.034650609475617905,0.9993991725263799,162,162,87,128,162,162,87,128,230216_162239
0,0,0,0,-0.05468697446365972,-0.16882201104042172,-0.09725508765812796,0.9963390691384789,0.08423108393574137,0.014614506740876644,-0.08346117084306828,0.9953987774596071,-0.04706917030735373,-0.018511949377988224,0.0456771094852619,0.9987847162423433,162,162,83,96,162,162,83,96,230216_162239
0,0,0,0,-0.055948305950381964,-0.16377951326331594,-0.10843312972918262,0.9955658529763237,0.08660186238088309,0.03672532940202882,-0.08234057677139746,0.9910672177650295,-0.10490852819688708,-0.045482543953460776,0.10141936355374198,0.9938035273090328,151,162,136,85,151,162,136,85,230216_162239
0,0,0,0,-0.05734016369207527,-0.16891634839569306,-0.09271125666064362,0.9961981595972682,0.08430699619207696,0.021944411773459037,-0.08253627515033582,0.993990742198001,-0.0719038782610129,-0.027874542136545805,0.06981930118338064,0.9971701334691802,78,154,162,92,78,154,162,92,230216_162240
0,0,0,0,-0.060282216068596704,-0.16744766173472453,-0.08815271732027641,0.9951044399322541,0.08972989652556634,0.0414210006714601,-0.08884065600332557,0.995784052080293,-0.022835486932654064,-0.043295397769425,0.01904382556273232,0.9988807943092726,78,154,162,103,78,154,162,103,230216_162240
0,0,0,0,-0.056588140394083344,-0.1644756351707387,-0.09911721764133175,0.994626297174874,0.10279774696645327,-0.012294396561819841,-0.10322039647447191,0.9938136526397022,-0.04098748075432431,0.008004918478727797,0.04203625870072547,0.9990840176054238,87,128,162,162,87,128,162,162,230216_162240
0,0,0,0,-0.049143423291262395,-0.16299462949556864,-0.10632885399135761,0.9939570332377706,0.09585578388044437,-0.05348910892729242,-0.09932727834854073,0.9928280795133141,-0.0665319194505619,0.046728019999157946,0.07144279688373137,0.9963495465550171,83,96,162,162,83,96,162,162,230216_162240
0,0,0,0,-0.05244526755578524,-0.16730876716717083,-0.09606488706972127,0.9957282812270906,0.09178115498494294,-0.010070231088359957,-0.09190099799385093,0.9956938546247858,-0.01216365200798666,0.008910473179203585,0.013037156594405947,0.999875310234059,136,85,151,162,136,85,151,162,230216_162240
0,0,0,0,-0.05502989314047683,-0.16526605444191775,-0.10569851353443371,0.9946515941121061,0.09170881714176031,0.047515252169220805,-0.0896795215009744,0.9950326695854539,-0.043215389400061865,-0.051242460456166074,0.038723110878413174,0.9979352338354911,162,92,78,154,162,92,78,154,230216_162240
0,0,0,0,-0.05842673261156721,-0.16545638776477922,-0.09810115209524173,0.9945094595308562,0.10413950894081969,-0.01029065504281577,-0.10439850589591258,0.9941107523175028,-0.02906482570788027,0.007203254149784251,0.029979573117262757,0.9995245561392476,162,103,78,154,162,103,78,154,230216_162240
0,0,0,0,-0.05014143362686468,-0.1662276724909866,-0.09664358241523063,0.9933459747311313,0.10197353995085973,-0.053527298038932275,-0.1035590035741847,0.9942368067317425,-0.02772552828333129,0.050391539609147336,0.03308427556647151,0.9981814080847538,162,162,87,128,162,162,87,128,230216_162240
0,0,0,0,-0.05083939334244829,-0.166804674596766,-0.09749907473063513,0.9942662601386242,0.1069293185392047,-0.0008513440521006009,-0.10693270402091307,0.9942367691161567,-0.007657920621183372,2.7581326316297082e-05,0.007705048618005734,0.9999703152919414,162,162,83,96,162,162,83,96,230216_162241
0,0,0,0,-0.0572823803592176,-0.16699368509886964,-0.09155418262618109,0.9926435931094189,0.10530785718668731,0.059740708679864515,-0.10669452099730811,0.9940803289956323,0.020508015337655762,-0.057227408188551765,-0.026731156328951514,0.9980032409934038,151,162,136,85,151,162,136,85,230216_162241
0,0,0,0,-0.05461973931689584,-0.1663412389599248,-0.09728583473354124,0.99499607537828,0.09875551615235445,0.015170959471976336,-0.09836705615903923,0.994848203041006,-0.024514794893815698,-0.01751377299221139,0.022899802085683735,0.9995843470263096,78,154,162,92,78,154,162,92,230216_162241
0,0,0,0,-0.06476646198865976,-0.10809145073902857,-0.15318901203304713,0.9903736889610082,0.12154035250427636,0.06624121773412837,-0.07586150253707959,0.8768746271069059,-0.4746956085418747,-0.11577991469413258,0.4651008826580102,0.877653792964036,78,154,162,103,78,154,162,103,230216_162241
0,0,0,0,-0.057074494550872684,-0.16432740662185397,-0.09852899119950465,0.9926369361004734,0.11882039409077837,0.023529280421970288,-0.1173894063925433,0.9915643608033163,-0.054953122309080525,-0.0298603475510566,0.05178641069646151,0.9982116645838733,87,128,162,162,87,128,162,162,230216_162241
0,0,0,0,-0.05568571426704813,-0.16520244602134732,-0.09495490177911114,0.9924122347611829,0.1211865267498871,0.020779365500742688,-0.12085254326704854,0.9925309401873257,-0.016643183492071098,-0.02264109277841336,0.014005659754666333,0.9996455483883453,83,96,162,162,83,96,162,162,230216_162241
0,0,0,0,-0.05314573289617895,-0.16575932799052712,-0.09346506247089992,0.9940623502154465,0.10880372668741047,0.0013390082429748117,-0.10869181874357199,0.9934676727317756,-0.03475732692721743,-0.005111988102290833,0.03440541085123476,0.9993948845585512,136,85,151,162,136,85,151,162,230216_162241
0,0,0,0,-0.0557522397160051,-0.16642885186551526,-0.09099971384625605,0.9927174806369311,0.11245511645358322,0.043195490751648496,-0.1124646424475324,0.9936532533731376,-0.0022172641089121636,-0.04317068261000087,-0.0026568485826239077,0.9990641787786185,162,92,78,154,162,92,78,154,230216_162241
0,0,0,0,-0.05634625600638102,-0.16218831122745633,-0.10030529810330524,0.9923262568357463,0.12318031138394965,0.010733633201775072,-0.1226771808595824,0.9916773732333335,-0.03906784756524197,-0.0154566908069736,0.03745127907547148,0.9991789091073273,162,103,78,154,162,103,78,154,230216_162242
0,0,0,0,-0.05865465342370367,-0.1657667384116448,-0.0905728840900043,0.9885406192203774,0.12953158595665135,0.07751781982840535,-0.12873653376026303,0.9915625130125696,-0.015188405564445168,-0.07883114249322468,0.005034980412285399,0.9968752679976873,162,162,87,128,162,162,87,128,230216_162242
0,0,0,0,-0.05273754019312343,-0.1654359586969718,-0.09396790736562988,0.9926249744785072,0.11939552405564076,0.020984967882325574,-0.11860617824645751,0.992305800331015,-0.03552144579255344,-0.025064606985007662,0.0327705273821257,0.9991485665364208,162,162,83,96,162,162,83,96,230216_162242
0,0,0,0,-0.05584513121504685,-0.16639296563469866,-0.08774654420171357,0.9925761047065353,0.11608184382923861,0.036299888413123454,-0.11609333838332313,0.9932366805244216,-0.0017981223101283291,-0.036263110024047876,-0.0024294019904485126,0.9993393241824082,151,162,136,85,151,162,136,85,230216_162242
0,0,0,0,-0.057395460379311466,-0.16535274982171744,-0.08784679487295999,0.9921146904128251,0.12034313175446082,0.03501387877104097,-0.12026016844045022,0.9927323299180981,-0.004473591628600683,-0.035297775478621694,0.00022754101488364152,0.9993768134549387,78,154,162,92,78,154,162,92,230216_162242
0,0,0,0,-0.05516413262984155,-0.16120877124084315,-0.1021587905002258,0.9927862436592655,0.1162640874668276,0.02929396467589118,-0.11429550818687419,0.991527645737142,-0.06172085990379223,-0.036221695283775786,0.057927452079866326,0.9976634698565965,78,154,162,103,78,154,162,103,230216_162242
0,0,0,0,-0.06551202963457681,-0.10716506957951488,-0.15065747079447311,0.9849744347783579,0.15934432745058144,0.06659390469387144,-0.11139117712582332,0.8808468738705677,-0.46010954179518104,-0.13197487825937954,0.4457781624325824,0.8853612039199887,87,128,162,162,87,128,162,162,230216_162242
0,0,0,0,-0.05380309200918897,-0.16461399215364586,-0.09629760219474881,0.991170990908076,0.12883809837132598,0.031317905267810676,-0.12749226212567055,0.9909612662646412,-0.04173118571592626,-0.03641139767136636,0.037369950110193,0.9986379208443766,83,96,162,162,83,96,162,162,230216_162242
0,0,0,0,-0.05683746943024756,-0.16430804731145943,-0.08785337316253983,0.9911268218547677,0.13136834585472645,0.020247980330404227,-0.131168034227576,0.9912999152907292,-0.010928162767251547,-0.0215074358523031,0.008175307455199855,0.9997352622324933,136,85,151,162,136,85,151,162,230216_162243
0,0,0,0,-0.04726921589010441,-0.16526321938880362,-0.09447494775679,0.991565897436159,0.11827656347272089,-0.05298797575590162,-0.11880629150866832,0.9928931256533042,-0.006950261028841519,0.05178934388058891,0.013186946708588724,0.9985709630751952,162,92,78,154,162,92,78,154,230216_162243
0,0,0,0,-0.04755155942048889,-0.16061932626588388,-0.10425317496699715,0.9899905546956143,0.1273702631172087,-0.0607907697510312,-0.1306844437571172,0.9899490892485867,-0.054059012715608826,0.05329425647631025,0.06146231991510337,0.9966855599722968,162,103,78,154,162,103,78,154,230216_162243
0,0,0,0,-0.04925001889264186,-0.16460953618921675,-0.09608917466739697,0.9905012789895227,0.13138041730420746,-0.04057588285042371,-0.133163336977466,0.9900766090972322,-0.04489803785858747,0.03427450955367275,0.0498747838842201,0.9981672023901393,162,162,87,128,162,162,87,128,230216_162243
0,0,0,0,-0.05422780342737451,-0.16528291876413853,-0.08966449863683346,0.9903942215150836,0.13759436642498415,0.013677584495761036,-0.13727126520596483,0.9902829668833977,-0.022276562781753936,-0.01660980849634241,0.020185039725572413,0.9996582808305005,162,162,83,96,162,162,83,96,230216_162243
0,0,0,0,-0.04991404439796872,-0.163619516218031,-0.09679025554618237,0.9913637703465801,0.13043589150535015,-0.013577667377690117,-0.13067522320416025,0.9912516410988328,-0.01855182091906887,0.011039061769803014,0.020165867848294133,0.9997357035182687,151,162,136,85,151,162,136,85,230216_162243
0,0,0,0,-0.0628704050044136,-0.10758574651913708,-0.15189940546241376,0.9858143896764056,0.15233515362695177,0.07045558939068089,-0.10665970091070014,0.8927198613463513,-0.4378069864214038,-0.12959049852738141,0.42408165502318557,0.8963041071891955,78,154,162,92,78,154,162,92,230216_162243
0,0,0,0,-0.05783793852279759,-0.16051446193830843,-0.10032866342135782,0.9899212445536943,0.1355670189675149,0.04095745291795329,-0.13294041520355734,0.9892324906503938,-0.0612039659427808,-0.04881368237257528,0.05514220534110663,0.9972845940870383,78,154,162,103,78,154,162,103,230216_162243
0,0,0,0,-0.05536976566486362,-0.16275857204711344,-0.0903316210071361,0.9872330265428856,0.15239236636028766,0.046341320418028555,-0.15299789785826587,0.9881779957945998,0.009792439855317763,-0.04430118005117016,-0.016757544643539214,0.998877665254156,87,128,162,162,87,128,162,162,230216_162244
0,0,0,0,-0.052051901921973315,-0.16255744530952349,-0.09883851382449249,0.9885377786261615,0.14764989840855067,0.031505042910598934,-0.14554446393482956,0.9874667387678798,-0.06104300815859193,-0.0401231759308397,0.05575793510408622,0.9976378017227251,83,96,162,162,83,96,162,162,230216_162244
0,0,0,0,-0.06218348412726417,-0.10440560348624386,-0.15299999936411957,0.9844799496375202,0.1635206329924858,0.06371994465975137,-0.11118246638862878,0.8620574390897962,-0.49446479235400065,-0.13578544815055307,0.47970613326877565,0.866858891501306,136,85,151,162,136,85,151,162,230216_162244
0,0,0,0,-0.06414663095933645,-0.1503687422737578,-0.11382766661875576,0.9851507457477154,0.15224256681453063,0.0793738559126507,-0.14588456871938416,0.986015247505029,-0.08057061683488326,-0.09053010969991351,0.06779478252282709,0.9935834975986689,162,92,78,154,162,92,78,154,230216_162244
0,0,0,0,-0.056407353891447035,-0.1627850161782704,-0.08867052450310009,0.9866703709209701,0.15811434775121078,0.03848937752008359,-0.1585957819466565,0.9872952111364259,0.009774661928024172,-0.036454863809962414,-0.015748622234588373,0.9992112007990648,162,103,78,154,162,103,78,154,230216_162244
0,0,0,0,-0.05202895361422523,-0.16383144141046158,-0.0903656260858362,0.9884993816213029,0.15056537347662,-0.014108183587820487,-0.15104375333574088,0.9875743351086359,-0.04339028938585071,0.007399804899693164,0.04502222722813691,0.9989585786922621,162,162,87,128,162,162,87,128,230216_162244
0,0,0,0,-0.053633914980163934,-0.16294865996039123,-0.08940857491502152,0.9874830716948814,0.15724066052489719,0.012351428813525536,-0.157270963218309,0.9875543262102163,0.0015155566207434596,-0.011959399835566058,-0.003439107613804764,0.9999225696494675,162,162,83,96,162,162,83,96,230216_162244
0,0,0,0,-0.0535719118896687,-0.1600900084069634,-0.09677467718397148,0.9883856450756229,0.15141755911817584,0.012905014495848974,-0.15107227504924725,0.988219245752728,-0.02449265268105199,-0.016461601376810006,0.022258596420343318,0.9996167118278421,151,162,136,85,151,162,136,85,230216_162244
0,0,0,0,-0.059521096287844785,-0.15789948558089126,-0.10241891880728748,0.9844131843550391,0.15714422865122796,0.07897071526573361,-0.1534897303998145,0.9868625928433509,-0.050429411143616494,-0.085857935741335,0.03752218341341908,0.9956005728313573,78,154,162,92,78,154,162,92,230216_162245
0,0,0,0,-0.047296503461098933,-0.15747248648056936,-0.10432273995738905,0.9896027544337322,0.14351736060141346,-0.00944222554127658,-0.14363409461274682,0.9895437394416803,-0.013131435433821639,0.007458906216396658,0.014351130191729244,0.9998691963353383,78,154,162,103,78,154,162,103,230216_162245
0,0,0,0,-0.051599973048808354,-0.16084938658726705,-0.09459375433401729,0.9861082219987444,0.1660363694807577,-0.004743260073497786,-0.16609197339000428,0.9859792329039758,-0.016075094323221528,0.002007705628242942,0.016639600107443392,0.9998595365481966,87,128,162,162,87,128,162,162,230216_162245
0,0,0,0,-0.0544042181018159,-0.16154419870524228,-0.08882646361048152,0.984367791619307,0.1701714425905001,0.045406287551356075,-0.1713174922331764,0.9849556587559317,0.022642154040751476,-0.040870131850336174,-0.030067098485515555,0.9987119714468224,83,96,162,162,83,96,162,162,230216_162245
0,0,0,0,-0.04629415352942167,-0.16044129908402566,-0.09713500008874854,0.9872262604508247,0.15831040188333376,-0.017947906056640928,-0.15836194958118782,0.9873800205994077,-0.0014791368969589984,0.017487241095324298,0.004302508181509289,0.9998378292614368,136,85,151,162,136,85,151,162,230216_162245
