0,0,0,0,0.21994431640050333,0.16122852114673675,-0.22436436997955,0.9970363788599976,-0.049432287102252254,-0.058948352153269795,0.05015407256902584,0.9986828002205874,0.010827444218594056,0.05833548006561956,-0.013751855707735208,0.9982023132762753,162,162,83,96,162,162,83,96,230201_161419
0,0,0,0,0.21977036248354453,0.1614357787993582,-0.22473773733508395,0.9968458812382774,-0.0469581985154775,-0.06397825138640212,0.04853625051195168,0.9985487366653061,0.023337799604147343,0.06278950106922125,-0.02636945384916558,0.997678370247233,162,146,148,92,162,146,148,92,230201_161419
0,0,0,0,0.21981184375134294,0.16140348073389552,-0.22444767637190122,0.9972286787881954,-0.04761353413281021,-0.05716566775375656,0.04895126758467311,0.9985536981562101,0.022232527980622592,0.056024419713218865,-0.024969246403108554,0.9981171279613721,71,136,162,138,71,136,162,138,230201_161419
0,0,0,0,0.21977694523899385,0.16124449721320658,-0.22553906463021411,0.9974591188951885,-0.048471965279196394,-0.052208952439279734,0.049644058702776,0.998537867316527,0.021391469572604533,0.051095729453154104,-0.023928980691469415,0.9984070464067836,145,86,160,162,145,86,160,162,230201_161419
0,0,0,0,0.21995595759673517,0.16125146025874826,-0.22472621057160513,0.9976173933031688,-0.048289542454123174,-0.04927125600755684,0.04881020340774362,0.998763662483993,0.009418627546315247,0.04875551889053652,-0.011801126689132269,0.998741023882859,162,162,90,130,162,162,90,130,230201_161419
0,0,0,0,0.21988161047219473,0.16118699171200798,-0.22496229469188267,0.997403073180319,-0.04818261953408153,-0.053530783529562954,0.04925007035163567,0.998609467823344,0.01880322695535737,0.052550358522220564,-0.02139079120578962,0.9983891495157469,149,162,146,80,149,162,146,80,230201_161419
0,0,0,0,0.21989469520215113,0.16055041520596552,-0.22584648086205572,0.9975588036183528,-0.04709070307873473,-0.05156451305957531,0.048154210148819675,0.9986479887222568,0.019579751426749833,0.050572772995594935,-0.022015001806505657,0.9984777084777584,69,128,162,143,69,128,162,143,230201_161420
0,0,0,0,0.22194205994028282,0.1589214260377089,-0.22678348549093774,0.996786530692277,-0.046117035908469065,-0.06549680320039407,0.04791975089723171,0.9985068864997799,0.026223941093288045,0.0641896386062535,-0.02927826175738508,0.9975081321393148,146,80,155,162,146,80,155,162,230201_161420
0,0,0,0,0.22004353108177527,0.1613859262426454,-0.2241592653450235,0.9973924166255819,-0.04806534860745419,-0.05383390679696561,0.04872780290986855,0.9987508524226617,0.011060560952548266,0.053235030584733306,-0.013654927617967381,0.9984886451384366,162,162,90,130,162,162,90,130,230201_161420
0,0,0,0,0.22006538648991178,0.1610313335396974,-0.2255230333121817,0.9978192523406108,-0.048479816129596655,-0.0447933821726525,0.0491177125989429,0.998705091385122,0.013251066013003394,0.044092969592356056,-0.015422317253702113,0.9989083852701676,124,162,138,147,124,162,138,147,230201_161420
0,0,0,0,0.21980660864598878,0.16121785125676458,-0.22685297370548374,0.9979704556500834,-0.04734949021640311,-0.042579283998345784,0.0484544335221946,0.998504836668432,0.02530334013108605,0.0413175207582479,-0.02731514096600954,0.9987726195448086,89,137,162,162,89,137,162,162,230201_161420
0,0,0,0,0.22005996814158646,0.16109929956566815,-0.2257280736356928,0.9975568332526632,-0.04627451571008042,-0.05233577769285619,0.04786016176445141,0.9984194844053443,0.029460788781806142,0.050889776446739164,-0.03189360994875261,0.9981948849286083,140,92,162,162,140,92,162,162,230201_161420
0,0,0,0,0.21979073958021306,0.16114793364752733,-0.2255530725043714,0.9972936903361163,-0.04742286128439357,-0.05618155785816382,0.048748767114133215,0.9985583107680875,0.022469038716287595,0.05503501540493154,-0.025147012219808418,0.9981677087823447,162,135,85,147,162,135,85,147,230201_161420
0,0,0,0,0.2199287519178747,0.16093886089243398,-0.22593808276691518,0.9979033710063988,-0.047506760619119966,-0.04395417874951373,0.04838722243658979,0.9986443197224606,0.019188522375016673,0.042983006397162994,-0.021275111786831183,0.9988492532807537,162,162,132,85,162,162,132,85,230201_161421
0,0,0,0,0.2199472283403093,0.16107136733446373,-0.224723282053225,0.9973422342060082,-0.0474455868338598,-0.05529361770547481,0.04830857852598622,0.9987289978980085,0.01437602164853218,0.0545412606176935,-0.01700896962285181,0.9983666389872018,85,147,146,93,85,147,146,93,230201_161421
0,0,0,0,0.22206809336580763,0.1587237039433843,-0.22757570462637144,0.9972209115580728,-0.04566744197109456,-0.05886372647992541,0.047836532985435644,0.9982068720046375,0.035982034331731215,0.05711496881921662,-0.038697873669405476,0.9976173389182078,132,92,141,162,132,92,141,162,230201_161421
0,0,0,0,0.22162681797672518,0.158814584355055,-0.2279619380214618,0.9973041230648086,-0.047980415730617974,-0.05551905820752491,0.04899452118253815,0.9986535021195639,0.01705050141266219,0.054626211767129645,-0.01972466503255349,0.9983120326718127,162,125,82,156,162,125,82,156,230201_161421
0,0,0,0,0.220004028814994,0.16105170494562399,-0.22483005771122666,0.9970760538963376,-0.04745392633496596,-0.05989547246581423,0.04873494468118222,0.9986092736075209,0.020110291693111494,0.05885786195088641,-0.0229704928213466,0.9980020583877144,162,160,119,87,162,160,119,87,230201_161421
0,0,0,0,0.21999368079004689,0.1610589868361616,-0.2255669618424767,0.9973827609021036,-0.046422907588110504,-0.05543051421702048,0.048232576225086324,0.9983308107094777,0.03176808113260119,0.05386322350165096,-0.034358492970763994,0.997957036707888,116,154,162,103,116,154,162,103,230201_161421
0,0,0,0,0.22033727370816067,0.1613360803098259,-0.2247686680377673,0.9976619759262148,-0.046256155657999745,-0.05030854653777372,0.04771657376794805,0.998462035435164,0.02822573971604932,0.04892555956602244,-0.03056029872912071,0.9983347924232323,120,85,162,160,120,85,162,160,230201_161421
0,0,0,0,0.2217796816772016,0.158894576943012,-0.22932306525957669,0.9977615174623354,-0.046343977240371974,-0.048209854229210806,0.04798620831812502,0.9982866325424455,0.033483176347448955,0.04657550947125946,-0.03572163294991897,0.9982758570940619,162,141,103,154,162,141,103,154,230201_161421
0,0,0,0,0.22012633359474926,0.16108939014433826,-0.22557701590829893,0.9977682649097316,-0.0472045635729888,-0.04722519154971998,0.048324931816513095,0.9985698136804003,0.022869809164506826,0.04607809136621697,-0.025100923970548573,0.9986224277032192,162,162,108,85,162,162,108,85,230201_161422
0,0,0,0,0.2218597934024106,0.15839206576827042,-0.2291906365541282,0.9980856528717676,-0.04613825122671953,-0.0411860571708194,0.047578097662255896,0.9982648951010517,0.03469184099648357,0.03951397416584081,-0.03658498302069538,0.9985490397887309,112,162,154,162,112,162,154,162,230201_161422
0,0,0,0,0.22200243161398256,0.15866487080668668,-0.2283059338911333,0.997610010962342,-0.04760549011348321,-0.050079769755556884,0.049059569574858033,0.9983971784225717,0.02821759647766332,0.04865618830985645,-0.030607048680028292,0.998346524965282,100,92,162,162,100,92,162,162,230201_161422
0,0,0,0,0.22199363220947937,0.15837532883348687,-0.2289606984585577,0.9977143354921535,-0.045644375340288666,-0.04982665705469811,0.04764102430586162,0.9980773451830072,0.039647772138265355,0.047921159799612006,-0.04193094361249643,0.9979706200140491,154,162,120,162,154,162,120,162,230201_161422
0,0,0,0,0.21987338842257603,0.16130622832995375,-0.22418788498570463,0.996796062712174,-0.04765156177585299,-0.06424124860111935,0.04867068316299785,0.9987111784512103,0.014392589657246034,0.06347262372043429,-0.017473142159235257,0.9978306045322158,82,162,56,101,82,162,56,101,230201_161422
0,0,0,0,0.22021428333771725,0.1610420217302254,-0.22449422549539355,0.9974056255529982,-0.04479176406100662,-0.05635349135179456,0.046446976543704825,0.9985165976806479,0.02841271768439928,0.05499724070516803,-0.030956453746641587,0.9980065137494092,119,162,154,162,119,162,154,162,230201_161422
0,0,0,0,0.2201098220532166,0.1609916777728196,-0.2248950796727881,0.9971743428124177,-0.04789239174019326,-0.05787615096070396,0.04864297992096671,0.9987485234548734,0.011629591614412285,0.05724675135787858,-0.014411998824362749,0.9982560311607719,72,101,82,162,72,101,82,162,230201_161423
0,0,0,0,0.22007005311500538,0.1610960382914205,-0.2252566124319093,0.9978571496993075,-0.04775103120125205,-0.04473195516845445,0.04859776930920881,0.9986555708971901,0.01803628382389045,0.04381056507447112,-0.02017150800570145,0.9988361951053993,154,162,122,162,154,162,122,162,230201_161423
0,0,0,0,0.22009424888530665,0.16093078270586278,-0.22589351645383537,0.9978655724496877,-0.04713378293668656,-0.045196303230845225,0.048360166516385514,0.9984800650216543,0.026435847799175054,0.04388158627675913,-0.02856512314748533,0.9986282792537994,58,162,93,100,58,162,93,100,230201_161423
0,0,0,0,0.21970107774388714,0.16115307070444404,-0.22591251636447562,0.9979595031941271,-0.049065066639859135,-0.04085889401533403,0.0494952856740888,0.9987283673934148,0.009584615783833773,0.04033666670128391,-0.011587381037557644,0.9991189548397728,135,154,162,110,135,154,162,110,230201_161423
0,0,0,0,0.2199940060541709,0.1615004189122363,-0.2250638638888015,0.9976552169596554,-0.04645202672518476,-0.050262085972479324,0.047916365368317414,0.9984494661271622,0.02833170521297411,0.04886808777793637,-0.030673649986717795,0.9983341310370092,64,112,162,154,64,112,162,154,230201_161423
0,0,0,0,0.2200285661614784,0.16086321465537556,-0.22634158027230677,0.9977356129986203,-0.04677045976076957,-0.04833394922861093,0.04815924921112687,0.9984477244184888,0.02797906930124535,0.046950327684567625,-0.030243440566667452,0.9984392825970951,162,107,78,154,162,107,78,154,230201_161423
0,0,0,0,0.21993589738972252,0.1609343618059332,-0.22514580788705985,0.9971698316905687,-0.04758089184751213,-0.058209840209364455,0.04870372178991173,0.9986506246891008,0.018024352745074246,0.05727367850954974,-0.02080837665612924,0.9981416418579687,162,162,100,116,162,162,100,116,230201_161423
0,0,0,0,0.2218789846571106,0.15854299971987323,-0.22806321492870596,0.9972116246233952,-0.04526437235274165,-0.05933053439401882,0.04749315967610442,0.9981967893772662,0.0367092557932895,0.05756192752112764,-0.039424691151985804,0.997563190092549,162,154,160,95,162,154,160,95,230201_161424
0,0,0,0,0.22176868989657444,0.15852175723310408,-0.2279493116295287,0.9967625303824668,-0.04681023289002116,-0.06537017762194834,0.0488649993961436,0.9983488715993832,0.0301950726154698,0.06384880468386205,-0.03329163067530026,0.9974041294617851,70,120,162,152,70,120,162,152,230201_161424
0,0,0,0,0.22001366050568605,0.16084681399407652,-0.22617137801798592,0.9978545150079868,-0.0473396297786046,-0.045225284195906525,0.048383723246086675,0.9985803635132792,0.022277184079974692,0.04410648708548387,-0.024417556350127132,0.9987283918758225,156,100,146,162,156,100,146,162,230201_161424
0,0,0,0,0.22167479065124318,0.15864703936149296,-0.2281377447359062,0.9972167150782095,-0.046775672260087296,-0.05805910482639352,0.04867378374055348,0.9983109193821498,0.031720198907696846,0.05647730468961033,-0.034457868868850876,0.9978090846088815,162,162,53,130,162,162,53,130,230201_161424
0,0,0,0,0.22174046113768753,0.15820341284542339,-0.22810122448671122,0.9970665715533045,-0.047926579181679356,-0.059676585851419356,0.04931360823921988,0.9985412413441122,0.021989938094281125,0.05853562960597889,-0.024868299960065298,0.9979755246115647,146,162,146,130,146,162,146,130,230201_161424
0,0,0,0,0.22184961619009952,0.15852927080447335,-0.22703037754649358,0.9969830614253107,-0.04898339240529222,-0.06021131537746128,0.05004031233126966,0.9986162609652033,0.016171903959239044,0.05933584391246091,-0.01913610734572298,0.998054641301191,87,128,162,162,87,128,162,162,230201_161424
0,0,0,0,0.2199470041530171,0.16121628293142246,-0.22505454534856983,0.9976620270667674,-0.047676048102332835,-0.04896400909210821,0.04847106024497167,0.9987092436215191,0.015179032369094644,0.04817713220768075,-0.017516881636801974,0.9986851970415731,151,89,162,146,151,89,162,146,230201_161424
0,0,0,0,0.2216188368070022,0.15877247962059204,-0.22857369912808556,0.9969276252300834,-0.04631828657983604,-0.06316586405183006,0.048135560279107065,0.9984605943804076,0.027557382062505593,0.061792215445981125,-0.030513239713780567,0.9976225059171664,130,162,59,136,130,162,59,136,230201_161425
0,0,0,0,0.2197886929435121,0.1611162809536154,-0.22549633735222463,0.9974263060143461,-0.04722423406166569,-0.0539503085057467,0.048644475083908616,0.9984951320234041,0.025321658108722285,0.0526733245047932,-0.027880872347418095,0.9982225091845806,155,162,151,89,155,162,151,89,230201_161425
0,0,0,0,0.22224637965011398,0.15840136452628295,-0.2281006308162402,0.9974106540026342,-0.04478189286489314,-0.05627227873007333,0.04732006958956989,0.997883024086606,0.04461256833907864,0.054155316415621595,-0.04715985910928835,0.997418241959067,90,130,130,162,90,130,130,162,230201_161425
0,0,0,0,0.21974283927928936,0.160953606932578,-0.22502265222165163,0.997298144711902,-0.04811889207504726,-0.05550660122604979,0.04919589184419556,0.9986232797744369,0.01820190424654664,0.054554328699489715,-0.020883422085860297,0.9982923959953476,148,92,162,162,148,92,162,162,230201_161425
0,0,0,0,0.2198129301500511,0.1611126426938294,-0.22476421670422742,0.99674375473232,-0.04736115922794582,-0.06525954335345414,0.04881409065045616,0.9985902089539167,0.02085135811746832,0.0641799965416426,-0.02396904624633647,0.9976504462315223,130,162,59,136,130,162,59,136,230201_161425
0,0,0,0,0.22192946914473338,0.15860857170945664,-0.22861321060404405,0.9979559327476415,-0.04747637756840877,-0.04277791330542131,0.04864233353905104,0.9984609367026327,0.026639843595173174,0.04144731211622722,-0.0286662074903793,0.9987293771920692,162,146,151,89,162,146,151,89,230201_161425
0,0,0,0,0.22191362193905953,0.1588021589775033,-0.22822047861487305,0.9974066131911004,-0.0469076323846326,-0.05458682979188412,0.048237335238558894,0.9985640662698879,0.023301610322718377,0.05341542335077795,-0.02587430344216251,0.9982371025811654,71,136,162,138,71,136,162,138,230201_161425
0,0,0,0,0.2198438402218582,0.1608511835842351,-0.22612409199981298,0.9981264922220957,-0.04824260837943517,-0.03763185168396286,0.048693531417649025,0.9987514301520045,0.011158887373042738,0.037046531855138065,-0.01297040886303393,0.9992293645462146,138,156,152,162,138,156,152,162,230201_161426
0,0,0,0,0.21992270549712614,0.16105332317223575,-0.22567460610794243,0.9973263023989447,-0.04463578800808657,-0.05786097970260979,0.04701277339846686,0.9980773028277278,0.04039179022414027,0.0559468111748389,-0.04300399991888779,0.9975071981245766,138,162,64,145,138,162,64,145,230201_161426
0,0,0,0,0.2199719963093297,0.16132388795381467,-0.22450089769910053,0.9968222316193144,-0.045233544028499974,-0.065569543571021,0.0477007739697371,0.9981922580303804,0.03656298908593375,0.0637971371785467,-0.03957451835249322,0.9971779092945199,151,162,136,85,151,162,136,85,230201_161426
