0,0,0,0,0,0,0,1,0,0,0,1,0,0,0,1,162,162,83,96,162,162,96,96,230126_162824
0,0,0,0,-0.00011970156351004402,0.00012026414144139519,0.0003355834423672821,0.999979636320967,-0.0010108346023306458,-0.006301202805322222,0.0009711146329979643,0.9999796616511869,-0.006303429252984541,0.006307446373663926,0.006297181701724664,0.999960280022591,137,162,158,100,117,162,104,104,230126_162824
0,0,0,0,-0.00039710422000593937,0.002388702719683472,0.009429850014347707,0.981162601905494,0.003728361048942557,-0.19314773606214117,0.018379154642927605,0.9934771252852872,0.11254069579264916,0.19230744992499157,-0.11397061401418784,0.974694077054219,108,92,162,162,121,97,122,122,230126_162824
0,0,0,0,0.0029670227592570875,-0.005561593542779131,0.003138676279599073,0.9965861704864162,-0.01865624770225809,-0.08042356132932559,0.02072916794028105,0.9994720715790223,0.025017588413780018,0.07991436911922298,-0.026599296141245427,0.9964467728148186,162,148,162,106,162,162,122,122,230126_162824
0,0,0,0,0.21874329688575217,-0.6779973493247489,0.17614206730845772,0.9362008318106727,-0.006630369741965787,-0.3514029605938033,-0.12173987780184153,0.9318106261051491,-0.3419186441689355,0.32970805975862644,0.36288427256442957,0.8715547028474957,109,125,130,162,85,136,141,141,230126_162824
0,0,0,0,0.2179918647015963,-0.6779386439669901,0.17529961836027952,0.9332961667681731,0.0005130052633442688,-0.359107229001917,-0.12641812082909765,0.9364555735461925,-0.3272146352171792,0.3361201032694645,0.35078582582520573,0.8740552503007192,162,162,107,162,162,150,162,162,230126_162824
0,0,0,0,0.2195248459496369,-0.6778782878991885,0.1762609403357731,0.9333706655300918,-0.006607282474457011,-0.3588530960521545,-0.12149078134974017,0.9349923114008333,-0.3332106956091845,0.33772650292054934,0.3546064317516388,0.8718916720472941,162,161,116,84,159,162,64,64,230126_162825
0,0,0,0,0.21955518333348475,-0.6776867580475154,0.17574847193512388,0.9378358959377238,-0.0070052352482695085,-0.34700829812816264,-0.11608668081060487,0.9358842320696671,-0.33263281062118183,0.32708976570517184,0.3522380315106343,0.8768926127687752,115,71,162,162,40,132,155,155,230126_162825
0,0,0,0,0.21826237163961615,-0.6780729465830484,0.17600934151876402,0.9332105172697406,-0.0037996144306484975,-0.35931002405627677,-0.12314371859344335,0.9360092929606244,-0.3297305385649478,0.3375703704831375,0.3519547789440145,0.8730258178028569,154,162,160,154,162,128,162,162,230126_162825
0,0,0,0,7.91006303239028e-05,-0.015013742257486667,0.011235321716569935,0.995489078598799,-0.0059753790333153525,-0.09468785157518095,0.025689762730854916,0.9777090507361335,0.2083867754908666,0.09133197951072583,-0.2098792675660383,0.9734521881246123,162,154,142,76,152,162,79,79,230126_162825
0,0,0,0,0.22017684096086676,-0.6777661072725485,0.1762550872258366,0.9342153026837241,-0.0018971794331218606,-0.3567045961881576,-0.12184654427998065,0.9381404908521663,-0.32410775842408285,0.3352539155305791,0.34624965001261104,0.8761940378635086,106,130,130,162,45,138,162,162,230126_162825
0,0,0,0,0.21856242578691276,-0.6769187816359161,0.17338605978353372,0.9354395351741837,-0.006414984007166506,-0.35342852744691583,-0.12335894221246492,0.9310524672197893,-0.34340045815368914,0.33126341091241773,0.3648289342474495,0.8701519415174231,162,96,130,162,162,124,162,162,230126_162825
0,0,0,0,0.0004012142887799275,-0.015277864823030812,0.0018571303015242346,0.9980592041314805,-0.007776715675956689,0.06178468857032139,0.004596388396157236,0.998664957995577,0.05145070344906434,-0.06210232090790106,-0.051066861710773195,0.9967624979767571,162,162,18,82,162,156,21,21,230126_162826
0,0,0,0,0.22020304306882585,-0.6775691063607656,0.1757806956516912,0.9330571577767227,-0.003037045682128765,-0.35971532727303834,-0.12073677464258387,0.9393151885307024,-0.3211068480185949,0.33886128662113413,0.3430419113593203,0.876068076966861,104,154,162,103,116,154,119,119,230126_162826
0,0,0,0,0.21944908588173379,-0.6780236109081383,0.1763883810554654,0.9345984519840345,-0.0077440996916466045,-0.35562025036408285,-0.11982526092719002,0.9344746036925966,-0.3352597827018544,0.3349143777038814,0.3559455632165256,0.872430579263297,159,87,154,162,138,161,154,154,230126_162826
0,0,0,0,0.0016599371144322694,-0.016163119836402756,0.006346224725133132,0.999690081393626,-0.01873894144518056,-0.01638881437809036,0.018843511557159912,0.9998029129307692,0.006249589373957345,0.016268473665361494,-0.006556475323069821,0.9998461628650366,157,133,104,132,158,126,137,137,230126_162826
0,0,0,0,0.0017504002818081732,-0.015351013125946639,0.0041160949953269466,0.9996061436203938,0.025437462741399384,-0.011852979610428565,-0.02124762715677861,0.9619265297049031,0.27248098977743174,0.018332920568525632,-0.2721218237098271,0.9620881545286096,18,162,162,162,87,140,132,132,230126_162826
0,0,0,0,0.21928018573017888,-0.6775202994710907,0.1751541463973978,0.9334978798673339,-0.007745707504588921,-0.3584992500667837,-0.12034567998428007,0.9350121128587109,-0.33357048148271423,0.33778488064493684,0.3545311732735812,0.871899662567284,162,162,120,162,162,142,162,162,230126_162826
0,0,0,0,0.0013123107562087732,-0.015308781928628334,0.0009426840861557206,0.9733168092788396,-0.02336448988156895,-0.2282728397944742,0.025859465930583105,0.9996340194873745,0.007944501576527936,0.22800367715684894,-0.01363553064931959,0.9735647875241107,162,162,124,75,156,162,72,72,230126_162827
0,0,0,0,0.00162867856038873,-0.014777190872420631,0.0056617219470724844,0.9987083074125508,0.0085978421142495,0.05007787751229961,-0.013518457250410587,0.9950188808488096,0.09876577376778545,-0.04897926110842497,-0.09931517439625724,0.9938498518971131,21,146,162,162,77,128,162,162,230126_162827
0,0,0,0,0.21950786411702733,-0.6775923312545324,0.1752762574982618,0.9375886593895048,-0.0072452175895529125,-0.34767083945345784,-0.115701070411059,0.9363226232789442,-0.33153160851082003,0.3279340910761296,0.3510661646443822,0.8770471936856968,162,162,126,162,162,133,162,162,230126_162827
0,0,0,0,0.0013365480538285457,-0.015256596389997046,0.00135368004360914,0.9737087842739719,-0.021328205897617455,-0.2267957474488735,0.0242589615988146,0.9996542539462531,0.010142748607113295,0.22650100708352625,-0.015377912743565486,0.973889528432152,162,162,120,69,162,162,78,78,230126_162827
0,0,0,0,0.21912334506079018,-0.6776260992749987,0.1755427709848223,0.9360703055674654,-0.006910727146380651,-0.35174511351991933,-0.11739233944384408,0.9363696659829998,-0.3308033966977774,0.3316495464714733,0.35094741839368787,0.8756965729338398,97,123,162,148,88,128,141,141,230126_162827
0,0,0,0,0.21987667903261363,-0.6779690010162123,0.1764980861907386,0.9363930006936562,0.0022782011979956504,-0.35094580500589045,-0.11798469242332253,0.943820155827526,-0.30867964916313956,0.33052649002115564,0.3304516957938125,0.8840553806981146,162,89,120,162,162,138,162,162,230126_162827
0,0,0,0,0.21922238544250755,-0.6776700805184874,0.17549741843509814,0.9353688765566639,-0.006759486448605847,-0.35360906961229943,-0.12052031308319734,0.9338841805874099,-0.3366529242155919,0.3325055171022775,0.35751174329178653,0.8727115414070188,162,114,117,76,162,162,69,69,230126_162828
0,0,0,0,5.473455408300243e-06,-0.013845081796695413,0.012822486058676086,0.9891894286955082,0.01760464245243914,-0.14558279678992378,-0.00047786920448143847,0.9931494690467905,0.11684991986775795,0.14664257839412762,-0.11551713594181517,0.9824213686121257,65,100,162,157,18,58,90,90,230126_162828
0,0,0,0,0.00023368092746933744,-0.012444199712357495,0.006309565191809696,0.9995755834055833,0.026759413224250857,0.011514636914925257,-0.027067473684102835,0.9992556603506186,0.02748594414621913,-0.010770558376853798,-0.027785950787087028,0.9995558693795501,162,162,108,132,155,156,138,138,230126_162828
0,0,0,0,0.0025045412053115446,-0.013479884372731815,0.01313832037516005,0.9998714360422387,0.012543975350236847,0.00998799625774122,-0.013549327487769582,0.9940656606446485,0.10793460080876678,-0.008574795126484906,-0.10805605494155016,0.9941078220590598,21,146,162,162,72,128,101,101,230126_162828
0,0,0,0,0.2185838460445409,-0.6773805699288729,0.1745609310134617,0.9356112978061889,-0.006982391912127853,-0.3529628105347712,-0.12312564918825084,0.9305724908546182,-0.3447824151209026,0.330864887725173,0.366041098058423,0.8697944243341599,162,162,122,162,162,133,162,162,230126_162828
0,0,0,0,0.21900213260568735,-0.6773470874801226,0.17460650508045727,0.9349147128760067,-0.006507035623335337,-0.35481282126689184,-0.12317937020952845,0.9317167558225432,-0.34165879130252025,0.3328082366810636,0.36312745063808083,0.8702741707015837,162,82,75,64,162,90,51,51,230126_162828
0,0,0,0,0.002717534871179511,-0.015434825676634484,0.013662620439614859,0.9945672177825312,0.04368176411507312,-0.09448784470031354,-0.026381643718195003,0.983832675728207,0.17713631768839014,0.1006978559207777,-0.17368122999700092,0.9796401238004122,57,122,162,162,102,102,162,162,230126_162829
0,0,0,0,-0.00021914512175616463,-0.0117328490763412,0.012628312637863237,0.9976085987330472,0.06414388171138734,-0.025741914708947888,-0.05979658747305617,0.9877738041987403,0.14396971857069765,0.034661965617437576,-0.14208615054868726,0.9892472259055323,154,138,87,136,162,146,147,147,230126_162829
0,0,0,0,0.0027579308106184808,-0.014638275481463736,0.007706970176483807,0.9796825527612917,0.008816510868052121,-0.2003605873200452,-0.012451165560749478,0.9997798636337066,-0.01688765077642994,0.20016759051179786,0.019039259667364798,0.9795766648404911,48,146,138,162,77,138,154,154,230126_162829
0,0,0,0,0.2190722658511502,-0.6779028463041148,0.17599098213948383,0.9357077993001002,-0.009308116390025581,-0.3526531912491833,-0.12259118349195623,0.9287724060560288,-0.34979025069166225,0.33079044130537505,0.37053363776877846,0.867918491117012,154,162,122,162,148,92,162,162,230126_162829
0,0,0,0,0.0014540579630034078,-0.0147048308173236,0.012476374700421733,0.9961249665380102,0.02229998510308418,-0.08507503572758847,-0.019091302349197592,0.9990821737827459,0.03834491105941886,0.08585204257476801,-0.0365721300165224,0.9956364326860456,162,154,112,122,162,148,136,136,230126_162829
0,0,0,0,0.21873199366195328,-0.677930237093936,0.17592344502122859,0.9367633109619142,-0.00804552080477481,-0.34987107458412803,-0.12158835126038996,0.9299753338569919,-0.34693248803673093,0.3281627219436308,0.3675338732859276,0.8701885312471033,99,124,162,162,53,136,162,162,230126_162829
0,0,0,0,0.0023734338378725017,-0.01391166326983781,0.012720195230242481,0.9908518020370709,0.03753544304593001,-0.1296294600591831,-0.030245234843907856,0.9978724013174739,0.05775721996542573,0.13152160343124816,-0.053308172021214614,0.9898789353383725,138,162,121,161,162,136,162,162,230126_162830
0,0,0,0,0.218767652954721,-0.6777558175211227,0.1755188558683467,0.9375844978411857,-0.008202290549718997,-0.34766079997266053,-0.11832330102798205,0.9325504281982395,-0.3411001250382661,0.3270090302143565,0.3609465629383623,0.8733743028399958,162,146,159,87,162,154,80,80,230126_162830
0,0,0,0,0.002463352741557262,-0.014160396205721959,0.010203605318801712,0.9888698805358831,0.016437118105706205,-0.14787217627845978,-0.01653710824938997,0.9998630995768698,0.0005533130055905081,0.14786102738618043,0.0018982236204525234,0.9890063262322389,122,44,162,162,137,89,162,162,230126_162830
0,0,0,0,0.21917517717550306,-0.6782376469921789,0.17681122579658326,0.9359870281088161,-0.008914591115063788,-0.35192160103818326,-0.11905715686079109,0.9327574268837563,-0.34027779238942263,0.33129092443387587,0.36039438488750813,0.8719875060626171,162,162,104,120,162,151,136,136,230126_162830
0,0,0,0,0.21884089824163672,-0.6773888910297319,0.17467426620933324,0.9353059965306453,-0.004697220782747136,-0.35380874631746284,-0.12238263748460794,0.933905357982041,-0.3359215271082611,0.33200178146529236,0.3574894662075419,0.8729124232444619,125,162,154,162,116,162,88,88,230126_162830
0,0,0,0,0.0015584137308573554,-0.01389767464925623,0.012401190288316544,0.9854742733880214,0.03113357936449501,-0.16694656847718356,-0.022748759215022174,0.9983929324802643,0.051904203371557135,0.16829423770447186,-0.047352429815307816,0.9845987999921881,144,96,162,162,146,154,162,162,230126_162830
0,0,0,0,0.0017051859048073659,-0.014549112103577178,0.011245965473503095,0.9731299582470143,0.025716102956900216,-0.2288160099531383,-0.014701162772141445,0.9986552882823987,0.04971409255679617,0.22978677110597903,-0.04501441140689021,0.9721994356048451,160,162,118,78,162,162,77,77,230126_162831
0,0,0,0,0.2194674850522345,-0.6780815983008626,0.17647785623569834,0.9342163917584367,-0.007414180148341535,-0.3566297285737338,-0.1199566876856852,0.935025280973238,-0.33367366845526714,0.3359317288517504,0.354503531539031,0.872626563701237,75,132,162,140,78,136,136,136,230126_162831
0,0,0,0,0.21924192557734482,-0.677767196590179,0.17588228190805966,0.9351071482611205,-0.008177349202232476,-0.3542707329585382,-0.12091218754964993,0.932374745808917,-0.34067224172173927,0.33309888047382175,0.36140069775497335,0.8708815484836642,162,162,118,162,162,117,162,162,230126_162831
0,0,0,0,0.21879102234261166,-0.6775282144691328,0.17494866526541597,0.9377439932605455,-0.0061419475089152025,-0.34727291801199284,-0.11850975894134319,0.9341839056041292,-0.33653509110623264,0.3264837517234685,0.35673899000671805,0.8752974653622363,162,82,82,44,18,90,74,74,230126_162831
0,0,0,0,0.21959614571384528,-0.6779958740718566,0.17635426977927326,0.9344324739358955,-0.003088034509053143,-0.3561269656975075,-0.12118872569131804,0.9375304184619685,-0.32611348825806347,0.3348869128815837,0.3478896067740431,0.8756846333465286,18,159,162,162,108,90,132,132,230126_162831
0,0,0,0,0.0032273006754339195,-0.012675949259747216,0.013995104790441193,0.9845601818195099,0.07142301558557651,-0.15981239382537307,-0.04990768309274935,0.9896139870028666,0.13480867886231493,0.16778102259745387,-0.12475139106619829,0.9778990842020464,158,138,104,145,162,123,161,161,230126_162831
0,0,0,0,0.0018141994231646585,-0.01164248842938978,0.013636229635646924,0.9940931706481939,0.042562619343273,-0.0998358227554664,-0.03864748206358746,0.998418468454372,0.040828102813763034,0.10141568025096512,-0.036728535008438784,0.9941659190071684,162,162,154,162,90,158,162,162,230126_162832
0,0,0,0,0.000808620766107826,-0.010996426969240164,0.015177915514437368,0.9906552324772554,0.06582091884204001,-0.11945633933879382,-0.05272214707970949,0.9925674754794437,0.10968218555293577,0.12578785940121975,-0.10235923633533346,0.9867623833345627,116,88,148,161,136,89,162,162,230126_162832
0,0,0,0,0.2191009948720844,-0.6781770176739059,0.17650790503743652,0.9353886467292242,-0.010681554922418686,-0.353460017476532,-0.11943188191552526,0.9312674840766908,-0.3442047336739955,0.3328424629643683,0.36417959509822845,0.8698213134672564,162,162,88,80,162,162,66,66,230126_162832
0,0,0,0,0.0014027045956293283,-0.011918225254064024,0.01233984934675414,0.996272038810662,0.0378690865591945,-0.07751101190940193,-0.0372395561489644,0.9992607169574458,0.009551701603345359,0.07781542354749083,-0.006629617550312731,0.9969457397618293,60,99,162,155,158,82,162,162,230126_162832
0,0,0,0,0.2190858098231595,-0.6774266186229667,0.1749003923974637,0.9348232975685001,-0.008070621577843976,-0.3550215027156858,-0.1220113785735843,0.9315795539464206,-0.34245110332361495,0.33349456640510666,0.36344793263455905,0.8698775629029265,162,162,85,146,162,120,154,154,230126_162832
0,0,0,0,0.0015673042095916412,-0.013898550971406715,0.006538669902013572,0.9989235526197251,0.0446538746630254,-0.012560553298596915,-0.03961660160957825,0.9621150833644795,0.2697500532705569,0.024130082853071458,-0.2689620750963583,0.9628484518663176,162,162,162,79,147,146,18,18,230126_162832
0,0,0,0,0.0018540786719832003,-0.012210770819899602,0.013951662608863824,0.992799352821535,0.0463537665450732,-0.11045711097175419,-0.03601615548285057,0.9949381654589401,0.09381302392223094,0.1142465823619102,-0.08915926895327685,0.9894434512281842,41,130,162,162,104,112,18,18,230126_162832
0,0,0,0,-0.0006217007766564919,-0.008005843118127298,0.013639561970474556,0.9901641220298242,0.04469748822744714,-0.13257882934716533,-0.03620139530847565,0.9971748265228005,0.0658165961360922,0.1351461076858192,-0.06036969351735353,0.988984848054809,162,131,140,146,162,120,154,154,230126_162833
0,0,0,0,0.21886240499882914,-0.6783940206141614,0.17651410607455031,0.9371323824302826,-0.006496912950847943,-0.3489135823132315,-0.1214499257779211,0.9312528379547877,-0.3435375777548816,0.3271586974681869,0.364315717370611,0.8719181410818658,129,162,154,162,112,162,85,85,230126_162833
0,0,0,0,0.0011512462395883716,-0.016641973491256873,0.015173629937815791,0.9815226762997056,0.04635977515503377,-0.18564484145011398,-0.036123178698239715,0.997654078703555,0.058150281227992096,0.1879051672259127,-0.05036973787637033,0.9808947637927666,130,30,148,162,154,95,162,162,230126_162833
0,0,0,0,0.22011324939893473,-0.677594050753199,0.1760469035109451,0.939301942957383,-0.005989100598843259,-0.3430393426860867,-0.11637544625483381,0.9350105316994948,-0.3349806876821656,0.32275163123596123,0.3545693673811165,0.8775602248560955,162,106,113,48,162,114,80,80,230126_162833
0,0,0,0,0.21743847378052,-0.6792515722909196,0.17754494710830748,0.9362891453364113,-0.00447213549411396,-0.3512017031982262,-0.12185232299781136,0.9336790063789647,-0.3367425194822085,0.3294156154544737,0.35808310913991886,0.8736485788023919,128,76,162,114,106,18,162,162,230126_162833
0,0,0,0,0.0030003024831499747,-0.009725143350312437,0.00889789525735818,0.990029761549966,0.0384184702142068,-0.13551786742609934,-0.04191855438139499,0.9988546916446898,-0.02306815506201598,0.13447641445209568,0.028518873150796924,0.9905063189249813,162,123,94,144,130,162,146,146,230126_162833
0,0,0,0,0.0009061169659133061,-0.01227659459140143,0.0154264144862033,0.9948430604710994,0.03782752731662779,-0.09410825261158853,-0.026365781407874794,0.9924014908937537,0.12018371954056875,0.09793942313108132,-0.11708270174950547,0.9882810887332546,162,162,162,162,102,154,136,136,230126_162834
0,0,0,0,0.21907933131575952,-0.6786894009636855,0.17660880609227414,0.9371252744593084,-0.007063789380246026,-0.3489216571798864,-0.12202627656626237,0.9300554306660477,-0.3465638234380007,0.3269645359927292,0.36735132879599525,0.8707164828087703,138,82,162,130,123,84,162,162,230126_162834
0,0,0,0,0.0005122700760455956,-0.00950885480227881,0.016771095629861454,0.9884022779348635,0.04717482432333664,-0.14434497886395456,-0.02299499027567392,0.9860580367638857,0.16480527465943803,0.15010718635493384,-0.1595746975037504,0.9757067943399755,160,136,141,122,162,162,144,144,230126_162834
0,0,0,0,0.001142036373957156,-0.00884357205246819,0.012713812098444688,0.9801581744644702,0.053895434429592784,-0.19074914201150012,-0.010270313834896006,0.9748411612872221,0.22266394165628595,0.19795068498040294,-0.21628682902069332,0.9560520560659669,18,154,162,134,82,133,162,162,230126_162834
0,0,0,0,0.21737471789566765,-0.6793366187814756,0.177674673382062,0.9381828151767402,-0.003517376367828788,-0.34612228095072733,-0.12331865069782273,0.9309390845872879,-0.3437221714958913,0.32342775962665266,0.3651575671559738,0.8729572930284818,162,162,114,162,162,141,162,162,230126_162834
0,0,0,0,0.001568835205656427,-0.010704575495387142,0.004588556251412745,0.9992845748695761,0.021740817619378565,0.030946328974081373,-0.022139441460677298,0.9996755243863348,0.012597264572756688,-0.030662412813417417,-0.013273386611851313,0.9994416609529101,162,114,104,80,162,162,80,80,230126_162834
0,0,0,0,0.0021277864860548557,-0.010760698603308888,0.008996032804596599,0.9791564625991896,0.009091882291340971,-0.20290381816674286,-0.009838192749709158,0.999948039616751,-0.002669837080521983,0.20286900136211503,0.004610395104256328,0.9791950329445716,84,146,162,136,91,138,94,94,230126_162835
0,0,0,0,-0.0002404584857210179,-0.008379405868631035,0.011242900206857698,0.9720352697315242,0.024604587623261658,-0.23354239158202642,-0.01554534937450477,0.999056470394101,0.040552571761921945,0.23431981672660102,-0.03578803196000679,0.9715006125873732,142,94,151,162,154,94,162,162,230126_162835
0,0,0,0,0.2195800091183872,-0.6778657424265597,0.17611439800256656,0.9357612715770879,-0.005806926301930043,-0.35258633300704634,-0.11924113732935634,0.9357561456721919,-0.33187646346965594,0.3318620101560789,0.3525999368174197,0.8749519362636544,162,82,60,79,136,136,79,79,230126_162835
0,0,0,0,0.001414544500424636,-0.008220996687388848,0.013042220402860183,0.9825673230286223,0.02195991907573811,-0.18460557323806612,-0.017315350588741455,0.9994926023477934,0.026734181977871106,0.18509898527641094,-0.023071623398104295,0.9824490143734783,95,95,162,155,18,82,90,90,230126_162835
0,0,0,0,0.21850196618976375,-0.6782716277831529,0.1761485766855322,0.9346060441985997,-0.006404750713585149,-0.3556269412119148,-0.12401880580873334,0.9312232639698022,-0.3426989472513796,0.3333629822779094,0.36439293600415057,0.8695325814695233,162,158,106,154,162,134,162,162,230126_162835
0,0,0,0,0.0006252832654250751,-0.007936090485449104,0.012871012052711572,0.999840824536791,0.017159909076960533,0.004884988235362252,-0.017618274883721075,0.9927859267574534,0.11859890396822742,-0.002814601163721425,-0.11866609099828668,0.9929302275927928,162,162,156,86,162,146,30,30,230126_162835
0,0,0,0,0.2188828457894041,-0.6785969375896543,0.17713148350308794,0.9363531192003977,-0.0063295780024093485,-0.35100252507068636,-0.12087116605351382,0.9328929962018597,-0.3392651158819324,0.3295952023020821,0.3600980339849531,0.8727522034000378,103,103,162,162,78,114,154,154,230126_162836
0,0,0,0,0.22003456507662184,-0.6775961183868957,0.17562050417524322,0.9368437050269973,-0.005197044851836638,-0.34970968398958696,-0.11748076225645053,0.937117297041034,-0.3286478998657204,0.32942699168546014,0.3489758764031023,0.8773218878141331,162,141,70,154,138,162,162,162,230126_162836
0,0,0,0,0.000486007875393879,-0.010297356723023676,0.007522710132971122,0.9970152450849793,0.0014423002000697436,-0.07719145573359484,-0.004437473607331972,0.999243171833377,-0.038644435205545453,0.07707729818904449,0.03887162608515693,0.9962670760340184,162,162,136,80,152,162,79,79,230126_162836
0,0,0,0,0.0013432941847522917,-0.008805406366565266,0.013706765761992923,0.9909398504906987,0.01937079282160845,-0.1329021636202183,-0.014730164651295346,0.9992499627768293,0.03581248580944026,0.13349619829350473,-0.03353034858106786,0.990481943684595,63,125,162,149,101,117,162,162,230126_162836
0,0,0,0,0.0010614016427661077,-0.008081637492910965,0.010176932630034274,0.9996771056236069,0.025274984455145404,0.0026190938890449087,-0.025330485157790423,0.9993927143224546,0.023928415761742473,-0.0020127130144236144,-0.023987032329740317,0.9997102436537966,154,103,135,162,162,107,162,162,230126_162836
0,0,0,0,-0.0011257793970737562,-0.008895429343883876,0.010910218350193901,0.9948775301520808,0.032303581214060066,-0.09578715278805859,-0.005640483022179558,0.9638291851057943,0.2664610419734524,0.1009300993250912,-0.26455581751125423,0.959074206967938,162,162,162,132,149,162,18,18,230126_162836
0,0,0,0,0.21914192121808812,-0.6782610934293201,0.17666870088967945,0.9358700928915693,-0.007373688692567324,-0.3522680768196162,-0.12037431049188749,0.9329349178616289,-0.33932648645238284,0.33114527718922493,0.35996953725222575,0.872218285548801,111,103,162,162,18,106,162,162,230126_162837
0,0,0,0,0.22099868627507974,-0.6774322110475632,0.17604952907884153,0.9319878827019648,-0.01068878178238981,-0.36233180434612383,-0.12122065331784915,0.9328271454001573,-0.3393214847512399,0.34161987604046584,0.3601656101692674,0.8680878950575778,162,97,127,154,162,139,162,162,230126_162837
0,0,0,0,1.728061856554053e-05,-0.009377620521311997,0.009730925113748512,0.9937951524174977,0.009531887775957405,-0.11081668713199032,-0.011228525158059218,0.9998289547071069,-0.014696310831923205,0.11065764887371195,0.0158494304225804,0.9937321974762727,162,146,140,65,162,162,80,80,230126_162837
0,0,0,0,0.2184007365100215,-0.6783805580475344,0.17663098894601625,0.9309341604744308,-0.0037381620684378107,-0.36516792713232277,-0.126449514504698,0.9347899798025867,-0.3319310379313829,0.3425961312439088,0.3551812492306274,0.8697552362887373,68,106,162,162,32,122,136,136,230126_162837
0,0,0,0,0.00040218000719052793,-0.007263004562720415,0.01336072976721514,0.9992570295509339,0.03582645367000701,-0.014207537100967605,-0.03300681651048841,0.9858315493808377,0.1644588286143961,0.019898214917109976,-0.16386769499448994,0.9862816228543981,152,110,111,157,162,114,160,160,230126_162837
0,0,0,0,0.21802263725354326,-0.6780540931238008,0.1753442767946407,0.9297559472413229,-0.0022222299322480336,-0.3681697166573023,-0.1263003103080165,0.9373775374307795,-0.3246098950067688,0.34583538018179766,0.3483079298757568,0.8712516719066747,127,162,162,120,112,162,88,88,230126_162837
0,0,0,0,-0.0008616611998726598,-0.007127728576889675,0.01007404774200249,0.9592298183467508,0.036784795923585724,-0.2802231867339319,0.007237793922499364,0.9879715460575375,0.1544663022144765,0.28253454644272324,-0.15019688069177287,0.9474255258841541,149,97,140,162,162,101,154,154,230126_162838
0,0,0,0,0.001206000995758627,-0.008380223006554943,0.009955678969376658,0.9992121745056562,0.01795568814502191,0.03539242267657634,-0.02222608903176655,0.9920057941068615,0.1242195855119789,-0.032879040223685735,-0.12490835729307516,0.9916233513750645,122,162,136,80,147,162,61,61,230126_162838
0,0,0,0,0.22031957296709798,-0.6776624219628458,0.17592557843295342,0.9345917258016747,-0.003272548977825851,-0.3557071780077476,-0.12041132331511858,0.9380168259235633,-0.3250008423093476,0.3347228992473474,0.3465742701174903,0.8762687122178784,106,130,162,130,68,136,162,162,230126_162838
0,0,0,0,-0.0005556414852801728,-0.0068592681134588,0.0012155449752522252,0.9834187369190203,-0.008203877776902804,-0.18116369466872057,-0.00036242779528598606,0.9988853344373267,-0.04720124248495236,0.18134899096133125,0.0464842450240048,0.9823195806059528,162,151,162,154,146,162,162,162,230126_162838
0,0,0,0,0.0005622117046805708,-0.008125103987278254,0.009871626611132944,0.9992510897445197,0.012139451128597493,-0.03674089507193266,-0.012153953364802324,0.9999261232935094,-0.0001713850068315254,0.03673610025569665,0.0006178037801276516,0.9993248106879428,145,162,157,88,144,162,49,49,230126_162838
0,0,0,0,0.00037983131782312607,-0.007667047953511197,0.01056807596246534,0.9997082607414823,0.023176781073332636,-0.0067992811619948515,-0.02270886908365542,0.9977996033153748,0.062291724078100505,0.008228041697906788,-0.06211914715093547,0.9980348244861288,50,98,162,90,100,92,82,82,230126_162839
0,0,0,0,0.21830240082327473,-0.678728135176704,0.17739954286398385,0.9342496941797647,-0.0069614922130406915,-0.3565516043312447,-0.12494327668346343,0.9300491743668433,-0.34553973848336483,0.33401599742619575,0.36736912075693073,0.8680283650766621,138,162,87,138,162,144,150,150,230126_162839
0,0,0,0,0.22013196493683745,-0.6779098753512449,0.17637437585162585,0.9336945885560599,-0.0037550842760310796,-0.3580507151832134,-0.12225389439249865,0.936514526452824,-0.3286252075673934,0.3365537113255455,0.350608672289954,0.8739594717766247,133,162,162,115,116,162,101,101,230126_162839
0,0,0,0,0.21906774824409075,-0.6778089803588769,0.17542659468768718,0.9356324240429775,-0.008970788380030948,-0.352861859706179,-0.12098182041163248,0.9309737382639599,-0.3444579768167876,0.3315951842372715,0.3649759219711183,0.8699639131435177,162,162,138,162,146,44,162,162,230126_162839
0,0,0,0,0.0023794042472693178,-0.009589948420020561,0.0033673712196709005,0.9993213763259834,0.0004842040452026073,0.03683140459425392,-0.0027966111010610637,0.9980248551032765,0.06275800795462635,-0.03672826955210986,-0.06281842199965014,0.9973489259397541,148,148,135,112,150,150,132,132,230126_162839
0,0,0,0,0.0019085148546482411,-0.006433091288780252,0.012761278176897983,0.9883809872789877,-0.003116493847875024,-0.1519648362336177,0.011463236223972455,0.9984707838958904,0.05408038388916423,0.1515639079751096,-0.05519403203628202,0.9869052642614133,62,106,18,66,99,99,162,162,230126_162839
0,0,0,0,0.2198477460809861,-0.6781161973601504,0.17649910037357674,0.9357110861635745,-0.005171568015535984,-0.3527293836850635,-0.11789047972117614,0.9378210402206211,-0.32648664798215477,0.3324854854301088,0.3470806122556734,0.876919865537628,162,118,109,162,146,90,162,162,230126_162840
0,0,0,0,0.0013221634117219772,-0.009076197205737935,0.010714253581450617,0.9939815345311435,-0.024836222771722684,-0.1066952250550417,0.024572864369000354,0.9996908858308613,-0.003782475830778502,0.1067561864615596,0.0011379038365065804,0.9942845778885657,162,162,135,78,152,162,74,74,230126_162840
0,0,0,0,0.21937628785922675,-0.6780447642384146,0.1762962871498679,0.9338984743429352,-0.008503493346078809,-0.3574371696128596,-0.1200975754785039,0.9341699526563756,-0.33601052352295374,0.3367643270658639,0.3567270527376606,0.8713986446288393,63,97,162,157,80,104,162,162,230126_162840
0,0,0,0,0.21955256494139255,-0.6783755629865502,0.1770174377056828,0.9373200906143284,-0.009941840028154824,-0.34832773008705764,-0.11514611136474193,0.9346086115644447,-0.3365235745488872,0.32889575972992724,0.3555388909900525,0.8748826642614639,154,162,91,158,162,162,162,162,230126_162840
0,0,0,0,0.21815458913855035,-0.6784684410538806,0.1766692989812093,0.9298449069176989,-0.00277324802022506,-0.3679412428291159,-0.12825903302009273,0.9348110957607416,-0.33117644193292445,0.3448739907965906,0.35513451583592837,0.8688736422138801,162,162,138,92,162,162,41,41,230126_162840
0,0,0,0,0.21912670790866579,-0.6780912148403977,0.17639947258345234,0.9356834765804027,-0.00886988367151075,-0.3527290132921666,-0.12200888588559003,0.9298816570286538,-0.3470359285241254,0.33107440767804575,0.36775185803106225,0.8689926970322204,142,86,162,162,132,92,162,162,230126_162840
0,0,0,0,0.21986512899259503,-0.678017279782555,0.17641525745300113,0.9361389274583191,-0.005829890730276365,-0.3515820258080063,-0.1178450366006853,0.936837575377884,-0.3293142947226423,0.33129511895856817,0.3497161273578344,0.8763230993304166,162,162,86,132,162,134,146,146,230126_162841
0,0,0,0,0.2187787192996577,-0.6778930716518019,0.17559419492020512,0.9380784062823089,-0.0046505300799469206,-0.34639179585668467,-0.12033736035931376,0.9332687216940718,-0.3384204674798292,0.3248504630881664,0.35914880715030784,0.8749196025658098,115,162,162,111,117,162,92,92,230126_162841
0,0,0,0,0.00012503196112273463,-0.006938089060025215,0.006005228180408162,0.9999104255738895,0.01333305500831891,0.0011706719390374193,-0.013370966688309536,0.9989927636852737,0.04283311049034276,-0.0005983965774025956,-0.04284492675455192,0.9990815553161478,142,90,140,146,151,92,146,146,230126_162841
0,0,0,0,-8.764576547878877e-05,-0.0071459526678263885,0.013688493282480119,0.9892840592040086,-0.011201978384752039,-0.1455732320349713,0.008145048870332119,0.99973398092162,-0.021578358823370312,0.14577622708706633,0.020161425318607363,0.989112131431711,162,162,129,72,162,122,71,71,230126_162841
0,0,0,0,-0.0002732437485474526,-0.0067693649185525395,0.008083146277753306,0.9992713999264125,0.02158945988298815,-0.03147323483642653,-0.01383657612758667,0.9734582001506815,0.22844623376291517,0.03556990933603174,-0.22784430601038902,0.9730476626396419,98,138,162,132,93,119,162,162,230126_162841
0,0,0,0,0.21878841333360927,-0.6782105630513988,0.17650643060569182,0.9386068763149101,-0.006561008373537992,-0.3449262021121178,-0.11966224339762156,0.9315562345609827,-0.34334229182495424,0.32357082569263795,0.36353807918798003,0.8735799824520352,162,92,112,154,162,124,162,162,230126_162841
0,0,0,0,-0.00013830211454060604,-0.00687003633323216,0.0059182402857038685,0.9998755348375866,-0.00960882062401019,0.012513408786806441,0.009397035380686761,0.9998134496129853,0.016874883674748355,-0.012673222135836036,-0.01675519439450844,0.9997793020969667,162,162,132,84,162,162,76,76,230126_162842
0,0,0,0,-0.0038002595145845974,-0.006476600130771365,0.00579821964435312,0.9986277875869225,0.03558957319616962,-0.038417758119957804,-0.023184268218871033,0.9582344094306944,0.28504263942463665,0.046957763643561606,-0.28376081276794085,0.9577446264902105,32,148,162,137,105,129,162,162,230126_162842
0,0,0,0,0.2120695530352803,-0.6798664015499305,0.17533389088324736,0.9364816630630093,-0.005430748345890803,-0.3506744953930129,-0.1276478431308922,0.9260238525208412,-0.35522648086325126,0.3266620928280044,0.37742592854076984,0.8665111341317928,162,162,115,162,146,162,162,162,230126_162842
0,0,0,0,0.0026664720988460178,-0.007249415635693007,0.0015193200327205947,0.9898601362354039,-0.03507908759126026,-0.13764580743993804,0.02696652765877676,0.9978119321295534,-0.06036683266426179,0.1394622424818137,0.05604289173170223,0.988640216260846,162,162,127,79,162,162,70,70,230126_162842
0,0,0,0,-0.0015668595602575663,-0.008128356779424167,0.0075899864964288355,0.98314997058564,-0.028347707705268604,-0.18058943159917415,0.023205997299140024,0.9992646849038485,-0.03052165122278713,0.18132186031145953,0.02581660263996466,0.9830848823989318,93,102,162,153,94,101,153,153,230126_162842
0,0,0,0,-0.005361723773632865,-0.005769451853859409,-0.0001079568014823451,0.9994364791155865,0.001175873200978237,0.033546110583133795,-0.0019848669522900524,0.9997077565562525,0.024092774527793733,-0.03350797690434802,-0.02414578231245814,0.9991467343089787,138,162,162,154,162,107,162,162,230126_162842
0,0,0,0,0.2212104772764607,-0.6780276068858164,0.17640236820339772,0.9337514912605257,-0.01032052935665156,-0.35777316730373054,-0.12061794610073297,0.9320415648572417,-0.34168674609487615,0.3369858508115517,0.36220437332017724,0.8690503600485717,127,162,156,86,162,162,151,151,230126_162843
0,0,0,0,0.0009274941044441487,-0.005441728002101437,0.007660500122051106,0.9991017310144701,-0.03271734467382824,0.026931513908134464,0.030997288277779967,0.9975958688539298,0.061981050047551146,-0.028894622394388596,-0.06109057049223537,0.9977139083893833,128,80,162,138,133,87,162,162,230126_162843
0,0,0,0,-0.004985909220569906,-0.007577620756749032,0.00784671436926132,0.9990365483108917,-0.01049837224657379,0.0426117274847181,0.002400431378682312,0.982583965772568,0.18580362788667146,-0.04382023583067235,-0.18552232853978745,0.9816624942132195,154,162,82,162,162,82,77,77,230126_162843
0,0,0,0,0.21405497756919356,-0.679616642250296,0.17666432231783102,0.9362630234842679,0.0031008107246149157,-0.3512861167608932,-0.12359074987567714,0.9389423912308635,-0.32111137085882846,0.3288417208951224,0.3440604175468581,0.8794802736140339,104,144,146,162,96,148,36,36,230126_162843
0,0,0,0,0.22282371754646102,-0.6767901674790773,0.17562935506947897,0.9307647035667529,-0.011046406484214715,-0.3654518347170815,-0.12286229242641997,0.9319681728007951,-0.3410867660670399,0.34435726171233955,0.36237177289371214,0.8660858932668556,162,156,162,162,162,111,162,162,230126_162843
0,0,0,0,-0.006640626854832438,-0.0032274312806432337,0.007972404173207659,0.9990981468093747,-0.026569289881553305,0.03312047519682895,0.021200621183825954,0.9879925492816576,0.15304004778276636,-0.036788948116162,-0.1521998534793038,0.9876648104986756,162,152,18,82,162,82,77,77,230126_162843
0,0,0,0,-0.003812864346664613,-0.005792856725771706,0.007010312607122593,0.9994849692083705,-0.03205755393911992,-0.0014524331253837116,0.032090436865443446,0.9984412634404889,0.045664508331372235,-1.3723274165364589e-05,-0.04568759891700842,0.9989557763569267,82,162,162,124,80,154,162,162,230126_162844
0,0,0,0,0.001638741640537844,-0.003697240952099279,0.00923215280864742,0.9938953579546177,-0.05060105092683745,-0.09803851835560473,0.05195071585713404,0.9985861507081776,0.011261560094185295,0.0973300598900149,-0.01628598351108417,0.9951189005254009,133,93,152,162,134,94,162,162,230126_162844
0,0,0,0,0.2189809845991582,-0.6778491674185179,0.17664546839846418,0.9345355536696828,-0.01267509434466936,-0.3556439805629415,-0.11904251406585253,0.9306593426805767,-0.34597986607061226,0.3353687206228119,0.3656672392554618,0.8682253689930438,162,131,78,132,162,150,146,146,230126_162844
0,0,0,0,0.2110355040214571,-0.6810497409888276,0.17856316416314932,0.9341205316499199,-0.0025813822395876953,-0.35694841198106564,-0.1281727030729546,0.9308607619363203,-0.3421549357737031,0.33315250342304753,0.3653649933327874,0.8692052870926916,139,162,162,104,128,162,96,96,230126_162844
0,0,0,0,-0.0038288440204134744,-0.0033962127850006296,0.013402980602871484,0.9810273420657682,-0.01775613129745682,-0.1930545879297403,0.049173435544921144,0.9860224227205521,0.15919093921766503,0.18752953728968602,-0.16566382131787366,0.9681880865566751,138,162,162,162,146,45,162,162,230126_162844
0,0,0,0,0.0005848470749787449,-0.00580638777123324,0.005756946007486441,0.9980903459273046,-0.03324693651532865,0.052060566449662615,0.023234023982770614,0.9829671590861615,0.18230673132840755,-0.05723496742623379,-0.1807490120869983,0.9818624919678376,162,162,126,86,162,162,62,62,230126_162844
0,0,0,0,-0.002594276812804941,-0.005647247887784812,0.006119356596527403,0.9992977112539966,-0.029736693222626575,0.022799415753647957,0.027897848635155972,0.9966315082462613,0.07711904312368274,-0.02501588143668308,-0.07642882863792921,0.9967611749205422,46,150,138,162,58,144,130,130,230126_162845
0,0,0,0,-0.003635668653633156,-0.0032325209947550726,0.0037817618172448775,0.9957935330714848,-0.04745582425865184,-0.07837846794204588,0.04487862811631308,0.9984026493189154,-0.0343228578554833,0.07988208955334086,0.03066096177392461,0.9963326538820705,146,90,154,162,138,162,146,146,230126_162845
0,0,0,0,-0.001369610995032633,-0.005233703702272718,0.012560879149627446,0.989094527408718,-0.05635399070013031,-0.13607440458181266,0.05868037787485218,0.9981902991311704,0.01314305797325157,0.13508748684681968,-0.020984624194714963,0.9906114356521516,162,90,115,82,18,82,77,77,230126_162845
0,0,0,0,0.21806531517006877,-0.6780130753816211,0.17618525349879866,0.9353209015493424,-0.011077403897945896,-0.35362706662217963,-0.12073416429377948,0.9295186359702089,-0.3484513839208631,0.3325628853272842,0.3686087309152672,0.8680607875004074,91,122,162,148,53,136,141,141,230126_162845
0,0,0,0,-0.004491744687626947,-0.002813862990411281,0.008115936634386145,0.9930300601788384,-0.03666549064849461,-0.11201313037638982,0.037640790265338384,0.9992695125619871,0.006603951266389505,0.11168916907835652,-0.010774184870942607,0.9936847822377843,146,87,118,162,162,117,162,162,230126_162845
0,0,0,0,0.21443273626287068,-0.6792501180892359,0.17570363154768165,0.9347552103964617,-0.005456485469021633,-0.3552505079559969,-0.1252284523441734,0.9306543948593125,-0.34380260623289416,0.33249140043037306,0.3658587488298915,0.8692507374425836,162,162,158,86,162,154,76,76,230126_162845
0,0,0,0,-0.0010721291231845231,-0.0025491355259640858,0.01050881620305133,0.9699176926803816,-0.0381850448727533,-0.24041957443941994,0.047728174853886765,0.9982817177497755,0.03399460739109995,0.2387083801433933,-0.044446758651492675,0.9700736028233596,139,91,162,161,144,90,162,162,230126_162846
0,0,0,0,-0.005800640998998602,-0.0026437608379215327,0.004277169254967239,0.9945829309573503,-0.040661596511604295,-0.09566309642393583,0.03590866774079484,0.9980583939144725,-0.05089214004093644,0.09754671203771531,0.047181319460063646,0.9941119464449858,158,142,116,124,162,82,122,122,230126_162846
0,0,0,0,-0.006127637612619308,-0.0028981461855616952,0.014194346184698947,0.9928560845585556,-0.011353913426148318,-0.11877661388070523,0.03332523408467782,0.9822346650625843,0.184674014205015,0.1145697347830394,-0.18731297712466216,0.9755960354944252,47,151,162,136,57,138,162,162,230126_162846
