0,0,0,0,0.20418483195470072,0.23365266446800811,-0.12166069813466085,-0.9980328919486977,-0.05613026342483315,0.027923827036754244,0.060804370178460306,-0.9751431480559862,0.21306963501790177,0.015270073861003488,0.21434839473931205,0.9766379014337706,162,162,83,96,162,162,83,96,230213_180448
0,0,0,0,0.20378056637959813,0.23269424870229988,-0.1250356907852902,-0.9963422438125483,-0.053569399568947434,0.06657666726713696,0.06700529164728763,-0.9732796015247498,0.21962947923056095,0.05303229285858311,0.22328711715109745,0.9733090152816388,151,162,136,85,151,162,136,85,230213_180449
0,0,0,0,0.1937225247586188,0.2579531674984325,0.08113308109092232,-0.995349836197476,0.07734601632422207,0.0574133899054038,-0.071497784348722,-0.9926405677242193,0.0977382736770149,0.06455052606199561,0.09317884452445527,0.9935546952826538,78,154,162,92,78,154,162,92,230213_180449
0,0,0,0,0.20545536941004683,0.2314288082360376,-0.12189354506990024,-0.9966596309342253,-0.026728556086032165,0.0771697113873672,0.041762393644098714,-0.9788363893978426,0.20033777793444735,0.0701817821316121,0.20289136768268973,0.9766829630830461,78,154,162,103,78,154,162,103,230213_180449
0,0,0,0,0.20441605840490867,0.2327156969209872,-0.11759042407330722,-0.9869997544320159,-0.05285438932661309,0.15178240438223392,0.061759564021689174,-0.996598398671316,0.05456544710364397,0.14838207776881965,0.06323009801258024,0.9869066387973725,87,128,162,162,87,128,162,162,230213_180449
0,0,0,0,0.20095839958278755,0.23316617577023324,-0.12116234285379734,-0.9902915884552941,-0.04548116962486401,0.1313546080053684,0.0601612640938332,-0.9921039975876316,0.11004671859384599,0.12531237822865599,0.1168807990227454,0.9852084483410011,100,92,162,162,100,92,162,162,230213_180449
0,0,0,0,0.20315246883716534,0.23106920734664724,-0.12442853666744458,-0.9924400589869116,-0.055616508096309025,0.10940536250672635,0.07044110147093512,-0.9881076656075206,0.13667952440368733,0.10050263947586861,0.14335286950329929,0.9845553180312185,130,156,151,162,130,156,151,162,230213_180449
0,0,0,0,0.20254341330882225,0.23166407659729582,-0.12400453754818153,-0.9919804718134838,-0.04231243407326801,0.119098284888962,0.06887539880620082,-0.9710628668536827,0.2286768201134366,0.10597604908649781,0.23504588177779598,0.9661896865933287,162,107,78,154,162,107,78,154,230213_180449
0,0,0,0,0.2049020759493178,0.23074817517208307,-0.12095411362707442,-0.9884239119673712,-0.05577719991954767,0.14109243147757214,0.07192520188331561,-0.9910939486121539,0.1120693997414679,0.1335849377181532,0.12092017612252899,0.9836327441791135,162,103,78,154,162,103,78,154,230213_180449
0,0,0,0,0.20162931926599165,0.23159470050872832,-0.12580012963642162,-0.9907836598648255,-0.06162532180507134,0.12062362561821018,0.07706448701222315,-0.988797587202608,0.1278295598984972,0.1113948122059714,0.13594723702496483,0.9844336161259806,162,146,87,128,162,146,87,128,230213_180450
0,0,0,0,0.20241161138708585,0.23139350182737628,-0.12567553121614095,-0.9979510412704264,-0.05813411385245909,0.026723473461745376,0.06207695732766177,-0.9809026475924938,0.1843270118972696,0.01549743837577433,0.18560824537887818,0.9825016074547477,162,90,100,92,162,90,100,92,230213_180450
0,0,0,0,0.2044165939679847,0.2309924168947395,-0.12161886602643701,-0.9965003817898545,-0.07382850307554392,0.03919618892570431,0.07709110674534393,-0.9929943039328415,0.08955039708292536,0.03231022057264696,0.09225868246705032,0.9952107239956727,152,162,130,156,152,162,130,156,230213_180450
0,0,0,0,0.2009505927548793,0.23063240976694566,-0.13528770202961538,-0.9926802828520239,-0.03839066565468618,0.11450769767756082,0.06361962315657572,-0.9721407638531954,0.2255989335177395,0.10265670745860138,0.23123254971027804,0.9674673681154538,129,154,162,107,129,154,162,107,230213_180450
0,0,0,0,0.20019110280531618,0.23103943196808316,-0.13274531775379217,-0.9844345162489392,-0.03499200937383849,0.17223310511541923,0.07558934635737377,-0.9690088877064342,0.23517658527839067,0.1586661083375489,0.24453493579838526,0.9565708187265054,116,154,162,103,116,154,162,103,230213_180450
0,0,0,0,0.20452167322352272,0.2286177888373871,-0.12761766805272878,-0.9824949237500012,-0.04178624486741217,0.18154237672058643,0.06653663375207194,-0.9889524476914798,0.13246106059508278,0.17400172750412937,0.1422215382595485,0.9744210757576349,77,128,162,146,77,128,162,146,230213_180450
0,0,0,0,0.20198072984236326,0.23255151979307842,-0.12235834539903823,-0.9972859707166813,-0.03255189797697856,0.0660383717983901,0.03925424504587054,-0.9939193560143003,0.10287574051250888,0.06228801536061954,0.10518881916921924,0.9924996299567171,140,82,162,90,140,82,162,90,230213_180450
0,0,0,0,0.19394974148448435,0.24603189496059064,0.11252443654005395,-0.997703399220879,0.04930244277837164,0.046445627557269435,-0.046828397634885534,-0.9974996863253189,0.052928980302271667,0.04893902694222918,0.05063244924921778,0.9975175821633286,137,81,152,162,137,81,152,162,230213_180450
0,0,0,0,0.2006305669105445,0.2605139522479946,0.050842788879069345,-0.9966717343621895,0.04115452663368188,0.07036873496818771,-0.02150540475337053,-0.9653704037218731,0.259995194540707,0.0786318732439918,0.2576165533412477,0.9630424393320975,162,108,129,154,162,108,129,154,230213_180451
0,0,0,0,0.20041460466400152,0.22908871024004596,-0.13604002093569223,-0.9983696888182821,-0.03918480847261311,0.0415031954655526,0.04560714760319219,-0.9848597249584058,0.16724625628800197,0.03432131315069221,0.16886643520787675,0.9850412044801964,162,120,116,154,162,120,116,154,230213_180451
0,0,0,0,0.20245087376652177,0.23186221202620097,-0.12417934290705135,-0.998432914090359,-0.04635994771508705,0.03134439836540031,0.04882033655980424,-0.9953598648340577,0.0829175145292753,0.02735490448204753,0.08431781973805746,0.9960633586651998,162,143,77,128,162,143,77,128,230213_180451
0,0,0,0,0.20285198360683515,0.23221343790601473,-0.12379103457625218,-0.9978114359442383,-0.055217807728768886,0.036377630606257934,0.055728933247416054,-0.9983588225570559,0.013188912828388747,0.035589665606769724,0.015187334595593283,0.9992510798442401,162,90,140,82,162,90,140,82,230213_180451
0,0,0,0,0.1970783643220933,0.26230645378196066,0.059985589793831284,-0.9931836007554539,0.06566323786169877,0.09630511089215928,-0.04056536641847952,-0.9692924618892981,0.24254190230126585,0.10927390465141992,0.2369819877503356,0.9653490307884149,162,162,137,81,162,162,137,81,230213_180451
0,0,0,0,0.20432607413259957,0.23166666881046205,-0.11937977050290671,-0.9996404979521195,-0.026397878397889478,-0.004693279251018122,0.025870890395507735,-0.9956325657281058,0.08970223571245821,-0.0070407303727259354,0.08954856826192152,0.9959575704004958,132,154,162,108,132,154,162,108,230213_180451
0,0,0,0,0.2049958997757289,0.23111333524285188,-0.11919735598822367,-0.9976617366561301,-0.02485154857388975,0.0636667868339178,0.03345140611423351,-0.9898962279043646,0.1377913691407877,0.05959918322642132,0.13959892017559378,0.9884129090843318,128,154,162,120,128,154,162,120,230213_180451
0,0,0,0,0.20300885583307665,0.23690295363724867,0.11042538541316571,-0.9953832556888534,0.03600827087413497,0.08896953817410069,-0.03789390737892036,-0.999089604428156,-0.019596277890174367,0.08818291261812368,-0.02287721032481995,0.9958415572619664,69,128,162,143,69,128,162,143,230213_180451
0,0,0,0,0.20094512374271808,0.24223051085346514,0.10033851192859622,-0.9970288734977999,0.035265520895900945,0.06848188408366265,-0.033432575896982335,-0.9990562130084595,0.02772987771498041,0.06939516035430672,0.02535796295320328,0.9972669078207016,18,82,162,90,18,82,162,90,230213_180452
0,0,0,0,0.20214976104426813,0.23225864400744725,-0.11918146888311565,-0.9984553600972617,-0.04936833482848828,0.02548845639322973,0.04983708899110263,-0.9985934283412179,0.01809501131876855,0.024559284475330685,0.019337331511760304,0.9995113351813796,140,92,162,162,140,92,162,162,230213_180452
0,0,0,0,0.1966623709752835,0.23129121954558735,-0.13269036134849477,-0.9935779383100247,-0.03612039892340845,0.10722964741718854,0.06372353890666203,-0.9617270200993596,0.266496621742221,0.09349968498776803,0.27161821660635943,0.9578524694934857,162,110,132,154,162,110,132,154,230213_180452
0,0,0,0,0.19617819673280162,0.25234168766022497,0.08592604702729534,-0.9965997902659016,0.052665574037085494,0.06336556914685279,-0.04515067502897408,-0.9923756783256524,0.11468186261188228,0.06892223579069597,0.11143092200572931,0.9913792791028894,162,122,128,154,162,122,128,154,230213_180452
0,0,0,0,0.20045886243644706,0.23223700292864627,-0.12362603384568127,-0.9835165071703356,-0.053793746319887537,0.17263114719057734,0.0625402244880594,-0.9969988396191365,0.045629312060093234,0.1696584817934144,0.055673572320858115,0.9839290893659908,162,136,69,128,162,136,69,128,230213_180452
0,0,0,0,0.19649504971356105,0.24724302833073417,0.09833233340477332,-0.9953822262452185,0.056660188117099324,0.07748449365936368,-0.05331103728686094,-0.9975800725750053,0.04463106658649533,0.07982579143680309,0.04029419168793643,0.9959940868989654,162,162,18,82,162,162,18,82,230213_180452
0,0,0,0,0.2014614645917846,0.2290331910141247,-0.12991990322496016,-0.9970129463872622,-0.06343447201542313,0.0440596470289401,0.06676354358369599,-0.9946584339931988,0.07872248048902285,0.038830580530533045,0.08142891038397333,0.99592244606161,162,138,140,92,162,138,140,92,230213_180452
0,0,0,0,0.18692663846558616,0.24245772656640346,0.13158317212925497,-0.997963305233111,0.05887330739199333,0.024559623061655485,-0.05847827765996216,-0.9981522365326368,0.0165046583369235,0.02548592651105947,0.015034838929035912,0.9995621147123628,135,154,162,110,135,154,162,110,230213_180452
0,0,0,0,0.20148477257146344,0.23027555230580832,-0.1256859708521647,-0.9967976030418472,-0.03771193125068598,0.07051488361595842,0.047146007024970765,-0.9894049845060117,0.13731362152481655,0.0645894154767639,0.1401983839992555,0.9880144839689179,111,154,162,122,111,154,162,122,230213_180453
0,0,0,0,0.20249556826535958,0.2306966875877708,-0.1189029058662523,-0.9907678516929753,-0.0365663821611425,0.1305448725432434,0.055575185671005556,-0.9878575657045764,0.1450821443798728,0.1236546108696301,0.15099778003624512,0.9807697016296976,53,130,162,136,53,130,162,136,230213_180453
0,0,0,0,0.19919463702793477,0.23251863853570387,-0.12082800592118836,-0.9910556827757291,-0.045574074650392295,0.12542582412602807,0.0401532397008094,-0.9981609244565369,-0.04541460370409908,0.12726488509978784,-0.039972147901151146,0.9910630032509066,82,162,162,162,82,162,162,162,230213_180453
0,0,0,0,0.19316954895377444,0.2543865118861584,0.07606355967487965,-0.9948373198226772,0.06591985985598668,0.07715749584195442,-0.0565540017197309,-0.9914208117931921,0.11784065017138178,0.08426358630819615,0.11286871143012309,0.9900304550884205,138,90,162,138,138,90,162,138,230213_180453
0,0,0,0,0.20149580284083132,0.22948690336178357,-0.1252031063233443,-0.9969344216407002,-0.04479282293718425,0.06415108698409008,0.0492784445824451,-0.9963193843705654,0.0701378587283183,0.060773298803480376,0.07308411141128222,0.9954724098696891,162,112,135,154,162,112,135,154,230213_180453
0,0,0,0,0.2024503004721709,0.22796801297588495,-0.12401430630362686,-0.9979866674790959,-0.037664406431926575,0.051029442698294084,0.04749000273636692,-0.9770589788980263,0.2076064820636534,0.0420394002581826,0.2096118895551415,0.9768805170454856,162,124,111,154,162,124,111,154,230213_180453
0,0,0,0,0.20149448125136338,0.2310550308975293,-0.1205956315306922,-0.9956040410187276,-0.04391722536433143,0.08272769079020414,0.05209757471075807,-0.9936755923693295,0.09947190477073999,0.07783595709206687,0.10334454240916989,0.9915954161540892,162,162,53,130,162,162,53,130,230213_180453
0,0,0,0,0.19765978897254283,0.26104076659315134,0.05310121872120099,-0.9910105326816945,0.05982579536941225,0.11966201704117435,-0.029690820350860108,-0.9704890489141824,0.23931038657888962,0.13044761132668573,0.23360625022901652,0.9635411462688556,162,162,82,162,162,162,82,162,230213_180453
0,0,0,0,0.2015476059397986,0.2293079743329992,-0.12513896643621025,-0.9982746292539015,-0.057682850707428006,0.01097512288085296,0.05818300087994284,-0.9969180574502061,0.052622477500687055,0.007905883669130146,0.05317024980165431,0.9985541655510931,162,162,138,90,162,162,138,90,230213_180454
0,0,0,0,0.20059620843095521,0.22987493945306778,-0.12585696075890251,-0.9786116519300027,-0.03605744379487056,0.20253171468639372,0.06399746691117925,-0.9890276627911457,0.13314881322353522,0.19550846256820592,0.1432624967703101,0.970181579954677,137,154,162,112,137,154,162,112,230213_180454
0,0,0,0,0.19972194220863243,0.23120814964554787,-0.12152460313819002,-0.9976840174365692,-0.013224322833574102,0.06672120080770116,0.018605632908120485,-0.9965656980057835,0.08068853687069161,0.06542500879416402,0.08174305379564743,0.9945037161219888,82,156,162,124,82,156,162,124,230213_180454
0,0,0,0,0.20111735165867545,0.22930275760900817,-0.12463729398538104,-0.9998864929183898,-0.013863977158270193,0.005898424935369497,0.014552905017636942,-0.990061825038392,0.13987778793359304,0.003900542899503183,0.1399477500319406,0.9901512071527695,102,126,162,162,102,126,162,162,230213_180454
0,0,0,0,0.1964501047954324,0.2568614371541427,0.0656278791917756,-0.9977556005144834,0.025381566652463657,0.06196400339107852,-0.011019753312668669,-0.9749991725032797,0.22193507756739977,0.06604791199508858,0.22075413856185433,0.9730905834653333,58,162,162,162,58,162,162,162,230213_180454
0,0,0,0,0.19801449216567518,0.23207827892544325,-0.11991438623905792,-0.9968004290832585,-0.027477319090650897,0.07505931997442274,0.03673398991710479,-0.9914924514930168,0.12487326622275242,0.07098956658694476,0.12723095365499273,0.9893294526434755,141,86,162,162,141,86,162,162,230213_180454
0,0,0,0,0.1960656324672992,0.23218178117995206,-0.12208406809261518,-0.9913011251543972,-0.042191403819759506,0.1246674163979733,0.06486352070695886,-0.980816116484672,0.1838272812327517,0.11451988014805801,0.1903145582651134,0.9750208028361389,162,112,137,154,162,112,137,154,230213_180454
0,0,0,0,0.18677195115102518,0.24591451599388953,0.11240778439141785,-0.9956276422660605,0.0623302093736885,0.06957401063009494,-0.06063827356553856,-0.997816597465013,0.02617322300241866,0.07105348502864102,0.021839936418762546,0.9972333826354336,162,125,82,156,162,125,82,156,230213_180454
0,0,0,0,0.19451977170012857,0.24935003997278737,0.09019441416503826,-0.9952096959643046,0.049022303612028764,0.08458412857744152,-0.04117851714498039,-0.9948971847118324,0.09210820581365162,0.08866786782355626,0.08818393051480243,0.9921499904825807,162,162,102,126,162,162,102,126,230213_180455
0,0,0,0,0.19659548149647915,0.22952768013786728,-0.12872781556020108,-0.9950542029003612,-0.050498762510500984,0.08553951294714897,0.0570943543292935,-0.9954335273784252,0.0765005050615124,0.08128571826617827,0.08100597234681793,0.9933935093657992,162,162,58,162,162,162,58,162,230213_180455
0,0,0,0,0.19755555968852728,0.22946109064228318,-0.12977974391362834,-0.9939626567939199,-0.04631475513340488,0.0994644678068707,0.06114746049016142,-0.9865359035656107,0.15168354904731435,0.09110008218863155,0.15684978301839497,0.9834118773902962,152,162,141,86,152,162,141,86,230213_180455
0,0,0,0,0.19504392221088473,0.23076390309932432,-0.12881112842625608,-0.9824194779581087,-0.059322037613337625,0.17701091825624327,0.07155769112950115,-0.9954095878493842,0.06355508837013474,0.17242814784347582,0.07510424935329886,0.9821547156941954,124,162,162,112,124,162,162,112,230213_180455
0,0,0,0,0.19923035257649258,0.2308314775202483,-0.12283688305860363,-0.9972423151518683,-0.03367172842877081,0.06613606864003367,0.04374891758564114,-0.986567773843264,0.15738506861844204,0.05994828671967969,0.15984443161576203,0.9853202325136783,80,156,162,125,80,156,162,125,230213_180455
0,0,0,0,0.19795876521197647,0.23046915756747444,-0.12204419557320079,-0.9991193348096482,-0.028045427843797235,0.031209113838496675,0.029063350932747905,-0.9990440239681012,0.032655165076656514,0.030263450597805622,0.033533448237276636,0.998979294784047,88,120,162,162,88,120,162,162,230213_180455
0,0,0,0,0.1911976946251328,0.2592131430556611,0.06029138931661748,-0.9985540303851802,0.04292815713648959,0.03235771509823945,-0.03407839018647252,-0.9710167679256916,0.23656943955093349,0.041575374006886524,0.2351246684888873,0.9710756296726729,114,98,162,162,114,98,162,162,230213_180455
0,0,0,0,0.19183065216733242,0.25269855048921513,0.07579950459618034,-0.9985268117362177,0.039741717957444626,0.0369432280356612,-0.033831580384332205,-0.9882975751406099,0.1487391244423894,0.04242205101833726,0.14727015592095039,0.9881861518774773,138,156,152,162,138,156,152,162,230213_180455
0,0,0,0,0.19666235986696384,0.23253502222244665,-0.1171355913401586,-0.9960222880305407,-0.02835879560116766,0.08447118123039939,0.03978581158192484,-0.9897953167049249,0.13682952980173613,0.07972885891053096,0.13964601584380348,0.9869864737248312,154,128,124,162,154,128,124,162,230213_180456
0,0,0,0,0.1982419302027054,0.23065051203575268,-0.12082668874541891,-0.9992338218594105,-0.03875353943927525,0.005471054118262012,0.03904802630396217,-0.9966164565425405,0.07232489329652929,0.002649696964086329,0.0724831134093853,0.9973661200263826,162,143,80,156,162,143,80,156,230213_180456
0,0,0,0,0.1971416576588455,0.22946263952349605,-0.12620697465452235,-0.9933314240138685,-0.03016387055827409,0.11127813342936223,0.051000155085126064,-0.9805635532920549,0.18945738870931392,0.1034005137698665,0.19386917977905277,0.9755629528041361,162,151,88,120,162,151,88,120,230213_180456
0,0,0,0,0.19615043945979466,0.22992356337971068,-0.1286123993448126,-0.9990308297407473,-0.03905967609447505,-0.020291449699532282,0.0361540946535796,-0.9911339787949347,0.12785271807006388,-0.02510543103182963,0.12699518802505053,0.9915855684464091,162,162,114,98,162,162,114,98,230213_180456
0,0,0,0,0.1968644790257919,0.22595003589299162,-0.13484264994889916,-0.9820410857732992,-0.06352667785551305,0.17765040684963557,0.07142817451763664,-0.9967049427608893,0.038435308780999725,0.174623371111307,0.050434296630909946,0.9833427988169071,160,162,138,156,160,162,138,156,230213_180456
0,0,0,0,0.1974989848405584,0.22967789890584217,-0.12562232128289152,-0.9989754953779921,-0.044959866381427994,-0.005154614365647483,0.04462411094138421,-0.997595280477665,0.053031548076412686,-0.007526510279368075,0.05274719692698346,0.9985795335672369,123,162,154,128,123,162,154,128,230213_180456
0,0,0,0,0.19688415611767068,0.22862704324726016,-0.1281776364376459,-0.9975848247223496,-0.04654388232374206,0.05155758432969107,0.04980281475886344,-0.9967166342898427,0.06384066550422661,0.04841690950250628,0.06625419192897813,0.9966274052654102,79,156,162,143,79,156,162,143,230213_180456
0,0,0,0,0.19555368970196696,0.23048021363221288,-0.12535991730089036,-0.9985492410445201,-0.028962667133090494,0.04539358018432042,0.03606423715357226,-0.9857354044829231,0.16439307512002774,0.039984797210232584,0.1657916652350955,0.9853498565132237,72,122,162,151,72,122,162,151,230213_180456
0,0,0,0,0.19724035418166935,0.23011583446254574,-0.11846855424952196,-0.9968679260039998,-0.07056014022933328,0.035715608846863034,0.07093518722960003,-0.9974371655972841,0.009343441440808382,0.034964801117508305,0.01184767049140986,0.9993183153463866,108,85,162,162,108,85,162,162,230213_180457
0,0,0,0,0.19482486641374347,0.22692532111383798,-0.13045045332783456,-0.9967852460955389,-0.0488161568851062,0.06353074840756047,0.05839422702663433,-0.9855665479484349,0.158898375746789,0.05485697235737606,0.1620973855186275,0.9852487757880278,145,86,160,162,145,86,160,162,230213_180457
0,0,0,0,0.19386432621566263,0.2305420454024436,-0.12410813554934308,-0.9949277489027529,-0.05378627559147886,0.08500477057964528,0.05781079430730286,-0.9972850002300466,0.04561294090183635,0.0823206324371926,0.05029577391941768,0.9953359476081367,154,127,123,162,154,127,123,162,230213_180457
0,0,0,0,0.1874964045376652,0.23643707616009257,0.12948891655108163,-0.995928940184835,0.06023978860525915,0.06705754223876972,-0.0614304997634669,-0.9979857191657445,-0.01583660443535607,0.06596847581323494,-0.019891511004068038,0.9976234199280076,162,162,79,156,162,162,79,156,230213_180457
