0,0,0,0,-0.06844322354689875,-0.15859135621427672,-0.1066196623935699,0.9925159815754964,-0.09829040522932021,-0.07246393970165302,0.09540242558282533,0.9945396096712364,-0.042300614509710024,0.07622600284773065,0.035070800316526235,0.9964735999789538,180,180,81,97,180,180,81,97,230216_165832
0,0,0,0,-0.06916034085787784,-0.15771731283103976,-0.11166897056501401,0.9944219143380622,-0.10373388786304824,-0.019087608363528397,0.10049137263707554,0.9867611590131514,-0.1272945367584145,0.03203966775326045,0.12466633696326952,0.9916812815206412,75,170,180,92,75,170,180,92,230216_165833
0,0,0,0,-0.06950712994363001,-0.16025071918605124,-0.10629385295631533,0.9944175357436172,-0.10511741952822293,-0.009170208139337267,0.10331746501448962,0.987658678409417,-0.11771081677374994,0.02143049296145321,0.11610625768790934,0.9930055744542113,86,137,180,180,86,137,180,180,230216_165833
0,0,0,0,-0.06729185175601668,-0.1610084334812361,-0.10343499854974181,0.9955630007017707,-0.09247297652978538,-0.017408625603635236,0.09268088661228502,0.9956289950438887,0.01153938840052339,0.016265450822112986,-0.013101634997934545,0.9997818673440394,147,84,166,180,147,84,166,180,230216_165833
0,0,0,0,-0.06994310539180346,-0.1578607684570063,-0.1079455447073161,0.9884795211641401,-0.08723213055116469,-0.12368828416070121,0.0743316944495601,0.9916547662226102,-0.1053357670890448,0.13184473990027443,0.09492828886841269,0.9867145405501755,180,106,75,170,180,106,75,170,230216_165833
0,0,0,0,-0.06889431363207144,-0.15839706029651002,-0.10960816670206841,0.996791295126698,-0.079997023564972,0.0027550282003859093,0.0799150874661854,0.9926346864497438,-0.09104920676255447,0.004548928985105847,0.09097722504871084,0.9958425838291536,180,180,81,97,180,180,81,97,230216_165833
0,0,0,0,-0.07093115361390576,-0.15902470863326593,-0.10864226451412251,0.997084349984834,-0.07244456100078554,-0.02397049429454789,0.0700134126718707,0.9934616388227662,-0.09017812502831357,0.03034668122480339,0.08823694106771417,0.995637143325646,75,170,180,92,75,170,180,92,230216_165834
0,0,0,0,-0.06800633544095097,-0.15911920309174174,-0.10640933081210568,0.9939322428950329,-0.07387737981967325,-0.08149128348866459,0.06406642162826612,0.9910567719027908,-0.11705540775790181,0.0894102351713683,0.11112428904879063,0.9897763394979704,86,137,180,180,86,137,180,180,230216_165834
0,0,0,0,-0.07096391321807584,-0.15845846070832761,-0.10640896544559197,0.9983910238643284,-0.05528671759551383,-0.01259929857784127,0.05546876599165164,0.9983538330559221,0.014589037730840138,0.011771978019988508,-0.015264431861762004,0.9998141915643298,147,84,166,180,147,84,166,180,230216_165834
0,0,0,0,-0.06823212323736912,-0.15756505893106634,-0.1086177303539867,0.9940072860247587,-0.055587150078061726,-0.09412536361626433,0.049434557298788276,0.9965622040882469,-0.06648306496732699,0.09749738393602025,0.0614316052938228,0.9933380179962187,180,106,75,170,180,106,75,170,230216_165834
0,0,0,0,-0.06628249755250129,-0.1588388302902149,-0.11136803793484806,0.9982609344829683,-0.054779703568675314,-0.02177821760658478,0.052727574361255906,0.9949266839916385,-0.08567786402205058,0.02636113782009287,0.08438055201485001,0.9960848421969382,180,180,81,97,180,180,81,97,230216_165835
0,0,0,0,-0.07041705456230761,-0.15970255669722017,-0.10590584987395957,0.9987924792594767,-0.03777256650511939,0.03141363707569183,0.039128509592109596,0.9982767438693871,-0.04373216649828806,-0.02970762716554673,0.04490852779985266,0.9985492882271976,75,170,180,92,75,170,180,92,230216_165835
0,0,0,0,-0.06707015718847983,-0.15889234521021484,-0.10521813756478215,0.9968403919111761,-0.04484123846701824,-0.0655629192998452,0.039436680236982956,0.9958909071680001,-0.08152330508501736,0.06894912114204187,0.07868013950701191,0.9945126717849789,86,137,180,180,86,137,180,180,230216_165835
0,0,0,0,-0.06696470015192138,-0.15757773090087332,-0.1083987198427615,0.9987979201610447,-0.03691034029307231,-0.03225432469329745,0.03440777664691113,0.9965919363748894,-0.07497077603149668,0.034911596757916,0.07377085557317448,0.9966639560452732,147,84,166,180,147,84,166,180,230216_165835
0,0,0,0,-0.06441215351199044,-0.15747231590565236,-0.11121913621300994,0.9991675181795263,-0.026839242620246444,-0.030723373358678908,0.026439982717611138,0.9995615403439848,-0.013328705077845783,0.03106763474836248,0.012505283712547858,0.9994390526442375,180,106,75,170,180,106,75,170,230216_165836
0,0,0,0,-0.06884609695075807,-0.15828565868931588,-0.10921966586404463,0.9998319564166759,-0.016386178354230528,0.008219007661799461,0.016861874287335706,0.9979582663206306,-0.06160337553933118,-0.007192782738235244,0.06173161136132063,0.9980668675170093,180,180,81,97,180,180,81,97,230216_165836
0,0,0,0,-0.06785579379574294,-0.15914137943887055,-0.10541625331982185,0.9998351449842854,-0.013496001386252706,-0.012146637429193828,0.012653714812595331,0.9976771608505797,-0.06693404379362901,0.01302176469206576,0.06676930929482654,0.9976834633192013,75,170,180,92,75,170,180,92,230216_165836
0,0,0,0,-0.06642048029617749,-0.15727776434775237,-0.10786526384875783,0.9991179196473741,-0.008789011492723363,-0.04106258536044128,0.00693179606946493,0.9989559729848441,-0.045154338010365724,0.0414165769077323,0.04482987078816741,0.9981357371832561,86,137,180,180,86,137,180,180,230216_165836
0,0,0,0,-0.06810741631541324,-0.156639005511912,-0.10885497185960147,0.9999969040912438,-5.5817273880047965e-05,-0.0024877082544398172,-0.00013137713706262954,0.9971696640493558,-0.07518406639536138,0.0024848637739579996,0.07518416046034025,0.9971665695699483,147,84,166,180,147,84,166,180,230216_165836
0,0,0,0,-0.06527876873103583,-0.1589094004181816,-0.10514494034378519,0.9989061778660742,0.0018637563110372609,-0.04672230980382357,-0.003932017100469394,0.9990143291393645,-0.044214357574735345,0.04659385219653996,0.044349707852904825,0.9979289134757289,180,106,75,170,180,106,75,170,230216_165837
0,0,0,0,-0.06650432012348337,-0.15719140978084878,-0.1106052346536105,0.999381270415853,0.010972541634008447,-0.03341675735445326,-0.013461582310445344,0.9970779785923164,-0.07519501584519837,0.03249403243205681,0.0755983328939897,0.9966087647216204,180,180,81,97,180,180,81,97,230216_165837
0,0,0,0,-0.06773170365776537,-0.15881989763701745,-0.10449452982746699,0.9994629357200441,0.024096891557110305,-0.022207654967509587,-0.024533926276277433,0.9995064155702873,-0.01962171489207599,0.021723871278878287,0.02015601773963788,0.9995608077378476,75,170,180,92,75,170,180,92,230216_165837
0,0,0,0,-0.06910860455789206,-0.1572391928472847,-0.10653869793863135,0.9996238551666552,0.02693784642058319,0.005147874510429536,-0.02662111202500241,0.9981868510182963,-0.053984505635686277,-0.006592766968908223,0.05382715749877794,0.9985285036188477,86,137,180,180,86,137,180,180,230216_165837
0,0,0,0,-0.06511468492973896,-0.15793719231055728,-0.10704771217455522,0.9994093348385693,0.029243476469189823,0.01804994519454046,-0.028367620878405983,0.9984916025955468,-0.047008484679645725,-0.019397410219640008,0.04646868440329902,0.998731396245556,147,84,166,180,147,84,166,180,230216_165838
0,0,0,0,-0.06476606275858238,-0.15892478065437252,-0.10468636685417754,0.998259387528609,0.03292820909394088,-0.048927786143164474,-0.03485942868962673,0.9986248626397456,-0.0391561482935012,0.04757116187816268,0.04079358728544882,0.9980345023063812,180,106,75,170,180,106,75,170,230216_165838
0,0,0,0,-0.06375368092668796,-0.159581165549425,-0.10356450676852402,0.9958645683764826,0.04089027447424752,-0.08112796623694506,-0.045135545050786485,0.9976678080112211,-0.05120280686695265,0.07884506341737971,0.05465281613518849,0.9953876258338772,180,180,81,97,180,180,81,97,230216_165838
0,0,0,0,-0.06577867110667218,-0.15772831860997816,-0.1074058353973193,0.998794629278181,0.049075878358865524,0.0009201567084705932,-0.048971945767995455,0.9975979470572132,-0.048990657833211194,-0.003322206007884683,0.04888654406419108,0.9987988129531898,75,170,180,92,75,170,180,92,230216_165838
0,0,0,0,-0.06274675482299619,-0.15613140001852657,-0.10897055650461707,0.9974750177156985,0.05047245815284402,-0.049961184944685315,-0.05381823750731215,0.9962287776078739,-0.06805747554478812,0.046337742118862185,0.07057445454222298,0.996429656333749,86,137,180,180,86,137,180,180,230216_165838
0,0,0,0,-0.06716141139469375,-0.1560522232250445,-0.10789003001925324,0.9979938186665911,0.060843232468687065,-0.017505398197023854,-0.06264294296965597,0.9890341103846035,-0.1337437482345854,0.009176033967651263,0.13457202368433438,0.9908613277558708,147,84,166,180,147,84,166,180,230216_165839
0,0,0,0,-0.0632711150763598,-0.15867286294168664,-0.10478586785750266,0.9977799922537453,0.06523612364651636,-0.01339161042188829,-0.06540439006410284,0.9977800841960207,-0.012536719751342431,0.012544035174451736,0.013384758248001533,0.9998317335572945,180,106,75,170,180,106,75,170,230216_165839
0,0,0,0,-0.06760062435670322,-0.1566839032078524,-0.10634217161925019,0.9964845446179393,0.07644948979222091,-0.034264089774660826,-0.07909486864357852,0.9933226337068857,-0.08398897022747275,0.02761438197447097,0.08640382442997149,0.995877414661083,180,180,81,97,180,180,81,97,230216_165839
0,0,0,0,-0.06492468070866925,-0.15703231819477395,-0.10753249472692228,0.9967397673319246,0.08037729636259147,-0.007023279044839643,-0.0804974298186963,0.996574936740256,-0.01893566090053815,0.005477226641796128,0.01943928215228767,0.9997960363482735,75,170,180,92,75,170,180,92,230216_165839
0,0,0,0,-0.06579484525726537,-0.15665883894821694,-0.10536860162985295,0.9960841125442369,0.08829879877573356,-0.0044455451547275645,-0.08840429357487328,0.9941503669630819,-0.06204618235393291,-0.0010590630235490504,0.06219622176573399,0.9980633789412272,86,137,180,180,86,137,180,180,230216_165840
0,0,0,0,-0.06719696822849719,-0.15455089611647566,-0.10793430953777572,0.9954891223035149,0.0943049500114843,0.01039152436887345,-0.09355748854481309,0.9939461422505371,-0.057602627044810645,-0.015760828422535237,0.05637058371711124,0.9982855070463698,147,84,166,180,147,84,166,180,230216_165840
0,0,0,0,-0.06189336668270176,-0.15421710195198413,-0.11279404471364018,0.9954138435414385,0.08992782600214472,-0.03262309299541296,-0.09257995085049779,0.9914631928690426,-0.09181334263843326,0.024088021641031545,0.09441251663021648,0.9952417012550118,180,106,75,170,180,106,75,170,230216_165840
0,0,0,0,-0.06287726780593511,-0.1594744370762933,-0.10149049058417547,0.994275986336778,0.10102563663157021,-0.03477188141605293,-0.10103573065578818,0.9948817098628261,0.001471227810316008,0.034742540564517484,0.0020503959629193064,0.9993941923743194,180,180,81,97,180,180,81,97,230216_165840
0,0,0,0,-0.06594104181927819,-0.1570357234775144,-0.10517868909298522,0.9931880015301973,0.1159992227198349,0.011035123236643928,-0.11573644879373293,0.9930352918008656,-0.022045037051095315,-0.013515473986116296,0.02061770031702615,0.999696075013085,75,170,180,92,75,170,180,92,230216_165840
