0,0,0,0,0.14543069699331826,0.0017437242020617583,-0.11484535527784348,0.9589859087137648,0.1687157895840284,0.227774031077893,-0.16081180518799218,0.9855629850063415,-0.05296381687122201,-0.23342148615886774,0.014162800938616294,0.9722725054576822,162,162,114,98,162,162,114,98,230221_165546
0,0,0,0,0.14538973182266396,0.0018566849116873618,-0.11508521690777526,0.9593142509532968,0.16843273153935148,0.22659784390878188,-0.16099311082688583,0.9856338694644508,-0.0510597065288964,-0.231942635546374,0.012501612325123515,0.9726491266150781,119,162,154,162,119,162,154,162,230221_165546
0,0,0,0,0.14555908211460278,0.0019013690569958108,-0.11455149482193946,0.9577440787740533,0.175047570237444,0.22822056815109004,-0.1673488289016696,0.9844819848832216,-0.052816577943218326,-0.23392445156177852,0.012392319974866934,0.972175797562952,42,106,162,162,42,106,162,162,230221_165546
0,0,0,0,0.1455303283679779,0.001420851784196736,-0.11443924319861712,0.9573674302793936,0.17672464714876196,0.22850821107867483,-0.16870173712068642,0.9841681016284984,-0.05434033151739502,-0.2344937682171821,0.013473931390025609,0.972024241385061,160,95,162,154,160,95,162,154,230221_165547
0,0,0,0,0.1458872588853083,0.0006591255676831609,-0.11569292628703418,0.9605495044378252,0.17274762138470257,0.21795162038896754,-0.16499000690547067,0.9848460651002197,-0.05344647488793483,-0.22388154713057973,0.015378145614520396,0.9744950310247233,162,143,69,128,162,143,69,128,230221_165547
0,0,0,0,0.14514519219446945,0.001995820803036702,-0.11477276233645317,0.9575813738290699,0.17632089481483762,0.2279229136074865,-0.1686656542182491,0.9842581580801977,-0.05279938768306183,-0.2336446224135296,0.012116942859943853,0.9722465582931976,160,162,145,86,160,162,145,86,230221_165547
0,0,0,0,0.14570404331398432,0.0016624976499436395,-0.11468718367199984,0.9580085445056444,0.16998318889558003,0.23092280993237874,-0.16038765538305988,0.9852378259966239,-0.05985170194882071,-0.23768767038889674,0.020301273810653025,0.9711294607964296,77,147,162,135,77,147,162,135,230221_165547
0,0,0,0,0.1455295818333798,0.0018190703799238483,-0.11452441874828542,0.9572518299962849,0.1732437234936288,0.23163666859723658,-0.16565072730167157,0.9848130212314807,-0.05199182394714559,-0.23712606460106841,0.01139848599538139,0.9714120155751744,124,92,162,122,124,92,162,122,230221_165547
0,0,0,0,0.1453463559718009,0.0016832466154332593,-0.11494518112778279,0.9573542917231561,0.18146417968569237,0.22481884175987993,-0.17385840895459362,0.9833244811989367,-0.05334996073680773,-0.2307509777986487,0.011988167743257313,0.9729389857946525,162,137,108,154,162,137,108,154,230221_165547
0,0,0,0,0.14570908918176256,0.0016444709634355625,-0.11438456036179181,0.9584292008085838,0.17351414297260562,0.22650896058633593,-0.16562325304806508,0.9847347013283404,-0.053539761388709396,-0.23234113946349833,0.01379891982241804,0.9725364696115708,162,90,100,92,162,90,100,92,230221_165547
0,0,0,0,0.14520098657620595,0.00204165162433409,-0.11475715301603243,0.957655419410584,0.17415234533045676,0.22927507123418378,-0.16629645628539902,0.9846339514384795,-0.05330544345152819,-0.23503528735161705,0.012920614944613103,0.9719009576129637,123,162,154,128,123,162,154,128,230221_165547
0,0,0,0,0.14589410690338195,0.0011310108032588362,-0.11416564829369613,0.9583841795240761,0.16864991174140392,0.23034099007250053,-0.16105747704096957,0.9855995873366455,-0.05151642971937881,-0.23571222608757636,0.012274392508420927,0.9717453811371519,88,112,162,162,88,112,162,162,230221_165548
0,0,0,0,0.14546471281855036,0.0015406490799902417,-0.1147089812177956,0.9580908781041302,0.17522998713942908,0.2266193303775566,-0.1667379877117523,0.9843958938056246,-0.056242045770602746,-0.23293843123772476,0.016098939894991327,0.9723582217407148,146,130,146,162,146,130,146,162,230221_165548
0,0,0,0,0.14533343001270058,0.0016624709084921419,-0.11485409773148678,0.9582780503770466,0.17541620163357433,0.22568193186433075,-0.16722918239143295,0.9843798735830567,-0.05505147628626664,-0.23181367242304782,0.015014016419790546,0.9726443340649685,162,141,80,136,162,141,80,136,230221_165548
0,0,0,0,0.14543633877140189,0.0017239067209908199,-0.11430853873120764,0.9579930827852265,0.17443271025139861,0.22764552033811034,-0.16656889704593592,0.9845792694738135,-0.05346461127990332,-0.23346103716157388,0.013300064539780892,0.9722751937649544,151,162,136,85,151,162,136,85,230221_165548
0,0,0,0,0.14532106700433992,0.0018115194701782689,-0.11466727018272987,0.9581550525779373,0.17264296273001575,0.2283271833119598,-0.1646576849865171,0.9848866974600236,-0.05372187581582186,-0.23415110931672295,0.013878061323254998,0.9721011559604568,82,156,162,124,82,156,162,124,230221_165548
0,0,0,0,0.1459927548217183,0.0016159166666351865,-0.1144953414786617,0.9579856810040402,0.17269217191454536,0.22899966976103336,-0.16473443479585775,0.984881977497867,-0.053572907260853966,-0.23478926931125846,0.013597946879133585,0.9719511792559118,112,88,162,106,112,88,162,106,230221_165548
0,0,0,0,0.14565461999432025,0.0018900440928775186,-0.1147398775833885,0.9586869297153555,0.17665881689947302,0.22295971206615398,-0.16814481553878766,0.9841265233128167,-0.05676536901717637,-0.22944866920592702,0.016930697679291718,0.9731734992670739,154,162,117,162,154,162,117,162,230221_165548
0,0,0,0,0.14533393686079638,0.00204147644535993,-0.11488713264554673,0.9585613191255086,0.1718109861812576,0.22724696368442399,-0.16364410169325555,0.9850156360391561,-0.054450020563677204,-0.23319692420221508,0.015006058303272278,0.9723137419356087,162,158,93,102,162,158,93,102,230221_165548
0,0,0,0,0.14590680589565894,0.001650350186993027,-0.11439427041584832,0.9581951346185437,0.17020205840874264,0.22998552847250553,-0.16173515196164653,0.985282307621456,-0.05532192068323066,-0.2360165769883411,0.015812450839944144,0.9716203691695336,162,154,160,95,162,154,160,95,230221_165548
0,0,0,0,0.14531756176063126,0.0020911950433968873,-0.1148521601120526,0.9586546867505251,0.17228229615246488,0.22649503748136698,-0.16450651073875358,0.9849555257687577,-0.0529171067061634,-0.23220421937555688,0.013469324037438595,0.97257379042115,53,130,162,136,53,130,162,136,230221_165549
0,0,0,0,0.14550705312043866,0.002059500326637126,-0.11489141714394313,0.9588531774830953,0.17244276116891913,0.22553065900451583,-0.164432818808998,0.9849102569664182,-0.05397808648767947,-0.23143558959049343,0.014672417755205237,0.9727395787301539,138,147,124,162,138,147,124,162,230221_165549
0,0,0,0,0.14536751847429502,0.0018016746964146513,-0.11496028364115182,0.9601862647600795,0.16894287514597128,0.22248739717902988,-0.16118399174964146,0.985515351928345,-0.05271823135502086,-0.2281711151082409,0.014757914858231285,0.9735091916254818,162,136,59,146,162,136,59,146,230221_165549
0,0,0,0,0.145241554101569,0.0018541773264605377,-0.11461372222443911,0.9583861863827915,0.16922213471577374,0.22991256353858816,-0.16109899077581866,0.9854709878227456,-0.05379635053304877,-0.2356756943803527,0.014518997275932716,0.9717232969299645,162,162,124,85,162,162,124,85,230221_165549
0,0,0,0,0.1447072460788512,0.0014814269665660296,-0.11457331650602745,0.956384663858013,0.16945406511065517,0.2379363245800626,-0.1586869143582704,0.9852625517985065,-0.06384486850910873,-0.24524852282663387,0.023302871946784622,0.9691801371315788,108,154,162,137,108,154,162,137,230221_165549
0,0,0,0,0.14588407263266598,0.0018964313852810888,-0.11462612409235076,0.957558891459482,0.17209958758305685,0.2312200279833672,-0.16490593496228112,0.9850290414900368,-0.05023763564734677,-0.23640431891381192,0.009975939803416912,0.971603560421603,100,92,162,90,100,92,162,90,230221_165549
0,0,0,0,0.14575745738157767,0.0023129602305036745,-0.11496500045150751,0.9584317829636164,0.17623774700881017,0.22438532468600356,-0.1683089616358894,0.9842462744833805,-0.05414207789357812,-0.23039229769728267,0.01412542724466379,0.9729953039285044,154,128,123,162,154,128,123,162,230221_165549
0,0,0,0,0.14643618149027668,0.0020405248030729295,-0.11457777872315808,0.9586954863585876,0.17431776319120895,0.22475827431194767,-0.16620589890271265,0.984574318851972,-0.05467183760508249,-0.2308214972779015,0.01505749292508234,0.9728795959938716,162,137,70,112,162,137,70,112,230221_165549
0,0,0,0,0.14587901707797962,0.0022986429977128464,-0.11488283568315341,0.9577685318339417,0.17575999112929802,0.22756947279211934,-0.16815260834142623,0.9843590742052707,-0.05255390887191425,-0.23324695011216942,0.01206807971350998,0.9723426462494585,162,162,160,93,162,162,160,93,230221_165550
0,0,0,0,0.14429460159907012,0.002286616443399614,-0.11484344710642316,0.9531734581967196,0.1775979043606633,0.24478427840857706,-0.1656752415120684,0.98378884341239,-0.06863837066268771,-0.2530060729295346,0.024869578685843847,0.9671449897077292,87,128,162,162,87,128,162,162,230221_165550
0,0,0,0,0.14638502716895788,0.001715346480285096,-0.11458369662963064,0.9571257040879141,0.17679150114307476,0.22946710373775336,-0.16999597570324146,0.9842150197577533,-0.049215476508404514,-0.23454584801039954,0.008096913413432744,0.9720713374923973,145,86,160,162,145,86,160,162,230221_165550
0,0,0,0,0.1460862077097227,0.0022543543198710325,-0.11509237877571524,0.9582851766505541,0.17439700718630924,0.22644028814739375,-0.16632017987842285,0.984568776002955,-0.054423552670251715,-0.2324373420451743,0.014491694328166266,0.9725034050420974,162,135,77,147,162,135,77,147,230221_165550
0,0,0,0,0.14619616688823958,0.002550522182444004,-0.11502545636811848,0.9581675122215314,0.17281899080224875,0.22814165542770612,-0.16490203435498246,0.9848595397956426,-0.05346967307832417,-0.23392806071266908,0.013611880531614233,0.9721586182920989,162,122,124,92,162,122,124,92,230221_165550
0,0,0,0,0.14668051713257735,0.002280677795692465,-0.11454881692787353,0.9586215090535668,0.1700915208342121,0.22828420208189304,-0.16137610580225978,0.9852767016966357,-0.05645860049537386,-0.23452623489912497,0.01728281325777556,0.9719561458779594,108,154,162,137,108,154,162,137,230221_165550
0,0,0,0,0.1462746007227095,0.00259825559766394,-0.11481932871553874,0.95869784427786,0.16780036347324567,0.22965513579110455,-0.16029499556636706,0.9857458580278005,-0.0510942049298608,-0.2349552250395003,0.012171335147920431,0.9719299876160601,100,92,162,90,100,92,162,90,230221_165550
0,0,0,0,0.14629724725172066,0.0027694217882177907,-0.11530464429908621,0.9581565800311084,0.1740997083607031,0.22721192682561406,-0.16639426475380878,0.9846451600299606,-0.05279069507605344,-0.23291396866682199,0.012774990344092095,0.9724134320450222,154,128,123,162,154,128,123,162,230221_165550
0,0,0,0,0.14705727119278483,0.0020192872415495666,-0.1148190342919386,0.9590213073109854,0.16880328637658687,0.22756006378974264,-0.16093959476875705,0.9855498823604809,-0.05281927881853614,-0.23318786194653432,0.01403138937190234,0.9723304691066191,162,162,88,112,162,162,88,112,230221_165551
0,0,0,0,0.1468160745388642,0.0024580071577242346,-0.11482729261633298,0.9588755272478767,0.1699577034226859,0.2273149847510988,-0.1618030601700226,0.9853345451186678,-0.05418121367599623,-0.23318982174340705,0.015172779675271008,0.9723128579794694,146,162,146,130,146,162,146,130,230221_165551
0,0,0,0,0.14612321657493368,0.0027013369400663845,-0.11522938423868712,0.9579905593926209,0.1696676996141518,0.23122923652136843,-0.1614850303202886,0.9853961005538344,-0.05401027676057885,-0.23701618741568767,0.014401274976227315,0.9713989552094395,80,136,162,141,80,136,162,141,230221_165551
0,0,0,0,0.14673298114120284,0.0023471959090358707,-0.1153354494908713,0.9592816249549899,0.16908097358853563,0.2262529301336638,-0.16173609425668686,0.9855279417723087,-0.05075541154033041,-0.23156035895270985,0.012095468423717658,0.9727453417032141,132,85,162,162,132,85,162,162,230221_165551
0,0,0,0,0.1465219873025202,0.002345945895808249,-0.11521115808474297,0.9585918747444464,0.17126830194466447,0.2275275509095957,-0.16304977441632681,0.9851067721676626,-0.05458404979656085,-0.23348744877768526,0.015225510776320516,0.9722406055523951,162,122,111,154,162,122,111,154,230221_165551
0,0,0,0,0.1463920916602839,0.0025015237002704582,-0.11482995945019112,0.9587587925630466,0.16369786903401143,0.23234583137378134,-0.15576897809841475,0.9864132002530456,-0.0522017607818201,-0.23773431209067333,0.013856624418322692,0.9712313786191754,162,106,112,88,162,106,112,88,230221_165551
0,0,0,0,0.14679487918331557,0.0027143390317539984,-0.11505577485516566,0.9602685200605788,0.16468394239262493,0.22530771957189444,-0.15726463570819835,0.9862584065946636,-0.05061807757039846,-0.23054761706908264,0.013174009996119205,0.9729718607053288,117,162,154,162,117,162,154,162,230221_165551
0,0,0,0,0.14689187906717024,0.0026842183676780984,-0.11490418849062256,0.9599564549888003,0.1625399235408006,0.22817619897940025,-0.154398160923311,0.9865745995882785,-0.05321435286394155,-0.23376229898945566,0.01585347604090187,0.9721645204740734,42,106,162,162,42,106,162,162,230221_165551
0,0,0,0,0.14658502118483696,0.0027623975727989747,-0.11504800703630105,0.9602518399899824,0.1658821043722261,0.22449839920341377,-0.1578896632862868,0.9860211548785257,-0.05322721446178326,-0.23018961319572295,0.01566555396593146,0.9730196978457034,160,95,162,162,160,95,162,162,230221_165552
0,0,0,0,0.1471026149126953,0.0007732953882282068,-0.11611522350813186,0.96160330046074,0.1631245679018121,0.22070221541674234,-0.1556431792520948,0.9864961655584078,-0.05099525557204363,-0.22604046826909394,0.014686411590473333,0.9740071950551925,162,162,87,128,162,162,87,128,230221_165552
0,0,0,0,0.14673132167712402,0.002855341499682168,-0.11518112154767532,0.9608544283363646,0.16056960354950314,0.22577902905795863,-0.15277666284826996,0.9869078435745763,-0.051693322392031636,-0.2311234709745968,0.01517599113520567,0.9728060600436856,152,162,141,86,152,162,141,86,230221_165552
0,0,0,0,0.14702538048316557,0.0024971763115010093,-0.11461914649440763,0.959815939267792,0.15782357561124352,0.23204543026909424,-0.1474773957468715,0.9871582755297773,-0.06139183004925851,-0.2387546449206961,0.024703401271049384,0.9707656573521922,96,148,146,162,96,148,146,162,230221_165552
0,0,0,0,0.14676348329473948,0.002859313439594585,-0.1151770981823255,0.96035204665933,0.15554734237327567,0.231363287402834,-0.14630853111650302,0.9876140437073978,-0.05667728287817831,-0.23731363256198856,0.02057972187695445,0.9712150713656067,119,87,162,160,119,87,162,160,230221_165552
0,0,0,0,0.14667302881790234,0.002625641415902269,-0.11515609232146554,0.9597469713995188,0.16035998287063014,0.2305871349038861,-0.15216043580152722,0.98693193132616,-0.05303361863484377,-0.23607827656550895,0.015812615929947472,0.9716053769464797,154,156,109,162,154,156,109,162,230221_165552
0,0,0,0,0.14677984173206157,0.0028294026843313502,-0.11506999099968318,0.9609699308565002,0.15598377482816186,0.22848600390398374,-0.14805842984002615,0.9876349080924136,-0.051536294692149605,-0.2336995792528519,0.015695550568469493,0.9721821621226098,162,82,116,90,162,82,116,90,230221_165552
0,0,0,0,0.1468113098952504,0.0028750155073765937,-0.11514683537701176,0.9607746449415675,0.15423820639593894,0.23048352940105818,-0.1457970942108896,0.9878764272686255,-0.05332327603060688,-0.2359137320230969,0.017627822745282917,0.9716141059639857,135,154,162,110,135,154,162,110,230221_165552
0,0,0,0,0.1464907679271057,0.002517945417321227,-0.11521593075410425,0.9616474223402153,0.15282005738964546,0.2277723977259882,-0.14584841091649753,0.9881786873660102,-0.047234763349924526,-0.23229824824899756,0.012202946161329477,0.9725680500435078,70,120,162,152,70,120,162,152,230221_165553
0,0,0,0,0.1475468414703534,0.002070834372915553,-0.11458509056423358,0.9618451650586818,0.1552206623899677,0.22530074216579438,-0.14710585096917136,0.9877278050173934,-0.05247524946255408,-0.23068105050886653,0.017330007580520463,0.9728750812788787,151,89,155,162,151,89,155,162,230221_165553
0,0,0,0,0.14712518140328915,0.0018036572860550826,-0.11527973942341893,0.961919912771629,0.15133881101717228,0.22761073281664304,-0.143990302705711,0.9883824535880473,-0.048650983196529995,-0.23232923651606613,0.01402461119532299,0.9725360847499087,138,162,104,144,138,162,104,144,230221_165553
0,0,0,0,0.14693504828094248,0.002964484359746916,-0.11546364653906513,0.962186794525464,0.15210530260992844,0.22596581457989412,-0.14418880572381737,0.988222926373798,-0.05123510606161916,-0.2310977298563365,0.016716001529916615,0.972786931731764,141,162,128,80,141,162,128,80,230221_165553
0,0,0,0,0.14723572285304679,0.003039920898650017,-0.11488856893620772,0.9621764621574344,0.14904586987400112,0.2280389974186584,-0.14022360528306235,0.9886184132447315,-0.05450663734711414,-0.23356754096326074,0.020468553123565398,0.972125116505794,128,154,162,120,128,154,162,120,230221_165553
0,0,0,0,0.14741492569343284,0.002990896717085356,-0.11504836942030486,0.9619672370434375,0.15124733056235773,0.22747149239580813,-0.14335821420036007,0.9883604675066207,-0.0509117736027655,-0.23252410042036317,0.016365551254279808,0.9724529353422944,111,80,162,162,111,80,162,162,230221_165553
0,0,0,0,0.1477519932718687,0.0028659985230059526,-0.11464343535815566,0.9620802991087309,0.1540788611239637,0.2250804358925894,-0.14561131254442425,0.9878751779872532,-0.053851447294773716,-0.23064874533789662,0.019035158822402694,0.9728508719236777,154,162,112,162,154,162,112,162,230221_165553
0,0,0,0,0.14651029298015322,0.0036838604906244132,-0.11552648977510305,0.962335265471491,0.1498262209694596,0.22685444747662925,-0.14216017136457795,0.9885872003769094,-0.04985812800876102,-0.23173545802813605,0.015730567725128434,0.9726516471643561,18,82,96,96,18,82,96,96,230221_165553
0,0,0,0,0.14757334117742382,0.0031563263438831313,-0.11498048782777853,0.9623749534603241,0.1468799852086899,0.22860603425398127,-0.13769024083391523,0.9889060845284139,-0.05573287684821947,-0.23425594236077724,0.02215910485049809,0.9719223876117313,129,154,162,107,129,154,162,107,230221_165554
0,0,0,0,0.14760745155992974,0.0026154613815738414,-0.11510582609055339,0.9621217841529114,0.15267612622683246,0.22585763865494168,-0.14412784211678392,0.9880864419000633,-0.05396617885334368,-0.23140621768910463,0.019369662197364725,0.9726643709940149,88,120,162,162,88,120,162,162,230221_165554
0,0,0,0,0.1473446211155173,0.0032124139601297508,-0.11518357683007138,0.9615199308224128,0.15221159133252798,0.2287160993355791,-0.14426248156046598,0.9882148451587487,-0.051183554213103874,-0.23381137492705367,0.016218855443247943,0.9721466914426196,146,90,162,162,146,90,162,162,230221_165554
0,0,0,0,0.14758206214932518,0.0027364029387151045,-0.11533923439054289,0.9626430813303208,0.15110301808525728,0.2246912902014472,-0.14287982690640202,0.9883458321507201,-0.052515437097085706,-0.2300079412326043,0.01844976953318844,0.9730138503506058,162,132,64,145,162,132,64,145,230221_165554
0,0,0,0,0.14741977272431087,0.0033536241129880073,-0.11507773780348365,0.9629358673566157,0.1458955201511873,0.226867830593003,-0.13750066973260291,0.9891112238498447,-0.052464775586557794,-0.23205189329382037,0.019325735537791214,0.9725114059817893,141,162,128,80,141,162,128,80,230221_165554
0,0,0,0,0.14726163169841736,0.0032036375479514156,-0.1151988593677703,0.9621220268710355,0.14425533048786207,0.2313257552357874,-0.13493351886524566,0.9892872198984528,-0.0557112379348435,-0.2368842563283007,0.022387411003240966,0.9712799045241077,78,154,162,103,78,154,162,103,230221_165554
0,0,0,0,0.14763126670450377,0.0032886395617897357,-0.11504230661479276,0.9633551694692939,0.1462161027870412,0.22487256111530612,-0.13834257517974058,0.9890977021659131,-0.050468479893376654,-0.2298002379229088,0.017509621808586538,0.9730802966840375,114,98,162,162,114,98,162,162,230221_165554
0,0,0,0,0.147695428500349,0.003056176568824981,-0.11555471872476822,0.9624754550193267,0.15333364382695494,0.22389683373395108,-0.14516741271008943,0.9880084285134825,-0.052590564490008776,-0.22927586173079517,0.018114603420105922,0.9731929101522132,154,162,120,162,154,162,120,162,230221_165554
0,0,0,0,0.14777023682310608,0.003563555691135367,-0.11509868527115893,0.9628690511456477,0.14558030721236762,0.22735339121691633,-0.1370431450003949,0.9891471258126365,-0.052982449027978176,-0.23259915467232514,0.019857936664070954,0.9723699376251641,162,156,100,108,162,156,100,108,230221_165554
0,0,0,0,0.14763893412152307,0.0034439305989368285,-0.11503901559956642,0.9622761875951718,0.14614293471442136,0.22949244305719216,-0.13769750530037073,0.9890828759409307,-0.05248296442153108,-0.2346570600287931,0.018902570022981287,0.9718944166035576,162,162,160,96,162,162,160,96,230221_165555
0,0,0,0,0.14737774498198003,0.0037223720703978003,-0.11518459330375042,0.9624233428097119,0.1436355945424406,0.2304563411915988,-0.13531071319726723,0.9894578441181772,-0.05161574960276842,-0.23544069340074955,0.018492990386857335,0.9717127606435586,90,130,130,162,90,130,130,162,230221_165555
0,0,0,0,0.14793859796855693,0.003067409337151633,-0.11508576406368834,0.9630290228525863,0.14396374210449134,0.22770494527538188,-0.13575541514374775,0.989408499756577,-0.05139346134078989,-0.2326920033063918,0.018581215479889137,0.9723729582976627,140,92,162,138,140,92,162,138,230221_165555
0,0,0,0,0.14759756729358245,0.0034690969158724383,-0.11523801698646274,0.9637391785975967,0.1429370528627001,0.22533484984563515,-0.13418169401756816,0.9894960896819196,-0.053784398246770955,-0.23065573616670546,0.021598319914227587,0.9727956845865825,162,162,105,153,162,162,105,153,230221_165555
0,0,0,0,0.14789752699497094,0.003493792455905226,-0.11497366656598679,0.9643710737280081,0.13730565770947487,0.22613179457488233,-0.12857988802870043,0.9902847273214802,-0.05294687175223483,-0.2312047675789043,0.021984430736074013,0.9726566918774556,160,162,117,86,160,162,117,86,230221_165555
0,0,0,0,0.14781255311440372,0.0035819560823315555,-0.115165449883805,0.96382530437897,0.13828387838715286,0.22785598876701205,-0.12945224714355777,0.9901502917659032,-0.053333998775450364,-0.23298690595883026,0.021908187832488987,0.9722330651431412,111,162,154,150,111,162,154,150,230221_165555
0,0,0,0,0.1477430960131402,0.003998583997367633,-0.11552088550422354,0.9639727741222908,0.13670713096254866,0.22818337164430588,-0.1285245563104529,0.9904240356352295,-0.05041495870500818,-0.23289038017096372,0.01927148100212014,0.9723120285401231,96,96,18,82,96,96,18,82,230221_165555
0,0,0,0,0.14813881086747555,0.003610101275202837,-0.11540821062814416,0.9637940344294681,0.14179879352265853,0.2258188684625071,-0.13353063331172702,0.9897026882076404,-0.051557336257209006,-0.23080430924386494,0.019536916596235895,0.9728040294552516,162,108,132,154,162,108,132,154,230221_165555
0,0,0,0,0.14829733990804933,0.0041355928110850815,-0.11579747305830607,0.9636758567257124,0.13391524854281175,0.23107477008899194,-0.12245835990259499,0.9904530754241611,-0.06329814746727533,-0.23734530383795258,0.03270185912971009,0.970874757708496,162,151,72,122,162,151,72,122,230221_165556
0,0,0,0,0.1485943029067621,0.003237423491374458,-0.11468113224722287,0.9628822920480301,0.14448260562644932,0.22799664105359954,-0.13574911723886848,0.9892912502813851,-0.05361901981165462,-0.2333020977813957,0.020678461937161663,0.9721844127441633,162,146,148,92,162,146,148,92,230221_165556
0,0,0,0,0.14869783852153093,0.0029141593474424354,-0.1144910738725183,0.9623718748659984,0.14456701569125885,0.23008857520751902,-0.13290585671269267,0.988963182623681,-0.06548172772846515,-0.2370156275825878,0.032437653875749636,0.970964155307841,70,146,162,132,70,146,162,132,230221_165556
