0,0,0,0,-0.17303097736277936,0.07321461990586806,-0.2161748926012288,0.9349479283354444,-0.35443342835047703,0.015789748857684225,0.3528933554525568,0.933631250423535,0.061635768106047394,-0.03658757956871467,-0.05205413624597147,0.9979738052278672,162,162,83,96,162,162,83,96,230201_173238
0,0,0,0,-0.1733782212644942,0.0696089391150003,-0.21884530409300595,0.9330894052282563,-0.35883846546915676,0.02406486132351527,0.35687398690300925,0.9321158053314281,0.06165292307178134,-0.04455467789952355,-0.04893956631484092,0.9978074962266945,162,146,151,89,162,146,151,89,230201_173239
0,0,0,0,-0.17251075180414982,0.07113939727585143,-0.21754250036964917,0.9330861431906433,-0.3590147279009682,0.021416688254819693,0.35773627777018885,0.9326060551353776,0.047651878157735805,-0.03708105921816118,-0.03680178086754845,0.9986343795264793,100,108,162,156,100,108,162,156,230201_173239
0,0,0,0,-0.17325260701032913,0.07150844830260439,-0.21605855432607668,0.9344401628856562,-0.35611824584209517,-0.0011734413394508432,0.3556910009605363,0.9331472336202509,0.052155078588417815,-0.01747838155893977,-0.049153182656073095,0.9986383083042923,154,162,119,162,154,162,119,162,230201_173239
0,0,0,0,-0.17335705557041697,0.07138605130235766,-0.21634938075774734,0.934491548097245,-0.35566062808651416,0.015200794845014347,0.3542747532770729,0.9333339327934616,0.0581134157209826,-0.034856071569861195,-0.04892123797898694,0.9981942530135706,158,162,114,90,158,162,114,90,230201_173239
0,0,0,0,-0.1726818399473135,0.07097581290596121,-0.21753550669316146,0.9348435427370166,-0.3549737911841089,0.007820369255016996,0.35382606344353523,0.9332035068185981,0.06275612870088158,-0.02957477693838803,-0.05590011121501483,0.9979982515692067,93,148,146,162,93,148,146,162,230201_173239
0,0,0,0,-0.172974519219536,0.07200447302782358,-0.2177279142088554,0.9335818749781639,-0.3576514875292996,0.022589736172324952,0.3561196908617303,0.9329336641223003,0.05304285180762794,-0.04004558019059747,-0.041475195182417685,0.9983366965567171,148,92,162,162,148,92,162,162,230201_173240
0,0,0,0,-0.1741079896800028,0.0714113195405213,-0.21421026344784955,0.9334513222406655,-0.35857908480397066,0.009469368949420718,0.3577582762554753,0.9325813625433198,0.0479689275214357,-0.02603161112694057,-0.0413889137087789,0.9988039412437972,162,152,72,122,162,152,72,122,230201_173240
0,0,0,0,-0.1722018402845842,0.07079229539912305,-0.2189862321886359,0.93354715538725,-0.35813802212984647,0.01506206404505303,0.35679403376474583,0.9324416405340068,0.05701407254470292,-0.03446340288272498,-0.047851270653692206,0.998259750645377,135,154,162,110,135,154,162,110,230201_173240
0,0,0,0,-0.1725340896469024,0.07091606565990066,-0.2167437036457478,0.9352355016441634,-0.35399149590215623,-0.004957549126747752,0.353572122050063,0.9332353306608975,0.06370692360536871,-0.017925149187820785,-0.06133382782118504,0.9979563370165028,100,92,162,162,100,92,162,162,230201_173240
0,0,0,0,-0.17360836090329404,0.07076503409465218,-0.21740730517847173,0.9331793868231102,-0.3585790403917446,0.02443979951187617,0.3569928326646712,0.9326301759754518,0.052507830711734885,-0.04162150206923188,-0.040274392009487084,0.9983214031131292,162,139,108,154,162,139,108,154,230201_173240
