0,0,0,0,0,0,0,1,0,0,0,1,0,0,0,1,150.0,150.0,100.0,80.0,150.0,150.0,80.0,80.0,221208_155400
0,0,0,0,-7.215833007339495e-05,-2.1486249883323483e-05,-0.00047211374846523047,0.9999680893021249,-0.0021737650761936484,0.007687335224353847,0.0021042857185427947,0.9999569719204916,0.009034726847902245,-0.007706643826777498,-0.009018262193737359,0.9999296368184776,100.0,130.0,150.0,140.0,80.0,130.0,150.0,150.0,221208_155400
0,0,0,0,-0.00022931317182504907,-0.00035696953772001994,9.433312957440876e-06,0.9999680822805366,-0.002587346329310337,0.0075591043886241655,0.0025626402832879458,0.9999913495180326,0.0032762423417088903,-0.007567515772324688,-0.003256766506113259,0.9999660625126037,150.0,100.0,130.0,150.0,150.0,110.0,150.0,150.0,221208_155400
0,0,0,0,-0.00019288966518584555,-0.0003606555476356188,0.0010721477430258863,0.9999939748309956,-0.0034318737177301264,-0.0005220579390529557,0.00343238595545434,0.9999936257281136,0.000983478415635472,0.0005186794375871809,-0.0009852643943498267,0.999999380112665,150.0,150.0,150.0,120.0,150.0,150.0,140.0,140.0,221208_155400
0,0,0,0,-0.0007544240824602366,-0.00044742789184112897,0.0012387187970179792,0.9999949790646598,-0.00315736016004897,-0.0002700412754035002,0.0031562606199789615,0.9999871002864905,-0.003979607960001147,0.0002826028475739598,0.003978735658003607,0.9999920448674552,80.0,130.0,150.0,140.0,90.0,130.0,140.0,140.0,221208_155400
0,0,0,0,-0.0006910664848302286,-0.0008375404968098688,0.0014205519167250769,0.9999990208598153,0.00034321608158105574,-0.0013566437014881697,-0.00035451665374744293,0.9999651724604508,-0.008338356197919509,0.0013537345949849457,0.008338828986285214,0.9999643150301833,150.0,100.0,120.0,150.0,150.0,100.0,150.0,150.0,221208_155400
0,0,0,0,-0.00030415387347904055,-0.0008989749586995888,0.0002403233462341392,0.9999920676946465,-0.0038369363496600843,0.0010688625888998025,0.0038319029810065875,0.9999817443333433,0.0046719931065250025,-0.0010867692162764488,-0.004667860269108537,0.999988514940636,150.0,150.0,140.0,110.0,150.0,150.0,120.0,120.0,221208_155400
0,0,0,0,-0.000300117765671723,-0.000999733642428391,0.0005607872753579102,0.9999820415861956,-0.005089596257952856,0.0031642558422068107,0.005078689765030201,0.9999811681869589,0.0034453130067875174,-0.003181731505719191,-0.0034291808606712686,0.999989058591768,90.0,150.0,150.0,120.0,70.0,150.0,120.0,120.0,221208_155401
0,0,0,0,-0.0003305207112015776,-0.001082000327393945,0.0007890300281406804,0.9999827995045737,-0.005300651865930835,0.0025107339148309087,0.005294973266772355,0.999983420903106,0.0022630017731636925,-0.0025226876737015477,-0.002249668579453241,0.9999942875027755,150.0,90.0,130.0,150.0,150.0,90.0,150.0,150.0,221208_155401
0,0,0,0,-0.00026421163122868074,-0.0008857229806379929,0.0002612256592122719,0.9999915225104941,-0.00411641249851416,0.00010027604808417922,0.004115852408793691,0.999978727014131,0.005060165822018155,-0.00012110364474751143,-0.005059710203101595,0.9999871922512648,150.0,150.0,120.0,110.0,150.0,150.0,130.0,130.0,221208_155401
0,0,0,0,-0.00034012354635940684,-0.001075023440181233,0.0007923988523883541,0.9999846588055596,-0.0050709082019969485,0.002228910840388864,0.005066094088537654,0.9999848339647618,0.0021602155340355346,-0.0022398312913181257,-0.0021488905217167133,0.9999951827010528,90.0,150.0,150.0,100.0,100.0,150.0,90.0,90.0,221208_155401
0,0,0,0,-0.00034926243983895294,-0.0010998559429228616,0.0008720065705548619,0.9999806120686889,-0.0052309537355515485,0.0033782554295500185,0.005225837827369262,0.9999851878407209,0.0015214197844242872,-0.00338616386679716,-0.001503736072227768,0.9999931363124911,150.0,90.0,140.0,150.0,150.0,90.0,150.0,150.0,221208_155401
0,0,0,0,-0.0002790683105842462,-0.0008750332810234795,0.00030589458302188177,0.9999915723656511,-0.003946595080629444,-0.0011311874038523208,0.003950617512978015,0.9999858021799676,0.0035760396743459485,0.0011170581628702424,-0.003580478425559292,0.9999929661529149,150.0,150.0,70.0,120.0,150.0,150.0,130.0,130.0,221208_155401
0,0,0,0,-0.0003394970861455293,-0.001010870038499423,0.0007545301319737963,0.9999914904981415,-0.0038715289480651597,-0.0014248490832029052,0.0038712754014922626,0.9999924902659378,-0.00018066127040158275,0.0014255378183033818,0.00017514374985761337,0.9999989685827658,90.0,150.0,150.0,70.0,90.0,150.0,70.0,70.0,221208_155401
0,0,0,0,-0.0005057393692963277,-0.0006925010460843983,0.0019942086617934507,0.9999989240544876,0.001361086160979261,-0.0005471145496202867,-0.0013630493475301124,0.9999925764596905,-0.003604042450608507,0.0005422050757902838,0.0036047843169850447,0.9999933557497689,140.0,90.0,150.0,150.0,140.0,90.0,150.0,150.0,221208_155401
0,0,0,0,9.728831199701943e-05,-0.001853546691168495,-0.0009200965744070588,0.9999949722189664,-0.0027813685899944216,-0.0015229988690559347,0.0028055661149616355,0.9998660734346819,0.016123398930904802,0.001477949783698068,-0.016127590740005835,0.9998688496404715,150.0,130.0,90.0,140.0,150.0,130.0,150.0,150.0,221208_155402
0,0,0,0,-0.0002669401774034047,-0.0008628249015220635,9.785234515768959e-05,0.9999728663175952,-0.00429651976458746,0.005983857157795784,0.004307989242031608,0.9999889057204244,-0.0019051679080893404,-0.00597560517963956,0.001930894606129789,0.9999802816999729,130.0,140.0,150.0,150.0,90.0,120.0,150.0,150.0,221208_155402
0,0,0,0,-0.00012670993234782657,-0.0013398726337209288,5.8740319303640653e-05,0.9998919452613357,-0.00698142516486736,0.012936672840010897,0.0069673567442701655,0.9999750866822908,0.001132234402729133,-0.012944255154322062,-0.0010419776446763103,0.9999156767153358,130.0,80.0,150.0,150.0,130.0,80.0,150.0,150.0,221208_155402
0,0,0,0,4.778975166445931e-05,-0.0017600124087563673,-0.0008846471159166258,0.9999868959190747,-0.0038897590919588104,-0.003328327559038519,0.003927957103108429,0.9999256032776868,0.011548119446468847,0.003283160539765436,-0.011561041646854169,0.9999277789785169,150.0,130.0,90.0,150.0,150.0,120.0,150.0,150.0,221208_155402
0,0,0,0,0.0006469601426468616,-0.0029368527096484687,0.0018755761530442339,0.9999508835411063,-0.007860944340040178,-0.006036228909109137,0.00783762260918139,0.9999617671757447,-0.003877609907887897,0.00606647980268842,0.0038301097692480827,0.9999742637098014,140.0,150.0,150.0,140.0,110.0,140.0,150.0,150.0,221208_155402
0,0,0,0,0.0007111314364403667,-0.002277851506014117,0.00024465795465544726,0.9999453410557121,-0.010118299627651992,0.0026334224159555108,0.010098302143779974,0.9999208888367125,0.0074993574265836945,-0.0027090948283017557,-0.007472354424395426,0.9999684118633786,130.0,80.0,150.0,150.0,140.0,90.0,150.0,150.0,221208_155402
0,0,0,0,0.0005979505847151581,-0.0030322561533428216,0.0021069784948443138,0.9999655932497867,-0.008000792392435107,-0.0021908075439793545,0.00799672556348792,0.9999662980071938,-0.0018588249113100702,0.0022056057816085793,0.001841241668494013,0.9999958725576094,150.0,120.0,110.0,150.0,150.0,130.0,150.0,150.0,221208_155402
0,0,0,0,0.0006140783903352057,-0.003042294167658055,0.0021283944399922428,0.9999376568717577,-0.008359948962343919,-0.007402271486949939,0.008341441717303253,0.9999620151601897,-0.0025275653996644637,0.00742312063059349,0.002465662207146587,0.9999694084270698,150.0,150.0,150.0,140.0,120.0,150.0,150.0,150.0,221208_155403
0,0,0,0,0.0006139283125531497,-0.0029672682013879292,0.001970073309717102,0.9999652176562254,-0.008228899226418113,-0.0013596673337076212,0.00822687253477989,0.9999650493554091,-0.0014895086206395281,0.001371876828794016,0.0014782710021945342,0.9999979663323375,130.0,90.0,150.0,150.0,130.0,90.0,150.0,150.0,221208_155403
0,0,0,0,0.0006095901963070055,-0.0030298983211206054,0.0021274383237224193,0.9999430951579722,-0.007584419408018864,-0.007502201552669448,0.00756502026234891,0.9999679765813694,-0.002610800679994312,0.0075217627138763135,0.0025538978060355836,0.9999684498481303,150.0,110.0,100.0,150.0,150.0,120.0,150.0,150.0,221208_155403
0,0,0,0,0.0006230359243818429,-0.002956947541619681,0.0019751090820198103,0.9999448146023707,-0.007875839159067293,-0.006952618741937365,0.007860523933333462,0.9999666249040182,-0.002227384466159412,0.006969929219420428,0.0021726103210416227,0.999973349570412,150.0,150.0,150.0,140.0,140.0,150.0,140.0,140.0,221208_155403
0,0,0,0,0.0004437434340437002,-0.0020776567898219966,0.0008114485219435918,0.9999565179308036,-0.008767402904643852,0.0031772462936467934,0.008771863274261512,0.9999605567038166,-0.001392641838943768,-0.0031649111204762755,0.0014204516540715618,0.9999939828092457,100.0,80.0,150.0,150.0,120.0,90.0,150.0,150.0,221208_155403
0,0,0,0,0.00017013158652401383,-0.0007942527660051157,-0.0009398470185094654,0.99997506160284,-0.006128356085659719,-0.0035099037142510207,0.006148187938413761,0.9999650383493748,0.005667615372171134,0.0034750478370664424,-0.005689053578609005,0.9999777791090708,150.0,100.0,120.0,150.0,150.0,100.0,150.0,150.0,221208_155403
0,0,0,0,0.0006426865340946261,-0.002476278707232965,0.0008765562615953293,0.999877678272514,-0.011803503277688004,0.010261861563108423,0.011730990870183635,0.9999059973231293,0.007097913104784091,-0.010344677161248856,-0.006976663071483401,0.9999221538833994,150.0,150.0,150.0,120.0,150.0,150.0,120.0,120.0,221208_155403
0,0,0,0,0.0009589567106765839,-0.002133205956302786,0.000479020030935029,0.9999356922902866,-0.007743197820609039,-0.008285781282146413,0.007773110469289789,0.9999633660907482,0.0035840242874019567,0.00825772593253565,-0.0036482001002388856,0.999959249468923,70.0,120.0,150.0,140.0,110.0,120.0,140.0,140.0,221208_155403
0,0,0,0,0.0009124667450594662,-0.001601659472585476,-0.00040038545451615004,0.9999160472321063,-0.012874541554832204,-0.0014644683242379635,0.012885187310268971,0.9998887920323085,0.007508363080586124,0.0013676387312021373,-0.007526602681391009,0.9999707394800997,150.0,100.0,120.0,150.0,150.0,100.0,150.0,150.0,221208_155404
0,0,0,0,0.000888813899937467,-0.0016665634622112235,-0.0002365165046246398,0.9999165921680006,-0.012820909933846089,-0.0015597998593512232,0.012830099851249149,0.9998994982628782,0.006031741991428139,0.001482310675939503,-0.00605125128484907,0.9999805923681457,150.0,150.0,120.0,100.0,150.0,150.0,120.0,120.0,221208_155404
0,0,0,0,0.00088736607752158,-0.0016657576087600323,-0.00018193480835904108,0.9999207852903776,-0.012460097842207437,-0.0017801983139183388,0.012470909163971521,0.9999030328968466,0.006196872462136359,0.001702812056050954,-0.006218582270150477,0.9999792146168096,70.0,150.0,150.0,120.0,80.0,150.0,110.0,110.0,221208_155404
0,0,0,0,0.0008860991831361742,-0.0016375454664564193,-0.00027919044828761397,0.9999186243912006,-0.012756028556987853,-0.0001683183362506751,0.012756947113564973,0.9998889142664571,0.007708399794134794,6.997107058215961e-05,-0.007709919746522658,0.9999702756790081,150.0,100.0,120.0,150.0,150.0,100.0,150.0,150.0,221208_155404
0,0,0,0,0.0008825440200359996,-0.0016750953044101236,-0.00017002994764370172,0.9999193259982,-0.01254504427669622,-0.001990818776791968,0.0125579382201204,0.9998993504561993,0.006602056113851802,0.0019077953155247507,-0.006626524078771432,0.9999762244651957,150.0,150.0,110.0,110.0,150.0,150.0,120.0,120.0,221208_155404
0,0,0,0,0.0008732283606864358,-0.0016838889540106428,-0.00017140603433740687,0.9999190573189315,-0.012715522226197287,-0.000440800333687068,0.012717954976647272,0.9999008605185998,0.0060434059416857085,0.00036391157039713395,-0.0060485228510032815,0.999981641301324,70.0,150.0,150.0,100.0,100.0,150.0,90.0,90.0,221208_155404
0,0,0,0,0.0008733420537903533,-0.0016770457601490985,-0.00019491345618849465,0.9999165417100978,-0.01290924325755973,-0.000510933494581591,0.012912348279495577,0.9998946538443045,0.006629666317977641,0.0004252956944869284,-0.006635710368593762,0.9999778929913783,150.0,90.0,130.0,150.0,150.0,100.0,150.0,150.0,221208_155404
0,0,0,0,0.0005510931391076793,-0.002236953020102489,0.001417028991409608,0.9999152658291902,-0.012553105722684163,0.0034468389076961524,0.012550438646475693,0.9999209246479432,0.0007943179358107816,-0.0034565375047216785,-0.0007509912897038297,0.9999937441607128,150.0,150.0,70.0,120.0,150.0,150.0,130.0,130.0,221208_155404
0,0,0,0,0.00018754820282306656,-0.0007655608638489908,-0.0010757693983667327,0.9999476357564573,-0.009963110932829844,0.002337127641288388,0.009945306338391363,0.9999223428963033,0.007509930665692181,-0.002411768419044933,-0.007486293963509269,0.9999690689095262,90.0,150.0,150.0,90.0,70.0,150.0,80.0,80.0,221208_155405
0,0,0,0,-0.00010180944586879459,-0.0012902524598089604,-0.00014197248689784558,0.9999540399563284,-0.007196467556235783,0.006334732017254318,0.007187266579432461,0.9999730848493437,0.0014740339220962867,-0.0063451693542848474,-0.0014284367677155506,0.9999788489734501,150.0,90.0,130.0,150.0,150.0,80.0,150.0,150.0,221208_155405
0,0,0,0,0.0010771938504736678,-0.0019865062049118365,-0.0007060245753890415,0.9999367085532587,-0.01121159231617074,-0.0009375955479844242,0.011219444298777938,0.999898012446262,0.008836785368030632,0.0008384254899762485,-0.008846745376125738,0.9999605152899527,150.0,150.0,90.0,120.0,150.0,150.0,130.0,130.0,221208_155405
0,0,0,0,-0.00040311422492479015,-0.002326836035042107,0.002581311846137746,0.9999346979469085,-0.008507971767239615,-0.00762982688091976,0.008372633197349105,0.9998100870120096,-0.017597980633600564,0.007778101000090078,0.017532949707501664,0.9998160314874867,90.0,150.0,150.0,70.0,90.0,150.0,70.0,70.0,221208_155405
0,0,0,0,-0.0005307291531951377,-0.002166163818031225,0.0013897343243719495,0.9998896526699198,-0.013018067262048504,0.00715628453784328,0.013037335961047444,0.9999114920585095,-0.0026525309354784427,-0.0071211203236973665,0.002745537121524187,0.9999708754115041,150.0,90.0,130.0,150.0,150.0,90.0,150.0,150.0,221208_155405
0,0,0,0,-0.00040967074050292374,-0.00354332095743351,-5.578494366575981e-05,0.9999256240009053,-0.012173476544223375,0.0007435961452631285,0.012171576574465942,0.9999227775452397,0.0025083201359427914,-0.00077407369928375,-0.002499082839704199,0.999996577691578,150.0,150.0,70.0,130.0,150.0,150.0,130.0,130.0,221208_155405
0,0,0,0,-0.0006202183348756191,-0.0026428115970572597,0.0006361647345088928,0.9999745298216525,-0.0071068807666416324,-0.0006572318721356892,0.007102497374286843,0.9999539928047889,-0.006447232337036048,0.000703021346234824,0.00644240013723222,0.9999790004002377,90.0,150.0,150.0,70.0,90.0,150.0,70.0,70.0,221208_155405
0,0,0,0,-0.0007049946752196584,-0.0029536829253919983,0.0006499280281127007,0.9999748348779011,-0.006910656492513929,-0.0016038820893438754,0.006906906671281929,0.9999734282144005,-0.0023318459155879587,0.0016199540574489925,0.0023207093704980778,0.9999959950204148,150.0,90.0,150.0,150.0,150.0,90.0,150.0,150.0,221208_155406
0,0,0,0,-0.00019360949653231957,-0.005338776780027754,0.001566505894911252,0.9999395093809512,-0.008656374523283088,-0.006785628865108049,0.00866386267632047,0.9999618902963229,0.0010749132664960367,0.006776065414987926,-0.0011336380009869527,0.9999763996226984,150.0,130.0,70.0,140.0,150.0,140.0,140.0,140.0,221208_155406
0,0,0,0,-0.000557724030415617,-0.003896421896720015,0.0019926752943819626,0.9999670394008539,-0.007972032281795632,0.0015384450553841973,0.007987139041112184,0.9999173287450733,-0.010076769584311349,-0.0014579855377784769,0.010088725222512848,0.9999480446010964,90.0,150.0,150.0,70.0,90.0,150.0,70.0,70.0,221208_155406
0,0,0,0,-0.000783859693143131,-0.003254567688104948,0.000272181581727704,0.9999835264325444,-0.005432974870937055,0.001851930771749527,0.005447459591006909,0.9999538915090456,-0.007908226091833058,-0.0018088801883856438,0.007918184133181386,0.9999670146122307,140.0,90.0,150.0,150.0,140.0,90.0,150.0,150.0,221208_155406
0,0,0,0,0.00010399296489073395,-0.004882586492037738,-0.000908168522590902,0.9999244710155113,-0.012285188330545597,-0.00035554469913844734,0.01228995502146138,0.9997019307077244,0.02109518297666833,9.628042644593443e-05,-0.021097959307281044,0.9997774086481189,150.0,130.0,90.0,150.0,150.0,120.0,150.0,150.0,221208_155406
0,0,0,0,-0.0005169466070612319,-0.004087292379812896,0.0006154797198261175,0.999872158966741,-0.015060977889722498,0.0053696059626116436,0.015087945402989075,0.9998735806954984,-0.0050176220143232165,-0.005293356846543669,0.005097996877939784,0.9999729950359298,150.0,150.0,150.0,140.0,120.0,150.0,150.0,150.0,221208_155406
0,0,0,0,-0.0005081334888663094,-0.004114786854161001,-6.057843036633148e-05,0.9999066746508224,-0.012078311702624403,0.006384071987997699,0.01209085578851848,0.9999250403953482,-0.0019299732285164499,-0.006360282622253654,0.002006982006841569,0.9999777591667673,130.0,90.0,150.0,150.0,130.0,90.0,150.0,150.0,221208_155406
0,0,0,0,-4.154980181090423e-05,-0.005296766621051052,0.0012340129868431138,0.9998198858855163,-0.015216319932727746,-0.011342812507421573,0.01521886331169976,0.9998841768782746,0.00013794185152782624,0.011339399780122886,-0.00031054171937415883,0.9999356587183333,150.0,110.0,100.0,150.0,150.0,120.0,150.0,150.0,221208_155406
0,0,0,0,0.000649882715658974,-0.005827889263904512,0.0016582759570287209,0.9997761861925137,-0.02099862399176231,-0.002575910092620913,0.021006440637507107,0.9997747004381886,0.003045950668187258,0.002511368968427075,-0.0030993796448189575,0.9999920434042072,150.0,150.0,150.0,140.0,140.0,150.0,140.0,140.0,221208_155407
0,0,0,0,0.0006783994711930877,-0.005618325958089282,0.0011754876382047419,0.9997549767786562,-0.022133999831861605,-0.0002691797760337293,0.022134967054574538,0.9997453965728692,0.004380098725976455,0.00017216213747596012,-0.004384983785551228,0.9999903710923416,120.0,90.0,150.0,150.0,130.0,100.0,150.0,150.0,221208_155407
0,0,0,0,0.0006523424286816598,-0.005747166419549088,0.0015513159404159094,0.9997692859873512,-0.021336705610024813,-0.00247382094194904,0.02133968269517188,0.999771582726627,0.0011833489612116566,0.002448007110095412,-0.0012358664999703804,0.9999962399405226,150.0,100.0,120.0,150.0,150.0,110.0,150.0,150.0,221208_155407
0,0,0,0,0.000659639643284575,-0.0056776252978458785,0.0013952320594411427,0.9997512388787437,-0.022015781673892683,-0.003572914455198195,0.022032743654684203,0.9997458247046602,0.004779559879963404,0.0034667805617967762,-0.004857092019580042,0.9999821948863139,150.0,150.0,150.0,120.0,150.0,150.0,130.0,130.0,221208_155407
0,0,0,0,0.0006502519296282538,-0.005740422863250244,0.0015538268006480838,0.9997634599467924,-0.021561573392354406,-0.0028500365022726512,0.021564587536850276,0.9997669255238435,0.0010311124905180128,0.0028271398238677867,-0.001092328452750812,0.9999954070389362,100.0,100.0,150.0,150.0,120.0,110.0,150.0,150.0,221208_155407
0,0,0,0,0.0006477181952138159,-0.005734314920691985,0.0016107994927939684,0.9997643783566088,-0.021482975149074816,-0.0031095896781035606,0.02149255241484956,0.9997642641832135,0.003079976118794003,0.003042689586021144,-0.0031460834289046506,0.9999904220537023,150.0,100.0,110.0,150.0,150.0,100.0,150.0,150.0,221208_155407
0,0,0,0,0.0006475554769659816,-0.005756987783294698,0.0016174835781402885,0.9997710782587117,-0.021394101569845444,-0.0002889557619188145,0.021395172151022334,0.9997612860921916,0.004429157923842628,0.00019412892966815041,-0.004434326251568651,0.9999901494838104,150.0,150.0,140.0,110.0,150.0,150.0,120.0,120.0,221208_155407
0,0,0,0,0.0006243909349580856,-0.005367889297421269,0.0011938483872070416,0.9997508157136659,-0.022316632371425234,-0.0005238315178286195,0.02231735503172802,0.9997499328551639,0.0014168346699348037,0.0004920815463165893,-0.0014281721509591544,0.9999988590893787,80.0,120.0,150.0,150.0,110.0,130.0,140.0,140.0,221208_155408
0,0,0,0,0.0003875142106816512,-0.003940328349320094,-1.0475677276078343e-05,0.9996792657105023,-0.02395380398743163,0.00822076535630396,0.023921667525754614,0.9997058915159311,0.003985510146099627,-0.008313815688296677,-0.0037875774406739503,0.9999582664920731,150.0,100.0,120.0,150.0,150.0,100.0,150.0,150.0,221208_155408
0,0,0,0,0.0008223671367974875,-0.005438529478095894,0.001940359973416128,0.9997829956177301,-0.017690775551306184,-0.010999915182915163,0.01765406106794884,0.9998382855836586,-0.0034259026460205385,0.011058743212822941,0.0032309660357516135,0.9999336303260477,150.0,150.0,130.0,110.0,150.0,150.0,110.0,110.0,221208_155408
0,0,0,0,0.0008820656132077914,-0.005033419987448495,0.0014052725614674966,0.9996090932504835,-0.022340173337705903,-0.01681003706680048,0.022230656757927354,0.9997305923584366,-0.006673874643743301,0.016954603830735087,0.006297567616979518,0.999836427647569,90.0,150.0,150.0,120.0,100.0,150.0,110.0,110.0,221208_155408
0,0,0,0,0.0008097501846060992,-0.00421764538974681,0.0002459099416201038,0.9995707902160056,-0.028531470132007207,-0.006647597991463683,0.028551632826897433,0.9995879418711131,0.0029581630769527855,0.006560458053198058,-0.0031466931814507566,0.9999735290057202,150.0,100.0,120.0,150.0,150.0,100.0,150.0,150.0,221208_155408
0,0,0,0,0.000810289173951248,-0.004117517615205762,-1.4817373664044453e-05,0.9995874677940164,-0.028411986730426383,-0.004201575796764091,0.0284219503791716,0.999593296856362,0.002331011899073639,0.004133638323534384,-0.00244946726040269,0.9999884565055491,150.0,150.0,110.0,110.0,150.0,150.0,110.0,110.0,221208_155408
0,0,0,0,0.000773541507844297,-0.004267874655476844,0.0004274573181151098,0.9995765495219118,-0.027986899358872244,-0.007965871587267942,0.02800024473278292,0.9996066853397809,0.0015687316280363186,0.007918834558996321,-0.0017911137018318704,0.999967041442334,70.0,150.0,150.0,120.0,110.0,150.0,110.0,110.0,221208_155408
0,0,0,0,0.0007557297318166456,-0.00429986805679039,0.00047134804959558796,0.9995843212660264,-0.02790424028828246,-0.0072483138088018225,0.027915150746465753,0.9996093040093383,0.0014084377049044276,0.00720618053750894,-0.001610190019932774,0.9999727387534926,150.0,100.0,120.0,150.0,150.0,100.0,150.0,150.0,221208_155408
0,0,0,0,0.0007704854318912879,-0.004176461887599514,0.00013937522904650113,0.9995759078555078,-0.02878330058742374,-0.004418828139942961,0.02879228135066724,0.9995834505712344,0.0019823921729505926,0.004359927689809283,-0.0021087795990485715,0.9999882719707978,150.0,150.0,110.0,110.0,150.0,150.0,110.0,110.0,221208_155409
0,0,0,0,0.0007531932221457108,-0.004351372979719381,0.0006001970607510954,0.999571404528452,-0.02780785141356375,-0.009150445277627142,0.027809058820160937,0.9996132533261474,4.7171431083124605e-06,0.009146775199737122,-0.00025918039231858216,0.9999581337880951,90.0,150.0,150.0,110.0,100.0,150.0,100.0,100.0,221208_155409
0,0,0,0,0.0007724790089142855,-0.004189164369756859,0.00018307001707806858,0.9995619379999565,-0.02873329963713877,-0.007094335327093998,0.028745760668963536,0.9995853755689837,0.0016607805922941759,0.007043674135955653,-0.0018639851328444313,0.9999734557547472,150.0,100.0,130.0,150.0,150.0,100.0,150.0,150.0,221208_155409
0,0,0,0,0.0006273930882166531,-0.004827817794059469,0.0015746771360970468,0.9996366415961107,-0.026858057453779546,-0.0022868161836384284,0.02685818795007316,0.9996392534533398,2.6368304315900976e-05,0.002285283021165069,-8.77784620384809e-05,0.999997384884808,150.0,150.0,100.0,110.0,150.0,150.0,120.0,120.0,221208_155409
0,0,0,0,0.00025132663515848447,-0.00401611787259018,0.00041799213018889336,0.9996111813428453,-0.02754291356904718,0.004344427061214096,0.027544841690101744,0.9996204948790081,-0.00038459603990385335,-0.004332185433410482,0.0005041130574232925,0.9999904889744682,90.0,150.0,150.0,100.0,100.0,150.0,90.0,90.0,221208_155409
0,0,0,0,5.0434391956129254e-05,-0.004699377690176976,0.0011790862603577867,0.9997553160816406,-0.020900827053513402,-0.007243161946189516,0.020869189580120396,0.999772460667046,-0.004416312718715056,0.007333818430299906,0.004264073198199859,0.9999640157460626,150.0,90.0,130.0,150.0,150.0,100.0,150.0,150.0,221208_155409
0,0,0,0,0.0005114651381788529,-0.004833881735028689,0.0008768606960322112,0.9996143495145262,-0.027744007392097904,-0.0011926015586258378,0.02774471335429009,0.999614873347618,0.0005795369821626593,0.0011760635776628533,-0.0006124018718340766,0.9999991209188179,150.0,150.0,70.0,130.0,150.0,150.0,130.0,130.0,221208_155409
0,0,0,0,-0.00010908072269616431,-0.004319717707947868,0.00038290618918246366,0.9996599678804375,-0.024667458369411727,-0.008453704210347362,0.024658147663372303,0.9996952167960523,-0.0012038558489537107,0.008480823727329773,0.0009949938125764783,0.9999635421435218,90.0,150.0,150.0,70.0,90.0,150.0,70.0,70.0,221208_155410
0,0,0,0,-0.0001593145079284361,-0.004799498665607471,0.001848807386454654,0.999715385844227,-0.0218247206989833,-0.00963477414054244,0.02172160117786955,0.9997070032118169,-0.01068081324234261,0.00986505694851653,0.01046849061037894,0.9998965403259195,150.0,100.0,140.0,150.0,150.0,90.0,150.0,150.0,221208_155410
0,0,0,0,0.0001981052503757727,-0.006796637913819903,0.0001050943234973678,0.999517050266378,-0.030858106772846814,0.003666534221197304,0.030789112798780615,0.9993712682049225,0.017581206430410057,-0.0042067516997797315,-0.017459826255730768,0.9998387158473391,150.0,140.0,100.0,140.0,150.0,140.0,140.0,140.0,221208_155410
0,0,0,0,-0.00033306906870771147,-0.005511878418664629,0.0008800894677485349,0.9996365697720723,-0.026936352842149455,-0.001077622331039385,0.026930454141171165,0.9996240036124137,-0.005157716708004886,0.001216147226042424,0.005126821379078702,0.9999861182478843,90.0,150.0,150.0,70.0,90.0,150.0,70.0,70.0,221208_155410
0,0,0,0,-0.0003338900407460002,-0.0060678675605777554,0.001736491738609458,0.9996879658467206,-0.02490288799534801,-0.001953742751185536,0.024892163586610797,0.9996759127782627,-0.005333816919031297,0.002085937013447671,0.0052835197018167674,0.9999838665130236,150.0,90.0,140.0,150.0,150.0,90.0,150.0,150.0,221208_155410
0,0,0,0,0.00015334230993128278,-0.007064291697055164,0.00032980230422630097,0.9994654440833275,-0.03266557495013041,0.0013365240340480924,0.032647239112491976,0.9993950121313205,0.011990308810454523,-0.0017273857843443897,-0.011940265500217923,0.9999272204506368,150.0,130.0,90.0,140.0,150.0,130.0,150.0,150.0,221208_155410
0,0,0,0,-0.0004992653525426882,-0.006056137731687866,0.0010993759766990685,0.9994754012562573,-0.03222076421331021,0.003277901333685062,0.03224292916000648,0.9994558967318492,-0.0069501084248213595,-0.0030521800120436025,0.007052151547168071,0.9999704752420093,90.0,150.0,150.0,70.0,90.0,150.0,70.0,70.0,221208_155410
0,0,0,0,-0.00036542318538557855,-0.006606785300996232,0.001512611652116358,0.9995995293947645,-0.02778055505010734,-0.005387169467711765,0.027773957826156888,0.9996133896075496,-0.001295601781685887,0.005421079268628821,0.001145459913657736,0.9999846497927602,150.0,90.0,140.0,150.0,150.0,90.0,150.0,150.0,221208_155410
0,0,0,0,1.9883919641063008e-05,-0.007670021591717036,0.0008921282343992143,0.9992541164836843,-0.03853369380494798,0.0025229213537928696,0.03850473269914564,0.9992014841298217,0.010666755482730031,-0.002931936250716404,-0.01056165491329442,0.999939925793202,150.0,130.0,90.0,140.0,150.0,130.0,150.0,150.0,221208_155411
0,0,0,0,-0.00039773362292947617,-0.00659920736398506,0.0014022727748901342,0.9994445609049832,-0.03304618474777969,-0.004303411560576266,0.033013934836261125,0.9994277838868673,-0.0073610394383347945,0.004544203348354792,0.007214878280416267,0.9999636472129013,90.0,150.0,150.0,70.0,90.0,150.0,70.0,70.0,221208_155411
0,0,0,0,-7.75637229254722e-05,-0.0067551965798999525,0.00038136598103832853,0.9994996902372854,-0.030861445164656227,-0.0069239019287835445,0.030870345812218064,0.9995226980476246,0.0011823015819552825,0.006884109601435305,-0.001395453311842836,0.9999753305682345,150.0,90.0,140.0,150.0,150.0,90.0,150.0,150.0,221208_155411
0,0,0,0,0.00018410902643446747,-0.007571382060098886,-0.0007043269268354191,0.9991600375157857,-0.0408228138289705,0.0035661327146863236,0.04077494062916134,0.9990889195146011,0.012599012653171019,-0.0040772108287308526,-0.012443021105487366,0.9999142701140067,150.0,130.0,100.0,150.0,150.0,130.0,150.0,150.0,221208_155411
0,0,0,0,-0.00036172912507272115,-0.006876252975117569,0.000493180849859165,0.9992731477295106,-0.038010989990488374,0.002888055868262355,0.03802562117808743,0.9992632743395239,-0.005192368464819323,-0.002688561097652117,0.005298414498399145,0.9999823490657359,150.0,150.0,150.0,150.0,120.0,150.0,150.0,150.0,221208_155411
0,0,0,0,-0.0005231162524025543,-0.0073224211880382195,0.0009092653889769542,0.9993339604503587,-0.03565789309149547,0.0077556528336500926,0.03568791392683079,0.9993558820539757,-0.003767466478970383,-0.007616317361543845,0.004041740268066932,0.9999628273318232,140.0,90.0,150.0,150.0,140.0,90.0,150.0,150.0,221208_155411
0,0,0,0,6.291940735002333e-06,-0.008335708385173252,0.0012209847787688632,0.9991960502016614,-0.040083883283928604,-0.0007318212074324394,0.040086081298607475,0.999190822056258,0.0032874313165617264,0.0005994560206556022,-0.003314124231234963,0.9999943286004473,150.0,110.0,110.0,150.0,150.0,110.0,150.0,150.0,221208_155411
0,0,0,0,0.0007256981784352148,-0.00817158863258527,0.0005380359655819955,0.9990256539189651,-0.044059679934817395,-0.002547040601527843,0.04407465757645424,0.9990092592868041,0.006158280502626962,0.0022731852768112268,-0.006264540148499002,0.9999777938361558,150.0,150.0,150.0,130.0,150.0,150.0,140.0,140.0,221208_155412
0,0,0,0,0.0004957053031188902,-0.008918841269961841,0.0022118701952473785,0.9990783669330704,-0.04269655915588672,-0.004406876739501439,0.04272218896829705,0.9990695960869806,0.005895485082085582,0.004151059636578915,-0.006078323028913631,0.9999729109796174,120.0,90.0,150.0,150.0,130.0,100.0,150.0,150.0,221208_155412
0,0,0,0,0.0004794461629789512,-0.008969487435691564,0.0023292011473023955,0.9990868301551186,-0.04244384374306474,-0.004901626149681063,0.042467305901868924,0.9990863936523054,0.004786015907587804,0.004694011081583235,-0.004989804319299001,0.9999765337810789,150.0,100.0,120.0,150.0,150.0,100.0,150.0,150.0,221208_155412
0,0,0,0,0.00047104905598938096,-0.008918440794051935,0.0022091014896541417,0.9990587740545066,-0.04333061247164109,-0.002005992906037737,0.043342443898187324,0.999040490034772,0.0062874341359242135,0.0017316297638695257,-0.006368460874775414,0.9999782218450797,150.0,150.0,150.0,110.0,150.0,150.0,120.0,120.0,221208_155412
0,0,0,0,0.0004578532927899878,-0.008958894147644475,0.0023258296911954357,0.9990581727343723,-0.04329453363435536,-0.0028897837360652256,0.043309122935843235,0.9990482240209915,0.005192875025430768,0.002662210206873203,-0.005313138233228357,0.9999823414435524,70.0,110.0,150.0,150.0,110.0,120.0,140.0,140.0,221208_155412
0,0,0,0,0.0004509725524793201,-0.008958377659037065,0.002465531087648909,0.9990143315369291,-0.04431556029244264,-0.0025488232166118122,0.04431442194192219,0.999017507657379,-0.0005014000317463945,0.0025685388406563197,0.0003879561900713212,0.9999966260434175,150.0,90.0,120.0,150.0,150.0,100.0,150.0,150.0,221208_155412
0,0,0,0,0.0004584815850861984,-0.008969543477719777,0.002345313692389106,0.9990460541966533,-0.043666448717554644,0.00047207043512805126,0.04366394578183991,0.9990365195420138,0.00441502662956997,-0.0006644041383957582,-0.004390202475560401,0.9999901422960951,150.0,150.0,130.0,110.0,150.0,150.0,110.0,110.0,221208_155412
0,0,0,0,0.0004399683792252612,-0.008433454834178011,0.0018695232912674387,0.9990270612263746,-0.0437042407950102,0.005905105750567135,0.043710220865533216,0.9990438574530136,-0.0008873991708848317,-0.005860676520668909,0.0011446492624153505,0.9999821709654558,70.0,140.0,150.0,140.0,80.0,130.0,120.0,120.0,221208_155412
0,0,0,0,6.111724435287069e-05,-0.007742764248188594,0.0019580997392495414,0.9990088862575308,-0.044367409020965386,0.0035746601592992326,0.04439133211510086,0.9989902740823683,-0.006916785516491142,-0.0032641708801692073,0.007068614121641975,0.9999696894820684,150.0,90.0,120.0,150.0,150.0,100.0,150.0,150.0,221208_155413
0,0,0,0,0.0006720635799866426,-0.006715886447280411,0.00045903332700159005,0.9990681974548679,-0.0426477656785632,0.00662607854680032,0.04268250005712451,0.9990751952688753,-0.005192146697890213,-0.006398517262271054,0.005470126240334626,0.9999645677201565,150.0,150.0,110.0,110.0,150.0,150.0,110.0,110.0,221208_155413
0,0,0,0,-0.00043592386235741937,-0.007075712672759027,0.0008973188677146027,0.9992486131146204,-0.038582513371673774,0.003687661919546132,0.0385926859907826,0.9992513000152627,-0.0027283705436257234,-0.0035796335741409015,0.0028686372602818805,0.9999894785165211,70.0,150.0,150.0,120.0,90.0,150.0,110.0,110.0,221208_155413
0,0,0,0,-0.0003587727297238788,-0.007385870103347986,0.0010873150120945807,0.9991755422857216,-0.04050412558433151,-0.0027661360566942524,0.04050226826549064,0.9991791840155159,-0.0007242205733903112,0.002793199489059024,0.0006115886995247927,0.9999959119895826,150.0,100.0,120.0,150.0,150.0,100.0,150.0,150.0,221208_155413
0,0,0,0,0.0004896363350615912,-0.007620109136119241,0.001111843160316095,0.999140741363786,-0.040246854914127723,-0.009897960221413623,0.04023953794898073,0.9991896221126607,-0.0009373622627326909,0.009927665016310618,0.0005382674801662301,0.9999505746462891,150.0,150.0,100.0,110.0,150.0,150.0,120.0,120.0,221208_155413
0,0,0,0,-0.0008715747712838492,-0.007680250453160009,0.0021438929185096933,0.9989748261301219,-0.044076270265250926,0.010323718215717011,0.0441474701748073,0.9990020631991549,-0.006773374417269576,-0.010014870715964684,0.007222196572827538,0.9999237682149605,90.0,150.0,150.0,110.0,90.0,150.0,100.0,100.0,221208_155413
0,0,0,0,-0.0007329080227608253,-0.008147438135663376,0.0025385305994024554,0.9989148801600835,-0.046573190797820546,-9.678656341358758e-06,0.046573000452822075,0.9989113501644881,-0.002658973745852265,0.00013350501126573025,0.0026556376766208043,0.9999964648762226,150.0,100.0,120.0,150.0,150.0,100.0,150.0,150.0,221208_155413
0,0,0,0,-0.00021045181810602775,-0.006477599566803827,-0.0004797967466938502,0.9987423772428664,-0.04966376538843399,0.0068683554589918415,0.049619080323718465,0.9987468664273448,0.006530212047703522,-0.0071840634112511105,-0.006181198023211928,0.9999550900034967,150.0,150.0,110.0,130.0,150.0,150.0,130.0,130.0,221208_155414
0,0,0,0,-0.0006970722743635804,-0.007056969748330061,0.0012580081717185054,0.9989603478972164,-0.04556934082815127,-0.0012878297865822124,0.04556257772304962,0.9989496308821427,-0.0048668749379771154,0.0015082573727619902,0.0048031382364686495,0.9999873274310925,90.0,150.0,150.0,100.0,80.0,150.0,90.0,90.0,221208_155414
0,0,0,0,-0.0008031870525642554,-0.0080174000346038,0.0026797950631812784,0.9989294284190644,-0.04583091636551597,0.006286823001991976,0.04588194902260944,0.9989129773247467,-0.00822863816787499,-0.005902863055159501,0.008508280514194383,0.9999463812477367,150.0,100.0,120.0,150.0,150.0,100.0,150.0,150.0,221208_155414
0,0,0,0,0.00012298125070417387,-0.00751455130190512,0.0012529713119033836,0.9988091804975485,-0.0487874752621096,-5.666890484222524e-05,0.04878611626450002,0.9987887846965802,-0.006393623710795399,0.0003685290252231398,0.0063832454032090626,0.9999795589733222,150.0,150.0,100.0,120.0,150.0,150.0,130.0,130.0,221208_155414
0,0,0,0,-0.0008437020936770401,-0.007377898097541746,0.0019089709174192615,0.9988885355190315,-0.04664192393363992,0.006798863170552923,0.046693477232358026,0.9988801086670515,-0.007632017639573019,-0.006435277196409125,0.007940997485708586,0.9999477625187916,90.0,150.0,150.0,100.0,100.0,150.0,90.0,90.0,221208_155414
0,0,0,0,-0.0006883474147413721,-0.008142229475045476,0.0026330428934298045,0.9989240765176524,-0.046354920781549874,-0.0013822708457519196,0.046352644237061404,0.9989237990268417,-0.0016358820293492157,0.0014566144264010032,0.001570050036707038,0.9999977066060177,150.0,100.0,130.0,150.0,150.0,100.0,150.0,150.0,221208_155414
0,0,0,0,1.9431513035274295e-05,-0.0072931338025198356,0.00014424101608734308,0.9986050013692461,-0.049360504592463175,-0.01875078202917377,0.04933119196363119,0.998780427021394,-0.0020228935734232546,0.0188277651296043,0.001095073211908678,0.9998221422207477,150.0,150.0,100.0,110.0,150.0,150.0,120.0,120.0,221208_155414
0,0,0,0,-0.0007777084505299348,-0.007501598088748895,0.001812749389228152,0.9988068559761663,-0.047820902739499696,0.009900793714863472,0.047869899878790055,0.99884217866429,-0.004772295754647561,-0.009661114873532791,0.005240551722339195,0.999939597914317,70.0,150.0,150.0,120.0,90.0,150.0,110.0,110.0,221208_155414
0,0,0,0,-7.382804750762778e-05,-0.007238381786905224,0.0001409705005964712,0.9986997405895577,-0.05091178430149166,-0.002611200028327232,0.050926208023275576,0.9986856241547316,0.005791842802084584,0.0023128948786349797,-0.005917290419810477,0.9999798178920253,150.0,90.0,120.0,150.0,150.0,90.0,150.0,150.0,221208_155415
0,0,0,0,0.00025361790253861094,-0.008050173033844393,0.002307908111327972,0.9986604487562113,-0.05113586115111417,-0.007901379270570774,0.05104635299941466,0.9986341231222609,-0.011142620037150405,0.008460374430402224,0.010724357331192659,0.999906700759791,150.0,150.0,120.0,110.0,150.0,150.0,110.0,110.0,221208_155415
0,0,0,0,-0.00045067783867800554,-0.0067409521739399125,0.0004183098507813954,0.9984915804786403,-0.054902071816914276,-0.0005711597655941479,0.05489914150193355,0.9984827556553589,-0.004274449816103988,0.0008049693274514678,0.004236645971766514,0.9999907013844137,90.0,140.0,150.0,130.0,110.0,150.0,120.0,120.0,221208_155415
0,0,0,0,-0.0003617772872800476,-0.007119330728876383,0.0007467933871898591,0.9982066406547554,-0.059638399717193064,0.0051733772258620615,0.05962945739207812,0.9982188366149564,0.0018660220279421577,-0.00527544916335382,-0.0015541899030373713,0.9999848769505819,150.0,90.0,120.0,150.0,150.0,100.0,150.0,150.0,221208_155415
0,0,0,0,-0.00037408108265994666,-0.007002951504757354,0.0013463677979095312,0.998263459170058,-0.05825448531707485,-0.008745343119207851,0.0581984762083862,0.9982836879331393,-0.0065280757985700455,0.009110623077040069,0.006007773884947259,0.9999404498269362,150.0,150.0,120.0,110.0,150.0,150.0,110.0,110.0,221208_155415
0,0,0,0,-0.0004038481962947843,-0.006949547494952607,0.0007871424176759678,0.9984119685761917,-0.05611515739456798,0.0049628736026440376,0.05613252354307024,0.9984174286000745,-0.0034319190406038027,-0.00476243682369015,0.0037050476646649034,0.999981795742954,70.0,150.0,150.0,130.0,70.0,150.0,120.0,120.0,221208_155415
0,0,0,0,-0.00020687504591408723,-0.006810870619979925,0.00030885231068500385,0.9983160897100947,-0.0579405855018401,0.002805989602761622,0.057941166598796806,0.9983199914319161,-0.00012617665950618792,-0.002793964766658578,0.0002885465003788244,0.9999960552431194,150.0,90.0,120.0,150.0,150.0,100.0,150.0,150.0,221208_155415
0,0,0,0,0.0014076109579550938,-0.006503482145329975,0.00038337742407623665,0.9981016554340211,-0.05686035126101065,-0.02366402067146566,0.05678462893621337,0.9983789885498957,-0.0038601993036860016,0.023845153311346817,0.0025091186823461564,0.9997125151697344,150.0,150.0,120.0,110.0,150.0,150.0,110.0,110.0,221208_155416
0,0,0,0,0.0001969144952764304,-0.006126163218832775,0.00035391002271878413,0.998072312007588,-0.055473873162566203,-0.027826415510657242,0.055407401221428974,0.998458846034639,-0.0031547844719927937,0.027958538833705786,0.0016069136630943483,0.9996077920538453,90.0,150.0,150.0,120.0,110.0,150.0,110.0,110.0,221208_155416
0,0,0,0,0.00030601276384968623,-0.006531696913019913,0.0007818834984892886,0.9979958134067611,-0.059092180098263544,-0.022637815128907,0.058921190791370946,0.9982293855934642,-0.008147822618416485,0.02307920488888347,0.006797645837250351,0.9997105292597294,150.0,90.0,130.0,150.0,150.0,100.0,150.0,150.0,221208_155416
0,0,0,0,0.0005300232889303563,-0.006630672153948386,0.001045959324508905,0.9980124696824824,-0.06272489682981822,-0.00605786067523322,0.06267663482340745,0.9980029919191895,-0.007852870020559195,0.006538333540369893,0.007457575881961251,0.9999508161687153,150.0,150.0,100.0,120.0,150.0,150.0,120.0,120.0,221208_155416
