0,0,0,0,-0.27046286463259644,-0.6710844932859741,1.0114404585107173,-0.7340615335764566,0.6751165462053029,0.07328924861945672,-0.6764531654949402,-0.7364366951592745,0.008491696812777241,0.05970577706768392,-0.04334331624032359,0.9972745745891828,180,180,81,97,180,180,81,97,230227_164802
0,0,0,0,-0.7258643663789789,-0.28031927137486967,-0.9538150457386365,-0.7329729273725868,-0.6764745805220496,0.07164376906876971,0.6758363753697701,-0.7361472635690629,-0.036502055652136815,0.07743307733722044,0.021664446618802437,0.9967621432853423,75,170,180,92,75,170,180,92,230227_164802
0,0,0,0,-0.27367208151983696,-0.6785909193076693,1.0080330699539202,-0.7327735174703898,0.6761226489057683,0.07681885010021543,-0.6779985828570048,-0.7350598310778851,0.0022285375570710703,0.057973215694534674,-0.05045005820014092,0.9970425757657682,86,137,180,180,86,137,180,180,230227_164802
0,0,0,0,-0.24524706071918712,0.013703916537406213,0.4117263716488686,-0.6921362898446654,-0.7207313350797002,0.038648401186784746,0.7215587892708643,-0.6896585281303143,0.06102481628888735,-0.017328297839815335,0.07012458350223386,0.9973877244495307,147,84,166,180,147,84,166,180,230227_164802
0,0,0,0,-0.23671418261496452,0.0151243984256616,0.40921993545291957,-0.6934343690497704,-0.7190937168447866,0.04531006747838899,0.7204357017202779,-0.6910203765197258,0.05884928989672103,-0.011007974716458969,0.07345111046734608,0.9972380652902072,180,106,75,170,180,106,75,170,230227_164802
0,0,0,0,-0.17105713917763932,-0.19420112647560428,-0.40029535612085376,-0.6910317305517983,0.7227113903098742,-0.01278255400752382,-0.7219002009819893,-0.6891462450704025,0.06274992213164998,0.03654103436890644,0.05258991558971929,0.9979474202509452,180,180,81,97,180,180,81,97,230227_164803
0,0,0,0,-0.23618979177570915,0.015979094098830582,0.41152879953819643,-0.6932380409888182,-0.7188219900420975,0.05211492260288247,0.7206149835457984,-0.6901673152532143,0.06620515422124368,-0.011621704490897906,0.0834507255096643,0.9964441341071947,75,170,180,92,75,170,180,92,230227_164803
0,0,0,0,-0.1737587159145394,-0.1927176131512448,-0.40307626266862573,-0.6935312937243324,0.7202306264716777,-0.01679849151763697,-0.7196987848928993,-0.6915945863011116,0.061078533239410586,0.032372884467369016,0.05444972810959007,0.997991594884473,86,137,180,180,86,137,180,180,230227_164803
0,0,0,0,-0.24336523278237943,0.01695334502110868,0.40891296665016696,-0.6906140806868165,-0.7218156409137136,0.04510401411657868,0.7230431672408821,-0.6877053741804223,0.06534444605045417,-0.016148370300979358,0.07773994375925222,0.9968428819432532,147,84,166,180,147,84,166,180,230227_164803
0,0,0,0,-0.24920422818470078,0.025216935344678837,0.41609459712843244,-0.6930992450482011,-0.7201311752760893,0.032008231895724555,0.7200504417606177,-0.6895745187724865,0.0775522042241956,-0.03377569886696888,0.07679891571610661,0.9964743492488294,180,106,75,170,180,106,75,170,230227_164804
0,0,0,0,-0.17281522139636474,-0.19665544069603452,-0.3973537322860241,-0.6888989166158622,0.724408340971206,-0.02551153105628884,-0.7237713601520541,-0.6855146519746488,0.0788966422081452,0.03966485735680903,0.07281632687399216,0.9965563113198592,180,180,81,97,180,180,81,97,230227_164804
0,0,0,0,-0.2498921104451326,0.026454783632187673,0.41916955497233066,-0.6910752984462449,-0.7223089435706219,0.026167191582721266,0.721819072362107,-0.6878325422805583,0.07657428128406124,-0.037311642308284286,0.07180657224625069,0.9967204510445759,75,170,180,92,75,170,180,92,230227_164804
0,0,0,0,-0.17497962863697203,-0.1926035112431074,-0.4048149594136088,-0.6894438501462816,0.7238454884118265,-0.02673735965491669,-0.7237008352971779,-0.686817554497193,0.0673702295132057,0.030401948714501466,0.06579783993672744,0.9973697237103307,86,137,180,180,86,137,180,180,230227_164804
0,0,0,0,-0.24136803006311247,0.013750803585185767,0.41018391041201085,-0.693236699932584,-0.7197787930636604,0.03662467641359658,0.7205754981220279,-0.691230154600197,0.05451444650346419,-0.013922261769244404,0.06418225944299841,0.9978410736184496,147,84,166,180,147,84,166,180,230227_164805
0,0,0,0,-0.17338344754120394,-0.19452002405331725,-0.401300800391708,-0.6927693448923768,0.7208390565080935,-0.021486958600705337,-0.7202018115960404,-0.6900076634690165,0.07210253066161651,0.037148154074837354,0.06542536944144774,0.9971657513584601,180,106,75,170,180,106,75,170,230227_164805
0,0,0,0,-0.24528869939640285,0.01292586341759494,0.4096025336716729,-0.6915956390985956,-0.7212826913913054,0.03803618118478501,0.7220684264350024,-0.6891398453473517,0.06085606872208435,-0.01768218101607263,0.06955251723657234,0.9974215697590316,180,180,81,97,180,180,81,97,230227_164805
0,0,0,0,-0.23673009615126767,0.014548170279389039,0.409708649388272,-0.6914763385265501,-0.7208494063643535,0.04729277536871766,0.7222712940659438,-0.688639441380621,0.06403044231686728,-0.01358863592210782,0.07843374987303654,0.9968267130522889,75,170,180,92,75,170,180,92,230227_164805
0,0,0,0,-0.2410898380649661,0.013163062721349816,0.41153196682632265,-0.6918569466592488,-0.7203600244484158,0.04914672457061038,0.7219386592915887,-0.6890510509899134,0.06334999092313309,-0.011770198792104223,0.07931005173604941,0.9967805064877721,86,137,180,180,86,137,180,180,230227_164805
0,0,0,0,-0.24563421009755793,0.013720373937711305,0.4118419016634882,-0.6943490827398981,-0.7190191241542684,0.029847117091795036,0.719420732470017,-0.6925219326836768,0.05335899590856446,-0.017696355290481306,0.05852240470533126,0.9981292336951855,147,84,166,180,147,84,166,180,230227_164806
0,0,0,0,-0.24105896780364644,0.012522644834999319,0.4085981960079854,-0.6910096372990591,-0.7212036028935269,0.04869337052636219,0.7227354012154127,-0.6881590345349569,0.06395844758835562,-0.012618279986524573,0.07938832635414164,0.9967639001533263,180,106,75,170,180,106,75,170,230227_164806
0,0,0,0,-0.24002833516397792,0.010978682726573985,0.41014549459652416,-0.6923711300201274,-0.7203506432375619,0.04143873914445482,0.7213775052407554,-0.6898466005534604,0.061042302032748845,-0.015385488203968385,0.07215690190179352,0.9972746202830295,180,180,81,97,180,180,81,97,230227_164806
0,0,0,0,-0.23458949849100214,0.00975838290009412,0.40229937184483333,-0.6890061958358291,-0.7215831046626972,0.06773688186787102,0.724753681842514,-0.6861950970764308,0.06219637774008744,0.0016008608805123008,0.09194624415173684,0.9957626852974711,75,170,180,92,75,170,180,92,230227_164806
0,0,0,0,-0.2361562764684686,0.006829105085580989,0.40249666072429724,-0.6899640767011603,-0.7210167031260055,0.06390998885323297,0.7238423048824992,-0.6874359570973163,0.05902645637412729,0.0013749633833167866,0.08698688810965503,0.9962085076793377,86,137,180,180,86,137,180,180,230227_164807
0,0,0,0,-0.23839145961015862,0.012171845478797683,0.41021242810599,-0.690947703293862,-0.7213454613493004,0.047455207340217485,0.722776396608158,-0.688097982545537,0.06415174918027547,-0.013621740676726604,0.07862500752005068,0.9968111939446747,147,84,166,180,147,84,166,180,230227_164807
0,0,0,0,-0.23747882099151885,0.012464059138043826,0.4078426645762534,-0.6902308649259098,-0.721398889631881,0.056258289536031084,0.7235462844764171,-0.6872537649531013,0.06452159931495374,-0.007882088809621738,0.08524027566635724,0.996329246825727,180,106,75,170,180,106,75,170,230227_164807
0,0,0,0,-0.23726360572791444,0.013695613264489315,0.4104575357314597,-0.6912162161609976,-0.7209666179176534,0.04926741686403722,0.7225564866826567,-0.6884356213657946,0.06299618073746942,-0.011500698626141436,0.07914247331915654,0.9967969717289661,180,180,81,97,180,180,81,97,230227_164807
0,0,0,0,-0.7176146009635915,-0.273642964301949,-0.9719929159465605,-0.734510772736716,-0.6759253430813009,0.06015692241244755,0.6748212458186089,-0.7368867384655851,-0.04017736757643328,0.07148573931583997,0.011084460021888115,0.9973800297882904,75,170,180,92,75,170,180,92,230227_164808
0,0,0,0,-0.7220356128703274,-0.25966600788948413,-0.9767781685818543,-0.7305873463478885,-0.6786439356183172,0.0753958752507922,0.6757093887748186,-0.7344520305208785,-0.06322212259422703,0.09827996376633315,0.004756418005258062,0.9951474389304569,86,137,180,180,86,137,180,180,230227_164808
0,0,0,0,-0.7201682181691061,-0.27152559916058994,-0.9720949328171498,-0.7338798076719466,-0.6765966588906273,0.06031077075803149,0.6759333627692526,-0.7361824721137591,-0.03390364062936486,0.06733882228579059,0.015884864825224713,0.9976037059286854,147,84,166,180,147,84,166,180,230227_164808
0,0,0,0,-0.24542766666288462,0.014705612829997938,0.40834764998371553,-0.6938497999939455,-0.7193954463686644,0.03229004169078123,0.7198734945907712,-0.6917423310068651,0.05722498823818149,-0.01883100724955829,0.06295029179614252,0.9978389919865568,180,106,75,170,180,106,75,170,230227_164808
0,0,0,0,-0.7230383835026463,-0.25125883772180274,-0.9804095490822701,-0.7308725818034201,-0.6807928491145621,0.048439299772807455,0.6780947391450077,-0.7323724781416884,-0.061790598026441816,0.07754220729297313,-0.012314619566954137,0.9969130133733106,180,180,81,97,180,180,81,97,230227_164808
0,0,0,0,-0.7263023716346442,-0.25692816304139954,-0.9740343510683838,-0.7308465848531455,-0.67880829959662,0.07129208797082087,0.6775719883512703,-0.734138188490231,-0.044015006554441405,0.08221599607253911,0.016137304577500483,0.996483877135387,75,170,180,92,75,170,180,92,230227_164809
0,0,0,0,-0.26709487698253337,-0.6908789174007053,1.000394034496579,-0.7299271383997611,0.6773269561441541,0.09183989932502647,-0.6811530535916946,-0.7319821401593927,-0.015253329813021362,0.05689367460663938,-0.07369084724828202,0.995656953383837,86,137,180,180,86,137,180,180,230227_164809
0,0,0,0,-0.24603625051315414,0.020597753182766687,0.41457999803029777,-0.6915779932793642,-0.7215496171978342,0.03295495612720113,0.721885937869618,-0.6889120797205492,0.06542812179185628,-0.02450656887019762,0.06903836858418651,0.9973129557693735,147,84,166,180,147,84,166,180,230227_164809
0,0,0,0,-0.72298452808006,-0.24512311920488045,-0.981600648102529,-0.7304880465612219,-0.6809550314898534,0.05184070716940036,0.6786188299873319,-0.7322986423472055,-0.05670257492446728,0.07657478317171729,-0.006240473146551011,0.9970443114912755,180,106,75,170,180,106,75,170,230227_164809
0,0,0,0,-0.72265991222357,-0.26413460067588646,-0.9728193336923774,-0.7324631776220707,-0.6779269087996498,0.06255237607900804,0.6762900164936178,-0.7350921170172768,-0.04765913438283351,0.07829116820460032,0.00739498643741978,0.9969031082089921,180,180,81,97,180,180,81,97,230227_164810
0,0,0,0,-0.7235504940994311,-0.26418460961289053,-0.9732950317518428,-0.7344173003212227,-0.6764561192507913,0.05512120932133674,0.6750393977357287,-0.7364668092119742,-0.0440278370320156,0.07037784092647378,0.00487418273070456,0.9975084971313455,75,170,180,92,75,170,180,92,230227_164810
0,0,0,0,-0.3117439275723008,-0.4108078191277848,0.6060862446239559,0.02285547430527455,-0.9897531952175854,0.14094764932719225,0.9996554527325321,0.02080507324235938,-0.016003897946948217,0.012907482961337537,0.14126486287807122,0.9898876882756157,86,137,180,180,86,137,180,180,230227_164810
0,0,0,0,0.40942592717102577,-0.3852427951230759,-0.5656413475523536,0.0224620523199549,0.9993921398946768,0.026660962516675817,-0.9895583983822126,0.01842753866292119,0.14294964851323033,0.14237145920726235,-0.029593521851353253,0.9893708056475228,147,84,166,180,147,84,166,180,230227_164810
0,0,0,0,-0.7253191750942991,-0.25215054639065504,-0.9771213322045231,-0.7313366899159119,-0.6799240703020999,0.053384497812220696,0.6776277201330914,-0.7332667489926951,-0.05604059001217533,0.07724842322058419,-0.004809724057493881,0.9970002746561428,180,106,75,170,180,106,75,170,230227_164811
