0,0,0,0,0.20093743507241696,0.007437028145434538,-0.036433105694641754,0.9996986633395541,-0.024283532350152015,0.003590623024876557,0.024542845248161492,0.9858909585002884,-0.16557978951099867,0.000480899399513014,0.16561801835543416,0.9861898603878395,180,180,81,97,180,180,81,97,230221_172839
0,0,0,0,0.20090310017566806,0.007502079181121668,-0.036939266234783774,0.9997118300536143,-0.023997659640015944,-0.0006076040287009354,0.023573831365547828,0.9862041613104345,-0.1638463508557069,0.004531150582627744,0.1637848117066557,0.9864856836916658,75,170,180,92,75,170,180,92,230221_172839
0,0,0,0,0.20088893020629672,0.007502587800727795,-0.03691260444259903,0.9997054763973685,-0.024246648444879646,0.0010298059523909024,0.024089462996386923,0.9862912022543615,-0.16324632347527146,0.002942487664351748,0.16322305105234933,0.9865848049567293,86,137,180,180,86,137,180,180,230221_172839
0,0,0,0,0.20088659212554133,0.007547568428842688,-0.03665834843489946,0.9997105594843614,-0.023902958365121563,-0.002728706077993672,0.02313660836495468,0.9863026269809313,-0.16331511064160975,0.006595044263045619,0.1632047076279046,0.9865701844264597,147,84,166,180,147,84,166,180,230221_172839
0,0,0,0,0.2009480810379753,0.007426790548784035,-0.03702416124201374,0.9997135557448903,-0.02380493658405798,0.002476177323271808,0.02388731003562121,0.9860186478172679,-0.16491398538592686,0.0014842099478879812,0.16492589593765045,0.9863048443407312,180,106,75,170,180,106,75,170,230221_172840
0,0,0,0,0.2009650195099436,0.007315043487648082,-0.036267249589611195,0.9997226940436741,-0.023544094054866453,-0.0004589653515856348,0.023145042159936517,0.9859975899998346,-0.1651455707487603,0.00434074158101035,0.1650891521259185,0.9862690960447216,180,180,81,97,180,180,81,97,230221_172840
0,0,0,0,0.20091742095612053,0.007552227581812232,-0.03695649848340277,0.999697328723275,-0.02454470815836778,0.0016757818979022134,0.024487231884188533,0.9861613347531653,-0.16397011103401088,0.002372007208834568,0.16396151725108063,0.9864638840031219,75,170,180,92,75,170,180,92,230221_172840
0,0,0,0,0.20093346224716138,0.007417340986613008,-0.03620593816611056,0.9996976141626807,-0.024561080010835564,-0.0011973245780723671,0.02402691624134866,0.9859997068102586,-0.16500692550924836,0.005233309982710755,0.16492826173456354,0.9862916814755359,86,137,180,180,86,137,180,180,230221_172840
0,0,0,0,0.20098015287366633,0.007301158504721433,-0.03625609931441415,0.9997045659839523,-0.024263677305212436,0.0014334275239243478,0.0241681675039752,0.9860349359142362,-0.16477561966537682,0.002584652846636666,0.16476158265881558,0.9863300362705298,147,84,166,180,147,84,166,180,230221_172840
0,0,0,0,0.20095523160949136,0.007279244668488033,-0.03636206458418123,0.9997234533167209,-0.023431299344597496,-0.001997773639446866,0.022785944020847607,0.9861801294459486,-0.16410226397295585,0.005815293936629898,0.16401136087782045,0.9864413088772367,180,106,75,170,180,106,75,170,230221_172841
0,0,0,0,0.20095158358601592,0.007277844663749589,-0.036246130396672516,0.9997226583717954,-0.023547211834168226,-0.0003676314275705599,0.023163947493114137,0.9860263653444631,-0.16497102285590873,0.004247101902001355,0.1649167537287386,0.9862983455653814,180,180,81,97,180,180,81,97,230221_172841
0,0,0,0,0.2009486338045598,0.0074547261564006095,-0.03665809027733513,0.9997021878631389,-0.024201028766066612,0.0031377999166175012,0.024387371703753245,0.9860566301201931,-0.1646134207693655,0.000889765719548761,0.16464091958766902,0.9863531699722424,75,170,180,92,75,170,180,92,230221_172841
0,0,0,0,0.20088393276155087,0.00743559093372248,-0.03686925221712711,0.9997135680531981,-0.023928711587755815,0.0004456591689783455,0.02367733278216904,0.9861544128140481,-0.1641306126220936,0.0034879453360566943,0.16409415239164193,0.9864385147530491,86,137,180,180,86,137,180,180,230221_172841
0,0,0,0,0.20087657003006007,0.007621783889395273,-0.03739722136431034,0.9996983647030566,-0.024365197727123387,0.003084922973367514,0.024541909885892384,0.9862794312015993,-0.16325004823215952,0.0009350236286653466,0.16327651615700237,0.9865799029994711,147,84,166,180,147,84,166,180,230221_172842
0,0,0,0,0.20093172379869373,0.00744747286472483,-0.036699507515584984,0.9997083294583927,-0.02408435979619167,0.0017887494841132409,0.024051701035456167,0.9861766956466197,-0.16394218688554502,0.0021844195591435734,0.16393739224692308,0.9864683267771286,180,106,75,170,180,106,75,170,230221_172842
0,0,0,0,0.20090295250713508,0.007550587253807417,-0.03724426867308539,0.9997149311871755,-0.023869057456501645,-0.0005696117618452971,0.023458010226343647,0.9863835006832816,-0.16277994758573486,0.004447259565369553,0.1627201821407903,0.9866622341036604,180,180,81,97,180,180,81,97,230221_172842
0,0,0,0,0.20089734919882252,0.007416198472651542,-0.036794246411247844,0.9997161821200975,-0.02382340350562269,2.554649718108286e-05,0.023504602797945542,0.9861621728625497,-0.16410881287220916,0.0038844374787142663,0.16406283631713567,0.9864422420421028,75,170,180,92,75,170,180,92,230221_172842
0,0,0,0,0.20091884179679276,0.0074708258914407966,-0.03665473554641935,0.9996978828612682,-0.024575494523776668,0.00043367223931003985,0.024316026480878432,0.986259563302568,-0.1634038085553992,0.003588016008959061,0.1633649866499557,0.9865591757608762,86,137,180,180,86,137,180,180,230221_172843
0,0,0,0,0.20092649180139033,0.007384541937074357,-0.03658224587600456,0.9997110184469543,-0.024036295311460704,-0.0003689220166479718,0.02364844354304621,0.9861035122618819,-0.16444030595560094,0.004316331051423128,0.16438406130911987,0.9863869675101015,147,84,166,180,147,84,166,180,230221_172843
0,0,0,0,0.20090806144474307,0.007583071836791355,-0.036966485844014074,0.9997079529122993,-0.024154477327992824,-0.0007550555679009153,0.023702855664728448,0.986147924985766,-0.16416590595980668,0.004709938135070066,0.1641000648119263,0.9864324534459952,180,106,75,170,180,106,75,170,230221_172843
0,0,0,0,0.2009267161577418,0.007438520248109537,-0.03674317803954252,0.9997198087795115,-0.023633936394538507,-0.0013194636619474375,0.02309459294573445,0.9860937220279536,-0.16457767513769447,0.005190733139655674,0.16450108944185338,0.9863632433651998,180,180,81,97,180,180,81,97,230221_172843
0,0,0,0,0.20089082616792858,0.007422351644946645,-0.03660528669298235,0.9997016146048341,-0.024325294227939307,-0.0022275136839915765,0.023638687881178875,0.9863861946130946,-0.1627374803539529,0.006155825837724416,0.16263626636584189,0.9866668894165013,75,170,180,92,75,170,180,92,230221_172843
0,0,0,0,0.20092380133633286,0.007437818841940058,-0.03655454356064419,0.9997113651286877,-0.02399868523700668,0.0011178279965146159,0.02385243699741484,0.9859061262997506,-0.16559037222587542,0.0028718777514144525,0.16556923999195813,0.9861939865394973,86,137,180,180,86,137,180,180,230221_172844
0,0,0,0,0.20096095276549628,0.007286354640698378,-0.036118033760198676,0.999714064446997,-0.023666804234091156,-0.00341639052373311,0.02277875434652776,0.9860249311990014,-0.16503321909368676,0.007274455119524987,0.16490820910842932,0.9862820919348401,147,84,166,180,147,84,166,180,230221_172844
0,0,0,0,0.20088077967994178,0.007540385688322965,-0.037065992512713974,0.9996994062768915,-0.024465596546349187,0.0015911238989414782,0.024397402853225898,0.986304279575537,-0.1631215339095258,0.002421533325791115,0.16311131989108024,0.9866046997150083,180,106,75,170,180,106,75,170,230221_172844
0,0,0,0,0.20094121512410942,0.00745017400526074,-0.036691783054397686,0.9997113263715449,-0.0239837066371645,-0.0014302938122794583,0.02342365099997218,0.9861561972715275,-0.1641562888128019,0.005347569380430425,0.16407539851819053,0.9864333059577918,180,180,81,97,180,180,81,97,230221_172844
0,0,0,0,0.20089220659775286,0.0074972537938698125,-0.036666568516990405,0.9996993553763555,-0.02451922089718412,-8.164983013341352e-05,0.024170593436275235,0.9860338220058864,-0.16478192945041586,0.004120834022131528,0.16473041512440448,0.9863300203582487,75,170,180,92,75,170,180,92,230221_172845
0,0,0,0,0.20096087113699568,0.007355047390731118,-0.03645531264955254,0.9997176680970817,-0.02370591975247703,-0.0016166209276100916,0.02311539666987772,0.9860537882187302,-0.16481385007421312,0.0055011390937396215,0.16472994903228766,0.9863233655148251,86,137,180,180,86,137,180,180,230221_172845
0,0,0,0,0.20092392706486406,0.007447718309896961,-0.03669831170362198,0.9997135954500935,-0.02385908515707419,-0.001863096270852653,0.023233483266088276,0.9862683541829627,-0.16350822240045013,0.005738669494872467,0.1634181066855756,0.9865402120946365,147,84,166,180,147,84,166,180,230221_172845
0,0,0,0,0.20096182498680476,0.007377809988746931,-0.036972170768190094,0.9997193766714012,-0.02358775789464051,0.0021875980547196028,0.023626369553211096,0.9861065977858096,-0.16442497518634394,0.0017212116314653174,0.1644305187025768,0.9863871663549365,180,106,75,170,180,106,75,170,230221_172845
0,0,0,0,0.20091654273573384,0.007489825979092951,-0.03655152398682898,0.9996997789662652,-0.024502052298484397,3.69860021679321e-05,0.024176799653338913,0.9861818609794565,-0.16389270707880127,0.0039792327557367675,0.1638443972440247,0.9864781696512184,180,180,81,97,180,180,81,97,230221_172846
0,0,0,0,0.20098004923932763,0.007360236419002242,-0.03688323669803967,0.9997306263991717,-0.023175980370820207,-0.001244416879882278,0.022662018023394508,0.9863253702172156,-0.16324428628586213,0.005010746314364113,0.16317211158689027,0.986584894685525,75,170,180,92,75,170,180,92,230221_172846
0,0,0,0,0.20094432343639396,0.007338165533227914,-0.03639487249359169,0.999714300602569,-0.02388381158814265,-0.0009384640315991139,0.023405155205266367,0.9861344081309877,-0.16428976781882654,0.004849317532797784,0.16422086543484252,0.9864116744419125,86,137,180,180,86,137,180,180,230221_172846
0,0,0,0,0.20092974191550816,0.007380192238658434,-0.03662139482135096,0.9997097905658924,-0.024059558862030195,0.001213373011207238,0.02393356593888968,0.9862184686001984,-0.16370802244645552,0.0027420919292834587,0.16368955317687503,0.9865080897350038,147,84,166,180,147,84,166,180,230221_172846
0,0,0,0,0.20095097266372725,0.007302193983655836,-0.036001510714983864,0.9997154911343806,-0.023820197618459965,-0.0012389396120716094,0.02328738497423302,0.9859553842028922,-0.16537738074594688,0.005160861072215946,0.16530147775124573,0.986229581267084,180,106,75,170,180,106,75,170,230221_172846
0,0,0,0,0.20094035154587206,0.007614500596377777,-0.036912606572661155,0.9997021554476229,-0.024395252962645473,-0.0006870416767910312,0.0239563273857917,0.9863100916150168,-0.1631517623458684,0.004657764652908025,0.16308670948690615,0.9866007451939066,180,180,81,97,180,180,81,97,230221_172847
0,0,0,0,0.20089500891752965,0.007536967024310254,-0.036996490712903896,0.9997190771037721,-0.023693592320751196,-0.0006168936060909425,0.023269323299680022,0.9861008596490343,-0.16451028293881423,0.004506158891801934,0.16444971353690976,0.9863751751994116,75,170,180,92,75,170,180,92,230221_172847
0,0,0,0,0.2008625402415104,0.007487600534861638,-0.03693022542858576,0.9997131675236657,-0.023789837041004513,0.0027615816777349454,0.023920113373226307,0.9861040154083278,-0.1643979895612617,0.0011877946002387288,0.16441689222563227,0.9863902243508157,86,137,180,180,86,137,180,180,230221_172847
0,0,0,0,0.2009152821428799,0.0073842216890117884,-0.03653855926651528,0.9997116793722306,-0.023907020716054297,0.0022388584675811602,0.023948571618202026,0.9859900869881696,-0.16507578344054652,0.001738977919227466,0.1650818061493893,0.9862783447051101,147,84,166,180,147,84,166,180,230221_172847
0,0,0,0,0.20088799273341468,0.007488777817785841,-0.036904910184192785,0.9997096774806673,-0.024091629963185,-0.0003925776578230765,0.023703699739089933,0.9862747395301853,-0.16340218108502885,0.00432381430909262,0.16334543620922662,0.986559462525923,180,106,75,170,180,106,75,170,230221_172848
0,0,0,0,0.20091631194681883,0.007485558165829215,-0.0367622269631222,0.9997104116415058,-0.024061156924064967,-0.00039189672704356,0.02367013807456986,0.9861388935380521,-0.1642248678339514,0.0043379049205745325,0.1641680339744118,0.9864228501012517,180,180,81,97,180,180,81,97,230221_172848
0,0,0,0,0.2008829759907289,0.007578378630421961,-0.03712040516158566,0.9997082694238064,-0.02415317874197332,-1.5218750256795022e-06,0.02382615023389138,0.9861827780838508,-0.1639385335296451,0.003961137549979189,0.16389067138637506,0.9864705556791005,75,170,180,92,75,170,180,92,230221_172848
0,0,0,0,0.20096577821921374,0.0074784677336821315,-0.03675613553484003,0.9997165303580456,-0.02378600776742508,-0.001041519735896233,0.023288755239034637,0.986037196391211,-0.1648886934036888,0.004949020942429912,0.16481769676660124,0.9863116312932055,86,137,180,180,86,137,180,180,230221_172848
0,0,0,0,0.20093105851286372,0.007367209273888342,-0.03686964528051734,0.9997333359680671,-0.02305900474949099,0.0012406668061153755,0.022950604552898303,0.9862175986822278,-0.16385395265331998,0.002554741634163935,0.16383873275090602,0.9864838280203887,147,84,166,180,147,84,166,180,230221_172848
0,0,0,0,0.200936226141617,0.007477459575852358,-0.03688711429238356,0.999707955592332,-0.02411705631692812,0.00153984415021292,0.024043064777569484,0.9861710989721939,-0.1639771160500043,0.002436095544604149,0.16396625002292722,0.9864629411650071,180,106,75,170,180,106,75,170,230221_172849
0,0,0,0,0.20100517980995466,0.007183509629250628,-0.035921843982378354,0.9997195826202143,-0.02362323823338272,0.0016427845363629564,0.023563995393400646,0.985546299700619,-0.1677594386838455,0.0023439809649091533,0.1677511065888629,0.9858265932665076,180,180,81,97,180,180,81,97,230221_172849
0,0,0,0,0.20091366144469608,0.007425919760013916,-0.03670364464572479,0.9997211721919529,-0.023527981202058023,-0.0020029906894803106,0.022878527132529247,0.9861235922107595,-0.16442881098394274,0.00584387434778201,0.1643371381821608,0.9863869190873855,75,170,180,92,75,170,180,92,230221_172849
0,0,0,0,0.2009249550611793,0.007376548827279866,-0.036977080424531183,0.9997137034503282,-0.023590067774718726,0.004002478733694296,0.02392696564569524,0.9863658002315353,-0.1628189437645176,-0.00010699822065691094,0.16286809643385555,0.9866478458474397,86,137,180,180,86,137,180,180,230221_172849
0,0,0,0,0.20094375234132822,0.007359713418061714,-0.03640887248309027,0.9997146615345902,-0.023823984100387434,0.0017358843176065847,0.023780751235784922,0.9857795979352277,-0.16635221719388849,0.0022519732328190995,0.1663460311406482,0.986064869336857,147,84,166,180,147,84,166,180,230221_172850
0,0,0,0,0.20093937296614983,0.007462888843890236,-0.03683216186867294,0.999707930589545,-0.02413600519405677,0.0012275054542823136,0.024013805263491884,0.9863667607805077,-0.16280033901726154,0.0027185792493340136,0.1627822670951621,0.9866582705507638,180,106,75,170,180,106,75,170,230221_172850
0,0,0,0,0.20093387354638537,0.0074502125001958686,-0.036577271101756126,0.9997198519859107,-0.02353394165452457,-0.002524110827536205,0.022795523263175778,0.9860415091096641,-0.16493182358748865,0.006370373962826162,0.16482807983756265,0.9863017400535374,180,180,81,97,180,180,81,97,230221_172850
0,0,0,0,0.20096019983524227,0.0072645577938495465,-0.03649487022100534,0.9997184463841936,-0.0234591809807836,0.0035629744434363393,0.023725673993644825,0.9860826614609189,-0.16455417697432287,0.0003469188968835829,0.16459238012089208,0.9863616112022094,75,170,180,92,75,170,180,92,230221_172850
0,0,0,0,0.20092890343552505,0.007429045834212444,-0.03686945294505001,0.9997227224540498,-0.02343779378908481,0.0022689273594497785,0.023492255305810946,0.9861540952010739,-0.16415911323712176,0.001610015437415447,0.16416689782185692,0.9864312634491261,86,137,180,180,86,137,180,180,230221_172851
0,0,0,0,0.2009116034240474,0.00741748171917736,-0.03677138345233755,0.9997225151048337,-0.023375563289033563,0.0029113284571338593,0.02353588273410298,0.9860765313783884,-0.16461815358183665,0.0009772494008622866,0.16464099521591508,0.9863530745518674,147,84,166,180,147,84,166,180,230221_172851
0,0,0,0,0.20094331679896307,0.007456733967197676,-0.03650623329258906,0.9997059620582108,-0.024192748892825456,-0.0016432669520280564,0.023597100019236927,0.9862161818605564,-0.1637706307830194,0.00558267820575998,0.16368369966919327,0.9864970755996473,180,106,75,170,180,106,75,170,230221_172851
0,0,0,0,0.20093233915417083,0.0075438236687728755,-0.036873090874469716,0.9997153117531736,-0.023802858964250776,-0.0016490455973538244,0.02321255487559123,0.9862558321016531,-0.16358670771680878,0.005520212170001141,0.16350185794236433,0.9865275818277932,180,180,81,97,180,180,81,97,230221_172851
0,0,0,0,0.20092997113348748,0.007401244368498122,-0.036550697392957576,0.9997159826826301,-0.0238304611366967,0.00025117905012234337,0.023549106766539884,0.9861845732139505,-0.16396776245749273,0.003659718486569268,0.16392710781573325,0.9864656657906388,75,170,180,92,75,170,180,92,230221_172851
0,0,0,0,0.20090910800311346,0.007464491451649541,-0.03696253862924764,0.9997210749094664,-0.02361195510004635,-0.0004979540288240515,0.023209902095026304,0.9861603254324515,-0.16416184997648112,0.004367244737900779,0.16410450365335735,0.9864332917405437,86,137,180,180,86,137,180,180,230221_172852
