0,0,0,0,0.22703529925473975,0.15236784396016378,-0.22342202902097374,0.9993877901290713,-0.03485805437418959,-0.0029934906341190265,0.03457975348491239,0.9971575218644685,-0.06694114757035649,0.0053184198643207664,0.06679665137085541,0.9977524351139352,162,162,83,96,162,162,83,96,230201_161304
0,0,0,0,0.22676302531612402,0.1522385788371266,-0.22470425963435092,0.9993499670057537,-0.034835827846136244,0.009279468943505625,0.03527580869822323,0.9980002855061468,-0.052450428504786435,-0.007433758557115211,0.05274367476696816,0.9985804143912453,162,162,146,90,162,162,146,90,230201_161304
0,0,0,0,0.2267347967243817,0.15245661291489387,-0.22285507337906785,0.9992161628235171,-0.03753670696872271,-0.012572015836434974,0.036677754529831345,0.9973570857478633,-0.06271830539147775,0.014893027727657509,0.062208031141271984,0.9979520823098821,89,137,162,162,89,137,162,162,230201_161304
0,0,0,0,0.22735126244319898,0.15227525700596004,-0.224648303677486,0.9996176064475268,-0.022506784481140834,-0.01606504069197796,0.022442710841948547,0.9997394855523745,-0.004157614404603061,0.01615443004813614,0.0037954814967468566,0.9998623048750401,138,156,152,162,138,156,152,162,230201_161305
0,0,0,0,0.22903168478708397,0.14981033053772072,-0.22586338281043805,0.999736537300688,-0.022936851418444888,-0.0008699615154085298,0.022876280077403974,0.998767281066255,-0.04405217453590218,0.001879307279366243,0.04402066694780534,0.9990288529795422,138,162,64,145,138,162,64,145,230201_161305
0,0,0,0,0.22689073333145865,0.1525586423703057,-0.22269272977787313,0.9996909245324888,-0.02483602228232556,0.00110788292219685,0.024855766283007893,0.9976091855661129,-0.06448336030792544,0.0004962759937314678,0.06449096736217465,0.9979181674059397,152,162,130,156,152,162,130,156,230201_161305
0,0,0,0,0.22803373545319755,0.15123639693500282,-0.22756675746432597,0.9994507136578179,-0.02688162008534244,0.01938167873190463,0.027405213307461176,0.9992522263120724,-0.027275309236390356,-0.01863398112191817,0.027791486321452553,0.999440047244252,77,147,162,135,77,147,162,135,230201_161305
0,0,0,0,0.22879787208756902,0.15014098087470243,-0.2258792873608252,0.9993182040806317,-0.036299704917031696,-0.006742285665582242,0.03554039931973592,0.9952496321833445,-0.09063691110750718,0.010000350456539521,0.09033549170648748,0.9958611810533101,130,156,151,162,130,156,151,162,230201_161305
0,0,0,0,0.22683324233245405,0.14795005688395904,-0.2299938159830497,0.9994257054697144,-0.03278960808041357,0.008549903408609788,0.03298582069963943,0.9991695835058184,-0.023918173625537973,-0.007758535888614949,0.024186463130086055,0.9996773580121349,162,135,85,147,162,135,85,147,230201_161305
0,0,0,0,0.2268137801157092,0.15279954346490912,-0.22158414179003438,0.9991080533159906,-0.03900686962989554,-0.016172876083325325,0.03728253896237641,0.9946945594152282,-0.0958788076597897,0.019827004000835636,0.0951903229925206,0.9952616200381337,162,130,132,92,162,130,132,92,230201_161305
0,0,0,0,0.22686607556351834,0.15306949568250489,-0.22425773586501652,0.9991362536362798,-0.040659436994536016,0.008576529189994903,0.04100811071273572,0.9981265585119317,-0.04540603537968064,-0.006714277729694934,0.04571852334028484,0.9989317970202732,105,153,162,162,105,153,162,162,230201_161306
0,0,0,0,0.22903199170205646,0.1501776996799705,-0.2274343670179243,0.99933030792416,-0.0352087335307278,-0.00996397246907936,0.034764835465625414,0.9985260641695382,-0.04167859629521987,0.011416736803936645,0.041304288606077294,0.9990813850049933,124,85,162,122,124,85,162,122,230201_161306
0,0,0,0,0.22932717350294068,0.14899353709266513,-0.22389007137738193,0.9993300557693711,-0.03335538755773429,-0.015061797929146407,0.032577588169147444,0.9982561466941177,-0.04922769887465634,0.01667754133757475,0.04870404201178549,0.9986740088270285,162,120,116,154,162,120,116,154,230201_161306
0,0,0,0,0.22642603399975242,0.15294019381372512,-0.22214155341263653,0.9993279995618912,-0.028496064967711593,-0.02305479501068953,0.027742537709934605,0.9990908818317829,-0.032369143362214955,0.02395622868987962,0.03170779276371548,0.9992100454784326,156,162,117,93,156,162,117,93,230201_161306
0,0,0,0,0.22661956578052964,0.15306877130982868,-0.2225663213357839,0.9991549055023319,-0.03669029116027284,-0.018528285004276827,0.03558506817632216,0.997750153165675,-0.05681843697920463,0.020571284196953123,0.0561110897456799,0.9982125865135345,114,154,162,136,114,154,162,136,230201_161306
0,0,0,0,0.22664601057179698,0.1529861067542174,-0.22250328744633174,0.9992186612971485,-0.037636801657737994,-0.012063916300694566,0.036981604635869456,0.9980352774698089,-0.05057613908078147,0.013943738167733795,0.05009047900288436,0.9986473431993755,114,98,162,162,114,98,162,162,230201_161306
0,0,0,0,0.22691320399426723,0.1529298075052941,-0.22291166039893207,0.9992196835911572,-0.039099252137809626,-0.005592173660673939,0.038601775897953744,0.996706417223328,-0.07131774508045338,0.008362225870621659,0.07104622683929368,0.9974379714199717,154,162,115,162,154,162,115,162,230201_161306
0,0,0,0,0.2267596994944473,0.15298886138633355,-0.223186220506274,0.9993100180644126,-0.03700958774688487,-0.003127013097057177,0.03682898739717037,0.998282667757791,-0.04555591006322129,0.004807648427517794,0.04540931258227613,0.9989568963911319,162,162,83,96,162,162,83,96,230201_161307
0,0,0,0,0.2245474374898795,0.15282349761938938,-0.22417531071707142,0.9991181165154446,-0.04063558411730005,0.01057064586846303,0.041079583906156014,0.998102369433764,-0.04587077410293876,-0.008686600988172553,0.04626455915872939,0.9988914523255871,120,162,154,162,120,162,154,162,230201_161307
0,0,0,0,0.2261227227943707,0.15090122400394582,-0.22712109961644644,0.9989775227515052,-0.044889380459976286,0.005371457826989254,0.04504464104553974,0.9984227336879181,-0.03351156767777027,-0.0038586720962143326,0.03371925825196629,0.9994238951879183,93,102,162,158,93,102,162,158,230201_161307
0,0,0,0,0.2285029944613185,0.15077875462365226,-0.22735707459178067,0.9991033691675253,-0.04162460479983841,-0.007736277745592446,0.04129041826936384,0.9983761206185409,-0.039245676676713054,0.009357300745442552,0.03889105364899989,0.9991996431488704,162,110,132,154,162,110,132,154,230201_161307
0,0,0,0,0.22667850467464046,0.15329989778088488,-0.22429892290977904,0.999086609994316,-0.04190527128839247,0.00836026125858213,0.04222322647829405,0.9982080928286208,-0.0424005018509274,-0.006568475913651167,0.04271477086083961,0.9990657152932823,162,154,70,112,162,154,70,112,230201_161307
0,0,0,0,0.22667299192033968,0.15311933484577536,-0.22354697368121035,0.9990237596954037,-0.04417373893143184,0.0004564568749831837,0.044145603050502705,0.9978969979739077,-0.04746311374079723,0.0016411262500085498,0.047436928900194505,0.9988728870487723,162,154,160,95,162,154,160,95,230201_161307
0,0,0,0,0.2265586951323464,0.15365468483788958,-0.22526104345602693,0.9985138773397071,-0.049291982170292147,0.023245155489856686,0.05024930289824724,0.9978288258188568,-0.04257513268566082,-0.021096073527181035,0.043679913675338335,0.9988228175322442,70,120,162,152,70,120,162,152,230201_161307
0,0,0,0,0.2286224951075374,0.1511045022164635,-0.22678482741842498,0.9990784863359283,-0.042886216702544847,-0.0017177187355137868,0.0428033032790226,0.9985066175614318,-0.033947193027301266,0.0031710202011317155,0.033842386189085444,0.999422151809691,157,100,146,162,157,100,146,162,230201_161308
0,0,0,0,0.22656811367000168,0.15297202799134013,-0.22366594451523647,0.9989057609185248,-0.0467166497964759,0.002198962386264825,0.04676825122810997,0.9979061086252021,-0.04467806000233013,-0.00010714871517591977,0.04473201314831309,0.9989990167757185,162,143,77,128,162,143,77,128,230201_161308
0,0,0,0,0.22826792293278142,0.15112158879541138,-0.2259216173996107,0.9988095032254215,-0.04447472149112274,-0.020039346667828167,0.043362125221523426,0.9976579775369073,-0.05289882752236674,0.022345074689050597,0.05196690297925452,0.9983987873750075,162,146,151,89,162,146,151,89,230201_161308
0,0,0,0,0.22896088408368306,0.15066301827580542,-0.22775432331832324,0.9988921128530623,-0.04683634329642184,-0.00457207027105838,0.04676776151727972,0.9988062192797681,-0.014103645298905523,0.0052271753946677635,0.013874194559476796,0.9998900856407763,80,136,162,141,80,136,162,141,230201_161308
0,0,0,0,0.22898124348995116,0.15096205832653659,-0.2247554116574899,0.9987674463304808,-0.04778413654770008,-0.013426259526792736,0.047022055223907976,0.9975253321931346,-0.05226985704490422,0.015890703980937646,0.05157410132387891,0.9985427369920752,138,90,162,138,138,90,162,138,230201_161308
0,0,0,0,0.22656310162645182,0.15322105877564476,-0.22355939672711966,0.9988109223907345,-0.048347396730176635,-0.00626662128932093,0.047978848250200976,0.9976188508188254,-0.04954451141660634,0.008647047678430587,0.04918493387553707,0.9987522569917457,162,135,85,147,162,135,85,147,230201_161308
0,0,0,0,0.22569356996536635,0.1538697515981316,-0.22341966934236168,0.9990765255357564,-0.04220574758587849,0.00804804287499331,0.042537419132434307,0.9979963816765066,-0.04683791342654927,-0.0060550885172905395,0.04713700278251083,0.9988700810774789,162,162,129,89,162,162,129,89,230201_161308
0,0,0,0,0.2279552397329405,0.1512784957421953,-0.22553557975173488,0.998720421837849,-0.05002891569279716,-0.007390980897750329,0.04970027094617363,0.9979854108661081,-0.03943352338155848,0.009348907524670852,0.039015731353006615,0.9991948611932936,79,156,162,143,79,156,162,143,230201_161309
0,0,0,0,0.22840319099471096,0.15048957244259428,-0.22317658111100602,0.9988546367489002,-0.04710878949882261,-0.008377147317461888,0.046707575599262766,0.9979849028214656,-0.04294806307703184,0.010383497814416344,0.042507595702240976,0.9990421849355275,124,92,152,162,124,92,152,162,230201_161309
0,0,0,0,0.22863460886495582,0.15141200227136886,-0.22780208627869125,0.998518661046769,-0.05219331678623838,0.015373393386600319,0.0525685644748242,0.9983015811315974,-0.02510974191843234,-0.014036722210831703,0.025880703101063343,0.9995664858510266,162,103,78,154,162,103,78,154,230201_161309
0,0,0,0,0.22813322141490505,0.15167528888774745,-0.2278039309111305,0.9987966793755207,-0.04742391455847333,0.012496623399270377,0.04770494751402834,0.9985910292589129,-0.02324207964683974,-0.011376785623205437,0.023810262736409703,0.9996517594329072,162,162,111,80,162,162,111,80,230201_161309
0,0,0,0,0.22745265991470598,0.15211877151611783,-0.22657293821015478,0.9987261544602102,-0.050436066539814146,-0.0015071791906453719,0.05033026348992471,0.997870716831327,-0.04148369640676531,0.003596244451651614,0.04135499585933182,0.9991380441877483,109,162,154,156,109,162,154,156,230201_161309
0,0,0,0,0.22643132258010418,0.1536000246038986,-0.22449185482233514,0.9986008247924972,-0.052780438855276716,0.003258526965852638,0.052858663466108645,0.9980714763783697,-0.032546731579052426,-0.0015344120435799682,0.03267343437942504,0.9994649029683503,18,82,162,90,18,82,162,90,230201_161309
0,0,0,0,0.2255926461930825,0.14954709620415127,-0.23037878692049996,0.9986843633295751,-0.0495932235584736,0.013040499149987157,0.05005177718477645,0.9980397766995882,-0.037568919682107876,-0.011151773027059246,0.03817219279153927,0.9992089479462433,154,162,120,162,154,162,120,162,230201_161309
0,0,0,0,0.2274092215081452,0.1508108076448009,-0.2272524034611545,0.9985975289988506,-0.05143359601234042,0.012552301726383186,0.0515885172860369,0.9985920970265917,-0.012347009365112448,-0.011899578211813734,0.012977247677118038,0.9998449835255,82,162,56,101,82,162,56,101,230201_161310
0,0,0,0,0.22966731134404036,0.1521036187923123,-0.22799788363317797,0.9983539274291192,-0.0549289688133367,0.016499817330980306,0.055323852961887326,0.9981674909039326,-0.02451390209655005,-0.015123057901883242,0.025386383902620827,0.9995633169699881,124,162,162,112,124,162,162,112,230201_161310
0,0,0,0,0.22752956311474337,0.15591959168068079,-0.22380361820513794,0.9982442781718429,-0.05825096302297641,0.010732492910418195,0.05881042631089878,0.996307802455653,-0.06254675469692132,-0.007049457731392085,0.06306812247785996,0.9979843270677204,107,115,162,151,107,115,162,151,230201_161310
0,0,0,0,0.22717400567244972,0.15470359165234,-0.2236961618620662,0.9978584273248032,-0.06518362328960205,0.005445573588609089,0.06537678470308494,0.9965592409416777,-0.05094659277747793,-0.0021059531704604394,0.05119350103857865,0.9986865326080336,162,92,162,154,162,92,162,154,230201_161310
0,0,0,0,0.22989951090094296,0.15263548755017853,-0.22480242814653906,0.9981062544759197,-0.06148905185183373,0.0017324198141345027,0.06151342739052744,0.9977351314436508,-0.027215909571287954,-5.5015636147317665e-05,0.027270936644800254,0.9996280773306616,162,146,70,120,162,146,70,120,230201_161310
0,0,0,0,0.2282862490704426,0.15265950248464497,-0.2256488531777009,0.9981799630213677,-0.059691612100866556,-0.008583290013823887,0.059312733142191376,0.9974719417420342,-0.03913726005457069,0.010897757102492087,0.03855693040395703,0.9991969785822812,162,162,160,93,162,162,160,93,230201_161310
0,0,0,0,0.22898268711231773,0.15352782956523514,-0.2261255676990822,0.9978637745637257,-0.06395326225063443,-0.013336703525785648,0.0635188001370322,0.9975055824891008,-0.030789201552356496,0.015272506100338758,0.02987629747109656,0.9994369201739717,69,128,162,143,69,128,162,143,230201_161310
0,0,0,0,0.22689340997834256,0.15540208945967426,-0.22406628375369553,0.9977889944776763,-0.06617583661496025,0.0061547662455612604,0.06641141977765076,0.9963456852700555,-0.05371032272160584,-0.002577949251648967,0.05400031566622984,0.9985375907223539,151,89,162,146,151,89,162,146,230201_161310
0,0,0,0,0.228989428465816,0.1509851065617774,-0.2252443184800922,0.9979935204022093,-0.06322878970676737,-0.003324663505022393,0.06322937927789393,0.9979990182117626,7.241885373753612e-05,0.0033134319574230596,-0.0002824899565154277,0.9999944706687572,162,141,88,136,162,141,88,136,230201_161311
0,0,0,0,0.22774346431044196,0.15248551515625464,-0.22414992490933006,0.9986229984353941,-0.05225637498223634,0.004623664090347282,0.05235127440134041,0.9983503531583113,-0.023577879828980106,-0.003383942147854342,0.023787467759098877,0.9997113109859016,162,162,138,90,162,162,138,90,230201_161311
0,0,0,0,0.22839506912086172,0.153915438507234,-0.225665279636025,0.9981807606791625,-0.06029143608648081,0.00033428221406927303,0.060277435465325054,0.9977949236210681,-0.027783469361279508,0.0013415601710011482,0.02775307425593393,0.9996139090096997,104,144,138,162,104,144,138,162,230201_161311
0,0,0,0,0.22614515493504206,0.1562628917313364,-0.22294085122531193,0.9979784291333232,-0.06352756171636295,-0.0018176597480859592,0.06335637504684603,0.9967262790546516,-0.05022643111742033,0.005002471939901692,0.050009734494828886,0.9987362022727759,140,92,162,162,140,92,162,162,230201_161311
0,0,0,0,0.22785043242316982,0.15323458094984407,-0.22786643454736577,0.9981391742413795,-0.060975110954435,-0.00047401353489107644,0.06093774058767872,0.9977458967100231,-0.02810191044005234,0.0021864621665363716,0.028020732367414806,0.9996049509385135,162,132,70,146,162,132,70,146,230201_161311
0,0,0,0,0.22507383886375976,0.15651943560903214,-0.22253739809269768,0.9982533435594149,-0.05706157088735624,-0.015304875050682403,0.056170350245141984,0.9969909240794841,-0.053422739133007296,0.018307206935735697,0.052469747769571924,0.9984546918830167,162,162,138,90,162,162,138,90,230201_161311
0,0,0,0,0.22488667107214377,0.1574415267424002,-0.22350998795901234,0.9979291977393406,-0.06416613808328887,0.004474709241135243,0.06432059802006167,0.9959451639486907,-0.06289746479435301,-0.0004206776177019112,0.0630550325564228,0.998009962825848,88,136,138,162,88,136,138,162,230201_161312
0,0,0,0,0.22545390277186195,0.15642723341847653,-0.22251880067310947,0.998198394630354,-0.05703403460050688,-0.018630186648913638,0.056079543984526435,0.9972590096879274,-0.04826543631566058,0.021331894052632784,0.04713370867480827,0.9986607851531396,141,86,162,162,141,86,162,162,230201_161312
0,0,0,0,0.22774009201393755,0.15490386028811987,-0.2239744395409934,0.9982995778052163,-0.0581560413810044,-0.003978417376048609,0.057983269154545256,0.9977120474620161,-0.03476508086145035,0.005991114427108395,0.03447528390082554,0.9993875931528661,162,132,59,146,162,132,59,146,230201_161312
0,0,0,0,0.22302083492776315,0.1554811346338522,-0.22697449430570005,0.9987122040504938,-0.04879823274903333,0.013880416462624907,0.04939784612098485,0.9976841263546316,-0.04675721140747171,-0.01156660188699481,0.04738266033652691,0.9988098403701383,162,162,146,90,162,162,146,90,230201_161312
0,0,0,0,0.22506055582621065,0.15844839273342878,-0.22382497500883158,0.998818058467037,-0.048332039197733656,-0.0051478215904977665,0.04804718811799124,0.9977990107410916,-0.04570122403232273,0.007345324641784939,0.04539986950517517,0.9989418892282071,44,138,162,128,44,138,162,128,230201_161312
0,0,0,0,0.22660486891568005,0.15545931804918722,-0.22451916363378532,0.9980520428734401,-0.06169443468504975,-0.009269112419565627,0.061098909882007654,0.9966329592229941,-0.05467785476451235,0.012611222279570124,0.05400501198324953,0.9984610236525531,145,86,160,162,145,86,160,162,230201_161312
0,0,0,0,0.22663119376821433,0.15466174108785005,-0.22655033252146084,0.9980694447735954,-0.06161453757160784,-0.0078123088241844,0.06134639526998462,0.9976392362167422,-0.030863799964618507,0.009695524570971196,0.030324958709190525,0.9994930683514417,138,162,64,145,138,162,64,145,230201_161312
0,0,0,0,0.22580242602679051,0.1551075787328856,-0.22767664171638113,0.9986803472486018,-0.05107350404224368,0.0053908444848231865,0.05116210543385462,0.9985312505767935,-0.017826401462994003,-0.004472469897916629,0.01807868375716588,0.9998265640632983,152,162,130,156,152,162,130,156,230201_161313
0,0,0,0,0.22556435504172387,0.15596642083338175,-0.2277218231166036,0.9982779024840334,-0.057602638546904256,0.01109799281462969,0.058041428491732536,0.9973258421209255,-0.044411228494902026,-0.008510111087286722,0.044978891384982025,0.9989516891917546,96,148,146,162,96,148,146,162,230201_161313
0,0,0,0,0.22662856481168492,0.15495499619616726,-0.225354247081479,0.9980293454453553,-0.06217346118893828,-0.00847858205740333,0.06195604427764671,0.9977935567357152,-0.02386350171615966,0.009943551044913896,0.02329117559245277,0.999679272032855,127,84,162,122,127,84,162,122,230201_161313
0,0,0,0,0.22657560887130984,0.15511991932047312,-0.22387576570587298,0.9978262793585662,-0.06283878943686695,-0.019849502853938134,0.062020495937138084,0.9972948095474425,-0.03945276838755104,0.022274970373736463,0.03813593307943846,0.999024262119299,162,122,128,154,162,122,128,154,230201_161313
0,0,0,0,0.22409306398830348,0.15776061914617784,-0.22447720249852898,0.998410503974576,-0.055479136296793165,0.009926277700791391,0.055870907159478664,0.9974280786086487,-0.0448962107113374,-0.007409945101572377,0.04537943850271529,0.9989423403153808,156,162,117,93,156,162,117,93,230201_161313
0,0,0,0,0.2226467176174669,0.1566927343079732,-0.22868273981167087,0.9979679313379404,-0.06335495231902409,0.006793970689250122,0.06355965342245594,0.9973268151176166,-0.03604711228613319,-0.004492046069385791,0.03640568450126985,0.9993269973627774,108,162,162,134,108,162,162,134,230201_161313
