0,0,0,0,-0.04443779466770046,-0.2353332667366567,-0.18900759251841537,0.9980548222565118,0.06115768283507934,0.012095850559834614,-0.061391689982467065,0.9979128238418881,0.02002639291046349,-0.010845836602985184,-0.0207300227243353,0.9997262795316676,180,180,81,97,180,180,81,97,230216_164630
0,0,0,0,-0.03582414151177523,-0.23186989566109412,-0.19623934644851637,0.9978281609314607,0.060123794160785816,-0.026908932120211643,-0.06000522675778686,0.9981845549193323,0.00519298394390063,0.02717230232949132,-0.003567029044805795,0.9996244006075024,166,180,147,84,166,180,147,84,230216_164630
0,0,0,0,-0.059956063354080616,-0.13247694690926606,-0.26904620339817853,0.9952828183195395,0.07822893434590929,0.05737896294825551,-0.04919037926998966,0.9166940452848426,-0.39655054397464307,-0.0836206801287124,0.39185745006368616,0.9162179438782003,75,170,180,92,75,170,180,92,230216_164631
0,0,0,0,-0.04342548956001685,-0.23327689082195785,-0.19364279997119938,0.9980965657124881,0.06105025215679881,0.008724232030835445,-0.061202553267836114,0.9979555554222523,0.018410781497835184,-0.007582412969118391,-0.01890968306066047,0.9997924439102904,75,170,180,106,75,170,180,106,230216_164631
0,0,0,0,-0.045926077248370376,-0.23520243775620275,-0.18925704784463238,0.9976741110299591,0.0612480617187708,0.029917271203692225,-0.061965261723226465,0.9977977375730284,0.023663922619006676,-0.0284020161283257,-0.025462714502580763,0.9992722229953189,86,137,180,180,86,137,180,180,230216_164631
0,0,0,0,-0.039823303974908415,-0.22977385155801544,-0.19991966178973752,0.9982067034386609,0.05947358131169556,-0.0068022302286804255,-0.059350351523042036,0.9980911913817336,0.01707364812462319,0.007804677073023477,-0.016639315254938943,0.9998310958375082,81,97,180,180,81,97,180,180,230216_164631
0,0,0,0,-0.045291228451371415,-0.22962326908230016,-0.20011239010698278,0.9978771685007016,0.0638033577016954,0.013049449452468885,-0.06383816871063604,0.9979576860346686,0.0022682812881274555,-0.012878074417217809,-0.003096519064887368,0.9999122795370529,147,84,166,180,147,84,166,180,230216_164631
0,0,0,0,-0.045879532032327516,-0.23076781767192422,-0.19869652318376807,0.9977588332905426,0.060140434739777926,0.029333235416607498,-0.060050401029789986,0.9981875646208319,-0.003941468316831625,-0.029517112441040324,0.0021711622789850663,0.9995619171054393,180,92,75,170,180,92,75,170,230216_164631
0,0,0,0,-0.044217716493215306,-0.23716209007781053,-0.18463992141567298,0.997993891878845,0.06165191129053122,0.014395610676187191,-0.06218979835676646,0.9972418646483515,0.04051039833207572,-0.011858362149159408,-0.04132439021816513,0.9990754095763924,180,106,75,170,180,106,75,170,230216_164631
0,0,0,0,-0.03815711514038575,-0.23161881764591777,-0.19582209493816571,0.9979598295543939,0.059133536414304015,-0.024070801127142178,-0.05875684277671432,0.9981430104598797,0.016067485708733047,0.02497622915247048,-0.014620381021917853,0.9995811284913783,180,180,86,137,180,180,86,137,230216_164631
0,0,0,0,-0.039658949436508086,-0.22292484114121433,-0.20902179645077779,0.99819408745442,0.05666960225342187,-0.019927868713884227,-0.05732383295591141,0.9977780965441843,-0.033953618833753405,0.017959452839148668,0.03503464338485569,0.9992247153751825,180,180,81,97,180,180,81,97,230216_164632
0,0,0,0,-0.04331462131658926,-0.23654225575795704,-0.18829565702548223,0.9980672796781294,0.06213766366890146,0.0007848500922974705,-0.06208385569359425,0.9964948133694556,0.05606854545991592,0.002701869373945859,-0.05600890716255914,0.9984266133373758,166,180,147,84,166,180,147,84,230216_164632
0,0,0,0,-0.04453326794595641,-0.23047190715048183,-0.19920158337656857,0.9980894144359677,0.06146864386871429,0.006255126841890361,-0.06155066809687288,0.9980072265348418,0.013895720242644781,-0.005388510712204218,-0.014254178516296389,0.9998838844321526,75,170,180,92,75,170,180,92,230216_164632
0,0,0,0,-0.04920873198696624,-0.23064868801805435,-0.19550054388079918,0.9978286355474346,0.0613009182668647,0.024087579811662468,-0.06143969133364698,0.9980979548623015,0.005063282385500996,-0.02373138028792709,-0.006532221622718925,0.9996970299397221,75,170,180,106,75,170,180,106,230216_164632
0,0,0,0,-0.04896033706332528,-0.23501900601905276,-0.19013509493799263,0.9971470420727109,0.06198597751726386,0.043075690091658916,-0.06365764591691768,0.9972256459970749,0.038583870749750275,-0.040564523933601306,-0.041215889617311,0.9983264845936394,86,137,180,180,86,137,180,180,230216_164632
0,0,0,0,-0.04246698189759321,-0.2313865641062814,-0.19793668365841643,0.9981227824910074,0.05983753443748682,0.013052989881726073,-0.05986769764162844,0.9982044508764407,0.0019321049544504972,-0.012913940200435329,-0.002709930424759219,0.9999129394230242,81,97,180,180,81,97,180,180,230216_164632
0,0,0,0,-0.02875728781196743,-0.22663775004552583,-0.20392396720931616,0.9966786909127642,0.055773312178669356,-0.05933738053739492,-0.05648025423135701,0.9983505549568439,-0.010302926735835586,0.058664878440001886,0.013620097869817561,0.9981848150375943,147,84,166,180,147,84,166,180,230216_164632
0,0,0,0,-0.04523763147389369,-0.23777989951448328,-0.1824470854307717,0.9980307098614759,0.06272038939330042,0.0009246230316222988,-0.06268230181791302,0.9966502867034456,0.05252746950641721,0.002373017531728262,-0.05248198517865255,0.9986190515003716,180,92,75,170,180,92,75,170,230216_164632
0,0,0,0,-0.04682487919039328,-0.2366892131992955,-0.1846278285706926,0.9973043208836795,0.06214252302874267,0.039017923809011944,-0.06365012189907115,0.9972230249308582,0.038663943538937026,-0.036506897005594285,-0.041043213560476764,0.9984902108141331,180,106,75,170,180,106,75,170,230216_164633
0,0,0,0,-0.03953521569715595,-0.23031697290285172,-0.19859683796954752,0.9980926738627953,0.05959929733735788,-0.01609155487542335,-0.05935795653403503,0.9981228350908197,0.015081083063537015,0.016960170326950165,-0.014097156704772176,0.9997567818201194,180,180,86,137,180,180,86,137,230216_164633
0,0,0,0,-0.047208488544456834,-0.17909254237854544,-0.25317660248359086,0.9976157339105579,0.061554407566898554,0.031207408786802796,-0.05406022262083333,0.9780878619020653,-0.20105130372626903,-0.042899181627210736,0.19888486445412254,0.9790834851567974,180,180,81,97,180,180,81,97,230216_164633
0,0,0,0,-0.04325782194342269,-0.23590329501808244,-0.18777218959055997,0.9980735723501191,0.06195046002997066,0.0033592675312657558,-0.06202803237098948,0.9975205050851768,0.03324703196974123,-0.0012912693193478449,-0.033391352723250396,0.9994415191429944,166,180,147,84,166,180,147,84,230216_164633
0,0,0,0,-0.04651980836295445,-0.23400696739533974,-0.1917487066684257,0.9975231880715446,0.06238997966369829,0.03248045099972838,-0.06292727957560615,0.9978931883769815,0.015790569211906188,-0.03142684751603221,-0.017795365362526707,0.9993476263176986,75,170,180,92,75,170,180,92,230216_164633
0,0,0,0,-0.052254616610672176,-0.22536176805532088,-0.20378315109224643,0.9968985004362308,0.06384863355106757,0.04600795389554738,-0.06264691899242056,0.9976675932843329,-0.02710602979050235,-0.047631327598025325,0.024139703890230225,0.998573247852826,75,170,180,106,75,170,180,106,230216_164633
0,0,0,0,-0.04468777631342794,-0.2292246428556867,-0.2009818094163206,0.9977527696080176,0.06085355850734222,0.02804024173438946,-0.060708093450841195,0.9981374634858634,-0.006010937994206228,-0.02835380272720836,0.004295160416065845,0.9995887221592222,86,137,180,180,86,137,180,180,230216_164633
0,0,0,0,-0.04379600723173793,-0.22744922906604154,-0.2047001187594134,0.997833594841335,0.06100304147917676,0.024632213386290056,-0.06085343061605748,0.9981236918176647,-0.006779071804670429,-0.024999539761254935,0.005265430900319301,0.9996735958547467,81,97,180,180,81,97,180,180,230216_164633
0,0,0,0,-0.055452157818138614,-0.13686349299076475,-0.2698062666821971,0.9963322709679598,0.07242394608293445,0.045571678283829666,-0.05019308730768476,0.9259787396145915,-0.37422456863265163,-0.06930122520094292,0.37056463109091675,0.9262176819571634,147,84,166,180,147,84,166,180,230216_164634
0,0,0,0,-0.04540794198528269,-0.229936680437428,-0.2004440200912897,0.9977069674389628,0.060030963200663014,0.03125844815322533,-0.059832219076281855,0.9981820759780592,-0.0072559462884282345,-0.03163720411406556,0.0053690458494393455,0.9994849977175804,180,92,75,170,180,92,75,170,230216_164634
0,0,0,0,-0.046514099743319715,-0.2359770153842364,-0.18832840025244035,0.9974048372317349,0.06187597604867744,0.03680970326910377,-0.06327975797948936,0.9972614757074654,0.038278209203469,-0.03434039744664024,-0.04050818013427399,0.99858891664459,180,106,75,170,180,106,75,170,230216_164634
0,0,0,0,-0.035957956193417795,-0.23287309066162717,-0.1940820928377076,0.9978795328592941,0.05801904123990312,-0.029499639898134256,-0.05738748374911743,0.9981134239454206,0.021823603022739085,0.03071017110766329,-0.02008441668437856,0.9993265240135409,180,180,86,137,180,180,86,137,230216_164634
0,0,0,0,-0.04022642648595281,-0.227472968126816,-0.20273094297096872,0.9979378025787152,0.06049138836185749,-0.021469376293206933,-0.06045145617913026,0.9981679958192715,0.002504709156960805,0.021581557640427414,-0.00120168889201419,0.9997663688650563,180,180,81,97,180,180,81,97,230216_164634
0,0,0,0,-0.04520914284651139,-0.22981550310872847,-0.20090427252344423,0.9979330143362555,0.06206189654250006,0.016673928610388578,-0.06237525672045153,0.9978722668677561,0.01898068400414464,-0.015460473693068529,-0.019981491780031495,0.9996808059272873,166,180,147,84,166,180,147,84,230216_164634
0,0,0,0,-0.04484952311992481,-0.23579243588034754,-0.18829618364139833,0.997908387030806,0.06319118050132226,0.013628125345225922,-0.06384262487887953,0.9964803761832527,0.05432291533284444,-0.01014743032252744,-0.05507934811282744,0.9984304157372788,75,170,180,92,75,170,180,92,230216_164634
0,0,0,0,-0.043778591911549466,-0.20935165751210785,-0.22640123771943055,0.9981824449995934,0.05819531735332852,0.015656038221041856,-0.05615884652292445,0.9924894541184848,-0.10867781475907043,-0.02186299274683028,0.10760106180580929,0.9939537318438995,75,170,180,106,75,170,180,106,230216_164634
0,0,0,0,-0.03688234820435834,-0.23299163056858785,-0.19441518282221049,0.9982432201621542,0.05691843272221257,-0.016454951131505715,-0.05662751558058106,0.9982395980741248,0.017636023247327503,0.017429798606534017,-0.016673237635689748,0.9997090603106883,86,137,180,180,86,137,180,180,230216_164635
0,0,0,0,-0.05264316557863446,-0.13378706809502677,-0.27091061414426,0.9967161670978896,0.0672756779588855,0.04506512399698947,-0.04559767816130642,0.9262196637664342,-0.3742164964277908,-0.06691587249666274,0.37093276696399446,0.9262457278716298,81,97,180,180,81,97,180,180,230216_164635
0,0,0,0,-0.04400276799667576,-0.23046251282292923,-0.19931825573416884,0.9980914706326663,0.060815927440560316,0.010716306260374413,-0.060850142359844046,0.9981427122199981,0.0028958965612290205,-0.01052028636056721,-0.003542458419112643,0.9999383853834397,147,84,166,180,147,84,166,180,230216_164635
0,0,0,0,-0.059717513338775056,-0.13205766689811752,-0.26875468392867197,0.9935501301517239,0.07347746111220194,0.08636666940433586,-0.033071380128335784,0.9163064569841782,-0.39910996066937365,-0.10846392345798714,0.3936794884136164,0.9128264006428018,180,92,75,170,180,92,75,170,230216_164635
0,0,0,0,-0.04520604209472977,-0.2262607875107856,-0.20312789683371624,0.9980551094992559,0.06199225807883482,0.006554261263960128,-0.06190106517143454,0.9979936078445532,-0.0133047672679507,-0.007365903411729039,0.012873175198825637,0.9998900063643148,180,106,75,170,180,106,75,170,230216_164635
0,0,0,0,-0.04660843402947975,-0.22587438271132063,-0.20670257215427612,0.9975524129816965,0.06154535084358299,0.03318664104629536,-0.06121284230135967,0.9980647256779058,-0.01094492096248018,-0.033796024792633085,0.008886683691137352,0.9993892412674801,180,180,86,137,180,180,86,137,230216_164635
0,0,0,0,-0.04469029911038713,-0.23737666453043155,-0.18428240280414587,0.997772626552709,0.06145933363641049,0.025933299270949287,-0.06285931748557715,0.9963845647379611,0.057153349483585976,-0.022326932331953982,-0.05865619712284358,0.9980285359806755,180,180,81,97,180,180,81,97,230216_164635
0,0,0,0,-0.04596569540991384,-0.22962068523835458,-0.20124830433571927,0.9979000898657222,0.06228283713438707,0.017783667913973192,-0.06256478745513136,0.9979164005842237,0.015764035515085605,-0.016764785017330523,-0.016843563860360726,0.9997175782888909,166,180,147,84,166,180,147,84,230216_164635
0,0,0,0,-0.04507411609068278,-0.22586093117732933,-0.20688395717690156,0.9977831641492687,0.062009015894936334,0.024158627610324244,-0.061473047487652005,0.9978589116544281,-0.022330626153820723,-0.025491602006418885,0.020796018358867695,0.9994587054238728,75,170,180,92,75,170,180,92,230216_164636
0,0,0,0,-0.04581759157081842,-0.2314822236964061,-0.1956325443014192,0.9979035913601033,0.06104346216660788,0.021496931811791783,-0.06108494769463821,0.9981317529032174,0.0012778933815548667,-0.02137876319505471,-0.00258835335014741,0.9997680975662229,75,170,180,106,75,170,180,106,230216_164636
0,0,0,0,-0.04452378930348354,-0.23056378494345803,-0.19922885178548833,0.9980034587599008,0.05998893583575054,0.01975914675710086,-0.059982516190680964,0.9981990057891743,-0.0009179286129268805,-0.019778626208843124,-0.0002691074096761349,0.9998043476233202,86,137,180,180,86,137,180,180,230216_164636
0,0,0,0,-0.03551868354661375,-0.2295667671443417,-0.20005504606573965,0.9974244471959262,0.06018436274179609,-0.03901685042728772,-0.06022911931774928,0.9981845783128721,2.836476632520182e-05,0.038947725506244216,0.0023216588284161502,0.9992385523878544,81,97,180,180,81,97,180,180,230216_164636
0,0,0,0,-0.04394923424334231,-0.2262456876597965,-0.20523904304399532,0.9981545789040204,0.05997129308802992,0.009533132658678006,-0.05995488959055743,0.9981990889389223,-0.001997512375259493,-0.009635757734729926,0.0014222682077795284,0.9999525635379024,147,84,166,180,147,84,166,180,230216_164636
0,0,0,0,-0.04596864469937356,-0.23062825541871443,-0.1984141821379901,0.9979239054241903,0.06070638882807606,0.021508448070127476,-0.060510399715481146,0.9981209253053749,-0.009649351989445817,-0.022053809403448425,0.008327834232137355,0.9997220997196163,180,92,75,170,180,92,75,170,230216_164636
