0,0,0,0,0.1590191182352998,-0.3810334204922867,-0.008767922937642725,-0.042246585113519426,-0.9975662710831538,0.055468557250913764,0.9985981669589624,-0.043931951514404446,-0.02952430494246121,0.03188929275549398,0.0541434985329516,0.9980238246525815,162,162,83,96,162,162,83,96,230213_174449
0,0,0,0,0.1606631727832508,-0.3805471569318487,-0.005924973175079451,-0.045277604029745705,-0.9983643555479642,0.034907766250855454,0.998392211413407,-0.04641644141780073,-0.032534691563836156,0.034101770663290135,0.033378549060836614,0.998860821986838,151,162,136,85,151,162,136,85,230213_174449
0,0,0,0,0.15931917255889122,-0.38114634722139235,-0.008220618524605094,-0.042638912823235696,-0.9979356484739131,0.048024625122982605,0.9985812732190236,-0.04410250504851254,-0.029839735667692675,0.03189614223576819,0.04668415741337121,0.9984003333117829,78,154,162,92,78,154,162,92,230213_174449
0,0,0,0,0.16129382844295873,-0.38026265110493995,0.0006681107061093927,-0.046370041540062246,-0.9985985903148317,0.02550832548021576,0.9986584934537593,-0.04693166874313054,-0.021877658047727847,0.02304414676748042,0.024459637982128024,0.9994351871980204,78,154,162,103,78,154,162,103,230213_174449
0,0,0,0,0.16337273435491853,-0.3809186931800673,-0.0038500702237002082,-0.045486443173579354,-0.9977005998026102,0.050244369246004277,0.9949678881145656,-0.04974192847608291,-0.08697495140741356,0.08927421300834006,0.04603535277362718,0.9949426421592097,87,128,162,162,87,128,162,162,230213_174449
0,0,0,0,-0.15219275455265924,-0.012602226294199909,-0.00428650373879047,0.9977718758079697,-0.025931027072428725,-0.06147247905864081,0.02263121844608845,0.9982962622495276,-0.053781044339689346,0.06276234379220948,0.05227001639172471,0.9966587849350034,100,92,162,162,100,92,162,162,230213_174449
0,0,0,0,-0.15204649909171564,-0.013739850186503672,0.000400094302888232,0.9983081243689004,-0.025319391038513987,-0.05234326371642919,0.022203238483450412,0.997994405345059,-0.05928054571954504,0.05373923166454708,0.05801806044154577,0.9968680954081665,130,156,151,162,130,156,151,162,230213_174450
0,0,0,0,-0.15185665046757077,-0.012357847363226121,-0.005665207334788147,0.996478630223624,-0.019554865786383647,-0.08153494178403956,0.017551779007689273,0.9995280321742728,-0.02521205964396299,0.08198947835738096,0.023692195379534303,0.9963515470539414,162,107,78,154,162,107,78,154,230213_174450
0,0,0,0,0.16200669515078003,-0.3802212504893542,0.0028970386877386067,-0.0445415226762302,-0.9974053961386338,0.056555534753183714,0.9977095949767278,-0.0472971616456189,-0.04835848003858168,0.05090792520871951,0.05427203933706467,0.9972276214070384,162,103,78,154,162,103,78,154,230213_174450
0,0,0,0,0.16148535423372073,-0.38106297340612905,-0.004106648794778622,-0.043082361963351135,-0.997771254488461,0.05095521370951508,0.9967191455551684,-0.046422876329589906,-0.0663012928762646,0.06851901175174203,0.04793162077179537,0.9964977193946576,162,146,87,128,162,146,87,128,230213_174450
0,0,0,0,0.16189862178862943,-0.379595356237625,0.0053697676980851705,-0.04656077270677911,-0.9983601681315865,0.033302689579355,0.998461674784635,-0.047518543176925915,-0.028570474980385556,0.030106119497701332,0.03192119582054918,0.9990368655991511,162,90,100,92,162,90,100,92,230213_174450
0,0,0,0,-0.1519476947551851,-0.013559398987143562,6.993273812594403e-06,0.9982626207901469,-0.024687938712854775,-0.05349995902146114,0.021626172675470928,0.9981358452938837,-0.05707138507934481,0.05480920167817086,0.055815231089501656,0.9969356104532665,152,162,130,156,152,162,130,156,230213_174450
0,0,0,0,-0.15216033371330126,-0.013268258159027213,-0.0015180285861434717,0.99745659186964,-0.024148375139289295,-0.06706119081805866,0.019699131450410426,0.9976097477827263,-0.0662324342673997,0.06850030332709027,0.06474293094244442,0.995548121055471,129,154,162,107,129,154,162,107,230213_174450
0,0,0,0,-0.1520867956166684,-0.014142139882142302,0.002543110026862694,0.9988809014510223,-0.028162289875938145,-0.03799776500450389,0.025325222733344945,0.9969968494339283,-0.07318411926317972,0.03994468437602605,0.07213991715939565,0.9965943279701803,116,154,162,103,116,154,162,103,230213_174450
0,0,0,0,0.162637681577344,-0.3792161718568776,0.004342859347192585,-0.050242791516440566,-0.998360094002243,0.027436920462565496,0.9985144233682517,-0.05079262634574769,-0.01972448819283175,0.02108573513547473,0.026405147466638267,0.9994289169125844,77,128,162,146,77,128,162,146,230213_174451
0,0,0,0,-0.1518907100042278,-0.012690644101449572,-0.0037281487431926053,0.9975633538451286,-0.021595594543337874,-0.06633992283368073,0.019037698794409214,0.99905976684721,-0.038950587823686725,0.06711870894074404,0.03759271955468417,0.9970365421320377,140,82,162,90,140,82,162,90,230213_174451
0,0,0,0,0.16248813507432902,-0.37964433935856595,0.0036601581574573494,-0.046479035047876045,-0.9978459050734809,0.046295237650358485,0.9980647584368205,-0.04830592781420288,-0.03915705944602421,0.04130904583101372,0.04438566284391672,0.9981600451162315,137,81,152,162,137,81,152,162,230213_174451
0,0,0,0,-0.15208423429604967,-0.013460724527506879,-0.00036241096126798933,0.9981344997261064,-0.02416219040112725,-0.05606878821176434,0.020357105421674827,0.997513575378906,-0.0674704023527622,0.05755961010436779,0.06620313806620091,0.9961445857880376,162,108,129,154,162,108,129,154,230213_174451
0,0,0,0,-0.1521395251999597,-0.012493276979092333,-0.005364439738511528,0.9974829766088623,-0.025976802621118542,-0.06597664057154498,0.02300584009348566,0.9987040392340992,-0.04539794421652214,0.06707043087021547,0.04376582848612525,0.9967878959737657,162,120,116,154,162,120,116,154,230213_174451
0,0,0,0,-0.15173039667324198,-0.012854179708070373,0.002583122348634892,0.9996554927852033,-0.026132689314787117,0.002445054917306896,0.026188938046118448,0.9992969047214519,-0.026829754716378322,-0.0017422021663437161,0.02688454506405601,0.9996370271094955,162,143,77,128,162,143,77,128,230213_174451
0,0,0,0,-0.1521260890124046,-0.013126131319549622,-0.0025012452437886967,0.9970288502006238,-0.02361539607460839,-0.07331974451579605,0.019902421623777637,0.9985021138306039,-0.05096491233511378,0.07441347647524359,0.04935424747735309,0.9960054180449083,162,90,140,82,162,90,140,82,230213_174451
0,0,0,0,-0.15201991862863645,-0.01362288118964708,0.0005322776679406171,0.9990792286149794,-0.026952132388518384,-0.03338079552394518,0.025043246490059554,0.9980975187290513,-0.05633985190031072,0.03483576833281826,0.0554520122865041,0.9978534679891832,162,162,137,81,162,162,137,81,230213_174451
0,0,0,0,0.16082853182573514,-0.38002165484281747,0.00031342567514847097,-0.04467365373638056,-0.9986790241819412,0.025386439704030584,0.9986813551697233,-0.045288332770518906,-0.024176801923127326,0.025294574481603656,0.024272897928988926,0.9993853165460874,132,154,162,108,132,154,162,108,230213_174452
0,0,0,0,0.16141422482292608,-0.38001361451306453,0.003746676551717676,-0.04578834332792318,-0.997597557320211,0.05198597160804052,0.9987431249870633,-0.04677880001269027,-0.017997615410060286,0.020386218539982702,0.05109655074582333,0.9984856256328979,128,154,162,120,128,154,162,120,230213_174452
0,0,0,0,0.16221917032333238,-0.37940212061671513,0.008234453785503248,-0.04657042992906772,-0.9977351217594188,0.04853680937123546,0.998452396076458,-0.04797248471169355,-0.02813278300785246,0.030397497025286987,0.0471515378148394,0.9984251222081171,69,128,162,143,69,128,162,143,230213_174452
0,0,0,0,-0.15173000572417206,-0.012182919099392508,-0.005750795577818102,0.9977303730287318,-0.020016027721604965,-0.06429200082588137,0.017747859698335405,0.9992064228465186,-0.035658631751543025,0.06495472432452773,0.034436654548778194,0.9972938386510832,18,82,162,90,18,82,162,90,230213_174452
0,0,0,0,0.16112961910815554,-0.37974948557641064,0.0018391749062209861,-0.04641591896047015,-0.998637857004005,0.02383260425352201,0.998806515872361,-0.04676042261876812,-0.014106974425066103,0.01520218135565883,0.023149372236933852,0.9996164265592405,140,92,162,162,140,92,162,162,230213_174452
0,0,0,0,-0.1516282977272548,-0.012072819696046594,-0.006135021901834459,0.9984031093289899,-0.022228626489251477,-0.0519337986922487,0.020390267730523704,0.99915581022234,-0.035663761450765843,0.0526827131427685,0.03454786626321389,0.9980135152755077,162,110,132,154,162,110,132,154,230213_174452
