0,0,0,0,-0.2731483318700867,-0.5412207051337126,0.0490680992692053,-0.07440036056618847,-0.9778967124735491,0.1954037002747015,0.9143755855408713,-0.14509458918665613,-0.3779746668171603,0.3979722036956964,0.15055092135945136,0.9049599688181855,160,162,117,86,160,162,117,86,230223_163730
0,0,0,0,-0.2815614827083249,-0.4934104550613294,0.21341285060238957,-0.09500347855418069,-0.9871526901871983,0.12846752632001335,0.9947730936974569,-0.09899447664892541,-0.025031692883130747,0.03742767850395402,0.12541794069902187,0.991397755208585,63,106,162,152,83,106,162,90,230223_163730
0,0,0,0,-0.28281756199374863,-0.49940745814099374,0.19897897103968698,-0.09858742873515569,-0.9883911392620429,0.11560049620859003,0.9933974966426041,-0.10459826276966445,-0.04712342400308101,0.05866798581506322,0.110191466338596,0.9921773572232706,162,137,100,125,162,144,88,140,230223_163730
0,0,0,0,-0.2645661274834321,-0.497197067357085,0.23136211559775943,-0.09307256883658697,-0.9754703296626654,0.19948717472050534,0.9938944098759848,-0.10294801638352692,-0.039693928250622554,0.05925705820767113,0.1945747719271635,0.9790961439930528,162,162,154,162,162,154,162,136,230223_163731
0,0,0,0,-0.2709532482336559,-0.49342212445278105,0.22697678045952108,-0.09099584650476092,-0.9798240109053473,0.17794567590206117,0.9949298646449789,-0.09713337991409582,-0.02607049949636473,0.04282896632429941,0.1746711600689232,0.9836949046751075,65,100,162,82,115,90,162,162,230223_163731
0,0,0,0,-0.2769945611227578,-0.5006684712842654,0.1997098804198023,-0.09250127604083584,-0.9838264099774396,0.1533920107493188,0.9930047854356453,-0.10250196285490136,-0.05860753972654548,0.0733826275948427,0.1468977285113503,0.9864258955063387,162,133,96,134,162,153,62,146,230223_163731
0,0,0,0,-0.2673710976549223,-0.49566164234526944,0.23288965643980453,-0.09458391947366118,-0.9782578572789835,0.18456827151201197,0.9942601474549763,-0.10213971961935382,-0.03184708556351508,0.050006413186810414,0.18049665467263273,0.98230357644273,64,146,138,162,93,148,162,162,230223_163731
0,0,0,0,0.4569840940477096,-0.35320182332655253,-0.19178615084387385,-0.09804823461834222,0.9949801917667054,0.02002402756977615,-0.9906338717055807,-0.09950180792420929,0.09350894315210954,0.09503197313450494,-0.010668093161495399,0.9954170562485155,152,135,106,138,162,116,162,162,230223_163731
0,0,0,0,-0.2704401015162453,-0.4941678949619117,0.22495487144320891,-0.09514976094038756,-0.9801214521137976,0.17409325690367167,0.9946428410895487,-0.10070376954132924,-0.023331726671582658,0.04039977304760059,0.17094060344607312,0.9844527253409352,162,138,130,109,122,162,139,108,230223_163731
0,0,0,0,-0.26226483689318825,-0.5034570600288938,0.21604241292565918,-0.0830519972922494,-0.9707382759372709,0.2253210273722867,0.9919581197798112,-0.10219790478202076,-0.0746637586856311,0.095506305282266,0.2173080483748808,0.9714194551082611,100,116,162,162,65,117,162,147,230223_163731
0,0,0,0,0.45588424292995705,-0.35353318569870423,-0.1946964478550286,-0.09388573367637748,0.9955468450744315,0.008482232866040088,-0.9865800970411585,-0.0941765476630706,0.13338099561977715,0.13358585678995363,0.004154170508144918,0.9910285372950082,106,18,88,116,162,162,96,149,230223_163732
0,0,0,0,-0.10428623622753741,-0.1436554973548066,-0.27474934938608075,-0.38621492064912777,0.9217219601488423,-0.03559021280301788,-0.9216384673865603,-0.3840284438852473,0.055719742645007724,0.037690456369457816,0.054321105165966485,0.9978119296902648,93,156,162,119,104,147,114,18,230223_163732
0,0,0,0,0.4543852378765524,-0.35552524852056294,-0.19445055512810294,-0.08554489021367093,0.9962965759100315,-0.008672057903221354,-0.9910581845874424,-0.08419409562802642,0.10351342436428917,0.10239993418246779,0.017449558485087963,0.9945902504992203,152,109,126,156,162,88,135,162,230223_163732
0,0,0,0,0.4558190311010935,-0.35386313845176653,-0.1925529551584343,-0.09427719528589783,0.995289723819183,0.022587078362624767,-0.9924233672729513,-0.09575286229263386,0.0769886319750275,0.07878877165969118,-0.015157672073990278,0.9967760904223448,162,162,145,80,162,162,138,107,230223_163732
0,0,0,0,0.45615506843761466,-0.3535725229860859,-0.1928027699364021,-0.08787445607928747,0.9961054684994489,0.007209410118894765,-0.9889959893467422,-0.08810742050384873,0.11884450137981507,0.11901686025445425,0.0033133182236226404,0.9928867049656375,56,154,162,143,84,135,138,162,230223_163732
0,0,0,0,0.4564248720678685,-0.3531865889727314,-0.19336607227204816,-0.09056294583047611,0.9955395597059419,0.026444997693417162,-0.9891779684971722,-0.09299871962661597,0.1134820901623623,0.11543526100076477,-0.015881536711183558,0.9931880372363416,160,145,109,156,162,89,123,162,230223_163732
0,0,0,0,0.45557314570865726,-0.35439598907438796,-0.1940913249590378,-0.09118165829208,0.9958005292544196,-0.008198239306344576,-0.9822696408247594,-0.08858241475281461,0.16522562909717972,0.16380554906688857,0.023118428432271455,0.9862217196765224,162,162,162,82,149,146,158,108,230223_163732
0,0,0,0,0.45732704083067505,-0.352563448330162,-0.18733065114671987,-0.0874097171704111,0.9950138899338732,0.048030200737153354,-0.9869481484207753,-0.09304576828998243,0.13143757960389216,0.13525122429387235,-0.0359143960270721,0.9901602206133202,18,130,162,144,126,126,162,162,230223_163733
0,0,0,0,0.4559730580951431,-0.3539479135415391,-0.19223113720981444,-0.09185963172581718,0.995578991982534,0.019603029924937652,-0.9923030630336459,-0.09316367025397476,0.08157917405105601,0.08304480208442376,-0.011958313754429517,0.9964740636759742,162,120,104,152,154,162,162,162,230223_163733
0,0,0,0,0.45865599395625334,-0.3519370081847965,-0.1843322359864027,-0.0913506229113001,0.9784148559790128,0.18536297713752084,-0.9884649761023957,-0.11167110674595465,0.102306182301086,0.1207975774285517,-0.1738790772856274,0.9773300423959616,134,162,146,162,113,161,138,162,230223_163733
0,0,0,0,0.45638569103014537,-0.3533199494827872,-0.18893006956001002,-0.0947339071668669,0.9896173335029117,0.10808801998133669,-0.9923421489215231,-0.10251978411258271,0.06889668598216019,0.07926251514249599,-0.10073344576701342,0.9917510910491553,86,112,162,150,57,98,106,18,230223_163733
0,0,0,0,0.4562092512148377,-0.35342258055196846,-0.18927612851021824,-0.08423890819720857,0.9938630808516804,0.07169367381957834,-0.9837152597169541,-0.09441135755609056,0.15294045692497432,0.15877057077980872,-0.05764262385094716,0.9856313883850454,130,18,95,140,162,128,108,156,230223_163733
0,0,0,0,-0.10274650555134424,-0.14432411063809333,-0.2753348137786229,-0.3857190783684494,0.9216743957658661,-0.04167854090799383,-0.9217975576239289,-0.38308068849153926,0.059484862472796614,0.03885943053047341,0.0613636235441988,0.9973587370471936,121,162,162,112,148,162,160,135,230223_163733
0,0,0,0,0.4554750329494536,-0.35438025175830035,-0.1912216336069168,-0.06872292606086117,0.9962468869916647,0.052624135081261916,-0.9910813694015144,-0.07421300146110467,0.11068039410551808,0.11417039309230802,-0.04454851931940685,0.992461863633861,80,114,162,154,100,100,162,155,230223_163733
0,0,0,0,0.4563827029661342,-0.35274317687618895,-0.19316357921638683,-0.0545232727961606,0.935093720534357,0.35018130524174346,-0.9730435974542356,-0.12846172169647152,0.19153000681903043,0.22408340004764965,-0.3302988342032012,0.9168911112815366,98,18,99,136,162,151,162,122,230223_163734
0,0,0,0,-0.30684030367410614,-0.7452479631369913,0.3432349113475378,-0.8845768027228135,0.4653031476184924,0.03188825647489881,-0.46296178393761156,-0.86773122660205,-0.18085603388608898,-0.05648244592782929,-0.17474409631236454,0.9829924893436291,130,156,151,116,129,162,144,119,230223_163734
0,0,0,0,0.4554564576155531,-0.3553870057327841,-0.19243567456649213,-0.05800223847280005,0.9965641016894972,0.05912471188892737,-0.9873092530643404,-0.06603243648144774,0.1444304543573072,0.14783835478548532,-0.0499970854763338,0.9877469879975302,74,127,162,157,99,112,162,162,230223_163734
0,0,0,0,-0.10421758679891613,-0.1441669503042528,-0.27337625902396856,-0.38280640499764745,0.9232670776760479,-0.03220496192060071,-0.9227833828941532,-0.38048311116720207,0.06085581624584865,0.04393272751832385,0.05301419994734008,0.9976268892009398,162,108,112,160,162,90,162,162,230223_163734
0,0,0,0,0.456361077959337,-0.35316516722419905,-0.19484435374688058,-0.07621986499377524,0.9970858938329085,-0.0032019524916177874,-0.9928802417989293,-0.0756027754980956,0.09204914873199152,0.09153883124461684,0.010195129053250472,0.9957493167047402,160,162,136,88,151,162,131,100,230223_163734
0,0,0,0,0.4578677125053012,-0.35200854874358933,-0.1849003385300041,-0.07018545497508671,0.9961749961634443,0.05205169477262358,-0.9931401684498309,-0.07467326316932775,0.08998060668324424,0.0935233004196308,-0.045379299095584795,0.9945823804452867,68,136,162,136,96,123,138,162,230223_163734
0,0,0,0,0.45727366512839873,-0.35344707383427054,-0.18889910518405717,-0.0645423947980783,0.9969679892103472,0.04346386733374895,-0.9862637423538937,-0.07036446223767027,0.14944120239109365,0.15204640670473388,-0.03322154336993093,0.9878148709471317,162,107,121,161,162,90,125,162,230223_163734
0,0,0,0,-0.2875979610467715,-0.7606737166761568,0.32355404627432904,-0.8895401704599117,0.44457301634971924,0.105228885159271,-0.4566526578062433,-0.8583474999846186,-0.23389724108815294,-0.013661451483808786,-0.2561140417936279,0.9665500309551944,162,157,75,114,162,156,88,112,230223_163735
0,0,0,0,0.4574080555006306,-0.3520204601116833,-0.19204806042478673,-0.06463483312255806,0.9968789416352124,0.04532895400820407,-0.9941072894180146,-0.06828335329328655,0.08419074051812908,0.08702318928415466,-0.03962018913739575,0.9954181056920409,104,162,162,92,97,146,162,162,230223_163735
0,0,0,0,0.45593936681133007,-0.3529417827615374,-0.19171094153783708,-0.05876784009873686,0.9975101918675554,0.038984074831686776,-0.9920570405354279,-0.06270814642885525,0.10904364582838408,0.11121676714514804,-0.032266166363709034,0.9932722311702725,122,44,162,162,143,88,150,162,230223_163735
0,0,0,0,0.45633638479747574,-0.3532001624466764,-0.19161148335261113,-0.0635494336428338,0.9974960156306784,0.03103495262758101,-0.9900149328477016,-0.06693262926094401,0.12405827613978762,0.12582488713380144,-0.022841233354136493,0.991789481612216,162,82,100,100,162,162,84,116,230223_163735
0,0,0,0,-0.3065642849145358,-0.48455391030658357,0.20006519021759317,-0.046241998006572735,-0.9907260983871481,0.12776335779455686,0.9969513435082138,-0.0538180598855381,-0.056494558209830015,0.06284660927629539,0.12476142995628292,0.9901943694536625,108,92,162,162,85,94,162,144,230223_163735
0,0,0,0,0.45680148110942315,-0.3521685268763712,-0.18801143329681957,-0.0596130215799942,0.9974837949723757,0.03837142720319937,-0.9895783778112187,-0.0641006910373658,0.12894082199618154,0.1310760154514238,-0.030284982681842654,0.9909096315998441,138,162,73,147,162,129,84,156,230223_163735
0,0,0,0,0.4582812870815629,-0.35065803172534077,-0.18601243850501004,-0.06041445450516161,0.9973313347598776,0.040991491713832956,-0.9913945017466728,-0.06473147680403948,0.11378390842836557,0.11613369706209445,-0.03376454674432331,0.9926595185610423,96,162,162,129,162,154,162,123,230223_163736
0,0,0,0,0.45605696525195405,-0.3528017452412284,-0.1888376687929565,-0.057998601772875635,0.9955762553220875,0.0739194293216662,-0.9876641999838226,-0.06801006392183655,0.1410463018858084,0.14544961417173408,-0.06482708572963243,0.9872395143495303,105,97,162,162,117,93,162,162,230223_163736
0,0,0,0,0.45713798808253747,-0.3518834803816011,-0.18957393798830702,-0.05750504561197532,0.9962722794206256,0.06430174948784036,-0.9886913787331114,-0.06576613837888108,0.13477452526924186,0.13850100125264161,-0.055824370133143855,0.9887876983211581,162,143,61,128,162,162,55,138,230223_163736
0,0,0,0,0.4553030864784028,-0.3540646409806215,-0.19360950083894868,-0.05619313539690124,0.9979593527958631,0.03032262689025685,-0.9881814928367355,-0.059929467144222176,0.14108790232606683,0.14261721056459387,-0.02203608710887192,0.989532587697699,88,145,162,134,81,148,162,147,230223_163736
0,0,0,0,0.45691013618627807,-0.3510538815213283,-0.18784993751345436,-0.052742304249228544,0.9983692886271455,0.021840624272452147,-0.9957636605401864,-0.05422909697109875,0.07425589127677656,0.07531919868195018,-0.01783167316400239,0.9970000249458779,133,93,152,162,142,88,162,162,230223_163736
0,0,0,0,-0.3213370477492359,-0.6479117717739004,0.4968803405704538,-0.900406536467508,0.4317730531948936,0.05329258505031252,-0.4316327037574805,-0.9019294976594905,0.014710210695455587,0.05441762704852112,-0.009757652712489438,0.9984705854855968,162,151,68,114,162,162,102,126,230223_163736
0,0,0,0,0.45591435187888596,-0.35230226949407123,-0.19305629231993404,-0.04644557084036124,0.9981786089972817,0.038500305058088144,-0.9948625483453836,-0.049693165819868934,0.0881992016433755,0.08995175845442241,-0.0342060493341735,0.9953585421042538,108,162,162,91,101,146,162,162,230223_163737
0,0,0,0,-0.32694473259282075,-0.6526667789613922,0.47994208710880415,-0.9088964590731933,0.41167694432782825,0.06655313811618982,-0.41281038930096364,-0.9108096950152531,-0.0036444411653247396,0.059116911027191486,-0.030786246525409375,0.9977762263431014,134,87,162,138,138,80,162,138,230223_163737
0,0,0,0,0.45666670501402334,-0.35166930350328235,-0.18761559843418973,-0.03177569025083398,0.997079491344485,0.06944633503149608,-0.9908342663520125,-0.040551230441626784,0.12885283983032433,0.13129265833150078,-0.06471542049537976,0.9892290696387537,128,128,18,90,18,162,100,108,230223_163737
0,0,0,0,0.4561918077660032,-0.35145335621507795,-0.18613928934387414,-0.023263582160975554,0.9989904689345382,0.038429789525702404,-0.9922492871547045,-0.02776597480589675,0.12112143816871994,0.12206620288196188,-0.035314212734089995,0.9918935167108167,155,162,162,162,106,154,162,130,230223_163737
0,0,0,0,0.4551975832844182,-0.35016387920920133,-0.19309404862335167,0.018680246333418124,0.9402280242494766,0.34003280843596106,-0.973646846191938,-0.0602078223639369,0.21997008211728397,0.22729467063135217,-0.33518096685539406,0.9143253535588237,137,96,131,162,159,104,134,159,230223_163737
0,0,0,0,0.4590311356497412,-0.34527545594730263,-0.18503444440727235,-0.0014144792025328147,0.9968573004873539,0.07920556617846822,-0.9907364260421132,-0.012152439470770993,0.13525402887976512,0.13579150695785322,-0.07828052554738853,0.9876400285317217,162,162,143,89,162,138,140,102,230223_163737
0,0,0,0,-0.31875212954857135,-0.4712541309542442,0.21038319684561846,-0.020715028146110006,-0.992820353830187,0.11780760853785505,0.9986722801588497,-0.02610662782354956,-0.04440856703391995,0.04716528862658817,0.11673126832252484,0.9920429660778738,154,82,132,162,123,83,162,122,230223_163737
0,0,0,0,-0.3126370917835981,-0.47471565837328833,0.21002071235851794,-0.015817889138087782,-0.9878867814058582,0.1543680715264329,0.9974293660692843,-0.026381324902466332,-0.06662345982472952,0.06988886954188055,0.15291740522244435,0.9857645829984929,146,162,100,143,160,128,74,127,230223_163738
0,0,0,0,-0.3192105677124839,-0.46543562260284715,0.22001276514630996,-0.014704840063578022,-0.99185846154292,0.12649331976201914,0.9994726763207497,-0.018243430688683667,-0.02686161806269134,0.02895059527787442,0.12603162104178076,0.9916036978201714,99,107,162,162,39,122,162,135,230223_163738
0,0,0,0,-0.31855862143285557,-0.46775072667736367,0.21867579051053998,-0.012742581797367113,-0.9909146816457567,0.1338869684025457,0.999169895375098,-0.017799705945105732,-0.03664274340687436,0.03869298108509707,0.13330890505571868,0.9903189329946155,162,18,162,162,162,144,105,154,230223_163738
0,0,0,0,-0.3526807752644734,-0.6505010912136745,0.46565220963474974,-0.9161686579525049,0.39931152836102274,0.03442809177823942,-0.40006307363198396,-0.9163017674584998,-0.018455570122802974,0.024176999434113736,-0.030681823127243192,0.9992367579447583,103,146,138,162,162,146,145,120,230223_163738
0,0,0,0,-0.32560393101700646,-0.4663463044578577,0.21143640143807807,-0.001195795042144513,-0.9907450749901734,0.13573049199400175,0.9985255240983678,-0.008549230901238226,-0.05360679411303746,0.05427105856989945,0.13546625791581424,0.9892944683803648,162,78,162,162,138,100,145,162,230223_163738
0,0,0,0,-0.33919357219763946,-0.6407396463953755,0.4882709924943437,-0.9157029088745579,0.3952988767208828,0.07229786125385368,-0.39627988338237025,-0.9181293728146875,0.0008419034163971085,0.06671159348365324,-0.02787925461908566,0.9973827301777167,162,149,106,114,162,152,54,122,230223_163738
0,0,0,0,-0.32079274369512795,-0.5069174637475832,0.08065460575051953,0.0052647002865650015,-0.987662375502319,0.15650979185983527,0.9459970908499536,-0.04581221307632269,-0.32092171200539654,0.3241323603627347,0.14974736441809555,0.934084546395837,162,18,162,162,122,58,136,160,230223_163739
0,0,0,0,-0.32059454251504305,-0.46389150390026734,0.2226984168923194,0.0016760891419577574,-0.9891831986188001,0.14667579996532518,0.9992832935870866,-0.0038900096560840667,-0.03765324664116595,0.03781652922907013,0.14663378667672558,0.9884677246738567,162,108,101,152,162,128,104,144,230223_163739
0,0,0,0,-0.32088321339817855,-0.5080754238013364,0.07080143744502032,-0.0030130611216646185,-0.9898369907002981,0.14217472807800538,0.9442969217449052,-0.049603747464526005,-0.3253348917970098,0.3290809095735783,0.13327490415998502,0.9348494824705061,135,138,148,143,104,162,144,120,230223_163739
0,0,0,0,-0.3541545681320193,-0.6840100281113443,0.4155590561553215,-0.9155340827095048,0.4001393195701777,0.04105932696941248,-0.40222611180743223,-0.9098589517973419,-0.1018373350717558,-0.0033909257645585475,-0.10975068459083723,0.9939533635207951,106,18,158,162,116,84,162,162,230223_163739
0,0,0,0,-0.3163830878098502,-0.4793156445181487,0.19017034694073431,0.000493452760021188,-0.9864421424218437,0.16410867179578956,0.9937770507272773,-0.0177957448819185,-0.10995674109344977,0.1113863993141348,0.16314169031336606,0.9802947816496475,154,162,85,157,162,132,102,142,230223_163739
0,0,0,0,-0.3487392526360851,-0.6344121508755143,0.4955307918826284,-0.9221091231445129,0.3772680097445102,0.08592795724951176,-0.37931991872419185,-0.9252281270991293,-0.00832538790147196,0.07636206042748046,-0.040271101897684895,0.9962665677815431,105,153,138,162,100,146,162,160,230223_163739
