0,0,0,0,-0.14374654584706176,0.19784754219666473,-0.10163020634636588,0.9980598172514107,-0.05632241319959346,-0.026540289362705857,0.059015052128091716,0.9916196215485089,0.1149249745804201,0.01984501978836313,-0.11626827568759178,0.9930195684165714,162,162,83,96,162,162,83,96,230216_161924
0,0,0,0,-0.1430580230479513,0.19557450647696112,-0.112246479010785,0.9977882062741827,-0.05274192961668071,-0.040459662386856825,0.0584153937076501,0.9861781093014055,0.15504960016938044,0.0317228182564157,-0.15707012954414215,0.987077827330174,151,162,136,85,151,162,136,85,230216_161924
0,0,0,0,-0.1425053459916837,0.19520944135584797,-0.11209325786821345,0.9971494873650603,-0.054012403133311196,-0.05268358525538455,0.06085558185995453,0.988507507192284,0.1383817415014841,0.04460378912248451,-0.14119337283407413,0.9889767102736318,78,154,162,92,78,154,162,92,230216_161924
0,0,0,0,-0.1441124403096365,0.19622996577830154,-0.10276195353651185,0.9967562239299328,-0.07163444525914175,-0.036681552711921556,0.07337112531590159,0.9961287644119088,0.04841655379188393,0.033071256807395734,-0.050950868134106916,0.9981534456232469,78,154,162,103,78,154,162,103,230216_161924
0,0,0,0,-0.14374048489792074,0.1981983523276082,-0.09804833287353487,0.9978757683024667,-0.053538650414257795,-0.03711554858253035,0.055203940822872694,0.9974425321044299,0.04539735748618221,0.034590113506420266,-0.04734984752798426,0.9982792775504707,87,128,162,162,87,128,162,162,230216_161924
0,0,0,0,-0.14131386593120732,0.1923877357550211,-0.12471651993586941,0.9984335380847041,-0.03976731963281843,-0.03935772245545797,0.04611601823046432,0.9832357426268602,0.17641084797589632,0.03168253288844005,-0.17794952854736243,0.9835294517194411,83,96,162,162,83,96,162,162,230216_161924
0,0,0,0,-0.14480846557906019,0.19464397766742625,-0.10899837866728534,0.9982303162128457,-0.05298691191665219,-0.026993016858782717,0.05568003399459647,0.9922141041773097,0.11140424267495119,0.02087988524782113,-0.11271006448918283,0.9934085120205494,136,85,151,162,136,85,151,162,230216_161924
0,0,0,0,-0.1442264965518593,0.19681344481627636,-0.10102301130896385,0.9981243517889674,-0.061167102404391355,-0.0025226869218521564,0.06106242370420134,0.9976705073105039,-0.030412813979816385,0.004377074048218966,0.030201728861987475,0.9995342399320412,162,92,78,154,162,92,78,154,230216_161925
0,0,0,0,-0.14319482799439495,0.19651305219949536,-0.10528147203148064,0.9991061684293635,-0.042177772521135665,-0.002810642551417798,0.04226816275578446,0.9960086236043459,0.07861440149887101,-0.0005163561242231563,-0.07866293416171632,0.9969011366055425,162,103,78,154,162,103,78,154,230216_161925
0,0,0,0,-0.14111679618494077,0.19450994987734654,-0.11313993998908889,0.9985891942513868,-0.03116805428397269,-0.04299038865277656,0.034466998972403844,0.9963368750635495,0.07826146798034228,0.040393651805720146,-0.07963280593293919,0.9960055065676318,162,162,87,128,162,162,87,128,230216_161925
0,0,0,0,-0.14225980172589348,0.19401558957720078,-0.11235361248260889,0.9992514965831637,-0.024213502860156715,-0.030168739707650487,0.027209493746844598,0.9942864814047337,0.10321839150961423,0.027497091234296285,-0.10396200832531458,0.9942010917307524,162,162,83,96,162,162,83,96,230216_161925
0,0,0,0,-0.14267239229075454,0.19675334387680823,-0.10455897486614318,0.9996398157699387,-0.02681511589694061,-0.0010900857198180632,0.026804454400818484,0.9955858995660652,0.08994574925756199,-0.0013266317188094933,-0.08994257137008814,0.9959460697766818,151,162,136,85,151,162,136,85,230216_161925
0,0,0,0,-0.141981312336403,0.1973336926502795,-0.10277455363826427,0.9995065774776264,-0.03139606745334567,0.0009426173272164896,0.03126898748237514,0.997407019528842,0.06481888472057369,-0.002975231215833049,-0.06475742693357207,0.9978965996816281,78,154,162,92,78,154,162,92,230216_161925
0,0,0,0,-0.14359621988182847,0.19549643356461352,-0.10671461009686067,0.9989800486903715,-0.04318005097447239,0.013203996229347684,0.04333476473991952,0.9989925114552861,-0.011664485466370224,-0.012687020277373319,0.012224780329368221,0.9998447850853551,78,154,162,103,78,154,162,103,230216_161925
0,0,0,0,-0.1422595733375538,0.19646320980305662,-0.10777636269399937,0.9997079994385949,-0.01534927759190955,-0.018663213439547275,0.015861147526703385,0.9994933356780475,0.027595215786566197,0.018230190827847843,-0.02788317794975141,0.9994449402192211,87,128,162,162,87,128,162,162,230216_161925
0,0,0,0,-0.1431309136806496,0.19766399919936367,-0.10205802109877105,0.9997617123238968,-0.017276090575880143,-0.01334373506946351,0.017560959055676232,0.9996138575387068,0.02153482142092916,0.012966544961357565,-0.021764018723582097,0.9996790465948382,83,96,162,162,83,96,162,162,230216_161926
0,0,0,0,-0.14154754940453732,0.19669462826571782,-0.10914415585922543,0.9997732958926592,-0.019760153855741706,-0.007930519499233608,0.020181020517102282,0.998166751081452,0.05706017390779717,0.006788463067484681,-0.05720728410873195,0.9983392426495536,136,85,151,162,136,85,151,162,230216_161926
0,0,0,0,-0.14204239932558732,0.19578956252867608,-0.11052786163814277,0.9996211891296364,-0.01644824411713813,-0.022066569930854374,0.017754992842878785,0.9980168209904845,0.060391930331764314,0.021029466759753423,-0.06076084500326163,0.9979307998264658,162,92,78,154,162,92,78,154,230216_161926
0,0,0,0,-0.14189826974385178,0.19629384272588993,-0.10425596007687354,0.999993279450809,-0.0028838795695843153,-0.00226368987355873,0.0029125315557491345,0.9999143762220323,0.012757640237924896,0.002226704549841333,-0.012764147567765298,0.99991605563853,162,103,78,154,162,103,78,154,230216_161926
0,0,0,0,-0.14143206497398192,0.19684007007150728,-0.10055015040794635,0.9999975819637149,0.0013219449436812376,-0.001757420919510895,-0.0013224432981554734,0.9999990856853521,-0.0002824396970546836,0.0017570459429457799,0.0002847631036222939,0.9999984158485098,162,162,87,128,162,162,87,128,230216_161926
0,0,0,0,-0.14229947053632136,0.19676613415613442,-0.10092932765754126,0.9996929798813521,0.00800849454648777,-0.023448027444556915,-0.007308542566980228,0.9995295720868701,0.029786233890598778,0.023675539729612435,-0.02960571801084532,0.9992812268223465,162,162,83,96,162,162,83,96,230216_161926
0,0,0,0,-0.13958513500653952,0.19542544945949913,-0.11233115551233042,0.9990233890922974,0.004515450167835176,-0.04395314273544198,-0.00307223917520201,0.9994556514889721,0.03284755779665914,0.044077538418004845,-0.032680443946438466,0.9984934447408621,151,162,136,85,151,162,136,85,230216_161926
0,0,0,0,-0.14158558901807491,0.1976715172209299,-0.10129458300552585,0.9998665751967698,0.004137917261860239,-0.01580219747429209,-0.003982236147784493,0.9999433543727557,0.00987065555187295,0.015842146304898302,-0.009806410479601641,0.9998264152911543,78,154,162,92,78,154,162,92,230216_161926
0,0,0,0,-0.14145412593561416,0.19823269309845162,-0.10099813281833747,0.9999860089052757,0.005071966052232819,0.0015023827949152571,-0.005088850524576587,0.9999214248806768,0.011456337326291824,-0.0014441585910060083,-0.011463822441065157,0.9999332453624109,78,154,162,103,78,154,162,103,230216_161927
0,0,0,0,-0.141273808974375,0.19493372847681417,-0.11418366017936543,0.9992113616600695,0.02777389798503593,-0.028377197186257884,-0.02558519878950674,0.996871912140019,0.07477826147487283,0.030365314625940717,-0.07399325223978087,0.9967963414312112,87,128,162,162,87,128,162,162,230216_161927
0,0,0,0,-0.1403949929985863,0.1938085526885211,-0.11931376166313712,0.9990647289482897,0.026066271149744254,-0.034499519994180314,-0.023738160195812198,0.9975204766889126,0.06625253456919818,0.036140934160571944,-0.06537161535921264,0.9972062899838371,83,96,162,162,83,96,162,162,230216_161927
0,0,0,0,-0.14041010928062198,0.1982686477956379,-0.1047658205701163,0.9996553554257495,0.022378098082849445,-0.01372556355179888,-0.02186577020801284,0.9990978831038108,0.036404780876913075,0.014527851246157313,-0.03609211414810786,0.9992428637896241,136,85,151,162,136,85,151,162,230216_161927
0,0,0,0,-0.1410854188276628,0.19844053156791797,-0.1010345983220775,0.9993981692044146,0.02360244486128899,-0.025420936006221084,-0.022967492941627293,0.9994239211863948,0.024986396866827007,0.025996031597897443,-0.02438750411542944,0.9993645260785381,162,92,78,154,162,92,78,154,230216_161927
0,0,0,0,-0.1402426050453513,0.19324071387919256,-0.1174098188108702,0.9992851274430598,0.037388745236516835,-0.005596052246652898,-0.03683947514312795,0.9962748101014975,0.0779702239858491,0.00849041472999326,-0.07770832958482289,0.9969399823313583,162,103,78,154,162,103,78,154,230216_161927
0,0,0,0,-0.14065676610179864,0.19663938670214237,-0.10082309926551514,0.9979100563671742,0.04015097834420844,-0.05063021172447454,-0.04134925349380833,0.9988835323799592,-0.022845743052926512,0.04965640579791294,0.024891518196736368,0.9984561350831065,162,162,87,128,162,162,87,128,230216_161927
0,0,0,0,-0.1405961342312309,0.19832224529605774,-0.09829911641360978,0.9967703202519853,0.03856601262917029,-0.07043856425737556,-0.04418232328397593,0.9958152984050692,-0.07999883606435812,0.06705856376320618,0.08285260486133483,0.9943030699408041,162,162,83,96,162,162,83,96,230216_161927
0,0,0,0,-0.14068960371231365,0.1959702399379829,-0.11077054281389953,0.9989986583377855,0.042083908289575034,-0.015186352504150794,-0.040676666031253146,0.9956862189973088,0.08339281827246761,0.018630337621405948,-0.08269158338015768,0.9964010299865186,151,162,136,85,151,162,136,85,230216_161928
0,0,0,0,-0.13886089221929004,0.19555999262833282,-0.11576632145078014,0.9972324569854011,0.04891451717640908,-0.05598925561443697,-0.04144856825479182,0.9909712317813331,0.12750699577440874,0.06172068473767817,-0.1248334401960708,0.9902561129749848,78,154,162,92,78,154,162,92,230216_161928
0,0,0,0,-0.14157322718976317,0.1984887254042996,-0.0981469534840671,0.9985534307183127,0.04369670686217339,-0.031331195478117184,-0.04250377747253548,0.9983817306718046,0.03778026947148533,0.03293136652572864,-0.03639392353366362,0.9987947774335696,78,154,162,103,78,154,162,103,230216_161928
0,0,0,0,-0.13801052544244996,0.2002128388001586,-0.10295671647332683,0.997545906997967,0.06724019529362103,-0.019517160871356645,-0.06734578449060051,0.9977181326605451,-0.004803443733526854,0.019149640804681105,0.006106054145785514,0.9997979832745315,87,128,162,162,87,128,162,162,230216_161928
0,0,0,0,-0.1406693937159348,0.1981217768974507,-0.10599437815451995,0.9976308008565349,0.06814400559784414,0.009443499532925207,-0.068631089760957,0.9953060966945225,0.06823157187797098,-0.004749600043250198,-0.06871803536042217,0.997624815707605,83,96,162,162,83,96,162,162,230216_161928
0,0,0,0,-0.1380999385555131,0.1960692530839558,-0.11601366907827826,0.9979480559714424,0.06289345054388723,-0.012003810290974684,-0.06170918156630822,0.9947463623428485,0.08168017823246358,0.01707789487128003,-0.08077182976975471,0.9965863018436543,136,85,151,162,136,85,151,162,230216_161928
0,0,0,0,-0.1407850383933201,0.19858737307225624,-0.10278681787678856,0.9976132848294615,0.06903456825508218,-0.001400827471586951,-0.0688062990489014,0.9956040629107253,0.06354717245362199,0.005781621136315954,-0.06329911769915617,0.9979778527379977,162,92,78,154,162,92,78,154,230216_161928
0,0,0,0,-0.13877153926126115,0.19767768523086468,-0.10507311479651671,0.9963392043804757,0.08050521602053673,-0.028759346445405568,-0.07979226576923494,0.9964945839538465,0.02513440817010975,0.03068198393018199,-0.022747622823859996,0.9992703145385494,162,103,78,154,162,103,78,154,230216_161928
0,0,0,0,-0.14113588343459643,0.1930590295108894,-0.1141160181037919,0.9966384998633525,0.08082577254229095,-0.013375166655627286,-0.07967521119811073,0.9942623456276634,0.07137400638545996,0.019067283777728105,-0.07006841342514523,0.9973599431145319,162,162,87,128,162,162,87,128,230216_161929
0,0,0,0,-0.14048660941592242,0.19547128927556912,-0.10971333139960782,0.9961095363313445,0.08706510323621187,0.013618348953570697,-0.08783579537481366,0.9934099599510909,0.07363100244356544,-0.007117912659431872,-0.0745407222157008,0.9971925671859645,162,162,83,96,162,162,83,96,230216_161929
0,0,0,0,-0.13901289790182472,0.19843586305383581,-0.1029175184944563,0.9964975083633179,0.08343731163188658,-0.0055615513431536735,-0.0830923302398531,0.9954648079894681,0.04631933408202936,0.009401089352319772,-0.04569497874093911,0.9989112014773159,151,162,136,85,151,162,136,85,230216_161929
0,0,0,0,-0.139502017453809,0.19844896326103087,-0.10304789120563518,0.9967247122240747,0.08044646876099967,-0.008259158899091805,-0.08035031062799029,0.9967017166760825,0.011380490188773459,0.00914743810148136,-0.010679589825306153,0.9999011304810805,78,154,162,92,78,154,162,92,230216_161929
0,0,0,0,-0.13884187874704476,0.19852693709261937,-0.10695898048362962,0.9965743585152569,0.08215967941297006,0.00945172093657713,-0.08235260926003957,0.9963548403417988,0.02225039045792924,-0.007589182957881654,-0.022952542478449738,0.9997077498428263,78,154,162,103,78,154,162,103,230216_161929
0,0,0,0,-0.13893573890130817,0.19906768294754434,-0.10520401207619812,0.994479428370042,0.10469048808354801,-0.007111135888385483,-0.10462622057574834,0.9944719868382638,0.008878139556922408,0.008001282199087653,-0.008085115879555276,0.9999353030993477,87,128,162,162,87,128,162,162,230216_161929
0,0,0,0,-0.13989118601562892,0.1992245693585371,-0.09990427740070196,0.9949067590742852,0.09871633650573837,-0.02038689910673989,-0.09836111734609662,0.9949924730306856,0.017750188920299018,0.022037044782138887,-0.015654504756289926,0.9996345858052857,83,96,162,162,83,96,162,162,230216_161929
0,0,0,0,-0.13855758744018187,0.19967372468391345,-0.10201241338910294,0.9951045536385704,0.09751655203743395,-0.0160452300236973,-0.0970507701968393,0.9948961075842859,0.027620338843624026,0.018656777106006828,-0.02592792302454529,0.9994897035365847,136,85,151,162,136,85,151,162,230216_161929
0,0,0,0,-0.13839936190006166,0.19669967055378498,-0.11410840768953034,0.994361152402953,0.1050732629745734,-0.014335550207364812,-0.10325074396866338,0.9900944776702043,0.09514309831450861,0.024190544884091912,-0.09312644465909159,0.995360378377283,162,92,78,154,162,92,78,154,230216_161930
0,0,0,0,-0.1377517884381289,0.197275479385002,-0.10813733076273935,0.9929806219080244,0.11797716331197253,-0.008418637182709451,-0.11758361050925704,0.992351035651383,0.0375967629089997,0.012789802764751548,-0.03634296325959656,0.9992575293520435,162,103,78,154,162,103,78,154,230216_161930
0,0,0,0,-0.13824394081476207,0.19874885026687705,-0.10274952216069555,0.9929986801424299,0.11804001299440817,0.004491833442197666,-0.11811639318710505,0.9926752358601132,0.025384912261740406,-0.0014624964484401522,-0.025737743536429245,0.9996676596058268,162,162,87,128,162,162,87,128,230216_161930
0,0,0,0,-0.1380480972459227,0.19781616652633824,-0.10349410545083759,0.9928239681373923,0.11900325121265373,0.011781107449681855,-0.11898091982591873,0.992893185903901,-0.0025811049918934843,-0.01200454119494731,0.0011608558992997895,0.9999272690572448,162,162,83,96,162,162,83,96,230216_161930
0,0,0,0,-0.1384810941224779,0.19662687381263164,-0.10934501946025799,0.9927733123778782,0.11913278078379227,-0.014440594619955355,-0.11833869091660955,0.9918582744569514,0.04704378411034766,0.019927480081539377,-0.04499493231463665,0.9987884418652435,151,162,136,85,151,162,136,85,230216_161930
0,0,0,0,-0.1377026668326239,0.19892099510994316,-0.10387740444962634,0.9924796733444058,0.1215814601617273,-0.014214307690701191,-0.12043656236489332,0.990641705102343,0.06421873992574122,0.02188909417748346,-0.06202387166942398,0.9978346089905,78,154,162,92,78,154,162,92,230216_161930
0,0,0,0,-0.138618984407674,0.19918548765243424,-0.10210446202313128,0.9923713083966256,0.1222294264719771,0.016098247590992574,-0.1228530162286889,0.9913486653190838,0.046205629241314335,-0.01031128870136396,-0.04783085901804213,0.9988022257939323,78,154,162,103,78,154,162,103,230216_161930
0,0,0,0,-0.1382336822771067,0.19588775987891743,-0.11792177623648292,0.9895999046305874,0.14381887027001689,-0.0028568005509295507,-0.14205703464441743,0.980214876468524,0.13783539044030754,0.02262360853547632,-0.13599606061961256,0.9904510305072028,87,128,162,162,87,128,162,162,230216_161930
0,0,0,0,-0.137412471533871,0.19926597047194597,-0.10631997754507616,0.9913161151774528,0.13123165618150473,0.008403106886331021,-0.13018718340187146,0.9884188866608248,-0.0779705185955758,-0.018537989841707417,0.07619945477518125,0.9969202505840644,83,96,162,162,83,96,162,162,230216_161931
0,0,0,0,-0.137182142380266,0.19872303695654223,-0.10580314504648158,0.989811755184425,0.13073140132312033,-0.056409130527083684,-0.12985052094542582,0.9913510581050369,0.01902424254013903,0.05840831712119283,-0.011505663914688869,0.9982264713926157,136,85,151,162,136,85,151,162,230216_161931
0,0,0,0,-0.14005386685224175,0.19949088591791886,-0.09823496936438314,0.9905926156699576,0.1362244975317046,-0.013006000629964138,-0.1354524395389098,0.9896004265954238,0.048411076264765374,0.019465518310849556,-0.04619396015053846,0.9987428155648983,162,92,78,154,162,92,78,154,230216_161931
0,0,0,0,-0.13857117271885527,0.19593122042413189,-0.11027681972135883,0.9878588660677656,0.15523348277507515,-0.006117724808274689,-0.15439280062320854,0.9853591469877574,0.07232022236747589,0.01725467609175858,-0.07049764019511176,0.9973627017689648,162,103,78,154,162,103,78,154,230216_161931
0,0,0,0,-0.13709583448315,0.19631901992412598,-0.11056615703263883,0.9866311520942473,0.16296022277115457,-0.0017133334625990596,-0.16227469159905109,0.9833416393676149,0.08189105416493764,0.015029776565578475,-0.08051823445771522,0.9966398144446172,162,162,87,128,162,162,87,128,230216_161931
0,0,0,0,-0.13656073668004134,0.19833269261228006,-0.10376149597306583,0.9863708610569084,0.16319320107052027,0.020988177200727653,-0.16421038211908906,0.9844064836798381,0.06307793031956506,-0.010367008351264648,-0.06566470904111174,0.997787888844313,162,162,83,96,162,162,83,96,230216_161931
0,0,0,0,-0.1369345274555337,0.19893978066425988,-0.10309769287753967,0.9871589895893406,0.15816378909620007,-0.022390736738310827,-0.15780211481802947,0.987322657256487,0.017101550425204493,0.024811727709069562,-0.01334864362851685,0.9996030171429905,151,162,136,85,151,162,136,85,230216_161931
0,0,0,0,-0.1363266742887169,0.19731880627103182,-0.11095426790059659,0.9877128317658181,0.15474144599708456,-0.021873428077892627,-0.15521708809260779,0.98763470058831,-0.022030745740691512,0.01819388713824067,0.025155180074304742,0.9995179835231731,78,154,162,92,78,154,162,92,230216_161931
0,0,0,0,-0.1370761160778833,0.19909350056624092,-0.10314971134525597,0.9876812115173456,0.15622484048990476,-0.00892320735671445,-0.15611338330312868,0.987665493936635,0.012061659941892513,0.010697474901933995,-0.01052004281394658,0.9998874400300843,78,154,162,103,78,154,162,103,230216_161932
0,0,0,0,-0.13730153514679522,0.20074358295459246,-0.09904967272981391,0.9839503116228422,0.17843804761905682,-0.0012835182944678386,-0.17841219919555856,0.9838897843719708,0.011400850261290908,0.00329718599980343,-0.010988874845738834,0.9999341844312092,87,128,162,162,87,128,162,162,230216_161932
0,0,0,0,-0.13686055312796983,0.2003330628586188,-0.09980717974704556,0.9837913263884281,0.17928671771188218,-0.0033013595680013385,-0.17931297269812427,0.9834768126926673,-0.024904150618590398,-0.0012181728363190203,0.02509246396772395,0.9996843923493901,83,96,162,162,83,96,162,162,230216_161932
0,0,0,0,-0.13496355506058652,0.19694383404420251,-0.11641098195308586,0.9839238467505047,0.1782292334706803,-0.011322726356424069,-0.17624724766164923,0.9793036509045561,0.09950511050544401,0.02882310683083996,-0.09590985174350486,0.9949726271868774,136,85,151,162,136,85,151,162,230216_161932
0,0,0,0,-0.1373257724564667,0.1987467501047784,-0.10351585278696895,0.9843771317232615,0.17538802468810427,-0.015514616859250851,-0.17504158576025192,0.9843279090144306,0.021424537096875612,0.01902907761350444,-0.018374121238415,0.9996500817155446,162,92,78,154,162,92,78,154,230216_161932
0,0,0,0,-0.13447461142465492,0.19851434412731683,-0.10866091340974005,0.981435105478707,0.19168656916639779,0.0064337341579596774,-0.19179295686213108,0.9810097858200447,0.0289008965845429,-0.0007716424561992044,-0.029598299385700032,0.9995615765131202,162,103,78,154,162,103,78,154,230216_161932
0,0,0,0,-0.13492308637707023,0.19806371417620977,-0.10360822996028385,0.9799481060198467,0.1989745280902652,-0.01052837496347639,-0.19846354309,0.9794011445291974,0.03722391917922918,0.017718114241618624,-0.034388010500089924,0.999251486444512,162,162,87,128,162,162,87,128,230216_161932
0,0,0,0,-0.13431806956869324,0.19780526239333784,-0.10982657696334863,0.9790367271279443,0.20364736092712013,-0.0038521840588035287,-0.20308708244234777,0.9774405653389153,0.05801360336160021,0.015579598186689081,-0.056015119542506424,0.9983083604292714,162,162,83,96,162,162,83,96,230216_161932
0,0,0,0,-0.13519373555952763,0.19872515038897406,-0.1053982349651279,0.981211272752133,0.1929025773854011,-0.0036102440650269867,-0.1927290489732935,0.9808525616756614,0.027995819976238512,0.00894158296889018,-0.02677401524541045,0.9996015207079514,151,162,136,85,151,162,136,85,230216_161933
0,0,0,0,-0.13363154010747275,0.20058841876831227,-0.10366469247737853,0.9808915597631042,0.1945281097761415,-0.003249998834552916,-0.1945510027944954,0.9808437145372505,-0.009773175759416258,0.0012865835221353317,0.010218716146835985,0.9999469598649475,78,154,162,92,78,154,162,92,230216_161933
0,0,0,0,-0.13632106917547535,0.1968194749625835,-0.11248479062555305,0.9816483965862213,0.19017706687347316,-0.014110588758152708,-0.1890926282078629,0.9802931821420858,0.0571773994090826,0.024706344066700227,-0.053459894137056534,0.9982643118341518,78,154,162,103,78,154,162,103,230216_161933
0,0,0,0,-0.1362889489184549,0.1990759431763228,-0.10718156808598023,0.9771493214597508,0.2117680228958317,-0.018262202757038624,-0.21035150644241554,0.9757847566879779,0.059969595236173824,0.03051962169089126,-0.054757767432343264,0.9980331355208956,87,128,162,162,87,128,162,162,230216_161933
0,0,0,0,-0.13418605168282566,0.20023437491615684,-0.10415307731998757,0.9764190617595715,0.21074832329458174,-0.04680769232807967,-0.2090843680132456,0.9771576162521298,0.03803577333190899,0.053754468512482036,-0.027352097341467357,0.9981795028380234,83,96,162,162,83,96,162,162,230216_161933
0,0,0,0,-0.13529466454051509,0.20043183679214224,-0.10154868463250422,0.9785838614284044,0.20553616307253764,-0.01133630545163222,-0.20456192563434228,0.9771392664351766,0.05790744832311493,0.022979223934747314,-0.054348317912734624,0.9982575898070662,136,85,151,162,136,85,151,162,230216_161933
0,0,0,0,-0.1371525687857554,0.19852595505464046,-0.10737891626615004,0.9790501368517072,0.20338502615266896,0.00976527867143762,-0.20359750404542795,0.9785208687566964,0.03232593005794437,-0.0029809188389820383,-0.033636892610901914,0.9994296741533935,162,92,78,154,162,92,78,154,230216_161933
