0,0,0,0,-0.42310888091207827,-0.9764823259400319,0.7121885640450796,-0.7516583652900608,0.6591444530584006,0.023201118331117654,-0.6589502528432731,-0.752010179124277,0.016286643953203117,0.02818272817275833,-0.003046390620610758,0.9995981459251149,180,180,81,97,180,180,81,97,230227_163757
0,0,0,0,-0.42287721586713284,-0.7319630857344166,0.2943820352092319,0.055348813429028254,-0.9910035049953149,0.1218546754909346,0.996926302941313,0.04807297409069138,-0.061862231335772996,0.05544777142287669,0.124904132233798,0.9906182425107859,180,120,180,157,105,157,180,146,230227_163757
0,0,0,0,-0.17396663718531957,-0.19393207076437452,-0.39294742789639336,-0.6939086368038839,0.7198246750309625,-0.018526764033302428,-0.7186678703559873,-0.6907339514729037,0.08001937515763631,0.044802855790297164,0.0688407255859353,0.9966211208949145,150,180,131,175,180,145,175,170,230227_163757
0,0,0,0,-0.24081910460826672,0.019901179298018268,0.4059285224620053,-0.6928913007615171,-0.7193757659105149,0.048991353825682205,0.7209127353722862,-0.6898792958619598,0.06596502951606069,-0.013655522950840103,0.08102508600221923,0.9966185138413154,180,180,180,130,180,180,74,120,230227_163757
0,0,0,0,0.7321905991106801,-0.4245259524498256,-0.29383527243227703,-0.033721241814181575,0.9991573671504753,0.023397297267824815,-0.9912008076393523,-0.036432624998501154,0.12725416602537817,0.12799936244218352,-0.01890025144404223,0.9915941426358602,180,180,180,0,162,180,176,68,230227_163758
0,0,0,0,-0.24208810553593085,0.02137785386751212,0.408297232373815,-0.6939430924887365,-0.7183318425236827,0.049420121445617624,0.7198510806284417,-0.690605349638129,0.06984749651392892,-0.016043880616407526,0.08404531556088879,0.9963327651076407,140,90,180,130,134,94,171,180,230227_163758
0,0,0,0,-0.24386293265455772,0.022164547649995314,0.4038997245039786,-0.6905061372632585,-0.72208200645271,0.04241285605808304,0.7228593373243508,-0.6867657229956892,0.07633623098640144,-0.025993323080656792,0.08336916501583487,0.9961796672688049,180,94,151,180,180,104,154,180,230227_163758
0,0,0,0,-0.34720668419279865,-0.7515370161219611,0.3130840876299108,-0.047312757955857536,-0.9912042522100645,0.1235946331168855,0.9984997489770366,-0.050345666736843486,-0.021530562779841864,0.027563639589220163,0.12239053983666315,0.9920991893611675,180,180,130,140,159,160,180,90,230227_163758
0,0,0,0,-0.1743485880163822,-0.19171076534991793,-0.3948129662088764,-0.6924514792472082,0.7209864068876436,-0.026259283531709744,-0.7204912223182426,-0.6891693077292822,0.07705883366821897,0.037461279352386405,0.07227908665158565,0.9966806841622321,54,170,180,128,67,150,150,96,230227_163759
0,0,0,0,0.7112382206556241,-0.42638259407214496,-0.2889284944476056,-0.028808451197016506,0.9983736675754592,0.04919444106354779,-0.988805083865423,-0.03567155839846665,0.14488632110491975,0.1464055301603127,-0.0444697629108876,0.9882246004452262,161,101,127,180,180,21,180,180,230227_163759
0,0,0,0,-0.24642050898006973,0.027261718735773766,0.40826836799711974,-0.6897871126160533,-0.7231041488870377,0.036250919038855106,0.7231887836908552,-0.6857510389281736,0.08211879049689755,-0.03452133271689607,0.08286074143576282,0.9959630390311506,180,180,114,143,120,0,126,136,230227_163759
0,0,0,0,-0.17301851302776794,-0.19409303683674517,-0.3920242235945721,-0.6927085626909186,0.7210577631259532,-0.015183853610939485,-0.7194265362396158,-0.6893523249475182,0.0849637042725815,0.050796713761318696,0.06977875267764382,0.996268347156429,180,180,180,0,180,180,180,0,230227_163759
0,0,0,0,-0.17392531328067107,-0.1931071525118628,-0.3969093538639279,-0.692329778419582,0.7210920235533242,-0.02656635995510782,-0.7205196979393667,-0.6888462807378188,0.07963771967502702,0.039125986183819475,0.074277150466655,0.9964697999054952,141,92,143,165,165,105,180,177,230227_163800
0,0,0,0,-0.9645259027296681,-0.4338093505733454,-0.6802117558827543,-0.6812492874462722,-0.7301212761749165,0.05312560993210593,0.7282675677872941,-0.683310085775851,-0.05209295908449172,0.07433544284609848,0.0032013674751935227,0.9972281550293108,180,180,91,170,180,142,180,130,230227_163800
0,0,0,0,-0.3411877021149769,-0.7186483461465019,0.33167509660484806,-0.06557286424836493,-0.9901944995525263,0.123349311024373,0.99780276344079,-0.06389276476928081,0.01753168217999639,-0.009478646748802352,0.12422788602427125,0.9922084395880494,0,180,180,130,40,180,180,82,230227_163800
0,0,0,0,-0.17634238945548175,-0.19523469678030242,-0.39372638726603504,-0.690722267610628,0.7228683283476935,-0.019082161791640437,-0.7215982927270588,-0.687317426102551,0.08300999764580702,0.04688979590726777,0.07110650917865399,0.996366002728014,150,180,90,150,180,180,75,170,230227_163800
0,0,0,0,-0.17584741211641086,-0.19469099594271197,-0.39453503678061885,-0.691395829156806,0.7221812639729581,-0.020640479427397333,-0.721080419229259,-0.6880034832906805,0.08181831081149173,0.044886929375136456,0.07145228440232121,0.9964335073776681,178,173,106,22,180,110,91,61,230227_163800
0,0,0,0,0.7026515073417106,-0.43089730813518967,-0.2852279047483659,-0.03951832859371899,0.9991888397719677,0.007743654196039606,-0.9824608274563176,-0.04026775511891353,0.1820693011233145,0.18223343331838932,-0.0004127624403567963,0.9832552086860054,180,180,180,0,180,180,180,0,230227_163801
0,0,0,0,-0.3426969345375279,-0.7137548968595488,0.3621129333071573,-0.044717367880997144,-0.9831769288952864,0.1770973842207424,0.9989757953646187,-0.04278225643182965,0.014732237108719362,-0.0069077699311697474,0.1775747871254103,0.9840830644269534,160,36,180,180,150,63,180,180,230227_163801
0,0,0,0,-0.34642266605991995,-0.7289473238586868,0.3051029271631833,-0.06772461767933957,-0.993190523871306,0.09479430073811412,0.997327874118581,-0.0700016761754528,-0.02090159895173952,0.027395029956174065,0.09312544563580728,0.9952774305231846,180,180,74,170,174,124,158,166,230227_163801
0,0,0,0,-0.17565290658190247,-0.1928367647938608,-0.39786060201928275,-0.6889370742282039,0.7242948356605141,-0.027617001817562842,-0.7238207192836041,-0.6854853960994807,0.0786977640730962,0.03806933266618095,0.07420756544886527,0.9965159121361304,180,180,180,58,175,160,160,0,230227_163801
0,0,0,0,0.6772497333296212,-0.42705529386667423,-0.29101387786748,-0.05804200845700704,0.9964400694078602,0.061141747871121,-0.9704996628813548,-0.070675206958422,0.23051121332499364,0.23401181508943789,-0.045958711903655504,0.9711468824017836,180,180,180,0,180,180,180,180,230227_163802
0,0,0,0,-0.9427014111569718,-0.41542484515680467,-0.6858664758978106,-0.6609726472256339,-0.7465979577221084,0.07554236655490124,0.7441761863707851,-0.6651008369869879,-0.061989356165748896,0.09652441793749912,0.0152435614075626,0.9952138818251286,180,0,180,180,130,141,180,178,230227_163802
0,0,0,0,-0.2559233549964586,-0.9867180196673686,0.6987434752709571,-0.6534750801741037,0.7528444641541978,0.07871170423658158,-0.7554193356589901,-0.6552252456225224,-0.004637328048940794,0.04808270899166946,-0.06249072164156068,0.9968866348811882,180,130,155,115,118,156,180,180,230227_163802
0,0,0,0,-0.30928505993613126,-0.6984936124127654,0.37331481306630043,-0.0953659790585461,-0.9809238231613575,0.1693923941406751,0.995354216879733,-0.09170332058170899,0.02933400644340462,-0.013240580725118755,0.17140290005945974,0.9851120407716416,150,77,180,170,121,23,177,180,230227_163802
0,0,0,0,-0.2511358418491993,-0.9630284912962827,0.7256913053593665,-0.6399754909000226,0.7662438641531403,0.05746052292608336,-0.7662862379088089,-0.6419686869676355,0.02610759553488173,0.0568926413417265,-0.027322986672646144,0.9980063535671745,180,130,137,104,153,173,166,136,230227_163803
0,0,0,0,-0.9385114767971027,-0.40043579728397727,-0.705882284037481,-0.6445416680159152,-0.7623462969692111,0.058259434331217656,0.76373301556997,-0.6455276350511255,0.0024399413315209667,0.035747994624340154,0.04606729732286096,0.9982984949391167,157,90,180,180,100,0,160,162,230227_163803
0,0,0,0,-0.24877921180902107,0.02730161654734764,0.40645110303704546,-0.691474209464281,-0.7216129159729873,0.033737473923070284,0.7215374676998478,-0.6876109183972253,0.08108580397465098,-0.03531430802151714,0.0804115937031892,0.9961359722683819,180,103,180,170,180,175,119,169,230227_163803
0,0,0,0,-0.2840436791890414,-0.7247351057201677,0.30451222389857113,-0.1300601738836929,-0.9815450069764663,0.14019183445875952,0.9899091561163805,-0.13656783071916515,-0.03780331003519486,0.05625134492880195,0.13386047546692134,0.9894024253565737,62,170,160,180,129,180,180,152,230227_163803
0,0,0,0,-0.2401821611057844,0.020345613918528516,0.4048900293821731,-0.6928422144702641,-0.719733901423069,0.04419023636811264,0.7208210726065074,-0.6896117121620341,0.06966109197644754,-0.01966334494294065,0.08011739880497667,0.9965914685940169,180,180,180,180,170,180,155,180,230227_163803
0,0,0,0,-0.9245563454409657,-0.4046309676044133,-0.6950595460422868,-0.6439332459694029,-0.7631541388159411,0.05427462706834479,0.763882751904128,-0.6452742582083029,-0.010211416997656689,0.042814904865995616,0.034883980590289285,0.9984738313143174,180,180,168,150,180,172,117,134,230227_163804
0,0,0,0,0.6660562579690803,-0.4219777492690763,-0.29527537459180997,-0.10700063264530901,0.9939370387714803,0.025298766208710636,-0.9864539037586855,-0.10930828388564319,0.12231269285411393,0.12433648045828194,-0.011868531170919327,0.9921691275156126,180,180,180,0,180,170,170,0,230227_163804
0,0,0,0,-0.1736991017643631,-0.19473463822201212,-0.3946256247720441,-0.6907509639749204,0.7227383340838696,-0.022636391350918404,-0.7216202146014843,-0.6870096126819644,0.08533497501661268,0.04612343922808342,0.07528009383795384,0.996095143962424,55,116,165,125,92,119,0,180,230227_163804
0,0,0,0,-0.27492615863722525,-0.9628285327214112,0.6960492904011153,-0.6437009568037572,0.7651735413225146,0.012590864540952105,-0.7650210448790115,-0.6438240528386301,0.015277103084833635,0.019795936506069266,0.00020160952584777383,0.9998040209218239,0,60,87,87,80,0,108,117,230227_163804
0,0,0,0,-0.17694302519521132,-0.19551079684492179,-0.39225947139089157,-0.6920757518612586,0.7215690842843712,-0.0192148455806429,-0.7201177346397756,-0.688364586531,0.08708986317180717,0.0496145335859558,0.07410973360510822,0.9960151331390642,180,180,180,0,180,180,180,0,230227_163805
0,0,0,0,-0.31948149525298986,-0.6916979608521076,0.33936334569968674,-0.10333090931524783,-0.9899918712252781,0.09611877073681488,0.9941637591172319,-0.09978526265911672,0.041003919494926086,-0.031002310203908052,0.09979477072433911,0.994524942119652,170,80,169,170,150,95,180,180,230227_163805
0,0,0,0,-0.17705894422752622,-0.19476803243281932,-0.3937568316763007,-0.690910095107536,0.7226618492943552,-0.020077152511202193,-0.7214427512607814,-0.6874257536324285,0.08346370406447357,0.0465144830323829,0.07215043185837668,0.9963085456076746,180,150,150,84,160,180,179,168,230227_163805
0,0,0,0,-0.30297740357325376,-0.6966642255146841,0.3331629116576067,-0.11231283139363858,-0.9814265215762573,0.1555243088750845,0.9936711990093382,-0.1112178750848649,0.015752222730509812,0.001837433995630354,0.1563092032106107,0.9877064628866087,150,121,180,180,126,66,135,180,230227_163805
0,0,0,0,0.6519562451060191,-0.41657490120129415,-0.29381511885207967,-0.09280969314479534,0.9956664586365458,0.00588761450249421,-0.991686696552668,-0.0929648053778923,0.08896651528248278,0.08912831614490817,0.002418286006974841,0.9960172162939565,180,130,134,94,180,110,156,126,230227_163806
0,0,0,0,-0.17629958540907875,-0.19371980945930517,-0.39612687005171665,-0.6903202351468317,0.7228629001950301,-0.030449966641247685,-0.7225280577475908,-0.6865930457863999,0.08089001944151969,0.037565658710020766,0.07784097249768124,0.9962578001131522,74,142,180,119,119,149,180,137,230227_163806
0,0,0,0,-0.17658529659765865,-0.1968613231340401,-0.3887433572257777,-0.6868520102399381,0.7266623836704634,-0.01400343485419523,-0.7247965407832755,-0.6834054058913351,0.08733284414867866,0.05389146962139579,0.07013438070489582,0.9960807588469858,180,166,84,121,150,180,84,154,230227_163806
0,0,0,0,0.6475548811119466,-0.41191617915334844,-0.2831915623870611,-0.11481547150732029,0.9929220429881049,0.03038460220044079,-0.9905812300840251,-0.11673482394477565,0.0715668043425251,0.0746071987664105,-0.02188144023846724,0.9969729025732443,180,180,180,0,180,180,166,38,230227_163806
0,0,0,0,-0.1752885477909799,-0.19418194416739265,-0.39394248017627587,-0.689324040792035,0.7241478785703531,-0.02102895024000453,-0.7230851875950784,-0.6859495001968244,0.08137010913299558,0.044499194000901916,0.07129609485646671,0.996462085877575,54,133,180,132,116,133,171,173,230227_163806
0,0,0,0,-0.17589450716005672,-0.19276329304971607,-0.3977139704445878,-0.6910818399911546,0.7222782997813205,-0.02683184860282045,-0.7218269075687485,-0.6877957891527279,0.07683012386762202,0.03703789875489085,0.07246385367051127,0.9966830910409996,180,180,103,113,180,180,142,130,230227_163807
0,0,0,0,-0.244248595692255,0.020774949619625338,0.40476498814609996,-0.689203203594987,-0.7230404822732659,0.04702557972476323,0.7243227677410845,-0.6858284621700468,0.07068131725825738,-0.018853972692830828,0.08277548834957411,0.9963898565532406,102,102,180,163,110,125,167,127,230227_163807
0,0,0,0,-0.17865347968394873,-0.19449453525473995,-0.4020668211689411,-0.6882233780923324,0.7242018958919305,-0.04336122500243466,-0.7249983357690096,-0.6842994070502941,0.07817758401729481,0.026944294003435128,0.08524045692715053,0.9959960188291453,0,180,64,90,180,180,122,110,230227_163807
0,0,0,0,0.6557737019983937,-0.4063865707926174,-0.2897613181269396,-0.10663685986014264,0.9941938053541791,-0.014396441037493156,-0.9925863261043258,-0.10559289725683778,0.06018741795113143,0.058317796167941645,0.020707907771781504,0.998083271679187,180,180,180,0,180,180,180,0,230227_163807
0,0,0,0,-0.17580786367975876,-0.19545260689462018,-0.39819971354014494,-0.6875673826140939,0.7253029700372408,-0.034448454542415026,-0.7251312601327512,-0.6833817854032928,0.08469941533030623,0.03789129112990915,0.08321620655956993,0.9958108821570205,171,80,146,150,141,89,180,110,230227_163808
0,0,0,0,-0.17470873614497273,-0.19692821364142538,-0.38718824468106816,-0.6886350541992449,0.724981074330282,-0.013572177088162335,-0.7230628670125059,-0.6851675573645842,0.08789487290340016,0.05442290396201491,0.07034102784263678,0.9960372921363851,180,180,108,78,180,180,81,113,230227_163808
0,0,0,0,-0.3077843026406843,-0.6777020391828913,0.3428429598622056,-0.08245172735015512,-0.9802350891382271,0.17983571024451311,0.9965943972461452,-0.08130618946797516,0.013744487323680471,0.0011489275733611425,0.18035651797584265,0.9836006335851257,124,84,180,150,89,59,160,177,230227_163808
0,0,0,0,-0.17547684992113366,-0.19509623870000803,-0.3941080051865362,-0.6932215529865461,0.7205452430747536,-0.016075794141046703,-0.7189558147411101,-0.6897865669390608,0.0854226464140065,0.05046201467309734,0.07077460528162477,0.996215107455394,180,120,122,82,0,100,90,0,230227_163808
0,0,0,0,-0.2744292042296007,-0.9079280527996445,0.7492492612428747,-0.65399920911712,0.755350336388121,0.041604131916598945,-0.7536054302575632,-0.6553173767329572,0.05136137885753685,0.06605974538623573,0.0022372014184928925,0.9978131613530254,180,180,180,180,78,180,180,136,230227_163809
0,0,0,0,-0.2926637480949092,-0.8763349829940806,0.7708559615049189,-0.6671365050412834,0.7444895737208531,0.02577126815357797,-0.7408004792097236,-0.6666762665984662,0.08220344005560493,0.07838069688352035,0.03574954790305405,0.9962823074715224,150,180,133,180,170,118,180,180,230227_163809
0,0,0,0,-0.24032090495145086,0.019801763350200785,0.40352750578712127,-0.691162015364437,-0.7209744087886999,0.04990962221009564,0.7225020627868051,-0.6877075933933947,0.07105656379165519,-0.016906737892966744,0.08517140283481632,0.996222863797538,180,180,118,159,180,177,123,142,230227_163809
0,0,0,0,0.6284893052855546,-0.41522219716810116,-0.29894166484116114,-0.12494150190906012,0.9911520185032966,0.04480287175562583,-0.9849398256796565,-0.12934463735584514,0.11473231705763436,0.11951217883896624,-0.029793304686246854,0.9923856095817974,180,180,180,0,180,180,180,0,230227_163809
0,0,0,0,-0.17390243498175773,-0.1939550447167652,-0.3945263620391728,-0.6893070962476731,0.7240072968732147,-0.025868149082273383,-0.7230138261913265,-0.6852214229541455,0.08787837425029205,0.04589917427122131,0.07927821642189721,0.995795275245963,107,90,180,80,145,115,180,100,230227_163809
0,0,0,0,-0.24246543397324694,0.022879247801489866,0.4031813131039004,-0.6887408031728862,-0.7235992402847444,0.04516907685693795,0.7245396517799608,-0.6847209055845267,0.07873737647444244,-0.02604609458902083,0.08695643112988152,0.9958715680457064,180,106,180,170,160,180,123,166,230227_163810
0,0,0,0,0.6245243014435163,-0.4056355699613737,-0.29533467398705526,-0.12988098920506388,0.9909656349314925,0.03343709060215744,-0.9890381490917258,-0.13187006314510458,0.06643663211902819,0.07024577057963789,-0.024441702701097856,0.9972302316339713,180,180,180,0,180,180,180,63,230227_163810
