0,0,0,0,-0.08664816573335409,0.12260245881044549,-0.2113634933077585,0.9885792410094936,0.10525045266957093,0.10785836294855822,-0.10627408068013916,0.9943297249697371,0.00377065209188309,-0.10684991352679585,-0.015190136749127453,0.994159119922389,162,162,83,96,162,162,83,96,230201_170531
0,0,0,0,-0.0890108718767049,0.12005978944864275,-0.2117802994776935,0.9883505462256575,0.10271755149279511,0.11230450743745035,-0.10393620904699082,0.994571219195728,0.005035314931981052,-0.11117761566243248,-0.016649161025379857,0.9936610806571662,162,162,142,107,152,162,148,115,230201_170532
0,0,0,0,-0.08444312335773076,0.12128943101232612,-0.21495723916207543,0.9872777532605662,0.10999661253861753,0.11481891458639126,-0.11058129544489889,0.9938662523358188,-0.0012843541888498127,-0.11425591894731642,-0.0114288099985819,0.9933856085566776,162,138,162,146,155,95,162,162,230201_170532
0,0,0,0,-0.08817018177015859,0.12163552010252207,-0.21255331909462827,0.9853184240117298,0.11063474416295643,0.13002906093269384,-0.11076678885704176,0.993826844219345,-0.006238765528308147,-0.12991659551166107,-0.008255730919479818,0.991490555233707,72,147,138,162,52,146,162,162,230201_170532
0,0,0,0,-0.08731136980324684,0.12091158699262525,-0.21227107508941,0.988188754070834,0.10543267600565116,0.11120673162276841,-0.10582629791394131,0.9943817979044813,-0.0023737451593185024,-0.11083222003443197,-0.009422888439278188,0.993794459722784,146,30,123,162,162,123,162,146,230201_170533
0,0,0,0,-0.08561307916561085,0.11736849236024463,-0.21593072698711557,0.9924664298203337,0.09345703097358903,0.0792222761682789,-0.09561452146628993,0.995131862980294,0.023883855763681173,-0.0766044970250037,-0.03127872508542476,0.9965708165467101,88,121,162,144,125,122,162,137,230201_170533
0,0,0,0,-0.08799142652615635,0.12396394153412855,-0.2103578035536049,0.9887507727015431,0.1012670854316626,0.11007673182956385,-0.1020275456666499,0.9947807461539252,0.001283357580220437,-0.10937225154188354,-0.012499779582671787,0.993922263611719,138,162,112,149,162,139,125,156,230201_170533
0,0,0,0,-0.08813513968538776,0.12164138922308312,-0.21192340780361807,0.9897697734873646,0.10024939133165098,0.10151775720732198,-0.10204973790722381,0.9946984070235237,0.01268582113744681,-0.09970780553115278,-0.022915902829648335,0.994752841118669,49,114,162,154,108,116,162,161,230201_170534
0,0,0,0,-0.08594688265967848,0.12473846699287372,-0.20894519741521667,0.9906032455216678,0.10631737909129002,0.08603385882950726,-0.10523870511249764,0.9943018336159591,-0.016990544846668777,-0.0873500137846665,0.007776796969242802,0.996147326714637,162,162,99,136,162,162,108,141,230201_170534
0,0,0,0,-0.08847002458619514,0.12396104369489659,-0.20998049670860708,0.9888342750649387,0.09755443137192767,0.1126494978972207,-0.09731123147964796,0.9952244547498778,-0.007668695829386019,-0.11285965038360894,-0.0033789920847981224,0.9936051940925935,112,88,162,162,112,96,161,161,230201_170534
0,0,0,0,-0.09059975818012103,0.12222761833932806,-0.21022274884490777,0.988402633416725,0.10428716676371183,0.11038306529211121,-0.10549074244021815,0.9944071853007311,0.00510422194759046,-0.10923340841654774,-0.016689417925033694,0.9938760112886452,162,162,110,118,162,162,122,130,230201_170535
0,0,0,0,-0.08667081091175913,0.1230569015986642,-0.2101866055808964,0.9904332022311111,0.10367853287156499,0.09106499733611653,-0.10407569021876135,0.9945693032759325,-0.0003894697853171604,-0.09061083060934558,-0.009091908645882081,0.9958448747538241,138,81,162,162,142,94,162,162,230201_170535
0,0,0,0,-0.08689725107789963,0.12528365711393907,-0.20987868870059312,0.9896979151655607,0.11151173513432261,0.08979515379059119,-0.11042397149070413,0.9937390459893017,-0.017007498243211263,-0.09112948610171917,0.006916748051312514,0.9958150306955761,144,162,136,38,162,162,140,55,230201_170535
0,0,0,0,-0.08646649167330492,0.12408716326438651,-0.21208392609106874,0.9871641519209748,0.11877577546832413,0.10676728114942631,-0.1198899685726909,0.9927789020313807,0.004055504531563137,-0.10551460845675142,-0.016803774673108573,0.9942757668569389,162,114,120,162,160,96,162,162,230201_170536
0,0,0,0,-0.08909050291444237,0.12275072415963528,-0.21203501342074205,0.9892332550595253,0.10608914151549513,0.10081002498184609,-0.10802846779098396,0.9940497595358373,0.013961579906169013,-0.09872900906556042,-0.024701611673112914,0.994807726723955,162,162,162,18,162,162,162,18,230201_170536
0,0,0,0,-0.08699929995167704,0.12045021266567671,-0.21311436282316287,0.9899772010942303,0.11921327185527232,0.07571880299631159,-0.12076338119613808,0.9925488327274572,0.01621790410126869,-0.07322122011896211,-0.025199413979747492,0.9969973131655712,162,144,120,160,162,124,115,162,230201_170536
0,0,0,0,-0.0861221935848707,0.1225448176725942,-0.21530595662593055,0.9879115822314862,0.1108295500190773,0.1083859609702792,-0.11332600116377226,0.993410142632712,0.017132016071784342,-0.10577297931471312,-0.029207864643346144,0.9939612555275308,18,162,162,144,69,154,162,117,230201_170537
0,0,0,0,-0.08637251724799629,0.12622657883802213,-0.2106025691553608,0.9895082404428182,0.10969370181418882,0.09402517683077288,-0.11231119610512989,0.9934069138085692,0.022997800476741766,-0.09088254686788522,-0.03331659315765627,0.995304158182399,138,104,98,146,162,162,120,153,230201_170537
0,0,0,0,-0.08777501071778111,0.1227616251099523,-0.21221293259088791,0.9882610313825462,0.10613221422331483,0.10989125058330258,-0.10718984382619023,0.9942315181314542,0.003745094730666527,-0.10885986970055923,-0.015480357169042766,0.9939365610091503,52,122,162,144,70,120,162,139,230201_170537
0,0,0,0,-0.08465903874895056,0.12606875430179887,-0.21009877022815093,0.991435414577919,0.10560311693173054,0.07683619209078517,-0.10578270481640012,0.9943877464910864,-0.0017403994096788194,-0.07658875950448034,-0.006402446616889677,0.9970422110396745,162,162,108,132,162,162,162,122,230201_170538
0,0,0,0,-0.08593121882887662,0.12367574704138645,-0.2144009008553197,0.9882323318155568,0.10448670126239266,0.11171117944812237,-0.10757732176155305,0.9939535126711947,0.02198941770954906,-0.10873811749795173,-0.0337482430342272,0.9934973970248258,40,18,162,162,110,86,162,106,230201_170538
0,0,0,0,-0.08716069980663133,0.12261951789202899,-0.2117588054528302,0.9914849386345036,0.0999095965140604,0.08352059018789253,-0.09964719972523185,0.9949959435533559,-0.007314909383382764,-0.08383347808516597,-0.0010699704505219524,0.996479203553882,162,162,113,121,162,162,148,120,230201_170538
0,0,0,0,-0.08974588041034505,0.12568302616940757,-0.21012612266428254,0.9902191586913298,0.08764877339519367,0.10855279951688873,-0.08782060294962675,0.9961311473438538,-0.0032060862404280355,-0.10841383425651846,-0.006358444285754597,0.9940855147964209,137,80,157,162,130,82,162,162,230201_170539
0,0,0,0,-0.08593427169425046,0.12720953531484047,-0.21060852054981738,0.9909055904813798,0.102145164353894,0.08759267179316267,-0.10099024367611614,0.9947329905669662,-0.017528495655306193,-0.08892177143415123,0.008523079068937874,0.9960021464275051,137,161,118,51,162,162,104,56,230201_170539
0,0,0,0,-0.08527879078609182,0.12422231359135813,-0.21150915743171272,0.9916625280197956,0.10090098146086017,0.08015249504302771,-0.10171593274810953,0.994794536470585,0.006139970151074401,-0.07911573513890581,-0.014241564117370294,0.9967637023411924,162,94,120,162,162,103,150,162,230201_170539
0,0,0,0,-0.08631075563668368,0.12553014648484237,-0.21273480535789124,0.9906917093629047,0.09835497952958852,0.09410757143471174,-0.09872160217591168,0.995114798799761,-0.0007631995358880811,-0.09372290148851661,-0.008534354776124915,0.9955617421963989,162,162,162,18,162,162,162,18,230201_170540
0,0,0,0,-0.08964536349086377,0.12228548442515305,-0.21364831719593846,0.9880021713122036,0.10008370930034322,0.11762210938023678,-0.10317200535599559,0.9944532452735213,0.020451901520005526,-0.11492278622272607,-0.032341832008190095,0.9928478025906889,162,162,162,154,162,113,131,154,230201_170540
0,0,0,0,-0.0870466534640395,0.12514917941514017,-0.21244125280149662,0.9910201913109888,0.09813426011352924,0.09082206453225869,-0.09875933645697546,0.9951084453422115,0.0024032210022954803,-0.09014196512451632,-0.01135116736631588,0.9958642362907267,162,162,162,65,162,162,162,18,230201_170540
0,0,0,0,-0.0884042677164162,0.12454640259365066,-0.21117805080730367,0.9906536555462769,0.09419070003181226,0.09865823219739246,-0.09532497377672339,0.9954227306150241,0.006836428116890128,-0.0975627189415324,-0.016177125901950837,0.9950978929081742,162,142,103,152,138,162,120,153,230201_170541
0,0,0,0,-0.0845052770970223,0.12707966269777876,-0.21143754905783696,0.9915491559405886,0.1034436953402284,0.07829222980516218,-0.1027342666394496,0.9946232763641765,-0.013046400754405699,-0.07922084202759275,0.0048928528434930355,0.9968450823370153,66,130,162,162,96,134,162,121,230201_170541
0,0,0,0,-0.08721534048450191,0.1262992977046384,-0.21134540885553887,0.9902748563241528,0.10174451186990076,0.09488816173018841,-0.10179032400938756,0.994796277066737,-0.0043700197053419465,-0.09483901554867968,-0.005331176091329775,0.9954783471734785,162,162,99,136,162,137,106,142,230201_170541
0,0,0,0,-0.08822467300740189,0.1255883978181356,-0.21146103876249067,0.9895760571391996,0.09992096475097986,0.10370645081223737,-0.10015674633799883,0.9949673137322087,-0.0029446166981299702,-0.10347875772265219,-0.007472978505693699,0.9946035900259109,72,101,82,162,100,100,18,18,230201_170542
0,0,0,0,-0.08761377933701713,0.1269940490162113,-0.21116360221393082,0.9923044358857619,0.09605538475796283,0.07813622450848343,-0.09447702072636563,0.9952458318320248,-0.02366065881695338,-0.08003748544344871,0.01609649899767448,0.9966618803003894,122,162,100,120,162,162,113,124,230201_170542
0,0,0,0,-0.09100533991737844,0.12645163525106123,-0.20976285410157103,0.9885269529276758,0.09254529705452083,0.11937265737435851,-0.09331715224436113,0.9956360450117222,0.0008803240416981892,-0.11877025062080256,-0.012009740484545863,0.9928491293751359,128,76,162,130,124,71,162,162,230201_170542
0,0,0,0,-0.0933404146889232,0.12334306849142068,-0.21063936826695306,0.9884361919591534,0.10388812138077791,0.1104588279009954,-0.10423717978511028,0.9945490014610142,-0.0026256510327751503,-0.11012949094468549,-0.00891862819451873,0.9938772325068084,128,161,130,44,150,162,110,26,230201_170543
0,0,0,0,-0.08937156714451182,0.1236268967043655,-0.21125295682834366,0.9909433700960802,0.10104088416728242,0.08844194134751361,-0.1014714557959974,0.9948383805665418,0.000374446767513531,-0.08794760327185833,-0.009345388083677844,0.9960812631509044,162,122,162,154,162,104,120,162,230201_170543
0,0,0,0,-0.0876172685490925,0.12511587630538284,-0.21326224049684195,0.9906312519812833,0.09733110649542692,0.09579341473384981,-0.09864512605858496,0.9950813663723046,0.009067160719586383,-0.0944397252372188,-0.01843176624756222,0.9953599390623042,162,162,162,18,162,162,162,18,230201_170543
0,0,0,0,-0.08942593396071098,0.12357981167067766,-0.21169797435054583,0.9899244540533256,0.10198357098850433,0.09822894947853646,-0.10271654327536363,0.9947077221279473,0.0024205942639352724,-0.09746223373586584,-0.01248594359521631,0.9951608986529527,162,162,119,160,146,162,127,162,230201_170544
0,0,0,0,-0.08847080790483898,0.12474618001771318,-0.2146660660596036,0.989044434717519,0.0987097594232612,0.10976105661347117,-0.09994360843407941,0.9949762945344517,0.005783463293405427,-0.10863876512313247,-0.016690018247223295,0.9939411763295795,18,162,154,162,95,156,154,162,230201_170544
0,0,0,0,-0.08612513143283933,0.1268073058792763,-0.2114878085960442,0.9911808949683446,0.10503855972804294,0.0807919205119645,-0.10528838159447455,0.9944410385874063,-0.0011736585601599932,-0.08046608074816086,-0.0073431426145675474,0.9967302985790952,162,155,98,135,162,152,117,141,230201_170544
0,0,0,0,-0.08820923138894927,0.12531416184513372,-0.2113701141312897,0.9906644622393255,0.09923765709773491,0.09346555873594145,-0.09976414709840707,0.9950106442465303,0.0009658104535574504,-0.09290338104609946,-0.010281305843965872,0.9956220450252927,80,100,18,18,58,98,18,162,230201_170545
