0,0,0,0,-0.03747202570846479,0.14004131953965088,-0.2249962617479112,0.9793212818709677,-0.1958386869423193,0.05076451094331735,0.198781470181403,0.9781177306225712,-0.06141361538186301,-0.03762650644327758,0.07023470465844914,0.9968206118828074,162,162,83,96,162,162,83,96,230201_154813
0,0,0,0,-0.03891692295729923,0.13700631039564104,-0.22834096191376652,0.9789580874952588,-0.19608713157126453,0.05648804970769158,0.19756705274943656,0.9800453103887702,-0.021873482870335987,-0.05107173969551355,0.03257340045391674,0.9981636393835143,162,162,141,112,156,162,146,114,230201_154813
0,0,0,0,-0.04247594535582344,0.13494902746112347,-0.2298703037479527,0.9776766789378698,-0.1973385220446276,0.07215136296883123,0.19854096009258107,0.9800433907386307,-0.009820358193230173,-0.0687735314385862,0.023926136060157612,0.9973453471023447,18,82,162,162,50,18,162,162,230201_154813
0,0,0,0,-0.040372812496273086,0.13804661419091985,-0.22721535939829007,0.9796056618843858,-0.19088498375256557,0.06273491995561963,0.19274742489040833,0.9809284201857008,-0.02505722790136858,-0.056755417381705316,0.036638196595459624,0.9977156233857726,130,162,106,140,162,146,131,148,230201_154813
0,0,0,0,-0.03921966826179445,0.1365308500918178,-0.2273626678615983,0.9801976286316353,-0.19197076644769687,0.04857811909082491,0.1939114572333829,0.980244577495194,-0.038973260639753954,-0.04013671110771746,0.0476213515216882,0.9980587414078911,98,150,162,141,80,156,162,140,230201_154813
0,0,0,0,-0.0400370137274385,0.13692276126204034,-0.22876430726676966,0.9777501431109489,-0.19931773378309034,0.06539953093173986,0.20107795935606396,0.9793399055828492,-0.021470994252168127,-0.05976882053144084,0.03414367192538978,0.9976281360104735,124,84,162,162,122,74,162,162,230201_154813
0,0,0,0,-0.040729433128086016,0.13620083322613033,-0.22905128760027094,0.9775682356817861,-0.1996911139256593,0.06696120970478181,0.20270314760227864,0.9783550966674053,-0.041626178986806796,-0.05719946274334382,0.054265678324722504,0.9968868830603754,138,162,112,149,162,162,116,155,230201_154814
0,0,0,0,-0.04226249428190103,0.13854474749283677,-0.22551872030502773,0.982276736028227,-0.18355184385701856,0.0379622769920681,0.1860097657876115,0.9795389319538641,-0.07683650056009389,-0.023082046906021062,0.08253606123005901,0.9963207403779448,120,162,162,94,162,162,162,80,230201_154814
0,0,0,0,-0.0387195811410083,0.14083075213021223,-0.2239660279949457,0.9805448888747835,-0.19381077678271244,0.031130430520959575,0.19524184916845433,0.9793472236363073,-0.0525322366660634,-0.020306187106921694,0.05758817898439118,0.9981338890181218,114,18,159,162,116,88,162,158,230201_154814
0,0,0,0,-0.038741891334348355,0.14045570604551158,-0.22534480074274255,0.9796265209032947,-0.19552636820658983,0.04584014483886642,0.19754236849214213,0.9792812760679225,-0.04455552707910323,-0.03617861513963608,0.05270314676300696,0.9979546513383536,146,162,135,146,138,162,142,158,230201_154814
0,0,0,0,-0.03849178063578425,0.14130190787570185,-0.22513211796210508,0.9794784886812797,-0.19718477456380917,0.04171396517782006,0.19922622547526,0.9785575268030474,-0.0522884099966994,-0.030509036260056875,0.05952588863109777,0.9977604257982778,162,162,162,18,162,162,162,18,230201_154814
0,0,0,0,-0.039026967145527745,0.14018892615869663,-0.22490973788853885,0.9797804908570378,-0.19656656582307203,0.03730649992248188,0.1984675537916783,0.9784533348377062,-0.05691837697017758,-0.025314419367024176,0.06317164510677091,0.9976815741641293,128,89,162,162,120,88,162,162,230201_154814
0,0,0,0,-0.04327119156129307,0.13900708303546802,-0.2251786060515667,0.9796191076468882,-0.18681488652203043,0.07380109827689066,0.18885732766862193,0.9817652255015633,-0.02167837128871587,-0.0684055094197907,0.0351744249366727,0.9970373343618548,162,145,112,153,138,162,123,162,230201_154814
0,0,0,0,-0.03721171314513702,0.1415525555491035,-0.22450919505457023,0.9783245414488525,-0.20041539336999611,0.0521033751233377,0.20311912152797992,0.9777118816532391,-0.0531234312124543,-0.040295335568715146,0.06255514826480914,0.9972277269294975,162,162,162,18,162,162,162,18,230201_154815
0,0,0,0,-0.04077360904103232,0.13541052382708763,-0.2315324058657643,0.9774833276415628,-0.20061279276231922,0.06542821687070847,0.20237205692290974,0.9790747912838319,-0.02140335602920002,-0.05976533074925809,0.03416226650304304,0.9976277085104478,136,78,162,138,138,110,162,162,230201_154815
0,0,0,0,-0.04179503013301764,0.1385043082032159,-0.2268251736903727,0.9781809404712275,-0.19192990297861026,0.07952961738526393,0.19611007683870654,0.9793808101088362,-0.048518723735041173,-0.06857758716331307,0.06305665018998327,0.9956510299325142,162,137,101,148,162,162,115,154,230201_154815
0,0,0,0,-0.03805345015069432,0.140801203892995,-0.22593171636302556,0.9764363890768519,-0.207871625107752,0.057977284876238065,0.21067987435228883,0.9764048290564252,-0.04740886349827636,-0.04675434342884055,0.058506386577507064,0.9971915734201635,162,162,162,18,162,162,162,18,230201_154815
0,0,0,0,-0.0386583554126636,0.1396861237026295,-0.22672664504868012,0.9762306613368656,-0.20804769839288598,0.06074414423802033,0.2111373409456653,0.9761867199071073,-0.04980473005043737,-0.04893586746120481,0.06144626164727807,0.9969100449917202,146,82,162,146,138,128,162,162,230201_154815
0,0,0,0,-0.03961401089370498,0.13952263062953663,-0.22667649800044454,0.9767635835124592,-0.1992449332746393,0.07895795392665739,0.20288371101083696,0.9783429014518619,-0.0410288555193224,-0.06907316215702612,0.05609477465093122,0.9960332697889617,162,156,103,138,162,160,113,145,230201_154815
0,0,0,0,-0.03804811315142453,0.1405348856419041,-0.2250494461995799,0.9765801426905221,-0.21215708695733979,0.03578540703044939,0.21382939327043957,0.9754763677583935,-0.05218090185582314,-0.02383727073628017,0.05861080445333664,0.9979962715988362,145,162,162,130,162,162,162,18,230201_154815
0,0,0,0,-0.041149629398545724,0.13524326593825492,-0.23146521645218276,0.9753003539356497,-0.21246716255969564,0.06038977104467908,0.21427573353555027,0.9764489240037575,-0.025167614700379513,-0.05362023527362487,0.03748604601363873,0.997857538290644,150,88,162,146,146,125,162,146,230201_154816
0,0,0,0,-0.040219496410216674,0.13783006406481443,-0.22887536717923018,0.9743031546463146,-0.21350574446124213,0.07175416314257253,0.21487915889964315,0.9765680262950887,-0.011909537719672724,-0.0675300667615699,0.027021974394280168,0.9973512435361039,162,156,101,144,162,162,112,150,230201_154816
0,0,0,0,-0.042355845127554165,0.13363908532703406,-0.23313856817907386,0.9747120734242766,-0.21311615100602205,0.06721517761135411,0.21397037134485214,0.9768235639019817,-0.005692555873924352,-0.0644441937453901,0.01993065945246801,0.9977222633109358,162,162,162,18,162,162,162,18,230201_154816
0,0,0,0,-0.0408994821005946,0.13579320939203288,-0.23001886934299243,0.9753636815287928,-0.21320606804092745,0.05664681195908975,0.21522970838217884,0.9760276620186605,-0.03234463794988877,-0.048392782357738,0.043739861967254386,0.9978702135502202,146,132,162,162,146,80,140,146,230201_154816
0,0,0,0,-0.04094788505394436,0.13936187035416864,-0.22555286183298107,0.974915369444323,-0.2119501670117635,0.06794960724628546,0.21470711051538885,0.9760095083795913,-0.03614272052240723,-0.05865900711204968,0.04982535756333104,0.9970338783754114,162,135,102,138,162,162,121,143,230201_154816
0,0,0,0,-0.03959614239936818,0.13908279976736923,-0.22692149563920438,0.9750733837756668,-0.21484745126275354,0.05542985601793857,0.2163432225113872,0.9760581829492944,-0.0224951899549692,-0.04926973031851348,0.03392633466233126,0.9982091451648399,162,162,162,18,162,162,162,18,230201_154816
0,0,0,0,-0.03781799516048566,0.14040034249510952,-0.22516922247123627,0.9758547153755156,-0.21508722062382238,0.038013971164447456,0.21696904869914294,0.9746070071651065,-0.055367982546450076,-0.025139737189578546,0.062278962009609376,0.9977421132261807,162,98,158,162,153,97,162,162,230201_154816
0,0,0,0,-0.04104082209971132,0.1373321599116679,-0.22739256108283,0.9752217293541603,-0.20981813229297416,0.07013508363556832,0.21179903727949603,0.97706491022166,-0.02203018431651221,-0.06390419706841456,0.03633885764067025,0.9972942098610681,162,162,90,130,162,162,162,122,230201_154816
0,0,0,0,-0.040109053214235774,0.13788478845381574,-0.22861584203094776,0.9729523580658601,-0.22291365883546976,0.06060700981458301,0.2257435788764529,0.9731627025968772,-0.044656364276468824,-0.049025967916317754,0.05713015822598269,0.9971622733993413,53,162,162,93,100,162,162,162,230201_154817
0,0,0,0,-0.038955800642006155,0.13932246643940796,-0.2273433076362099,0.9728385485087224,-0.22391563834266173,0.05871069273173179,0.22672821168548063,0.9728432656194228,-0.046586463321877644,-0.04668486437107123,0.05863247772809162,0.9971874227015299,154,132,162,154,161,112,153,162,230201_154817
0,0,0,0,-0.035585891148746385,0.14096996891305855,-0.22534021719857833,0.9746291069504179,-0.2214155775467025,0.032760431997944164,0.2227999507096349,0.9737119259203961,-0.04738425143628687,-0.021407611936318783,0.05348109329523062,0.9983393645505173,162,162,124,114,162,160,120,128,230201_154817
0,0,0,0,-0.03747655951533735,0.14094453503734589,-0.22373183005056052,0.9754642453838145,-0.2196501121524425,0.014944370485429728,0.22015783027576324,0.9731556618110784,-0.0670715114881852,0.00018906627051535629,0.06871598152148377,0.9976362454008395,100,143,162,156,92,158,154,162,230201_154817
0,0,0,0,-0.038999983183824465,0.14138195591381303,-0.22506218260344424,0.9739355693674117,-0.22068318754825159,0.052425542005015306,0.22307453365309515,0.9737532374399922,-0.04519275396110896,-0.04107626025370854,0.055709633894673545,0.9976017128768832,162,110,162,162,159,106,153,162,230201_154817
0,0,0,0,-0.039008814094778035,0.13838707979031326,-0.2272969057222387,0.9754048666213564,-0.21829409370692307,0.030545618737359795,0.21966938980543707,0.9741334915883767,-0.053002827739134686,-0.018185305988133133,0.05840915355071073,0.9981270787968873,162,157,107,122,162,145,123,126,230201_154817
0,0,0,0,-0.038405688306710706,0.14120577526088082,-0.22359281312319068,0.9748712428620335,-0.2201786908711569,0.033873351279403885,0.2221866342327138,0.9720044708067515,-0.07642256407648908,-0.016098428773409692,0.08202836593490344,0.9964999687772584,98,150,162,101,144,162,162,88,230201_154817
0,0,0,0,-0.03727832135332465,0.14026181619503483,-0.22483968532526044,0.9752180483583861,-0.21938550476885635,0.02863142422889567,0.2207200110192876,0.9736364686571448,-0.05757346295378196,-0.015245815547440115,0.06246620845032084,0.9979306278044254,154,162,120,162,146,162,162,146,230201_154818
0,0,0,0,-0.037294859933222256,0.14036649274162438,-0.22433171859277468,0.9745652804156462,-0.22135569485452775,0.03498814890562944,0.22339485850137542,0.9719779721369307,-0.07316801812082352,-0.017811552529855126,0.07912318267137557,0.9967057091039603,122,18,121,114,162,162,119,123,230201_154818
0,0,0,0,-0.03581245961829073,0.14245036021571186,-0.2232800895305549,0.9754812770426565,-0.21884857520360176,0.023271855761431835,0.2197391797565484,0.9744029555966701,-0.047471812735491045,-0.012287026456664135,0.051421603007176395,0.9986014458857074,51,146,162,160,101,152,162,112,230201_154818
0,0,0,0,-0.03871155309517144,0.14139213958140268,-0.22501629790696398,0.9726059470802452,-0.22545269536839632,0.05664586353181517,0.22829086333845716,0.9723136400114248,-0.049894560464192265,-0.04382868262133608,0.06145947932465875,0.9971468191699856,154,130,144,154,162,100,162,162,230201_154818
0,0,0,0,-0.04034431404278147,0.13819860722651556,-0.22666329249468053,0.97283168707779,-0.22650929998364297,0.047875313453809604,0.2286920246262728,0.9723904649088073,-0.04644073240991612,-0.03603424051810699,0.05612771842283605,0.997773126885531,162,162,103,121,162,161,121,129,230201_154818
0,0,0,0,-0.04297685868676627,0.1393024048538363,-0.22766985676886708,0.9703621775229194,-0.2254367078216233,0.08703755051428615,0.2302708863255664,0.9718373777665184,-0.05007424574305466,-0.07329777175205955,0.0686323680375792,0.9949457446080853,75,162,154,162,28,162,154,162,230201_154818
0,0,0,0,-0.03824034862029063,0.1434876235201708,-0.2227177751472701,0.9731075807834245,-0.22566802094411667,0.046212341912051924,0.22761887302680425,0.9728239214677983,-0.04246488504661887,-0.0353735051110031,0.05184170274191214,0.9980286333532626,154,162,129,154,162,108,160,162,230201_154818
0,0,0,0,-0.038802521971917685,0.13967730449179533,-0.2251569451410067,0.9725210427564542,-0.2299686005228256,0.036294134091787236,0.23166092114498268,0.9713720201835576,-0.05262714146495285,-0.023152516281340338,0.059588935030650304,0.997954467804897,162,122,111,52,162,162,99,43,230201_154818
0,0,0,0,-0.0361884075793225,0.14042314767397163,-0.22570796124435522,0.97231719610091,-0.2319126961880265,0.028561714116332217,0.23308417769461795,0.9712400476909114,-0.04862649349664805,-0.016463179367503435,0.05393765946123407,0.99840857999967,122,90,162,162,122,98,162,156,230201_154819
0,0,0,0,-0.040226335706141064,0.13950022192428915,-0.22556222050704267,0.9697853790534755,-0.23014212791809402,0.08093775096603309,0.23464756003750617,0.9707253658670343,-0.051310687295709666,-0.06675957715978283,0.06875220010766707,0.995397555672005,146,32,122,162,162,120,124,162,230201_154819
0,0,0,0,-0.04295235333254999,0.13375767579476666,-0.23253457269974176,0.9692637634894431,-0.23396629630290594,0.07607581074548017,0.23469603167559452,0.9720685788562972,-0.0006713538769648064,-0.07379383105659745,0.018505409873887914,0.9971018104002168,162,162,162,18,162,162,162,18,230201_154819
0,0,0,0,-0.04448040611236158,0.13423501737919546,-0.23139978542145034,0.9660073055672525,-0.2504627293709117,0.06401801923497567,0.2515036882643549,0.967817918687209,-0.008623865570973574,-0.059797829225837915,0.024431485096765168,0.9979114801202781,142,75,162,162,146,79,128,162,230201_154819
0,0,0,0,-0.04136571978288293,0.13442413261517344,-0.22756263849767988,0.9687413635365428,-0.2459031961876289,0.032738183793057186,0.2477317853374478,0.9658664644448495,-0.07570294178118904,-0.013005118487745443,0.08144685976459617,0.9965928335722698,162,162,116,130,162,162,162,114,230201_154819
0,0,0,0,-0.04101857467584155,0.1384869222211144,-0.23018024732531506,0.9640619309126891,-0.24753551766265672,0.09649228394218443,0.24666586127385082,0.9688723971692039,0.02102928637945944,-0.09869420574141152,0.0035278178921822907,0.995111555683076,162,162,162,18,162,162,162,18,230201_154819
0,0,0,0,-0.03907026181129737,0.13975437709733235,-0.2284578843594316,0.968083047894263,-0.24609813130742075,0.04744388418700627,0.24504976286721958,0.9691382163444586,0.026865057963846237,-0.05259112185981646,-0.014381494625970562,0.9985125670285022,162,94,131,162,162,162,162,162,230201_154819
0,0,0,0,-0.04311433313556545,0.13476565239558483,-0.2281149858026802,0.9689974028488211,-0.24277858875114597,0.04585400872596466,0.24551231385792185,0.9669699389926952,-0.06850431248171597,-0.027708067712638014,0.0776382246606998,0.9965964925962597,162,162,136,114,162,162,162,106,230201_154820
0,0,0,0,-0.044763433363754296,0.13368180716184802,-0.23189885766608087,0.9676326593693286,-0.2475849624301917,0.048874562916529946,0.24607301636652926,0.9686212545696528,0.03494189193777418,-0.05599202745140623,-0.021784204698677874,0.9981935389930788,162,162,162,18,162,162,162,162,230201_154820
0,0,0,0,-0.03919752505438296,0.14065835893190654,-0.22796546081538693,0.9675182032962162,-0.2462555878352344,0.0571551550639577,0.2452010659446029,0.9691526123749354,0.024892793866295858,-0.06152205742733509,-0.010069726250630125,0.9980549268768453,162,104,132,162,162,162,162,162,230201_154820
0,0,0,0,-0.038105006296308565,0.1403288919064674,-0.22537646007664114,0.9714550213654771,-0.22974781135139494,0.05908540126835735,0.2323661570893048,0.9717203646768598,-0.0420178760983771,-0.04776097259633055,0.05454792435568868,0.9973682436518312,162,162,116,124,162,162,121,125,230201_154820
0,0,0,0,-0.04018302644962484,0.13948600062275035,-0.22984264567457602,0.9619061190138284,-0.24607311148005137,0.11909929475140274,0.2529762958263995,0.9663509869195678,-0.046569988506873716,-0.10363209905096595,0.07492525532891191,0.9917895916776844,74,146,146,162,56,154,146,35,230201_154820
0,0,0,0,-0.04088501358760409,0.13097588329254253,-0.23812420411488755,0.9615569771385942,-0.24642025418477978,0.1211826639565121,0.2500951234648578,0.9680911636966724,-0.015872239650462167,-0.11340462484037386,0.045569256082721984,0.99250331685334,146,36,162,162,162,116,162,162,230201_154820
0,0,0,0,-0.03848550596140544,0.1390032291217482,-0.22769766461758878,0.968430615230795,-0.24851256702262828,0.01958692205345343,0.2476512731822362,0.968092247560914,0.03829160617779599,-0.02847789274019181,-0.032232037544679314,0.9990746245305185,136,157,138,18,114,122,130,18,230201_154820
0,0,0,0,-0.03665381281880026,0.1411207546117555,-0.2247797523588776,0.9662529574584839,-0.25291721443662946,0.04886823962810002,0.25393539226537504,0.9670923214547994,-0.01578791747501959,-0.043267063197811303,0.02766449755162811,0.9986804477997216,124,84,162,122,132,93,162,114,230201_154820
0,0,0,0,-0.03920723880445466,0.13914326852924197,-0.2273549542269857,0.9621927881204789,-0.251507291490943,0.10454243547875178,0.2582422076250793,0.9644189063490666,-0.05663157491538558,-0.08657944727165054,0.08148776229202387,0.9929067146045364,138,162,162,146,162,153,118,152,230201_154821
0,0,0,0,-0.03914018146134303,0.14014933486860204,-0.22716662847270552,0.9669683117591916,-0.2510730294579794,0.043984291882122446,0.25120020836453877,0.9679313804875512,0.002701478313131916,-0.04325204470532322,0.008436619361852646,0.999028570203351,162,162,162,18,162,162,162,18,230201_154821
0,0,0,0,-0.03894097619668302,0.13978918420106373,-0.22946542787978197,0.9641396493626507,-0.25110484657981286,0.08591328506694361,0.25248723894849046,0.96758491041055,-0.0054438326551497895,-0.08176142547089703,0.026940623042872255,0.9962877456513398,148,84,162,162,155,84,162,162,230201_154821
0,0,0,0,-0.03816096264359615,0.13785782759359477,-0.23091732934081577,0.9618820012778737,-0.24971196214776914,0.11147623772797641,0.2565630783485889,0.965137131319707,-0.05182378388600201,-0.09464883753099727,0.0784490516722683,0.9924149050904831,162,162,96,138,162,143,162,122,230201_154821
0,0,0,0,-0.03836201567213191,0.13872275015654667,-0.2285969800999138,0.9676781685388652,-0.24812190884860574,0.04510521569166626,0.24948149572147965,0.9679904160698464,-0.027450640967020466,-0.0368503110684413,0.03781630265178116,0.9986050179264613,162,162,162,18,162,162,162,18,230201_154821
0,0,0,0,-0.038157901137151284,0.14008598457985605,-0.2264321578167955,0.968100190093765,-0.2495437663880665,0.02258164292681567,0.2489204539396794,0.9681422753351894,0.02718717196155045,-0.028646632452699432,-0.02069887353604216,0.9993752683969416,157,88,149,162,162,88,162,162,230201_154821
0,0,0,0,-0.038592237778047336,0.13953466661108205,-0.22737518584592553,0.9631602824997051,-0.24607485710853233,0.10848702647830218,0.2523248810014807,0.966450001199389,-0.04802655108675063,-0.09302916017398558,0.07363124255854335,0.9929370652144113,162,159,152,138,162,162,111,144,230201_154821
0,0,0,0,-0.03601781864112463,0.14125673390777355,-0.2271073486684272,0.9639219558984052,-0.2524947857075064,0.08426651842524392,0.2569943180611302,0.9652445279163534,-0.04750707117715368,-0.06934250804006255,0.06744912540616801,0.9953101185362563,162,162,162,18,162,162,162,18,230201_154822
0,0,0,0,-0.04619567240518488,0.02333263089583293,-0.2669056821369926,0.9571689431251127,-0.2639278170023437,0.11903664027992204,0.19010366468510628,0.8829958641883568,0.4291606930970607,-0.21837630592636836,-0.3881499854935388,0.8953498633335009,64,48,153,162,162,18,162,162,230201_154822
0,0,0,0,-0.04082121582062488,0.13627081276662936,-0.23069937636182458,0.9618448308051729,-0.2526911260215601,0.10488906655759724,0.25610986314979645,0.9664346551226712,-0.02029274193680519,-0.09624063305465425,0.04638159341675554,0.9942768670452724,162,162,147,60,139,162,154,18,230201_154822
0,0,0,0,-0.04784545211060355,0.021779500238242322,-0.2623937934632512,0.957792505341521,-0.2622296954657098,0.11776715810264178,0.1965438861875669,0.8963488713618131,0.3974030719693705,-0.20977134578845666,-0.35748326901320154,0.9100558745822889,18,90,162,162,162,18,162,162,230201_154822
0,0,0,0,-0.04217110649053399,0.13877178286032965,-0.22673817157083398,0.9645303966129426,-0.26011892166969175,0.04493618362829584,0.2583041595751741,0.965131350319282,0.042431565809453335,-0.05440657272648391,-0.029319331852477565,0.9980883235585327,128,162,146,22,162,162,120,44,230201_154822
0,0,0,0,-0.04312716248615408,0.13805329747466388,-0.2251802887349471,0.9680398240832214,-0.2477350425563244,0.03906722000015584,0.2500225326686623,0.965500534505323,-0.07278359037504994,-0.019688375932822366,0.0802250993115714,0.996582310345501,156,96,162,162,132,95,162,122,230201_154822
0,0,0,0,-0.042608426225408995,0.13899754930493985,-0.22603156096915256,0.963769249045983,-0.25794848729332515,0.06790738175211125,0.2620239572892595,0.9631924107975757,-0.06003187143868411,-0.04992274431377141,0.07565023255112617,0.9958839098585448,162,149,108,156,130,162,162,138,230201_154822
0,0,0,0,-0.03966463470883389,0.1380013842476447,-0.23043329911962052,0.9633156446797099,-0.2555447069696444,0.08197482208040188,0.2609845321628416,0.9632001071637142,-0.06428551572127925,-0.06253033413518277,0.08332140361039762,0.9945589479831426,162,162,162,18,162,162,162,18,230201_154822
0,0,0,0,-0.03929920750055227,0.14087022902776775,-0.22459544834194156,0.9670896190513377,-0.2541842179846192,0.011316008602187608,0.2542076086569886,0.967149452072089,-0.0006550248504552627,-0.010777774539875275,0.0035100832193999906,0.9999357573823233,151,90,162,138,157,101,150,162,230201_154823
0,0,0,0,-0.040786808508667796,0.1406752589390421,-0.22317214160070908,0.9646054246031008,-0.25298529707949885,0.07439633248937393,0.25700436096161,0.9650922637637891,-0.050454740807957685,-0.05903501734552319,0.06778909856961843,0.9959515574776379,162,150,109,149,162,139,117,146,230201_154823
0,0,0,0,-0.04462332298725013,0.13517531133186958,-0.23060131520733884,0.9624649725162263,-0.2577867365335753,0.0848950831715707,0.25856120303627333,0.9659929447836549,0.0019325922072011466,-0.08250624802870336,0.02009052253111686,0.9963880217769846,162,162,162,18,162,162,162,18,230201_154823
0,0,0,0,-0.04285797746691455,0.13697369774052442,-0.2313027887243494,0.9622033570874038,-0.25636442375114227,0.09188025818680838,0.26101369118529405,0.9643959567439963,-0.04257101865894194,-0.07769525483295366,0.06494398240466118,0.9948596516724685,160,94,162,154,147,84,160,146,230201_154823
