0,0,0,0,0.14414023655670002,0.2946388942912993,-0.20060196194699786,0.9976928327834689,-0.055107512673032155,-0.03965064261127458,0.06176492184004898,0.9792140599531576,0.19319658180243643,0.0281798836510736,-0.1951998638243492,0.9803585605891181,180,180,81,97,180,180,81,97,230218_121215
0,0,0,0,0.1041201290463417,0.30335708860449284,-0.21444484006743836,0.9873342730656185,-0.09453384259414335,0.1274142293245664,0.07686300349251993,0.9875697257409533,0.13710621974967493,-0.1387916133060509,-0.12557622945574934,0.9823275923395316,75,170,180,92,75,170,180,92,230218_121216
0,0,0,0,0.142491448784672,0.2983865263364332,-0.19615628332970791,0.9981711762004625,-0.06035079811143833,-0.00347622926428104,0.05949578177203712,0.970594146520903,0.23325362739021646,-0.010703034799511764,-0.23303386858281397,0.9724097187602603,86,137,180,180,86,137,180,180,230218_121216
0,0,0,0,0.1289880304177215,0.3109916985025896,-0.18796357304871858,0.9969438299618051,-0.07792373912496732,-0.005557947631158227,0.0774854894823819,0.9772580016599554,0.19738996203268871,-0.009949815111966055,-0.19721736503760184,0.980309294104092,147,84,166,180,147,84,166,180,230218_121216
0,0,0,0,0.13236869236773235,0.28901438412457725,-0.22089590514433133,0.9981111960115778,-0.06142821504412301,-0.0007840872593626271,0.06060022870249025,0.9824026503005252,0.17667100770559185,-0.010082295251736284,-0.17638482666883903,0.9842696481368611,180,106,75,170,180,106,75,170,230218_121216
0,0,0,0,0.13693277319079075,0.30803524803139914,-0.18442887454238654,0.9974763974640217,-0.062104538160924413,-0.0344073079739735,0.0670469262845325,0.9833803175153484,0.1687242152129016,0.023356929977932768,-0.17060532659688957,0.9850625748442454,180,180,81,97,180,180,81,97,230218_121217
0,0,0,0,0.1349357100668745,0.28972971276491105,-0.21719716580478687,0.9978190753418875,-0.049102902939102286,0.04411346514176536,0.04090227316380939,0.9844826820387017,0.17064833083249878,-0.05180827090237392,-0.16847181867848976,0.9843440198311099,75,170,180,92,75,170,180,92,230218_121217
0,0,0,0,0.13030570280354645,0.3111522899739454,-0.18456424431976215,0.9981690939214686,-0.05767134840448742,0.018233911078038543,0.054742797264809656,0.9895820332604599,0.13315639524904213,-0.025723259661588935,-0.13191442309809578,0.9909272924342529,86,137,180,180,86,137,180,180,230218_121217
0,0,0,0,0.13530913083355603,0.2965692888669921,-0.2099256198118744,0.9984388302978212,-0.053546501602852646,0.0158957327485717,0.046441711422042474,0.9539423878222026,0.29637322442532843,-0.031033362591089523,-0.29517231049366754,0.9549399130438103,147,84,166,180,147,84,166,180,230218_121217
0,0,0,0,0.13650211286588132,0.30983729387526016,-0.1824148258635392,0.9986213139266233,-0.04909744524950936,-0.018571813089615433,0.05126711284037227,0.988228368999789,0.1441401187908115,0.011276280968329954,-0.1448935180537354,0.989382996575914,180,106,75,170,180,106,75,170,230218_121218
0,0,0,0,0.14017056881065687,0.2958535620520866,-0.20316720379528896,0.9989084063484874,-0.04313521338518583,0.017926212442724496,0.038032121137236904,0.9738384266561428,0.2240363285935798,-0.027121089361044237,-0.22311000007642506,0.9744159144727511,180,180,81,97,180,180,81,97,230218_121218
0,0,0,0,0.13171945351072858,0.31043623698189715,-0.18522430403973233,0.9990700021135023,-0.04303804330840684,0.0026187220375764914,0.04183362871771552,0.9822402680996215,0.18290435542078642,-0.010444059806163553,-0.18262470411137893,0.9831272242507562,75,170,180,92,75,170,180,92,230218_121218
0,0,0,0,0.13132753368340708,0.2955409367423148,-0.21273608054270898,0.9983700819851155,-0.04083413100510642,0.03987170854242367,0.031020192653850545,0.9746739907676681,0.22146864195354152,-0.0479053968228233,-0.21987083814386527,0.9743520346821072,86,137,180,180,86,137,180,180,230218_121218
0,0,0,0,0.12023080341468674,0.31417289076595706,-0.18790214894780788,0.9959463359423959,-0.05521484097381402,0.0710085717301261,0.04473100966890546,0.9889161541079265,0.1415767527470127,-0.07803866155256839,-0.1378265630443744,0.9873772358235017,147,84,166,180,147,84,166,180,230218_121219
0,0,0,0,0.13253579104975544,0.3025586350821342,-0.1996058868226236,0.9992922082794127,-0.03734343903638226,-0.004533214421516715,0.03730780034142523,0.9684069323587744,0.24656873563603332,-0.004817728275836496,-0.2465633405849372,0.9691147035175229,180,106,75,170,180,106,75,170,230218_121219
0,0,0,0,0.131506854920573,0.30978957467394097,-0.18477536104952996,0.9987367499242299,-0.038954161555291626,0.03174078840089069,0.033333445914377674,0.9862950420192641,0.161588896498773,-0.03760034220933558,-0.1603267394595866,0.9863475811700452,180,180,81,97,180,180,81,97,230218_121219
0,0,0,0,0.13409889359434357,0.2916375574387672,-0.21573750074856757,0.99973644883345,-0.022952212822853122,-0.00047833086602521374,0.022394888300731126,0.9704541387512546,0.24024411243266264,-0.005049935829365265,-0.24019150798288957,0.9707123866733258,75,170,180,92,75,170,180,92,230218_121219
0,0,0,0,0.1313218861136797,0.31099378320671545,-0.18557308040558507,0.9995773379826501,-0.028997376036899117,0.002073059211589111,0.028185442207312783,0.9841185285879919,0.1752606702525776,-0.007122235540777823,-0.1751281641335258,0.9845198829318391,86,137,180,180,86,137,180,180,230218_121220
0,0,0,0,0.1394583633211799,0.290608668440984,-0.21396257303423694,0.9997376154924625,-0.016687164913414033,-0.015691994666006723,0.019756728232127357,0.9748369583414481,0.2220418346644493,0.011591887637797548,-0.2222935968010443,0.9749108600083638,147,84,166,180,147,84,166,180,230218_121220
0,0,0,0,0.13181666409261075,0.3093429527640672,-0.18685447329742733,0.999408445638945,-0.02553345253697458,0.023039131647910865,0.020650899019616586,0.9812427985859696,0.19166666531469076,-0.027500893716919526,-0.1910775052817943,0.9811896288791766,180,106,75,170,180,106,75,170,230218_121220
0,0,0,0,0.12801292390617136,0.2929719608047635,-0.2183440143441684,0.9985136019880254,-0.024641836754686206,0.04861446828111992,0.013737680966333203,0.9769481939568189,0.21303404058079287,-0.05274336703859422,-0.21204953715079664,0.975834581795278,180,180,81,97,180,180,81,97,230218_121220
0,0,0,0,0.12478363660435313,0.3105124191813283,-0.18913221470086028,0.9988843798915991,-0.019421282535930624,0.04304427247887231,0.01469934942059552,0.9941049918341179,0.1074206420437816,-0.04487677278043828,-0.10666807861373791,0.9932814285335583,75,170,180,92,75,170,180,92,230218_121220
0,0,0,0,0.14384221331330121,0.29709908158572884,-0.19990642182966845,0.9995927910582327,0.005394624165536884,-0.028020529875883358,0.0009711585032693241,0.9749666169854649,0.2223491682356362,0.028518571415381146,-0.22228583804199115,0.9745643628259734,86,137,180,180,86,137,180,180,230218_121221
0,0,0,0,0.1366834381711205,0.3096119609682445,-0.18333433881519445,0.9978934926692397,-0.011221965420068883,0.06389557715911552,0.006168975806470061,0.9968763540620802,0.07873676682081127,-0.06457957127362254,-0.07817673697466791,0.9948456547475637,147,84,166,180,147,84,166,180,230218_121221
0,0,0,0,0.1414776263373408,0.2865040139900459,-0.21777687731936313,0.9984279375353652,-0.00017544119243306309,-0.05605018081384133,0.009578096368739459,0.985820453718291,0.16752997672241857,0.05522602302200884,-0.1678034631676324,0.9842723627787795,180,106,75,170,180,106,75,170,230218_121221
0,0,0,0,0.12849662909829115,0.3099315159704017,-0.18811780268373823,0.9999024307039639,-0.013958452321778307,-0.0005391484807903629,0.013867911774059383,0.9873049833993747,0.15822942450058947,-0.001676333895917366,-0.1582214630305937,0.9874022273324725,180,180,81,97,180,180,81,97,230218_121221
0,0,0,0,0.13925592867952993,0.3021847905116617,-0.1924425624510191,0.9999563305514072,0.008010884552327135,-0.004812766237133755,-0.0069559842312270056,0.9819217142962735,0.18915961851526705,0.006241095539961644,-0.1891178804929765,0.9819345579030738,75,170,180,92,75,170,180,92,230218_121222
0,0,0,0,0.1342508813273239,0.3078883943157037,-0.18895682996498708,0.9999809251846598,0.0022657662883745788,0.005745917677578532,-0.0032450544285736547,0.9842732870301374,0.17662266576134583,-0.005255367597669903,-0.17663794253221746,0.9842618647338717,86,137,180,180,86,137,180,180,230218_121222
0,0,0,0,0.1404280132674927,0.2879205369007287,-0.2168823786936156,0.9999101425227306,0.01120557636196119,-0.0073581205866501,-0.009314710391737289,0.9755037479657439,0.2197855178921111,0.009640697614254286,-0.21969722975764097,0.9755204683584702,147,84,166,180,147,84,166,180,230218_121222
0,0,0,0,0.13526549220087336,0.3070418290538741,-0.18978274287149333,0.9989966810902413,0.0019431935068835342,0.044742096169907035,-0.010927882777836946,0.9794360472263147,0.2014587073613011,-0.04343054856522377,-0.20174551641284946,0.9784745955100911,180,106,75,170,180,106,75,170,230218_121222
0,0,0,0,0.11981721117150744,0.28925264416442087,-0.23072403870481883,0.9967792269806603,-0.012128192230962495,0.07927218688195091,-0.01068544398340376,0.9595975556474592,0.28117317169726547,-0.0794795190392825,-0.2811146352444696,0.9563773146121007,180,180,81,97,180,180,81,97,230218_121223
0,0,0,0,0.1333852854454471,0.31097391861924817,-0.18294513299631499,0.999569053365118,0.01284378233992842,0.026395924116547134,-0.017452534304442362,0.9830380708855282,0.18256932994347766,-0.023603317587030687,-0.18295132807624734,0.9828385904888062,75,170,180,92,75,170,180,92,230218_121223
0,0,0,0,0.12694695110612444,0.3015051168262102,-0.20817869486176477,0.9998527478485132,0.008681015320454285,0.014802790033729665,-0.011594412199422728,0.9776778482881925,0.20978940529092327,-0.012651174867439215,-0.20993014299898763,0.9776345343915067,86,137,180,180,86,137,180,180,230218_121223
0,0,0,0,0.13666137665341277,0.3097739958625789,-0.18378647269959325,0.9998358580860154,0.016297699376650796,0.00791466236984053,-0.017128518260844307,0.992658099393438,0.11973517265530334,-0.005905145856639159,-0.11985108553382272,0.9927743180344544,147,84,166,180,147,84,166,180,230218_121223
0,0,0,0,0.1349839579733902,0.2987009657493919,-0.20616996491153805,0.9997745317904342,0.02027000611946843,-0.006325538327725641,-0.01795258101924183,0.9659812933124962,0.257988072989946,0.01133977151297026,-0.2578163451417208,0.9661273941669384,180,106,75,170,180,106,75,170,230218_121224
0,0,0,0,0.13505232032345804,0.3089829228697978,-0.18431356848718083,0.9998117450248252,0.017813761334229444,0.0076905407833866525,-0.018813362900189097,0.9869962856564678,0.1596383082994842,-0.0047467764640450666,-0.15975294052837485,0.9871456154518127,180,180,81,97,180,180,81,97,230218_121224
0,0,0,0,0.14710976599391326,0.2974710799899467,-0.19427575022374088,0.9976024628279113,0.04538670474285952,-0.052243403337348775,-0.030503739402013938,0.9659992818894686,0.25673899055563165,0.06211962686766902,-0.2545298301213734,0.9650677269167208,75,170,180,92,75,170,180,92,230218_121224
0,0,0,0,0.13817714340221604,0.310707284925544,-0.17995882804373964,0.9990342577108006,0.031091166932004005,-0.03104659818783885,-0.02655025694278186,0.9901801306594502,0.1372530243874684,0.03500908134331894,-0.13629617817841036,0.9900493503040421,86,137,180,180,86,137,180,180,230218_121224
0,0,0,0,0.1508441994930587,0.3035264366995598,-0.18011560661319526,0.9944414134516297,0.04719537631772422,-0.09412157917584403,-0.027328897670041163,0.9789744966052022,0.20214367748888576,0.10168287252269527,-0.1984478053565185,0.9748225797470608,147,84,166,180,147,84,166,180,230218_121224
0,0,0,0,0.1302773319297083,0.31142722048955984,-0.18550205045385804,0.9994609529897153,0.02803697958823116,0.017080141230660543,-0.029747912575006027,0.993496563511595,0.10990741552816229,-0.013887589651195645,-0.11035626881251218,0.9937950637769644,180,106,75,170,180,106,75,170,230218_121225
0,0,0,0,0.13195016868069886,0.3112594354946069,-0.18570948630916928,0.9996330166784592,0.024307074792729002,-0.01195818051977304,-0.02209680874006282,0.9870130744558194,0.15911292184098594,0.01567045021139736,-0.15879029242460413,0.9871879659020772,180,180,81,97,180,180,81,97,230218_121225
0,0,0,0,0.13587272326937358,0.3051445846513451,-0.19287017539849338,0.9989580733613639,0.04423486726028448,0.011226940127095648,-0.04551017973755396,0.9839130577540984,0.1727539241847665,-0.003404586084666476,-0.17308486733231623,0.9849010292888045,75,170,180,92,75,170,180,92,230218_121225
0,0,0,0,0.131843181183158,0.311164878212292,-0.18606609725253942,0.9975984921652002,0.036681612373361136,0.058751236101122886,-0.04784672497383426,0.9782905306224499,0.2016391048475523,-0.05007933045676293,-0.20396592119306206,0.9776962532672752,86,137,180,180,86,137,180,180,230218_121225
0,0,0,0,0.14014244322288874,0.3092453208522246,-0.1830659723754302,0.9987593723176771,0.04619480493950128,-0.018594520811237723,-0.04236627146861957,0.9844969975555103,0.17020799289702065,0.026168974940668856,-0.16920904763276234,0.985232704973687,147,84,166,180,147,84,166,180,230218_121226
0,0,0,0,0.13895223950797086,0.3032436478215741,-0.19362937522999069,0.9986105408210906,0.052671232228155625,-0.0016519856465230722,-0.05145079157582551,0.9812907870052766,0.18552953237904116,0.011393147380315629,-0.18518675069813287,0.9826373001055059,180,106,75,170,180,106,75,170,230218_121226
0,0,0,0,0.13351970350722256,0.31263817814201755,-0.18082520211461195,0.9990904041610531,0.042187244593893045,0.006212946714630328,-0.042619789914726786,0.9926394009879513,0.11336036835642788,-0.0013848541180742537,-0.1135220507207983,0.9935345118209112,180,180,81,97,180,180,81,97,230218_121226
0,0,0,0,0.12630444270417412,0.30986259448847453,-0.1939408586491118,0.9988095748463451,0.041475398516588456,0.02567536782895142,-0.04528193373974672,0.9840768528223873,0.17187871949713282,-0.01813779678050718,-0.17283674105083982,0.9847834692311168,75,170,180,92,75,170,180,92,230218_121226
0,0,0,0,0.13140833995602835,0.292492674298352,-0.21993154079213295,0.9984647760830326,0.05334410876364688,0.014916332715273834,-0.05534272837870786,0.9719169956649927,0.22872371095523844,-0.002296374764947222,-0.22919807939367018,0.9733770939698507,86,137,180,180,86,137,180,180,230218_121227
0,0,0,0,0.11603638864116055,0.29490406855707774,-0.2269678071097343,0.9964596722767408,0.02851032172209683,0.07909034758699936,-0.04794526505323283,0.9654794635296695,0.2560286254726982,-0.06906064787637826,-0.2589142079102004,0.9634282847504159,147,84,166,180,147,84,166,180,230218_121227
0,0,0,0,0.13696366810976263,0.30521123881508555,-0.19420702439018012,0.9980992057225506,0.06023785940697017,-0.01301444697553661,-0.05661805003065028,0.9796856166141488,0.19238110356810342,0.02433869237941391,-0.19127857405736964,0.9812339859380328,180,106,75,170,180,106,75,170,230218_121227
0,0,0,0,0.11423506634376944,0.3076236711860079,-0.20627790651954347,0.9921484640341758,0.039381042052287867,0.1187036597645674,-0.05416403865677844,0.9908021020808581,0.12400585239632975,-0.11272835593147468,-0.12946168560245636,0.9851558200254198,180,180,81,97,180,180,81,97,230218_121227
0,0,0,0,0.14316635379643303,0.306859816553508,-0.1820347101186348,0.9962333897505423,0.07414632916265392,-0.04495948195705918,-0.0653721802531079,0.982860970286839,0.17236818481311642,0.056969388228231284,-0.16877984168293567,0.984006023277492,75,170,180,92,75,170,180,92,230218_121228
0,0,0,0,0.13216753488877725,0.3116558657608631,-0.18647763599124212,0.9964503524443533,0.06298486923503278,0.05585339166934546,-0.07031261889754598,0.987541388107415,0.14077692424061625,-0.0462907197750472,-0.14420441401817616,0.9884645953398544,86,137,180,180,86,137,180,180,230218_121228
0,0,0,0,0.14175291835468534,0.3108977816752929,-0.17882999460448956,0.9976934384161918,0.0676906833454499,0.005076842473586263,-0.0678428181006048,0.991840914284992,0.10793031447410671,0.0022704566597588948,-0.10802579385747342,0.9941454988521643,147,84,166,180,147,84,166,180,230218_121228
0,0,0,0,0.12281384948068114,0.31012060011549025,-0.19839322567272832,0.9983529945744029,0.05710364214470445,-0.005520170118095977,-0.05547291383043627,0.985401898077632,0.16095295926499945,0.01463058630008291,-0.16038164894653345,0.9869466412252016,180,106,75,170,180,106,75,170,230218_121228
0,0,0,0,0.13961213731828012,0.312045315822875,-0.1762841392824992,0.9973512656214278,0.06600690296389711,-0.030553915042911883,-0.06275421057540326,0.993269138821062,0.09735669941366364,0.03677447509336796,-0.09518144055843654,0.9947804437939198,180,180,81,97,180,180,81,97,230218_121229
