0,0,0,0,-0.04563690425876141,0.1416296802399637,-0.22400079780503668,0.9499544998221117,-0.3010473235419067,0.08340837641373591,0.30745010194815453,0.9482828630448301,-0.07895597803566774,-0.05532524812226702,0.10064850045457158,0.9933826031678106,162,162,83,96,162,162,83,96,230201_155016
0,0,0,0,-0.042592607410797505,0.1430105435229758,-0.22337881639376622,0.9514745413183935,-0.29992613680462915,0.06885135935043792,0.30382725427207663,0.9511090697872525,-0.055502584894014356,-0.048838476475450185,0.07372821596836113,0.9960818005493723,162,122,139,103,159,162,145,113,230201_155016
0,0,0,0,-0.04308749547016269,0.14268763644245724,-0.2245602077294857,0.950583789602302,-0.30364072438663475,0.0647515979670416,0.305131898545707,0.9522027369478197,-0.01429937897166284,-0.05731477501672712,0.033350535873394496,0.9977989568654296,105,81,162,162,106,64,162,162,230201_155016
0,0,0,0,-0.045043669866131404,0.14116409236990005,-0.22867117934782943,0.9520828652438961,-0.2985623348673352,0.0663230722112402,0.2978470275678386,0.9543901321166857,0.020654875630203087,-0.06946485354461783,8.897674602493156e-05,0.9975843955301043,162,162,104,128,162,156,112,144,230201_155017
0,0,0,0,-0.04488734276927562,0.14105154114372748,-0.22844662236401114,0.9501358671866927,-0.2909699464277082,0.11215312818307357,0.2969379626669812,0.9540405151871767,-0.04042946584569683,-0.09523486868040974,0.07171600698060657,0.9928681353181714,86,144,162,132,72,146,138,162,230201_155017
0,0,0,0,-0.043354919694050635,0.1398798286994269,-0.22813180451436665,0.9535048677561889,-0.2926402306355988,0.0720427829750996,0.2949709415625337,0.9552063712519289,-0.02393599702194363,-0.061811089611540526,0.044073617201971296,0.9971142890700987,136,87,162,162,130,44,162,162,230201_155017
0,0,0,0,-0.04268213780583272,0.1413119843756961,-0.22606993815544818,0.9562658062579721,-0.2907066681644682,0.032331731572939414,0.29005887194490926,0.956725331467934,0.02329143476941198,-0.03770356200463857,-0.012894697060604317,0.9992057686982584,162,162,97,121,162,162,113,137,230201_155017
0,0,0,0,-0.04349036106042004,0.13862250302099505,-0.22695904986518978,0.957916112529396,-0.2818368297716672,0.05444926758760259,0.2835499003434212,0.9585866270766837,-0.026667065923770397,-0.04467857844432828,0.04098389652050025,0.9981603803268245,62,153,162,120,79,156,162,120,230201_155017
0,0,0,0,-0.04569921524236101,0.13953218924649313,-0.2242795892058762,0.9570767823772791,-0.2898276149582117,-0.0019965575340911332,0.28926332305758123,0.9556002891475869,-0.056167760456809365,0.018186879007618596,0.05317932858435406,0.9984193489928367,153,96,162,162,140,97,162,162,230201_155017
0,0,0,0,-0.045215225662867044,0.13918925471076504,-0.22664019056732576,0.95764513402322,-0.287057303536899,0.02266940157509447,0.28634470515640376,0.9576512259641925,0.030180113289555284,-0.030372802151601687,-0.02241057552591958,0.9992873755802466,162,162,97,121,162,162,98,139,230201_155017
0,0,0,0,-0.04338298958795143,0.13888783504880642,-0.22831522137022586,0.9536572998693367,-0.289049174377527,0.08359622717321702,0.2934746034557286,0.954840436865219,-0.046393935525459895,-0.06641092931460024,0.06877728490357707,0.995419144656593,90,154,162,102,71,162,162,135,230201_155017
0,0,0,0,-0.047451727685439066,0.1410291885946604,-0.22605477059148438,0.9519533146470283,-0.2904253734979505,0.09714931374493851,0.29477339953860243,0.954977504419422,-0.0335649963102694,-0.08302728260633352,0.060589342969114036,0.9947036754036748,148,92,162,162,139,83,162,162,230201_155018
0,0,0,0,-0.045488872924297964,0.14351639555837564,-0.22350589469166926,0.9527299246824926,-0.2912674136994717,0.08642328581646387,0.2981833583642579,0.9509628697004165,-0.08219674717263115,-0.05824410192548216,0.10408128634855404,0.992861878824504,130,162,100,136,160,162,115,138,230201_155018
0,0,0,0,-0.0436603174695977,0.14235957375417638,-0.2268876507497143,0.953968523781271,-0.2858537404995798,0.09072868717766626,0.2886153190653542,0.9572633698500731,-0.01865578580725602,-0.08151842267480283,0.04398272144469043,0.9957008923260696,162,162,162,162,148,162,162,162,230201_155018
0,0,0,0,-0.04546538082179758,0.14336927615659908,-0.22549315156871175,0.9525786695008392,-0.2876127250596968,0.09936195849391723,0.2947039693730675,0.9533173513989711,-0.0658452576683295,-0.07578554511098956,0.09200515151547656,0.9928703859249929,146,150,160,162,138,100,162,146,230201_155018
0,0,0,0,-0.046336259863542534,0.1393272481710197,-0.22930291270897551,0.9528677342788685,-0.286644701056504,0.0993876065034508,0.29153570707318355,0.9557858215359984,-0.03847589962685886,-0.08396435238597627,0.06563747943808097,0.9943046358241617,162,162,109,133,162,156,105,141,230201_155018
0,0,0,0,-0.044961128397006986,0.1418676469844274,-0.2267887459223864,0.9551166737290357,-0.2837306117411726,0.0851415264472236,0.288748467277711,0.9558987046475481,-0.053684160586838704,-0.06615483511850087,0.07585912215495723,0.9949215704648903,122,162,162,162,155,162,162,162,230201_155018
0,0,0,0,-0.044643336808348894,0.140880428603406,-0.2271885953033459,0.9544887277287171,-0.28482336903091554,0.08846986544973111,0.289972920016725,0.9556268994161581,-0.051893494478925224,-0.06976370328321654,0.07518562074053185,0.9947261674139634,153,93,160,162,138,148,137,146,230201_155018
0,0,0,0,-0.045307057858271674,0.14024180507153047,-0.22798240281061,0.9545160548907482,-0.28313802483926914,0.09344495623584496,0.28670165438808753,0.9576412803850001,-0.02693212716648987,-0.08186123824457486,0.05249797131981308,0.995260117095209,162,162,75,130,162,162,109,143,230201_155019
0,0,0,0,-0.04407308034258354,0.13936117391645766,-0.22868505367949754,0.9537399429081674,-0.2871057288077846,0.08916513773485386,0.2917695752393272,0.9554599970522333,-0.04434759291786559,-0.07246127425175067,0.06831174510065417,0.9950290795826601,162,162,162,18,162,162,162,18,230201_155019
0,0,0,0,-0.04643765673414915,0.14110164593517882,-0.22779417342639818,0.9510010885648197,-0.29022056869952373,0.10662528336306443,0.2968159713751299,0.9535194615921592,-0.05197033289903726,-0.08658642321499845,0.08107193021461691,0.9929401459534757,146,80,123,162,142,86,160,162,230201_155019
0,0,0,0,-0.04404122134704522,0.14088392405511113,-0.2283376931990797,0.9536412349697666,-0.28297910152908684,0.10242667163941681,0.2874135588712135,0.9572988789325556,-0.031181766650650936,-0.08922914962231587,0.05917503267648382,0.994251715797069,162,162,100,136,162,157,115,146,230201_155019
0,0,0,0,-0.043602746457693194,0.14320786547224013,-0.2250046710017346,0.956675986220618,-0.27943117547087587,0.08178799156216278,0.2827030772025182,0.9586941611759842,-0.03137635203942433,-0.06964213903259181,0.053138719424158584,0.9961557352989169,162,162,162,18,162,162,162,18,230201_155019
0,0,0,0,-0.04585925521240913,0.13973508431897474,-0.22795034675695913,0.9541210916828594,-0.28204441371250216,0.10051811329048677,0.28866128241440026,0.9556395361423199,-0.058546912784229924,-0.07954625346791684,0.08487653182865852,0.993211139639481,138,144,162,162,137,80,162,162,230201_155019
0,0,0,0,-0.04607237901026377,0.1388899624208627,-0.2270653051648559,0.9593508471431068,-0.2709402689818747,0.07897672270885929,0.27404317882116175,0.9612071415773656,-0.03132358731471751,-0.06742616871360405,0.05169334216994857,0.9963842181347039,130,162,88,141,130,18,108,149,230201_155019
0,0,0,0,-0.04487023221521916,0.14012090471950667,-0.2260631282487665,0.9597988262353828,-0.2744030526145257,0.059069263352531425,0.2773494806783071,0.9595069057992545,-0.04923173053035862,-0.04316802896420256,0.06363538669144961,0.9970391460900497,162,162,162,18,162,162,162,18,230201_155019
0,0,0,0,-0.045755437824686315,0.13756671036038204,-0.22956875774979213,0.9624551017199733,-0.260939855438459,0.07477010777679315,0.26350227962968426,0.9642927688274812,-0.026570747392375534,-0.0651669072701548,0.04527524523164664,0.9968467416639617,136,86,162,161,141,86,162,162,230201_155020
0,0,0,0,-0.043931941931434175,0.13839637167531837,-0.22662405080592485,0.9618370356068517,-0.26704729237108943,0.059626005838850145,0.2703180191327884,0.9611507037493187,-0.05583451633457231,-0.042399121065774904,0.06982168946294537,0.9966580387542108,130,162,89,133,122,26,162,130,230201_155020
0,0,0,0,-0.046155325093599694,0.13984495989505508,-0.22473836597598196,0.9614189902282129,-0.2710119321355031,0.04718111771402959,0.2736197391248102,0.9598145656427373,-0.0623557370361034,-0.028385975231342394,0.07285967485671624,0.9969381646771975,105,162,162,162,162,162,162,87,230201_155020
0,0,0,0,-0.051105478726684694,0.13635993837501437,-0.22830906093858117,0.9637267572107343,-0.25267629007354014,0.08593852378738022,0.25568802671657254,0.9664129895581153,-0.025875985143197847,-0.07651385776359203,0.04691083081781767,0.995964358560142,130,42,160,162,138,140,162,146,230201_155020
0,0,0,0,-0.042486294118611045,0.1401799658505823,-0.2248229908280257,0.9626892203471991,-0.26788800017059566,0.038281645626855064,0.2698642162749757,0.9608747213527404,-0.062394508088350786,-0.020069125581212335,0.07039736664032901,0.9973171215659102,130,18,96,125,162,154,72,122,230201_155020
0,0,0,0,-0.042029928267339235,0.13983225472235544,-0.22362730941776177,0.9585932874495556,-0.2796428990925142,-0.05384011741989858,0.2747076507068131,0.9578505789051035,-0.08401175592916582,0.07506407862485319,0.0657428131303494,0.9950091791646497,114,146,162,119,162,154,162,162,230201_155020
0,0,0,0,-0.04250861991141618,0.14315887915514935,-0.2204690643554037,0.9600652164591235,-0.27704186725767643,-0.039020301532376414,0.2775052732598264,0.9606993389627974,0.006899523855577237,0.035575320916145,-0.017452332303292583,0.9992145978912081,138,162,162,122,162,112,162,162,230201_155020
0,0,0,0,-0.044217779406216975,0.1407601718647053,-0.22426472488638183,0.9601321464197932,-0.27492173383615615,0.050638934386909015,0.2761122736011749,0.9609548160754283,-0.0181067343336744,-0.04368379308290337,0.03136688900675396,0.9985528751628168,162,162,99,128,162,143,162,130,230201_155021
0,0,0,0,-0.04021776991324738,0.14175211835204507,-0.22340650668291595,0.962445400815963,-0.26981781190176163,0.029953277429125836,0.270793520122086,0.9619815739337093,-0.035529155237802965,-0.01922810204076154,0.04230602548772627,0.998919656578717,158,162,162,18,162,162,162,18,230201_155021
0,0,0,0,-0.043255500413405784,0.14013775553392627,-0.22375749651657395,0.9604533046867995,-0.2777185958187769,0.020045724049111122,0.2782314001697753,0.9600331746525776,-0.030390648661387968,-0.010804511824815245,0.03476614880800667,0.9993370689718694,146,82,143,162,158,100,160,162,230201_155021
0,0,0,0,-0.04506117146009806,0.1374728317156787,-0.22632423474016383,0.9627332842644918,-0.26606812748919806,0.04850128764988418,0.26727487445857256,0.9634074236965349,-0.020255306701206753,-0.041337209055029966,0.03246363351193925,0.9986177184722606,162,162,82,126,162,162,112,136,230201_155021
0,0,0,0,-0.04324172391524898,0.1387947633018206,-0.2263252021318044,0.9602400363956409,-0.2791567359042796,-0.0032541207977758962,0.2788222897399226,0.9595456253980377,-0.03911934973482963,0.014042907358695634,0.036656644401220434,0.9992292465566436,73,155,162,90,117,154,162,95,230201_155021
0,0,0,0,-0.04500410490733917,0.14065287092591164,-0.2268980463034863,0.9570482806665072,-0.2821318049574114,0.0667849766396181,0.2814552294464279,0.9593756474433363,0.019527439922748403,-0.06958119207472414,0.00010827811979315869,0.9975762857973866,144,80,157,146,154,162,161,154,230201_155021
0,0,0,0,-0.04119284585264107,0.13952639673249004,-0.22603667748151945,0.9600996637716264,-0.27750150130149975,0.03466341588800423,0.2786646347274838,0.9597499078905783,-0.03501621990198914,-0.023551156612979452,0.04327852908129064,0.9987854183671039,162,137,107,131,162,162,112,136,230201_155021
0,0,0,0,-0.04519514072795844,0.1409226366954583,-0.22630055711458874,0.9580293217680108,-0.2794320811522389,0.06401195713032103,0.27985925617731244,0.9600380997435591,0.0023756625722785203,-0.06211775402094685,0.015638384306076027,0.9979463039521158,162,162,162,18,162,162,162,18,230201_155022
0,0,0,0,-0.043313467178743764,0.13785269190693372,-0.22685173490613353,0.9593832436249619,-0.27957430391221605,0.0377094211523626,0.28106885686552374,0.9587296326553355,-0.04286944330025151,-0.02416794471927787,0.051727169462146845,0.9983687747458253,162,94,144,162,162,126,149,162,230201_155022
0,0,0,0,-0.04993987895016824,0.1365652706449212,-0.22875072350893033,0.9556730218462145,-0.2731031074888067,0.11001712591810839,0.27698427209314214,0.9606362645446158,-0.021393462898727067,-0.09984381968031739,0.05091816887638821,0.9936994272665753,162,162,107,121,98,18,120,136,230201_155022
0,0,0,0,-0.04688688556864681,0.14040443747157927,-0.22640907914427366,0.9523177611208449,-0.2869430014626736,0.10370436714706166,0.2940527118669193,0.953834845245358,-0.061090839243499465,-0.08138725021458187,0.08867244164539902,0.9927302320344397,69,140,138,162,76,139,162,119,230201_155022
0,0,0,0,-0.047841335052014856,0.1386458435989415,-0.22868733985790513,0.9525456589404074,-0.28214832199794887,0.11423262243127799,0.2884469123265874,0.956545920547079,-0.042641302208079795,-0.09723757711421648,0.0735678345371434,0.9925384764927113,162,111,132,162,160,96,162,162,230201_155022
0,0,0,0,-0.0452088664291308,0.14220983119483535,-0.224112309810939,0.9535736997914518,-0.30006093817776824,0.02570277117198116,0.3008290599438596,0.9530496741417706,-0.03461495791645873,-0.014109420942600537,0.04074005397814217,0.9990701538142968,138,157,130,77,162,130,104,36,230201_155022
0,0,0,0,-0.045821472043338675,0.14095898368698628,-0.2257730735195428,0.9507850594599236,-0.2946927796511854,0.09572845099158012,0.30367350657545783,0.9476273327703281,-0.09891834809962988,-0.06156437372340264,0.12312028187123399,0.9904802996930293,128,88,153,162,18,66,162,106,230201_155022
0,0,0,0,-0.04243673275817951,0.1425083688085243,-0.22071694902716898,0.954995461989786,-0.29615710426053066,-0.0165721807536916,0.2950492867391595,0.9541961232564472,-0.049554785410504024,0.03048911237850442,0.04243498507581985,0.9986339099329573,162,162,100,144,138,162,112,143,230201_155022
0,0,0,0,-0.04659467466382073,0.13995043466146304,-0.22591879720375352,0.9540118135151614,-0.29379879566970424,0.05952921414351813,0.2932048642798987,0.9558672169253808,0.01867541619171637,-0.06238883903487645,-0.0003623125155704833,0.9980518531086057,162,162,162,18,162,162,162,18,230201_155023
0,0,0,0,-0.04114744919538498,0.14250411013117387,-0.22464112633889277,0.9521684953715166,-0.29735259811517817,0.07040304550298286,0.3011371015162414,0.9522172674521769,-0.0509776584035301,-0.05188065643704383,0.06974028936033674,0.9962151823414448,146,48,156,162,147,91,162,162,230201_155023
0,0,0,0,-0.043905895069970675,0.1402446546334425,-0.2229370265478391,0.9553499190572465,-0.29003469565423723,0.05644827255166475,0.2933304121553687,0.9539272707180735,-0.06308749071828618,-0.03554998540189183,0.07682862420427786,0.9964103376826252,162,162,128,138,162,162,106,142,230201_155023
0,0,0,0,-0.04249374800116301,0.1392609153150518,-0.22256766073896905,0.9514817340149951,-0.30243302813765255,-0.056716605393019225,0.2983201952715607,0.9518316498722378,-0.07086304674956824,0.07541598589792212,0.05050518580287931,0.9958723087213847,79,154,162,18,162,162,162,18,230201_155023
0,0,0,0,-0.042986117290580446,0.13923667756305635,-0.2268380545629567,0.949901814344479,-0.304773462636092,0.06927971981664471,0.30763276341622986,0.9508619548452667,-0.034980361643792944,-0.05521436387354568,0.0545406206477615,0.9969837986253319,138,162,128,162,144,82,152,162,230201_155023
0,0,0,0,-0.04006489627878866,0.1417912025588242,-0.22181754480177396,0.9558280604493568,-0.29145886448756786,0.03800590966204289,0.29241850591340385,0.9560222927094723,-0.022644938549207703,-0.029734428815672516,0.03275829901173847,0.9990208994755131,162,162,98,135,162,162,110,141,230201_155023
0,0,0,0,-0.04291264835416336,0.1435338028736599,-0.22102210120092824,0.9510678052759918,-0.29958751525999827,0.07561316332391414,0.3025075213695316,0.952661665499481,-0.03041300055266501,-0.06292240683867051,0.05179837630750744,0.9966733160517214,162,162,162,18,162,162,162,18,230201_155023
0,0,0,0,-0.04386100731311064,0.14328300629970253,-0.22277091295845086,0.9530295055149831,-0.2980195786018474,0.0540286256334984,0.300855372401631,0.9520615794149878,-0.055360580731383335,-0.03494004171352915,0.06901506916476706,0.9970035675529147,154,162,122,154,146,40,150,146,230201_155024
0,0,0,0,-0.04449597924577783,0.13955162795211615,-0.22496420794881433,0.9529425338983257,-0.29499306096189265,0.06985428456274723,0.2984915642817405,0.9532907184860214,-0.04625572506237207,-0.05294632319698744,0.06492996251915732,0.9964842130345974,162,162,104,124,162,157,129,128,230201_155024
0,0,0,0,-0.04318383400748154,0.14211710584768264,-0.22458620050002132,0.948792418808742,-0.309905017340427,0.0612521529277681,0.3110170656132432,0.9503588207502973,-0.009300361252760559,-0.05532929520954156,0.02787457711488986,0.9980789933879389,18,162,162,93,96,157,162,120,230201_155024
0,0,0,0,-0.04255396166487599,0.14225252470296734,-0.22291363453141133,0.9514563803871867,-0.30685239919674157,0.023924074229037834,0.30733483930621525,0.9513906080577161,-0.02003016345896747,-0.01661483581429517,0.026410528331964167,0.999513097074816,154,162,140,162,162,143,135,162,230201_155024
0,0,0,0,-0.04141132331419458,0.1420081774327689,-0.2253000634462199,0.9498210705804511,-0.306808479767414,0.06089737781064701,0.30829024559185897,0.9511507599857115,-0.016412076392535627,-0.05288722297791339,0.034362603530750956,0.9980090947101999,124,162,138,18,162,162,138,18,230201_155024
0,0,0,0,-0.0412152953632482,0.1424192555574103,-0.22228784100445176,0.9523462014192313,-0.30059831162606343,0.05174328642366083,0.3033692268471148,0.9510870396275338,-0.058314280024005336,-0.031683194986373654,0.07123270386623365,0.9969564067978905,140,88,160,162,132,84,151,162,230201_155024
0,0,0,0,-0.0426336817997464,0.13999769207594048,-0.2260649175031486,0.9521512548285874,-0.29687507443982813,0.07261665170395692,0.30140126919456045,0.9514711756692228,-0.06212790676125502,-0.05064842402538811,0.08104191537083437,0.9954229980750752,146,162,148,146,162,129,121,153,230201_155024
0,0,0,0,-0.04630723657188023,0.13784544299810528,-0.22839897923717667,0.9503900892542968,-0.2967149115788885,0.09337526168072154,0.29823811619065943,0.9544882774027231,-0.0024807966121866798,-0.08838950332623018,0.030205786656146094,0.9956278954279183,162,162,162,18,162,162,162,18,230201_155025
