0,0,0,0,0.27672446430871855,-0.00731799148160181,0.27896110830501175,0.8936573665632176,0.4482790734437991,-0.02055197070022978,-0.44769711123749334,0.893760564572344,0.027556302453864916,0.030721454667667257,-0.015424834770409943,0.9994089586827846,162,162,83,96,162,162,83,96,230201_172138
0,0,0,0,0.2756173639160581,-0.003507214688420024,0.2788871819968649,0.8936311253261365,0.4481374400705099,-0.024418162408189354,-0.4468176505302966,0.8934727044887502,0.045392879487240384,0.04215921041633159,-0.029654024020482003,0.998670736447436,124,162,138,147,124,162,138,147,230201_172138
0,0,0,0,0.2731347404655837,-0.008181212818591861,0.28050778505960694,0.8931170489404782,0.44865145125537287,-0.03246247338540925,-0.447439276095426,0.8934868940748063,0.038461205438169443,0.04626047015598114,-0.01982537270779686,0.9987326586719515,70,146,162,132,70,146,162,132,230201_172138
0,0,0,0,-0.255280460280076,-0.11371494790007006,-0.27838604168223713,0.895593653001868,-0.44399847240259516,0.02788126982277238,0.4442431968052954,0.8959013415170017,-0.0029611417135130312,-0.023664124640051905,0.015038044161320754,0.9996068559352832,129,89,162,130,129,89,162,130,230201_172138
0,0,0,0,-0.2553104983318869,-0.11506360985365088,-0.2762822161651389,0.8921614467508338,-0.44997359747377846,0.03964485474768712,0.4509722384831666,0.8922907654713158,-0.021005474812424256,-0.025922828721821497,0.0366190036882451,0.9989930207563711,162,124,111,154,162,124,111,154,230201_172138
0,0,0,0,0.2742815245205917,0.00033716800593073387,0.282029314560991,0.897883083018012,0.43920884891282075,-0.03002592657596824,-0.4382966778207144,0.8982417474551955,0.03252361203744663,0.04125519896201319,-0.016042137180328687,0.9990198488485061,158,162,114,90,158,162,114,90,230201_172138
0,0,0,0,0.27358959425785556,-0.0044870185143275065,0.28370746399621016,0.8962423028504879,0.44285319875050483,-0.02511531281310011,-0.44222438592127494,0.8964989983572719,0.02696550464870545,0.034457612769974624,-0.013061022197887455,0.9993208106615918,109,162,154,156,109,162,154,156,230201_172138
0,0,0,0,0.27459460406292674,-0.001927617269646839,0.28265097438568776,0.8951262828640936,0.4451291438011184,-0.024677582231540093,-0.4444437426604339,0.8953440347481789,0.02878921761418716,0.034909845830324325,-0.014802188342756581,0.9992808403468809,140,82,162,90,140,82,162,90,230201_172139
0,0,0,0,0.2752429079224453,-0.001992053835430302,0.2849037577062443,0.8961073943598276,0.44379985349615664,-0.005764356896387979,-0.44373391951345603,0.896103416528899,0.009943618982049573,0.009578436556400368,-0.006352709817402757,0.9999339461339988,154,162,122,162,154,162,122,162,230201_172139
0,0,0,0,0.27439050785326585,-0.0015341395884130998,0.2828730937992723,0.8984937210807191,0.4379434373711636,-0.030242004597119933,-0.43743761566401257,0.8989784439657693,0.02204744173526549,0.036842442653907057,-0.006580497581164724,0.9992994203295016,162,162,100,108,162,162,100,108,230201_172139
0,0,0,0,-0.2621348910386264,-0.11153156697629121,-0.2695670974366712,0.8961735330750336,-0.4409001397022151,0.049800255284271316,0.442415525951605,0.8964719577661846,-0.02462785690694806,-0.033786106801106934,0.04410323967048117,0.9984555088925056,162,154,160,95,162,154,160,95,230201_172139
0,0,0,0,-0.25674191272864183,-0.10275426105980172,-0.28129738730218035,0.8980955390108012,-0.4389030445249723,0.028080603903902563,0.4397953222141617,0.8965598828066939,-0.0525399952435169,-0.0021159790735169573,0.05953565358973634,0.9982239370923757,53,130,162,136,53,130,162,136,230201_172139
0,0,0,0,0.27502968787425774,0.0013125429258695476,0.2821743434662004,0.8977202342336146,0.440520998742803,-0.006295293018373004,-0.43857288016161905,0.8949254039492827,0.08223350991509036,0.04185940556536833,-0.07106174099229805,0.9965932064452665,148,92,162,162,148,92,162,162,230201_172139
0,0,0,0,0.2736406268530651,-0.00663406861914137,0.2831339642903201,0.895701693596786,0.44353880117235295,-0.031492982431649,-0.44315430262092326,0.8962509000028369,0.01867051988210244,0.036506713853911216,-0.0027669656117811944,0.9993295771390397,138,162,64,145,138,162,64,145,230201_172139
0,0,0,0,-0.2611269939156681,-0.11236381635060907,-0.2723689153101623,0.9006841007955751,-0.4322200345368191,0.04420398533003359,0.4335521685143276,0.9007342192401423,-0.02665301983595964,-0.028296073059541498,0.04317068490124954,0.9986669235608867,162,162,132,85,162,162,132,85,230201_172139
0,0,0,0,-0.2463983791897577,-0.1167392159781501,-0.28885929268673527,0.8971185078738888,-0.4410494858678434,-0.025568219449907382,0.440868676041062,0.8974827841405998,-0.012627852431828174,0.028516544600093556,5.645307368540986e-05,0.9995933190538647,79,156,162,143,79,156,162,143,230201_172140
0,0,0,0,-0.26064335066758004,-0.10840205697058782,-0.2736033126088826,0.8917850455744967,-0.45097860497124603,0.03657499621164447,0.45221886244363335,0.8910292716118352,-0.039559291968740626,-0.014748997927954359,0.05181828817194826,0.9985476113190848,120,85,162,160,120,85,162,160,230201_172140
0,0,0,0,-0.258757320860039,-0.11410148441661123,-0.2752237463501981,0.8907963909392298,-0.45302175299716907,0.035398887002481325,0.45363928604055714,0.8911110127808923,-0.011513516457914907,-0.026328464639171135,0.02631452473416605,0.999306938701898,162,136,108,162,162,136,108,162,230201_172140
0,0,0,0,-0.24541506300289292,-0.11653825299279764,-0.2921652374561524,0.8929851138299966,-0.45004474940593064,-0.006108192055068702,0.4499803928366202,0.8929872216677813,-0.009563890456094506,0.009758716136327849,0.005791845147131784,0.9999356089214756,162,90,140,82,162,90,140,82,230201_172140
0,0,0,0,-0.26140442611000064,-0.11160768465699568,-0.2734777531600102,0.8917843069517636,-0.449348205355687,0.05298056453253906,0.45098849348018033,0.8922061701554521,-0.024031826501910433,-0.03647092846419774,0.045324830724050504,0.9983063312915507,122,162,154,162,122,162,154,162,230201_172140
0,0,0,0,-0.26217463355869935,-0.11215243302189405,-0.2721423870397306,0.8947466578286757,-0.444491957813139,0.0430733994926957,0.445335388348813,0.8952837057899135,-0.011978231559411039,-0.03323868512180826,0.029899591745064187,0.9990001022146353,100,108,162,156,100,108,162,156,230201_172140
0,0,0,0,-0.26198929217141487,-0.11195092175894902,-0.27242431692196023,0.8931116594239822,-0.446470567918666,0.054914440571885395,0.4479976555158744,0.8938335108954708,-0.018967220475218174,-0.04061606151781986,0.04154138638345312,0.9983108978490225,160,95,162,154,160,95,162,154,230201_172140
0,0,0,0,-0.11906417776440403,-0.10094777606879402,-0.36413546755227755,0.8199957032849587,-0.4264292666906769,-0.3817919945518199,0.43776410774904767,0.8969747809145373,-0.06163463612286366,0.3687406033526623,-0.11659469504642664,0.9221908937558131,162,162,102,126,162,162,102,126,230201_172141
0,0,0,0,-0.2489382519417109,-0.12170044736680624,-0.28734717853946345,0.8966616288460275,-0.4427060297117461,-0.0030487066194665293,0.44262695017851883,0.8963204246207754,0.02628838875426616,-0.008905410201215672,-0.024921229193101448,0.9996497516653786,162,146,151,89,162,146,151,89,230201_172141
0,0,0,0,-0.25707154166006724,-0.11296896488226485,-0.28059607407475506,0.8967521803642242,-0.44220336312908726,0.017079597458235403,0.44218949317960726,0.8969088868543087,0.004785478380116461,-0.01743499737805463,0.0032610303723134932,0.9998426808990194,89,137,162,162,89,137,162,162,230201_172141
0,0,0,0,-0.25914180691893973,-0.11084228656230859,-0.27880061531319833,0.8959438222196889,-0.44324585335423733,0.028596868895880322,0.4434846701255783,0.8962790414015296,-0.0022863306765483517,-0.024617367649308153,0.014730696814118817,0.9995884111880194,137,81,152,162,137,81,152,162,230201_172141
0,0,0,0,-0.2573830949750022,-0.10877111694336614,-0.2819680400617154,0.896271137325827,-0.44298425444111583,0.021517404906638917,0.4433199718375722,0.8962461872232041,-0.014497394862618796,-0.012862774451957357,0.022532691919009713,0.9996633567498016,162,162,105,153,162,162,105,153,230201_172141
0,0,0,0,-0.25840882648067987,-0.11111606473767004,-0.27903473990951266,0.8997780876667324,-0.4354990710395179,0.027202060188778847,0.43620132845252674,0.899341621555115,-0.030216697285893546,-0.011304601321927274,0.0390538968904968,0.999173157729239,162,162,120,85,162,162,120,85,230201_172141
0,0,0,0,-0.26203082138529077,-0.11395734957105029,-0.2731109837387755,0.8974995012773161,-0.43963090164686225,0.03491869877495018,0.44023006760300504,0.8978117598589105,-0.011468715590708195,-0.02630841662324672,0.0256654276452573,0.9993243482666495,108,154,162,137,108,154,162,137,230201_172141
0,0,0,0,-0.26296212784218403,-0.11454795055176965,-0.2706586220057027,0.8948199671496017,-0.44388826461797803,0.04754403143220813,0.4456371422668386,0.8944895154968897,-0.03600061247234528,-0.026547388245031084,0.05340145316916344,0.9982201766027319,58,162,162,162,58,162,162,162,230201_172141
0,0,0,0,-0.2591296528122544,-0.11448940655046404,-0.27655297837243265,0.8959069409866186,-0.44330329032203425,0.028860801819374806,0.4435018752619582,0.8962732829443515,-0.0005375121212858958,-0.02562888470310337,0.013281380568780966,0.9995832957783269,154,162,120,162,154,162,120,162,230201_172142
0,0,0,0,0.27439680896466856,-0.004207131766338135,0.284031455189217,0.8933218351409091,0.44806204169584046,-0.03487844107516079,-0.4451989497808766,0.8928760357454497,0.06760384534547202,0.061432841172152884,-0.044864145849943506,0.9971024092051287,162,153,93,102,162,153,93,102,230201_172142
0,0,0,0,-0.11936376541765076,-0.10280446484892705,-0.3635786659082497,0.8220118591494975,-0.4205210682583257,-0.3840033002051715,0.4387160337219029,0.8975585567008989,-0.043782177290781175,0.36307677586553044,-0.13247893584972611,0.9222931130520359,78,154,162,92,78,154,162,92,230201_172142
0,0,0,0,0.274580694220613,-0.003944891559207173,0.2828450773891905,0.8915439123377119,0.4508738402327438,-0.043153592751293046,-0.44887582855441005,0.892261790582703,0.04877896683756271,0.06049746203898305,-0.02411798623281592,0.997876936213537,44,122,162,146,44,122,162,146,230201_172142
0,0,0,0,0.27698486658587024,-0.00565121675179147,0.2817740679484445,0.8925622515702288,0.45061571438653025,-0.0166764810376827,-0.44948996415477105,0.8920619927278994,0.046735139397164505,0.0359360431325716,-0.03421811038392594,0.998768102076617,157,100,146,162,157,100,146,162,230201_172142
0,0,0,0,-0.26027169714804127,-0.11208541895345521,-0.27858665369816404,0.8931286807379114,-0.44792571191487435,0.04103311161623266,0.4478416947818265,0.8940358919482747,0.011732021274906274,-0.041940148524994524,0.007898133564739427,0.9990889066684179,162,162,44,138,162,162,44,138,230201_172142
0,0,0,0,0.2754914379833675,-0.004836420728454992,0.2857062067239694,0.826322800087172,0.44707464307486333,0.3425126181260758,-0.43458927764874694,0.8929800005826627,-0.11712761549749402,-0.3582217048265444,-0.052067092091569483,0.9321835806922861,162,162,138,90,162,162,138,90,230201_172142
0,0,0,0,-0.25788434568908575,-0.11540280108934928,-0.27527659908382873,0.8886471715443115,-0.45804155239757155,0.022453079599883567,0.45847418086700986,0.8884618790681083,-0.020902509923202358,-0.010374487197949124,0.028869113598929,0.9995293613973487,93,148,146,162,93,148,146,162,230201_172142
0,0,0,0,-0.26174885287272415,-0.11398365249836073,-0.2734195905761989,0.8837066635665904,-0.4650673313445567,0.052677415313002844,0.46621955862178166,0.8845944015745204,-0.011492078207486269,-0.04125355653173962,0.0347148674067484,0.9985454531739727,124,85,162,122,124,85,162,122,230201_172143
0,0,0,0,-0.12637340967804184,-0.10005682784202838,-0.36391033175740584,0.8175472003516319,-0.44690032157604775,-0.3631758221198569,0.45447708067208104,0.8880293007599519,-0.06967455873971086,0.3536483540764633,-0.10809284697432965,0.9291118221678124,162,141,103,154,162,141,103,154,230201_172143
0,0,0,0,0.2782545421727848,-0.007487994411550999,0.28364188815345126,0.8188387726234881,0.45204687630837753,0.35377490876021533,-0.43602076034854814,0.8906620628615775,-0.12886809661136,-0.3733483105540108,-0.048731010650296155,0.926410453097042,162,162,58,162,162,162,58,162,230201_172143
0,0,0,0,0.2793227203588487,-0.01007865421035551,0.2793061129072487,0.8854791361206318,0.46445781248537177,-0.014340150500017135,-0.4629267648855626,0.8843972890900305,0.05949996136798719,0.04031761212729766,-0.04604753491239124,0.9981253000905471,119,162,154,162,119,162,154,162,230201_172143
0,0,0,0,0.27580964983530376,-0.015902293734825525,0.2833433617818075,0.8843516967863952,0.4661679956762328,-0.02468757173616705,-0.4648691597595998,0.8842525722115885,0.044654818794770915,0.042646696184207536,-0.02801407404134782,0.998697387079879,93,102,162,158,93,102,162,158,230201_172143
0,0,0,0,0.2738276628628073,-0.012861805848702841,0.28856414404026187,0.8194980944750995,0.45932486474087725,0.34270036735092047,-0.43866247513272494,0.8875760605543692,-0.14065549986124962,-0.3687792104526941,-0.03506287725731227,0.9288554723832585,162,92,162,154,162,92,162,154,230201_172143
0,0,0,0,0.2757824321295167,-0.014619807834398438,0.290136121794067,0.8845361166543906,0.46640873792808485,-0.0076646929684830835,-0.46643091444783974,0.8841220411102042,-0.027756413141445963,-0.006169309630934041,0.028126599642640984,0.999585331030433,162,151,88,120,162,151,88,120,230201_172143
0,0,0,0,-0.2649577316139086,-0.11766137212515723,-0.2712383531195095,0.8872429813126633,-0.4574590671628075,0.05942300885977814,0.45836372274776604,0.888762866706025,-0.001806774279494752,-0.051986438426042565,0.028840399356139346,0.9982312565657087,149,162,146,80,149,162,146,80,230201_172143
0,0,0,0,-0.2635368993999278,-0.11748850711945992,-0.27333375607265575,0.8860452727021154,-0.46126863754993935,0.046422179344107785,0.461448456116658,0.8871361013641732,0.0074067539400474594,-0.044599294498753564,0.014858723673262315,0.9988944495095642,71,136,162,138,71,136,162,138,230201_172144
0,0,0,0,-0.1276278459416018,-0.10212805858645169,-0.36196299049740377,0.8034634649660952,-0.44247721173571203,-0.398321952143322,0.4513007019615454,0.8890224006983795,-0.07724537180637985,0.3882964548816966,-0.11769914252482604,0.9139872947559103,138,156,152,162,138,156,152,162,230201_172144
0,0,0,0,0.27966120817226175,-0.009622439522518123,0.281808185624316,0.8864593987389894,0.46248386644401834,-0.017274480203474458,-0.461490679111839,0.886135839516345,0.04230398347149342,0.03487244585919443,-0.029528752151998724,0.998955437102248,162,132,70,146,162,132,70,146,230201_172144
0,0,0,0,0.2850968219797588,-0.00950932798852508,0.2730822125114458,0.8888826612599566,0.45806877021679054,0.007785644706362745,-0.4573693938557594,0.8862871792911975,0.07285789859766677,0.026473610925447134,-0.06832303839942754,0.997311942347247,162,162,132,85,162,162,132,85,230201_172144
0,0,0,0,-0.2613994319141716,-0.11441262177380017,-0.27731293350628416,0.8853555540646394,-0.4628532007889508,0.043731652224870285,0.46342228125926743,0.8861313867739832,-0.00330977438409525,-0.03722004996437416,0.02319654917094586,0.9990378311091175,97,149,162,162,97,149,162,162,230201_172144
0,0,0,0,-0.25820640233417513,-0.11281866430410163,-0.28205157721549723,0.8866332826486645,-0.46137701840255835,0.031822460458283866,0.4620180342394833,0.8867132823782561,-0.01670002669049038,-0.020512389844615543,0.029509350110509786,0.9993540114088288,124,92,152,162,124,92,152,162,230201_172144
0,0,0,0,0.2748504992146408,-0.013432450817266801,0.2857536521038946,0.8855258447892214,0.46179434180515494,-0.05089168976443748,-0.4615958299501327,0.8869407167377403,0.016292782616611448,0.05266182662027745,0.009063711683838216,0.9985712699389705,162,103,97,154,162,103,97,154,230201_172144
0,0,0,0,-0.26353877511019247,-0.11611337351726594,-0.2739190674430727,0.8892116317053846,-0.45581476294230633,0.03918642524774003,0.4564728392318681,0.8896877454461612,-0.009394820196400856,-0.030581384590048343,0.02624152218860354,0.9991877508405417,162,162,108,85,162,162,108,85,230201_172145
0,0,0,0,0.28039129413603825,-0.009678662136147154,0.2828144836482226,0.8172032707457221,0.44902554714178183,0.36132377765173057,-0.4318715666006985,0.8922202801278162,-0.1320224287403424,-0.3816618454133871,-0.04815630532613362,0.9230466976339734,115,162,154,162,115,162,154,162,230201_172145
0,0,0,0,0.2819139745368219,-0.009380594752660384,0.2795988186964028,0.8845186236603291,0.4663752558166903,-0.010996597653532772,-0.4661037438957431,0.8844898116486285,0.020617298953695674,0.01934177666112793,-0.013110829557689654,0.9997269636375224,96,96,18,82,96,96,18,82,230201_172145
0,0,0,0,-0.26157868002467066,-0.11205805762584806,-0.2771201859839709,0.886446347955855,-0.46082937681991876,0.04300183316433216,0.46189494488321897,0.8867334881825677,-0.018888642802065796,-0.029426724028603024,0.03660609778905044,0.9988964218163978,162,112,137,154,162,112,137,154,230201_172145
0,0,0,0,-0.26296005999725175,-0.11183783227097276,-0.2771358944157859,0.884515397555815,-0.46459091969681066,0.0422822518552535,0.4647980896507983,0.8854002999134379,0.00538932000919423,-0.03994054761326898,0.014885773357967773,0.9990911702181575,162,154,70,112,162,154,70,112,230201_172145
0,0,0,0,0.28008609021217445,-0.016169321023773615,0.28585547582415294,0.8166750331908402,0.46521762763604263,0.34148857828547124,-0.4508951202529658,0.883700973806826,-0.1255634478060025,-0.36018811848089005,-0.0514310006665184,0.9314608802712205,162,162,160,96,162,162,160,96,230201_172145
0,0,0,0,0.27938054903200166,-0.019079928813601828,0.28612917066190735,0.8792731889433419,0.476300172075215,0.004099425145796949,-0.4762508692374546,0.8789727619833125,0.024330911244659994,0.007985534169633338,-0.023345872709049316,0.9996955543921751,69,128,162,143,69,128,162,143,230201_172145
0,0,0,0,0.27653975918984386,-0.015565481002166037,0.28654754046088526,0.8794064945019586,0.4755583877854933,-0.022100616159751743,-0.47484260450705373,0.8795241292994295,0.03101301218906209,0.03418652326188881,-0.01677873019462233,0.9992746148283365,151,89,162,146,151,89,162,146,230201_172146
0,0,0,0,0.2791214680596439,-0.013862339444591178,0.28300433966498284,0.8781663457458072,0.47732397324917836,-0.03139576024040282,-0.4768478660568663,0.8787178832805377,0.021702401710037674,0.037947092595714986,-0.004087317529742283,0.9992713905636162,162,138,80,136,162,138,80,136,230201_172146
0,0,0,0,0.27603544553249626,-0.011185459428057994,0.2863259993598317,0.8861762477112699,0.46236954442915956,-0.030100870033032977,-0.46001155093176743,0.885718440966538,0.06238762971259567,0.055507035605622305,-0.0414396876940171,0.9975979757808747,162,138,140,92,162,138,140,92,230201_172146
0,0,0,0,-0.25475960272855797,-0.12142460461969329,-0.28422011046772433,0.8784177325726042,-0.47788684663466957,0.0025394715150948424,0.47786836701025664,0.8784135607732521,0.005607143712092653,-0.0049102864432560974,-0.0037118813597976958,0.9999810553324578,59,146,162,136,59,146,162,136,230201_172146
0,0,0,0,-0.25998912308492345,-0.11853272167328555,-0.28010627850087133,0.8815877266796898,-0.4716720208699669,0.01812691082832024,0.47167806264599393,0.8817607878259098,0.004209307680804663,-0.01796901183309832,0.004839192192042794,0.9998268334230035,132,92,141,162,132,92,141,162,230201_172146
0,0,0,0,-0.1291719195409179,-0.09950401692090641,-0.3653343966953304,0.8163893687950181,-0.4414765526840271,-0.3722994116953438,0.46024718231893935,0.8867819738475163,-0.042311488115872355,0.3488279370777925,-0.13680710613608582,0.9271477153208766,162,125,82,156,162,125,82,156,230201_172146
0,0,0,0,-0.2614656451100096,-0.11181194845529924,-0.28207135330928435,0.8872221067810462,-0.45997095751781886,0.03554787587385475,0.4605951916328537,0.8875354894576964,-0.011524946758308407,-0.02624886061712211,0.026598368243704797,0.9993015181230713,160,162,117,86,160,162,117,86,230201_172146
0,0,0,0,-0.2584413259761982,-0.11643947269466398,-0.28488346329933045,0.8836052707797472,-0.4681649415587528,0.007956943228295267,0.4681080873781264,0.8836346306843312,0.00804101900003309,-0.010795553781134197,-0.0033803772948956426,0.9999360124867505,108,162,162,134,108,162,162,134,230201_172146
0,0,0,0,-0.2477679022843438,-0.11977155375574573,-0.29467677205100307,0.883235484269883,-0.4671993812668966,-0.0402469560386157,0.4672208136304508,0.8840901493451124,-0.009450880458362228,0.03999738287744011,-0.010456862568092624,0.9991450662382252,140,82,162,90,140,82,162,90,230201_172147
0,0,0,0,-0.2667512240627078,-0.11712673787094136,-0.27306566517677866,0.8846997203912192,-0.46317759030321426,0.05265856607054328,0.4636706693566943,0.8860019527294686,0.003170195243781155,-0.04812395576024033,0.021611561731533734,0.9986075431727474,154,162,122,162,154,162,122,162,230201_172147
0,0,0,0,0.28282443147381786,-0.008813892080100694,0.2798325178921154,0.8869309361050257,0.4612017799280392,-0.025425042203921576,-0.458960480333641,0.8861487560250478,0.06399734125082002,0.052046057216429756,-0.04509213220140763,0.9976261361561028,162,162,84,107,162,162,84,107,230201_172147
0,0,0,0,-0.2683228328681001,-0.11380929768072046,-0.27268763355809855,0.8853026957662328,-0.46222988424585537,0.050819986020319396,0.46342607788721896,0.8860199610918462,-0.014314289394629753,-0.038411029706470146,0.03622378578872365,0.9986052423956232,162,154,162,91,162,154,162,91,230201_172147
0,0,0,0,0.2829142600556285,-0.012531091618141109,0.2799220240188135,0.8848539526029207,0.46532819704809625,-0.02243104087989748,-0.4634355842493209,0.8841263571484751,0.05956545850455301,0.047549361872459124,-0.04231138886086331,0.9979723465899176,72,122,162,151,72,122,162,151,230201_172147
0,0,0,0,0.28382310985325143,-0.011751868038983454,0.27818338478405713,0.8864894074204596,0.4624223564947107,-0.017380872970067476,-0.4607975709520035,0.8855740463554471,0.05851672433051918,0.04245149156456272,-0.04386539223031587,0.9981351102072427,146,80,155,162,146,80,155,162,230201_172147
0,0,0,0,0.285548374961865,-0.011055757444365086,0.27583012535779305,0.8857774850688452,0.46385422306741125,-0.01541125198158951,-0.46218416738274853,0.8846371914003324,0.06166713072656202,0.042237925680922085,-0.047500519300949166,0.9979777844723363,162,141,88,136,162,141,88,136,230201_172147
0,0,0,0,-0.27061459398753057,-0.1087271532435191,-0.2717903878178143,0.8935467917265296,-0.4454366118259084,0.05621704225838876,0.44810747918572347,0.8925692411362455,-0.05019797680467801,-0.02781758603910298,0.07004551821866661,0.9971558590734126,162,162,137,81,162,162,137,81,230201_172147
0,0,0,0,-0.268751748390579,-0.11364058828012764,-0.2750550373547169,0.8882604922080084,-0.4568200304143583,0.0480495348011909,0.45756609631385864,0.8891601802184561,-0.0052384556865272035,-0.04033070153719625,0.026638951295202315,0.9988312173672834,97,149,162,162,97,149,162,162,230201_172148
0,0,0,0,0.285151422616636,-0.014436088376144171,0.2792838771236352,0.8929454852178998,0.4500911405134571,-0.008144056744972355,-0.4495241707081894,0.8924936071021896,0.037191144521745156,0.0240079232355584,-0.029548714236294644,0.9992749837301529,124,92,152,162,124,92,152,162,230201_172148
0,0,0,0,0.2844102850924803,-0.010757224728960527,0.2828307500248377,0.8901177464736186,0.4554585982092761,-0.01574365681688994,-0.4554940139730749,0.8902376389320685,0.0014661048235164236,0.014683345920571496,0.00586613551653725,0.9998749860891002,162,141,103,154,162,141,103,154,230201_172148
0,0,0,0,-0.13172365989431914,-0.10142024377087083,-0.3651952011871862,0.8203453010858408,-0.44007600398321384,-0.36519405485925927,0.4440221238551326,0.8925966610237632,-0.07820200928624049,0.36038582174325084,-0.09800158900443759,0.9276409585820622,162,162,58,162,162,162,58,162,230201_172148
0,0,0,0,-0.2493921759671613,-0.1253874099395373,-0.29271694041038043,0.8901756273342474,-0.45431961482880956,-0.03436626371721421,0.455307682628853,0.8898174453871942,0.030328666699203265,0.016800792815300815,-0.0426450637988714,0.9989490136610413,119,162,154,162,119,162,154,162,230201_172148
0,0,0,0,0.27839643316785956,-0.01192423866018033,0.2858294185762146,0.8883822575128475,0.4569151557515001,-0.04478286481411255,-0.4545207357624015,0.8890677161577001,0.05449308991180454,0.06471371800771476,-0.028055953569840926,0.9975093975351336,93,100,162,153,93,100,162,153,230201_172148
0,0,0,0,-0.26671460860930163,-0.11571863322287525,-0.27525795962663113,0.8918618363366706,-0.45220909903593287,0.00945492650901975,0.4521192914015868,0.8918987402006224,0.01023638466790737,-0.013061823330143829,-0.004854686153856288,0.9999029056831666,162,108,129,154,162,108,129,154,230201_172148
0,0,0,0,-0.1276026378933874,-0.10282885258815853,-0.36520536109910984,0.8122153112534255,-0.43394238970367743,-0.38987214645799356,0.447651458071091,0.8921641402467018,-0.06042614454597347,0.37405141391569147,-0.12544779502297437,0.9188843183293237,114,18,44,122,114,18,44,122,230201_172149
0,0,0,0,-0.2677858720303705,-0.11301693560869704,-0.27503650603128127,0.8903407316267526,-0.45331415539649855,0.042422377626662976,0.45445884378536394,0.8904835837468777,-0.02249769727300599,-0.027577906222375357,0.0393098409368047,0.9988464323878385,146,162,146,118,146,162,146,118,230201_172149
0,0,0,0,0.28582299369490277,-0.007600100928665719,0.2779799558348751,0.8887778856639151,0.4576081229807264,-0.025858765183915312,-0.4556760862409341,0.8882802237611681,0.05759816405886656,0.04932721746586971,-0.03940875355633294,0.9980048976634389,44,138,162,128,44,138,162,128,230201_172149
0,0,0,0,-0.26710330465541754,-0.10938330434026304,-0.2785757736625155,0.8882869225321101,-0.4582262042177996,0.03122641552563961,0.4590094402451896,0.8880637831758068,-0.025554858193121092,-0.016021143037561282,0.037033265851399544,0.9991855984731512,141,86,162,162,141,86,162,162,230201_172149
0,0,0,0,-0.26970705601563366,-0.11311680721175513,-0.2740298541428161,0.8873615473859964,-0.45916130385335413,0.041956897697729825,0.45958491172199867,0.888133689173621,-0.0005089914891710927,-0.03702962514274697,0.019734416599977253,0.9991192920083398,146,93,93,148,146,93,93,148,230201_172149
