0,0,0,0,0.1692294814393428,0.24007933454409938,0.17991185098135953,-0.998036043733895,0.01298379197194993,0.061281943131924095,-0.008962661812933736,-0.9978161604689947,0.06544142877520528,0.06199779109954024,0.06476365533956845,0.9959728625047148,162,162,83,96,162,162,83,96,230213_180045
0,0,0,0,0.15875585725139388,0.22141768362962325,-0.21408966343714764,-0.9995908561480906,-0.010832706189966991,0.02647211328414957,0.012010921023251941,-0.9989254802692666,0.044761843628114424,0.025958776575566937,0.045061484056968366,0.998646886829015,151,162,136,85,151,162,136,85,230213_180046
0,0,0,0,0.08941553676051993,0.12934198465739516,-0.30759388430191903,-0.9637794307239885,0.04348263306874315,0.26313203821418873,0.058613300357314484,-0.9279644341787553,0.36803055568868953,0.2601801105668294,0.37012331664015913,0.891804373472524,78,154,162,92,78,154,162,92,230213_180046
0,0,0,0,0.15844716935518027,0.22381032070641027,-0.21135285155925676,-0.999785328837174,-0.009967533159103602,0.018164375152102136,0.01039347478298893,-0.9996696262865687,0.02350774259702294,0.01792405991619946,0.023691487137676343,0.9995586233499894,78,154,162,103,78,154,162,103,230213_180046
0,0,0,0,0.1642209588166676,0.23539236074089004,0.19416190789034804,-0.9988732617981604,0.01233303251517699,0.04582688265288983,-0.00950538445944911,-0.9980669739299542,0.061416310672170994,0.046495747450494944,0.06091150843052685,0.997059643958042,87,128,162,162,87,128,162,162,230213_180046
0,0,0,0,0.15581825081803097,0.21831355961654483,-0.22191680599038754,-0.9990278004693083,-0.010111347441319697,0.04290937592622175,0.012265315220061225,-0.9986620860904871,0.050235444140055235,0.04234401884575243,0.05071290228646938,0.9978152061427373,100,92,162,162,100,92,162,162,230213_180046
0,0,0,0,0.08694178526489829,0.12961464619442828,-0.30861633211526385,-0.9577550054314145,0.03658430644833246,0.28524890550669163,0.06566927992713412,-0.9378486634030442,0.34077474998446583,0.27998731264991755,0.3451108127468887,0.895826786650332,130,156,151,162,130,156,151,162,230213_180046
0,0,0,0,0.15645097413656187,0.22531588872165548,-0.2110052448569366,-0.9996415981610206,-0.008941159088191547,0.025233527304756954,0.009341096120080423,-0.9998319117810455,0.01577631476408515,0.02508822730596328,0.016006369307863803,0.9995570904116606,162,107,78,154,162,107,78,154,230213_180046
0,0,0,0,0.15761470285806045,0.23121204550934304,0.20118492869165638,-0.9999474645630831,0.01024019453462146,0.00045445544725209255,-0.01023244797310646,-0.9998405365845808,0.014635518806485386,0.0006042535379278147,0.01463009973139029,0.999892791782955,162,103,78,154,162,103,78,154,230213_180046
0,0,0,0,0.15554786045366548,0.217124265751737,-0.2239498860264646,-0.9990469992506943,-0.01009615240239452,0.04246364321220536,0.012675704632508944,-0.9980619409798899,0.060923628253117035,0.04176625192970084,0.061403824588719465,0.9972387630480589,162,146,87,128,162,146,87,128,230213_180047
0,0,0,0,0.15771083615836615,0.23327533084166802,0.20066936301796623,-0.9637580645934216,0.05701899097218538,0.2606131761819742,0.04791549665936986,-0.9240094858245068,0.37935547351556403,0.26243951324263043,0.3780943067210158,0.88778950045274,162,90,100,92,162,90,100,92,230213_180047
0,0,0,0,0.15886223073838834,0.2269301453445673,-0.2052919496255352,-0.9999177954788362,-0.010167318510359276,0.007812036805701889,0.01022041822689737,-0.999924733080716,0.0067875787086087765,0.007742437343113623,0.006866863022309363,0.9999464489942552,152,162,130,156,152,162,130,156,230213_180047
0,0,0,0,0.15724124793406405,0.23031557744921416,-0.20098576542089097,-0.9990646907160725,-0.007695568083337994,0.042550229097769156,0.00746929550289369,-0.9999571204299514,-0.005474205525111,0.04259053168356065,-0.005151265215014192,0.9990793317237606,129,154,162,107,129,154,162,107,230213_180047
0,0,0,0,0.08896223698576058,0.13285107189378556,-0.307036792018582,-0.954355056026046,0.0376444694225341,0.2962926272444498,0.07034724680289219,-0.9357854049241332,0.345480738679062,0.2902717552652609,0.3505546602926188,0.8904233477634956,116,154,162,103,116,154,162,103,230213_180047
0,0,0,0,0.08823241605489374,0.13088032333545763,-0.3076616266547876,-0.9630898788530665,0.056227943423903956,0.26324191085217274,0.056477507041478504,-0.9139631471710101,0.40184780304443857,0.26318848084436514,0.4018827988252054,0.8770530426144445,77,128,162,146,77,128,162,146,230213_180047
0,0,0,0,0.15724400722343077,0.2278128649888816,-0.20560143089896443,-0.999451311804509,-0.010634729266180688,0.03136842147258247,0.010567451481333872,-0.999941495254485,-0.002309769991614631,0.03139115004959499,-0.0019770183761283833,0.9995052211453946,140,82,162,90,140,82,162,90,230213_180047
0,0,0,0,0.1573206878668539,0.22891634516954198,-0.2044411750562557,-0.9999584021726068,-0.00886737564376606,0.0021362522326909615,0.008853298870645654,-0.9999396099121584,-0.0065111925042750035,0.002193860414055222,-0.006492008773333977,0.9999765201236329,137,81,152,162,137,81,152,162,230213_180047
0,0,0,0,0.1593135620302694,0.2239009813281394,-0.2105591052688074,-0.9994342093090527,-0.012737992729364251,0.03112884199605354,0.012414272022191922,-0.9998670650508232,-0.010570623293441264,0.03125935240768157,-0.010178200620909482,0.9994594824799916,162,108,129,154,162,108,129,154,230213_180048
0,0,0,0,0.15982083107794098,0.22467706639904317,-0.20717001379748146,-0.9998120863480221,-0.009847534587333626,0.01669784581815229,0.010565436663908558,-0.9989990780110569,0.04346508577190642,0.016253108641624645,0.04363333812132089,0.9989153959489632,162,120,116,154,162,120,116,154,230213_180048
0,0,0,0,0.15886176301554789,0.2299125145210182,-0.2002337879176883,-0.9998148475378853,-0.009384053262747771,0.016799112689568206,0.009281068443497794,-0.9999377221131891,-0.0061978757354866345,0.016856227672347304,-0.006040814468872407,0.9998396752225881,162,143,77,128,162,143,77,128,230213_180048
0,0,0,0,0.1555321703366521,0.2223477565660537,-0.21626837247753894,-0.9988863411285192,-0.008351193021697487,0.04643635517559661,0.010690871928536598,-0.9986735660622619,0.05036679169741602,0.045954137618798144,0.05080714539902452,0.9976506659207496,162,90,140,82,162,90,140,82,230213_180048
0,0,0,0,0.08906586762434902,0.12783950317983558,-0.3075322254118764,-0.9595890748864185,0.0518023479387423,0.2765959582254608,0.06606982262108367,-0.9139614837720481,0.40038629437084133,0.2735390025159957,0.4024809597101817,0.8736048827549703,162,162,137,81,162,162,137,81,230213_180048
0,0,0,0,0.15826931841464897,0.21896538088639755,-0.21859034126325005,-0.9995044527916879,-0.010535369399865886,0.029662347196353803,0.012197962709773186,-0.9983315066344759,0.05643945930523607,0.029018245214341473,0.05677331109372418,0.9979652962864669,132,154,162,108,132,154,162,108,230213_180048
0,0,0,0,0.15737931553209186,0.22256252026133494,-0.21445190754742027,-0.9996354316365641,-0.009417486187843672,0.02530444171844293,0.010031422910272049,-0.9996557008299418,0.024245625432092587,0.025067396577538124,0.02449062580049437,0.9993857287737926,128,154,162,120,128,154,162,120,230213_180048
0,0,0,0,0.15697058090839633,0.2219575539677423,-0.21567561578276062,-0.9997813876454947,-0.007760804804550476,0.01941511850166652,0.00842518402691279,-0.9993734827944559,0.03437525507385728,0.019136174951142722,0.034531316164689754,0.9992203936130274,69,128,162,143,69,128,162,143,230213_180049
0,0,0,0,0.15615609028852756,0.22149887482578567,-0.21709282648859707,-0.9998364588247263,-0.007274301422661061,0.0165571780096953,0.007973075009564262,-0.9990630977700685,0.04253653428484248,0.016232241980833336,0.042661589432251464,0.9989577083677715,18,82,162,90,18,82,162,90,230213_180049
0,0,0,0,-0.151986049771687,-0.015348785018976602,-0.004341111633869632,0.9962044405174658,-0.051499906931727096,-0.07017458428309922,0.04859937532924512,0.997916611854958,-0.04243272913129152,0.0722136649872412,0.03886123222371939,0.9966318233024494,140,92,162,162,140,92,162,162,230213_180049
0,0,0,0,-0.15206342532435857,-0.015225657996210451,-0.0033062994955413982,0.9976775878523036,-0.05620909391481034,-0.03847035817982791,0.05510065750146962,0.9980510633129741,-0.029291510079676158,0.040041831128383325,0.02710374109081719,0.998830335431783,162,110,132,154,162,110,132,154,230213_180049
0,0,0,0,-0.15221234462875027,-0.014772875716331346,-0.01124167112557739,0.9943413337025568,-0.055487121246308294,-0.09058968741760648,0.054831031970142066,0.9984483647047521,-0.009717044380717625,0.09098829608093248,0.004694932822209732,0.9958408947126461,162,122,128,154,162,122,128,154,230213_180049
0,0,0,0,-0.15272762121135286,-0.01611283048692405,0.0019511155198728147,0.9963484504429092,-0.05783304223657091,-0.06281006707269804,0.054511107324269885,0.9970856198559314,-0.05337420589380862,0.06571380736417383,0.049755461028672586,0.9965972554746116,162,136,69,128,162,136,69,128,230213_180049
0,0,0,0,0.1604542943576555,0.2256370274222156,-0.20498988968764265,-0.9999739303582041,-0.007212882232999279,0.0003360563304670621,0.007220184742903953,-0.9982586234345565,0.05854562042392601,-8.681153552710331e-05,0.0585465205493629,0.9982846775320757,162,162,18,82,162,162,18,82,230213_180049
0,0,0,0,0.160377098652617,0.22403177699736074,-0.20826301577238227,-0.9999349688700668,-0.008662675416177266,0.007417282888828455,0.008920289623865246,-0.9993322320852922,0.03543329434943126,0.007105382737425986,0.03549715439385297,0.999344517954691,162,138,140,92,162,138,140,92,230213_180049
0,0,0,0,0.1593486240619434,0.22630054573450142,-0.2049361259587139,-0.9999303275877036,-0.005388545355044101,0.01050254965729378,0.005902373793638698,-0.9987555174431291,0.04952351320845459,0.010222619720377737,0.04958205275968758,0.998717736945824,135,154,162,110,135,154,162,110,230213_180050
0,0,0,0,0.16341000878592926,0.23170713147308097,0.19965699579462548,-0.9991033944398277,0.009708684345890622,0.041208599431259894,-0.008117157248075331,-0.9992212179077316,0.03861436832578957,0.0415514016252664,0.03824524978688966,0.9984041175254208,111,154,162,122,111,154,162,122,230213_180050
0,0,0,0,0.15838764739111558,0.23149882996709553,0.20122260659100522,-0.9999707415369549,0.007627397053632655,-0.0005821376269118186,-0.007643464918642886,-0.9993161554142815,0.0361773267677036,-0.0003058006996512862,0.03618071782325448,0.999345216701279,53,130,162,136,53,130,162,136,230213_180050
0,0,0,0,0.1602719964224923,0.23879532143311705,0.19171294346710155,-0.9996920755708644,0.005577139390786589,0.024179527642870867,-0.004094497532760795,-0.9981330581009115,0.06093958824997357,0.024474254447701457,0.0608218204457729,0.9978485441322703,82,162,162,162,82,162,162,162,230213_180050
0,0,0,0,0.16002484994439994,0.23519286907786707,0.19909451503693643,-0.9996944516110872,0.010086438925557986,0.022566948571065417,-0.008568634869914457,-0.9977581652950827,0.06637184706979747,0.023185812784420713,0.06615819931642253,0.9975397289074427,138,90,162,138,138,90,162,138,230213_180050
0,0,0,0,0.15488442714927617,0.22138023762744402,-0.21761630790191255,-0.9992981721658626,-0.005801026249885776,0.037006907468924495,0.008950544185992336,-0.9962965060188916,0.08551701499306179,0.03637376616106726,0.08578822873213487,0.9956491997416875,162,112,135,154,162,112,135,154,230213_180050
0,0,0,0,0.157681474520416,0.22380011260137989,-0.21294085718227207,-0.9998689401297297,-0.006481349456799828,0.014835588059433653,0.007116250154800776,-0.9990432208604471,0.04315091930098558,0.014541717490883527,0.04325083770292443,0.9989584092896013,162,124,111,154,162,124,111,154,230213_180050
0,0,0,0,0.15781972904638586,0.2228880619449267,-0.2133931186749024,-0.9998835912989927,-0.007043939481337851,0.013534650627609151,0.007615184154820544,-0.999061957867887,0.04262878501051648,0.013221679973300001,0.042726891506028326,0.998999299259472,162,162,53,130,162,162,53,130,230213_180050
0,0,0,0,0.15664190840563846,0.22523744441129684,-0.21085456301611338,-0.9998139170643081,-0.005441093523473789,0.018507451088502897,0.006135885760527311,-0.9992704907052077,0.03769399569834272,0.018288853175042846,0.03780054109456283,0.9991179294470198,162,162,82,162,162,162,82,162,230213_180051
0,0,0,0,0.16192453913123794,0.22392588642957018,-0.2072229610013322,-0.9999341399341436,-0.010258511562380015,0.0051457491863363715,0.010349831643628007,-0.9997835941460789,0.018045660456116493,0.004959513999649782,0.018097729605489353,0.999823922200311,162,162,138,90,162,162,138,90,230213_180051
0,0,0,0,0.15677483931774489,0.2288815386241339,0.2078567736002791,-0.9999593787298473,0.008338735972710681,0.0034214576708940674,-0.008236135414706386,-0.9995460915465842,0.02897890521359461,0.0036615520816885997,0.028949548464964055,0.9995741676734287,137,154,162,112,137,154,162,112,230213_180051
0,0,0,0,0.15682437180356654,0.22212833545700544,-0.2149373891142673,-0.9997260081850301,-0.008105266850544263,0.021959353535707896,0.00846922528327868,-0.9998274644415852,0.016532198021201237,0.02182156688979532,0.016713647046429043,0.9996221652308845,82,156,162,124,82,156,162,124,230213_180051
0,0,0,0,0.15910993076816782,0.2299873879751083,0.20390934306167918,-0.9997342291693412,0.005742213240118029,0.022327069093107464,-0.005358171549919641,-0.9998373216942571,0.017222663699259975,0.022422333170859152,0.017098454151214696,0.9996023618623626,102,126,162,162,102,126,162,162,230213_180051
0,0,0,0,0.15945196169220247,0.23077656943933625,0.20170335517917248,-0.999922400006707,0.007182901750134292,0.010178402982483048,-0.006925726305452609,-0.9996614401563568,0.02508065748058991,0.010355108882472595,0.02500821838845435,0.9996336132469074,58,162,162,162,58,162,162,162,230213_180051
0,0,0,0,0.15921151279460447,0.23616457582738573,0.19806377130500608,-0.999939468939603,0.008170007780996462,0.007369493174110721,-0.007668496708069145,-0.9978107294259808,0.06568822117115208,0.007890032637647326,0.0656277320593232,0.9978129825622266,141,86,162,162,141,86,162,162,230213_180051
0,0,0,0,0.16251062813842362,0.2344451539528522,0.19755670878045406,-0.9985003433631171,0.008073933001980402,0.05414679962487128,-0.004907498281218385,-0.9982836168665247,0.05835869049688235,0.05452504712841857,0.0580054471732664,0.9968261570273289,162,112,137,154,162,112,137,154,230213_180051
0,0,0,0,0.15329175705154371,0.2245950381341751,-0.2149014757390718,-0.9991459040397535,-0.0032678836459149366,0.04119203050422632,0.00516634411216334,-0.9989250287368584,0.04606621160442648,0.04099721123563238,0.04623967884345477,0.9980887339166568,162,125,82,156,162,125,82,156,230213_180051
0,0,0,0,0.15678883041372083,0.22620146724340612,-0.20870007886263975,-0.9995901674014666,-0.005740371935809813,0.028045416102217856,0.006345331818903894,-0.9997480756491555,0.02152956107119378,0.027914763090808755,0.02169869502640249,0.9993747708621302,162,162,102,126,162,162,102,126,230213_180052
0,0,0,0,0.160879637276608,0.21957209267077216,-0.21496146440880626,-0.9998688758039466,-0.009788999757703646,0.012899871406195234,0.010737773192956277,-0.997075946777108,0.07565881697060638,0.01212152735464163,0.07578741216243476,0.9970503180543658,162,162,58,162,162,162,58,162,230213_180052
