0,0,0,0,-0.1466103648612766,-0.0010388513239614483,0.0064494063436710825,0.9978540935653696,-0.04290095180945728,-0.04946429306759141,0.03831414844532742,0.9951849890286569,-0.09021565075385914,0.05309645923923133,0.08812687414106717,0.9946931285931261,162,162,83,96,162,162,83,96,230209_181730
0,0,0,0,-0.14616912889412978,-0.0014257856574253769,0.01513461073624478,0.9989135745840785,-0.04467527303207676,0.013258600648939666,0.045535664493226616,0.9962274954561235,-0.07387340899390003,-0.009908267801133333,0.07439689023560811,0.997179486828952,160,162,138,156,160,162,138,156,230209_181730
0,0,0,0,-0.14588668490489234,-0.0009138307838228998,0.006723842146418524,0.9607904863859738,-0.09387720012389503,-0.2608998132753265,-0.02138882755582418,0.9130443828462169,-0.4072989970632841,0.27644919845423566,0.39690934260844535,0.8752364334419258,59,146,162,136,59,146,162,136,230209_181730
0,0,0,0,-0.14592699763750874,-0.0002196015059768297,0.0040338783516320476,0.9559834898699866,-0.09634944152304915,-0.27715041442183974,-0.02483993050740641,0.9145849052549705,-0.40363031220678,0.29236714067827146,0.3927483115150874,0.8719347560761984,128,80,162,162,128,80,162,162,230209_181730
0,0,0,0,-0.14606381781244437,-0.0013696255305680194,0.015612290953120778,0.9987247641411222,-0.045197078444438876,0.022495990561557,0.04665462530133223,0.9965148202402907,-0.06914881762874864,-0.019292263455870512,0.07011017858734125,0.9973526815671578,162,120,116,154,162,120,116,154,230209_181731
0,0,0,0,-0.14667822725147678,-0.0011441735293032107,0.0071622774002896294,0.9973850004365921,-0.041796851417761856,-0.058959173295263935,0.036600940693469954,0.995569730499062,-0.08660994662495637,0.06231799133839703,0.08422550044722932,0.9944961201683802,162,106,112,88,162,106,112,88,230209_181731
0,0,0,0,-0.1464231507629008,-0.0009168025594696594,0.006205203611649113,0.9981428393692824,-0.04086670435920084,-0.04517504499881387,0.03719737124739782,0.996158249031008,-0.07927861287736339,0.04824134936038221,0.07745098683873085,0.9958283571226502,112,162,154,162,112,162,154,162,230209_181731
0,0,0,0,-0.14596396890958982,-0.00021423687305463512,0.0036074059919806167,0.9543911811644894,-0.09766483035221929,-0.2821330434878615,-0.025365128075847218,0.9150418241453997,-0.4025606418197826,0.2974795515546358,0.3913566672192154,0.8708305664306468,100,92,162,162,100,92,162,162,230209_181731
0,0,0,0,-0.145596626744962,-0.00020696420249674552,0.010707170179640624,0.9729336955210766,-0.08074265443453191,-0.21651939376085313,-0.010342526795396155,0.9208169449965871,-0.38985790481486715,0.23085288878241925,0.38154524969132725,0.895058750126937,154,127,123,162,154,127,123,162,230209_181731
0,0,0,0,-0.14594092086563018,3.803981099154141e-05,0.002912838838567078,0.9561075226384851,-0.09941682266699975,-0.2756350858016762,-0.02135076480794311,0.9145447435687276,-0.4039208546892884,0.29223714684518626,0.3920767876087639,0.8722804839168288,162,151,64,112,162,151,64,112,230209_181731
0,0,0,0,-0.14632061275280447,-0.0007160397451562439,0.005091870522650588,0.9983851839742182,-0.04320980598708848,-0.03687732483957869,0.0400854131911659,0.9958567175265441,-0.08162449268786134,0.04025151015873992,0.08001444134539339,0.9959806750666026,162,162,160,96,162,162,160,96,230209_181731
0,0,0,0,-0.14656254282067932,-0.001991077421324594,0.009661334350661521,0.9982151303236027,-0.045992188779931435,-0.03809556620217742,0.04166418766616003,0.9933306777209877,-0.10750934919570458,0.04278608487759005,0.10573023819889982,0.9934739391001918,77,128,162,146,77,128,162,146,230209_181731
0,0,0,0,-0.14564452448800047,-0.000225694800966042,0.010657772112422581,0.9717924070583139,-0.08088924329058388,-0.22153204712565908,-0.010242305788983604,0.9239784823237175,-0.38230728396786273,0.23561539159387154,0.37379231469177615,0.8970867810426317,138,147,160,162,138,147,160,162,230209_181732
0,0,0,0,-0.1462358832333896,-0.001526384740159814,0.008250094366319072,0.998541319664303,-0.04540379164002085,-0.029218634940419222,0.04265772061884421,0.9951548493667186,-0.08858411061532774,0.03309912075382892,0.08720849434896555,0.9956400588157902,162,132,59,146,162,132,59,146,230209_181732
0,0,0,0,-0.14595182662163605,-0.00012715584418621084,0.003665303623185956,0.9550701304624583,-0.09644464475362327,-0.280248954318781,-0.024507560562076716,0.9166361627770487,-0.3989705810766797,0.2953649020681349,0.3879131031400136,0.873088196597896,162,162,127,84,162,162,127,84,230209_181732
0,0,0,0,-0.1461032269862258,-0.0013046323428908546,0.007245451657535429,0.9987519847208429,-0.04584326705672689,-0.019820895079206563,0.04399210770177335,0.9953702456706148,-0.0854562373005857,0.02364672231263507,0.0844776236596654,0.9961447503373618,111,154,162,122,111,154,162,122,230209_181732
0,0,0,0,-0.14588761248722026,5.364434326735057e-05,0.003117343390243721,0.9559753333668639,-0.09884344978256748,-0.2762989946221186,-0.022779270983775295,0.9137260103770404,-0.40569185692333387,0.29256156071425415,0.3941252978375484,0.8712479456485988,117,86,156,162,117,86,156,162,230209_181732
0,0,0,0,-0.14563928246755872,-0.0005894989134747897,0.005652882430701056,0.960838576813672,-0.09607771425307746,-0.25991979942009236,-0.023989691687628913,0.9056089450423718,-0.4234346860520245,0.2760683321198026,0.4130877769713695,0.8678391351612593,162,136,108,162,162,136,108,162,230209_181732
0,0,0,0,-0.14593413211862177,-0.00015082983102168712,0.0036405391895028005,0.9559515233947781,-0.09652353834988366,-0.2772000928275864,-0.024205341001885053,0.9152446382201468,-0.4021708016207245,0.29252484746801666,0.39116551324687626,0.8725931210249835,162,162,82,162,162,162,82,162,230209_181732
0,0,0,0,-0.14680605076607248,-0.0012674604912154275,0.007889241517092582,0.997491659562167,-0.043820024299539476,-0.055589518565118484,0.03806585193970977,0.9941932148616212,-0.10065208611458627,0.05967729903420544,0.09828355403373323,0.9933674863747456,119,162,154,162,119,162,154,162,230209_181732
0,0,0,0,-0.1455587883596977,-0.00020228907353486703,0.01076553738235242,0.9721447909826233,-0.08063203870311715,-0.22007494109945963,-0.011430053984201143,0.9215352019422718,-0.3881265585439031,0.2341022409787438,0.3798306805878043,0.8949440177200669,93,102,162,158,93,102,162,158,230209_181733
0,0,0,0,-0.14593570618314594,-0.00017471663176193974,0.0039036349476363474,0.9556676441183347,-0.0961350514464301,-0.2783117063091386,-0.024316579511767165,0.9162032732635375,-0.3999753317668807,0.29344174540470525,0.3890110717506262,0.8732481480709073,162,91,162,154,162,91,162,154,230209_181733
0,0,0,0,-0.1463920611800597,-0.0018061643480476453,0.009201023960346388,0.9986822750757622,-0.04554754191729565,-0.023646032960958623,0.04277765747247199,0.9933658365824134,-0.10674449274828886,0.02835111057201112,0.10559231097108274,0.9940052708075143,162,162,102,126,162,162,102,126,230209_181733
0,0,0,0,-0.14590656491894005,-0.0009005840094002682,0.01296142849367743,0.9985681020770926,-0.04493631703727593,0.0290253841538745,0.04635840449756424,0.9976558019994363,-0.05033685597353989,-0.0266953899876887,0.05161034923332814,0.9983104366906214,162,146,148,92,162,146,148,92,230209_181733
0,0,0,0,-0.14560997985526294,-0.00036906753297144546,0.004605868605117913,0.9591883343853539,-0.09741391372750266,-0.26545860052245585,-0.024608192844249557,0.9064671199889951,-0.4215587707826732,0.28169518281999495,0.4108867116263906,0.8670755066226129,89,137,162,162,89,137,162,162,230209_181733
0,0,0,0,-0.14621755327919897,-0.0015154733430430833,0.007993932632728518,0.9987464466694674,-0.043989788846311786,-0.02388375477959203,0.04175336427519835,0.9953153465506306,-0.08720101772629345,0.02760782202234311,0.08609447948652493,0.9959043873611195,137,81,152,162,137,81,152,162,230209_181733
0,0,0,0,-0.14654080430791702,-0.0021246711525174933,0.010928786107934685,0.998236443057649,-0.04582094825372771,-0.03774181305585486,0.041167589775680205,0.9923971302371386,-0.11598778146492045,0.042769537099145744,0.11422949093041625,0.9925333193893808,162,162,105,153,162,162,105,153,230209_181733
0,0,0,0,-0.1461143942219678,-0.0014804324473947916,0.016429650564414255,0.9990411525930426,-0.04351168135725067,0.00484860918499822,0.04373499219319775,0.996927908747358,-0.06497688218497817,-0.002006460421913123,0.06512663315483674,0.9978749900516047,162,162,120,85,162,162,120,85,230209_181734
0,0,0,0,-0.14580814919887838,-0.000774728668803043,0.006031847672535839,0.9600450671192653,-0.09464972978296436,-0.2633531806376709,-0.02236082465418156,0.9121120159715544,-0.4093307511549699,0.2789506454926225,0.39886476276091215,0.8735521955824566,114,154,162,136,114,154,162,136,230209_181734
0,0,0,0,-0.1465834718424226,-0.001074367511087304,0.006436357427892059,0.9980394758302965,-0.04370254691414392,-0.04480281327777692,0.039351708223228574,0.9948153582382376,-0.09377550892018727,0.04866875531899473,0.09182859253273618,0.9945847685587973,18,82,162,90,18,82,162,90,230209_181734
0,0,0,0,-0.14661985008012443,-0.002299171559854568,0.011516330722588841,0.9979104567793995,-0.04556097412913107,-0.045813948604477496,0.040193097116279004,0.9929016789928765,-0.11194092548004572,0.05058888410046636,0.10986561559256125,0.9926582046786985,154,162,122,162,154,162,122,162,230209_181734
0,0,0,0,-0.1461643064972879,-0.0013551546811740312,0.014894416046865033,0.998852692855644,-0.045310855520857604,0.015499172461679896,0.04642244516147147,0.9956269711266426,-0.08106720021326402,-0.011758169936648166,0.08169370071893692,0.9965881218951917,162,156,107,115,162,156,107,115,230209_181734
0,0,0,0,-0.14591907937939938,-0.00024437303021843104,0.004593852873487236,0.9572873664711373,-0.09517975046742966,-0.27302328306522117,-0.023692835114412843,0.9152679688700854,-0.4021482248184988,0.2881658334344918,0.39144011069560364,0.8739193854009751,162,162,160,95,162,162,160,95,230209_181734
0,0,0,0,-0.1460107586848365,-0.0002927193515375459,0.00422423166546626,0.9565482184929416,-0.09706139579184085,-0.27494470561354534,-0.023120267199762554,0.914748136932854,-0.40336249109515027,0.2906560836153117,0.3921924673228862,0.8727566153473693,77,128,162,146,77,128,162,146,230209_181734
0,0,0,0,-0.14609359204318254,-0.0014251414678181917,0.01555023492327634,0.9987495142822642,-0.04550673132422463,0.020701331481947815,0.04693634062039115,0.9960923141567305,-0.0748136458612665,-0.017215912700384643,0.07569173721135762,0.9969826343862864,138,147,160,162,138,147,160,162,230209_181734
0,0,0,0,-0.14563579570956517,-0.0006804895596923821,0.006358492463319765,0.9617254131137271,-0.09496999373006448,-0.2570309904703,-0.022917793203902144,0.9068533560366743,-0.42082272443356206,0.27305494781434575,0.4106064915901038,0.8699674157910576,162,132,59,146,162,132,59,146,230209_181735
0,0,0,0,-0.1467165269945919,-0.0013895812528279539,0.008253010760175594,0.9979161504263524,-0.04384780498819181,-0.04733631498086318,0.03883496489593896,0.9940191108679305,-0.1020678829547303,0.05152865435639849,0.10001688470976706,0.9936505525350308,162,162,127,84,162,162,127,84,230209_181735
0,0,0,0,-0.1465360976773577,-0.0018728833935561795,0.009437706440360571,0.9983050409399353,-0.04731522067902846,-0.033886798698148646,0.04324994694613984,0.9927636621530582,-0.1120256809736242,0.03894210219120302,0.11037019978482857,0.9931273491735019,116,154,162,103,116,154,162,103,230209_181735
0,0,0,0,-0.1462022663503886,-0.001342563794404228,0.015300379507611761,0.9990251406021124,-0.043902528838673224,0.004619134821488956,0.04411717403002278,0.996623120489349,-0.06925338014622025,-0.0015631380407083058,0.06938965101253701,0.997588408579322,112,88,162,162,112,88,162,162,230209_181735
0,0,0,0,-0.1467578384844305,-0.0010916810069138971,0.006275548537157394,0.9972061479023547,-0.0429451254026862,-0.06111967596358169,0.03725768492427434,0.9951233882537828,-0.09133075639889615,0.06474382982052541,0.08879841414382678,0.9939431966393816,154,162,116,162,154,162,116,162,230209_181735
0,0,0,0,-0.14587307772516397,-3.991959779564569e-05,0.00333487373139163,0.9545010848495752,-0.0974915757571927,-0.281820992258143,-0.025479287634386633,0.914932224548566,-0.40280247067794417,0.2971169549565102,0.3916559933653404,0.8708197849947943,58,162,93,100,58,162,93,100,230209_181735
0,0,0,0,-0.14646418314352805,-0.0019106967307461475,0.00983060291323512,0.9985782055829062,-0.04830712079594504,-0.02253862052633268,0.045219603451783365,0.9915363113347611,-0.12170016749503289,0.028226845351323172,0.12050794739377804,0.9923109793892492,129,154,162,107,129,154,162,107,230209_181735
0,0,0,0,-0.14608865142133243,-0.0015260221737776192,0.01642871915056099,0.9988373314962783,-0.045344234002652355,0.01636721271647826,0.046399044076431015,0.9963846969598649,-0.07116645539151356,-0.013081051876173727,0.07184313541954855,0.9973301609672202,72,122,162,151,72,122,162,151,230209_181735
0,0,0,0,-0.145791305350497,0.00016120581200404493,0.0022861321777991606,0.9544721420524835,-0.1000787835922394,-0.28101097330965785,-0.024288193910438072,0.9128402546505495,-0.4075938580573666,0.2973096259496359,0.3958622317981565,0.8688498603058358,146,80,155,162,146,80,155,162,230209_181736
0,0,0,0,-0.14675975324243287,-0.001360087651752856,0.007833506912504506,0.9974729112863194,-0.044097496154104396,-0.055706391760134095,0.03805131863563899,0.9937136766136327,-0.10528640017165725,0.05999906999349138,0.10290063043517274,0.9928804418740255,138,162,89,137,138,162,89,137,230209_181736
0,0,0,0,-0.14666021690710046,-0.001183862662017171,0.007210478890688599,0.9976204756456685,-0.04256802987097415,-0.0542342088115402,0.037442873506166006,0.9950321940050224,-0.0922440465133187,0.057891431111271874,0.08999386493786068,0.99425836002391,151,162,136,85,151,162,136,85,230209_181736
0,0,0,0,-0.14561358433862415,-0.00016334650008972829,0.01044002537590416,0.9730195994260437,-0.0806165934648217,-0.21618007306620354,-0.008608694823633172,0.9236323424439116,-0.38318296721671674,0.23056181276658758,0.3747055655440702,0.8980183682108531,80,156,162,125,80,156,162,125,230209_181736
0,0,0,0,-0.1455614066027403,-0.00040636677643318686,0.0048190274443652426,0.9594971922185511,-0.09715574290310337,-0.2644350577091899,-0.024589134731418848,0.9061868117609366,-0.42216209759251194,0.28064303408044294,0.4115655765628308,0.8670947258579238,117,86,156,162,117,86,156,162,230209_181736
0,0,0,0,-0.14675769741966366,-0.0013967085776259158,0.007964247250013656,0.9976798661851412,-0.044595842011806185,-0.051440212713961486,0.03880655826422222,0.9933367909323579,-0.10851760601806065,0.05593688983564527,0.10626961303902223,0.992762727795545,154,150,112,162,154,150,112,162,230209_181736
0,0,0,0,-0.14582583928686757,-3.032395489033224e-05,0.003725889467289356,0.9565818436744836,-0.09811969046899796,-0.2744516399925377,-0.02453474887166562,0.9111821902493178,-0.4112724915068611,0.2904293760109844,0.40014940024286516,0.8692129975070239,162,162,116,90,162,162,116,90,230209_181736
0,0,0,0,-0.14647504239258236,-0.0009607513915687038,0.006188683431885278,0.998310156956205,-0.04354108384572299,-0.03848382173870993,0.039875032872872945,0.9950177819023502,-0.09137612079484977,0.042270702282602046,0.08968716583585082,0.9950725601748187,137,154,162,112,137,154,162,112,230209_181736
0,0,0,0,-0.14586995592900842,-7.783020917109806e-05,0.003229133789576677,0.9551115858233679,-0.09847475189303037,-0.27940039703904646,-0.024111416085239656,0.9141663480969816,-0.40462146213639466,0.2952634387125082,0.3931953855866513,0.8707565047204813,88,112,162,162,88,112,162,162,230209_181737
0,0,0,0,-0.14608844666882412,-0.0005878004595478714,0.0058291910330400265,0.9581027899652295,-0.09411994920565049,-0.27051890695914116,-0.021967026801235037,0.9175404579447242,-0.39703520973346773,0.28558097554696565,0.38634303823947785,0.8770305372160839,156,100,146,162,156,100,146,162,230209_181737
0,0,0,0,-0.14665131664941275,-0.0009799480992849219,0.006218966278128679,0.9974334400049104,-0.04219968309270395,-0.05784219486538736,0.03680789251342884,0.9951425003141531,-0.0913048909819003,0.06141426388625007,0.0889415022100042,0.9941416887828102,162,162,44,138,162,162,44,138,230209_181737
0,0,0,0,-0.14653482532899553,-0.0009431152314775815,0.006020429165506602,0.9980982571908568,-0.04393891564598121,-0.0432347161946202,0.03977526879336529,0.9948849039749623,-0.0928544874260037,0.04709349196003144,0.09095822961439873,0.9947405709432108,162,138,140,92,162,138,140,92,230209_181737
0,0,0,0,-0.14579112411532613,-0.0008836763501665068,0.006870512858141442,0.9613000903758829,-0.09242487725968786,-0.2595376240679792,-0.02221034635794506,0.9129838330326684,-0.40739074748407894,0.27460669467072385,0.39738918289821157,0.8755986526699956,96,148,146,162,96,148,146,162,230209_181737
0,0,0,0,-0.14585171654785722,-0.001062095909054317,0.007948606057364582,0.9630566218090386,-0.09167633241385817,-0.25321412532658266,-0.0213824295488178,0.9112714054174245,-0.4112507962000082,0.2684487565557948,0.4014721357002186,0.8756456985333468,114,18,162,162,114,18,162,162,230209_181737
0,0,0,0,-0.1454940896070904,-0.00038204893127352646,0.011706116287276136,0.973134009796875,-0.07891258963382475,-0.21629378672060387,-0.011188628164623422,0.9221116258786103,-0.3867621543265309,0.229967418510641,0.37879143683139027,0.8964552603486481,162,136,108,162,162,136,108,162,230209_181737
0,0,0,0,-0.14652669679453928,-0.0009682877180018368,0.006228756883326136,0.9978845946141083,-0.04326770303711545,-0.04852052870412946,0.0386986402881855,0.9950576685035556,-0.09144753464208305,0.05223744893926087,0.08937640754786105,0.9946271194282593,162,90,100,92,162,90,100,92,230209_181737
0,0,0,0,-0.14574939742403475,-0.000700773943980354,0.005982837737632418,0.9606449110595864,-0.09353948926655144,-0.2615563396346428,-0.022709224542210353,0.9119996831932152,-0.4095618011682309,0.2768495005883365,0.39938320170386077,0.8739836452821996,123,162,154,128,123,162,154,128,230209_181738
0,0,0,0,-0.14568784003980842,-0.0007152065594660251,0.006315616520895517,0.9618700965400191,-0.09529723029801664,-0.2563676174551328,-0.022334833560324414,0.9068371952876466,-0.4208888884880046,0.2725932365117064,0.41056636386869566,0.8701311327999423,64,112,162,154,64,112,162,154,230209_181738
0,0,0,0,-0.14649661115385404,-0.0008554425402273746,0.00580243911172762,0.9982475927836392,-0.04394687131018114,-0.03962847465794,0.04005030023893527,0.9947410623792329,-0.09426660207839911,0.043562793212095184,0.09251427629659363,0.9947579563536437,160,96,162,162,160,96,162,162,230209_181738
0,0,0,0,-0.1463554716651799,-0.0017707171670185429,0.009487747422753268,0.9987015916398968,-0.04754859718016737,-0.01828282697333715,0.04519648161695891,0.9926078362875259,-0.11263641236315305,0.023503380722498256,0.11166384485048211,0.9934680552729518,162,162,90,130,162,162,90,130,230209_181738
0,0,0,0,-0.1465546365990426,-0.001073597251129238,0.00638061454211547,0.9975531546869436,-0.04170035549231738,-0.05611402610704546,0.03689619383638266,0.9957753806272306,-0.08408366201041986,0.05938328430219991,0.08180752831193965,0.9948774567035759,160,162,138,156,160,162,138,156,230209_181738
0,0,0,0,-0.14572522143594624,-0.0007223587494619432,0.0061968122547831905,0.9611011184771778,-0.09563793286845002,-0.25911006514330553,-0.023106166320052277,0.907005875924106,-0.4204835860258213,0.2752285325686787,0.41011428509111214,0.8695145358326666,77,147,162,135,77,147,162,135,230209_181738
0,0,0,0,-0.1465063738292018,-0.0007999260226804195,0.005619810544505444,0.9974597530301387,-0.040779814876842346,-0.058404176080707915,0.03589278331579549,0.9959519011085467,-0.08241067154268233,0.06152844212964623,0.08010503964720933,0.9948856383686607,124,85,162,162,124,85,162,162,230209_181738
0,0,0,0,-0.14590583871024193,-0.000957557041662449,0.007020607213532815,0.9610562164698889,-0.09245716160732381,-0.26042776743676505,-0.02176604719608908,0.9141217746803731,-0.40485506078677375,0.2754944427280489,0.3947569560156247,0.8765099872238993,162,141,103,154,162,141,103,154,230209_181738
0,0,0,0,-0.14561066314645424,-0.00042006951095951983,0.004796689099512252,0.9589892231512624,-0.09760410621014091,-0.2661073248346617,-0.025303323927574804,0.9056118784741194,-0.4233519426727511,0.2823108422961414,0.4127233504631108,0.8660023234983538,162,162,58,162,162,162,58,162,230209_181739
0,0,0,0,-0.14643595932339204,-0.0018647114094037243,0.009695817728664569,0.9983690763842418,-0.044731596033847215,-0.035472124773411794,0.040982505993837265,0.9941261242603331,-0.10016827474602459,0.0397444527216174,0.09855117137505111,0.9943379933898052,120,162,154,162,120,162,154,162,230209_181739
0,0,0,0,-0.1464741422375554,-0.0019298229475331885,0.009882034031535536,0.9985217419122419,-0.04578021154536496,-0.029300224562328874,0.042351852896657084,0.993192901094895,-0.10850890180499237,0.034068335514979106,0.10710757884280266,0.9936635824410954,42,106,162,162,42,106,162,162,230209_181739
0,0,0,0,-0.1464336691889714,-0.0019176870368529386,0.009819207909263383,0.9983510534758042,-0.04593889617541429,-0.03442080536445187,0.04209443720838036,0.9935680029384683,-0.10512222359222603,0.03902860976082414,0.10349995823694204,0.9938634344139482,160,95,162,154,160,95,162,154,230209_181739
0,0,0,0,-0.14591707595068215,-8.437447301962164e-05,0.0035270849813019423,0.9554869815941608,-0.09699433407240061,-0.2786336791594489,-0.024305336817763694,0.9153262381546969,-0.4019790148101583,0.2940304042208123,0.39085800094589573,0.8722248245093256,162,151,88,120,162,151,88,120,230209_181739
0,0,0,0,-0.14626462241483074,-0.0005095828698701566,0.004444893273415795,0.9982225931666443,-0.04251295561264066,-0.04176485480326083,0.03952877242928496,0.9967739904982015,-0.06985046897856888,0.04459967087203228,0.06807540283663305,0.9966828025438869,155,162,151,89,155,162,151,89,230209_181739
0,0,0,0,-0.14671919646505543,-0.001200837543073846,0.007554329221294398,0.9975673741232736,-0.04333197092908711,-0.05460471023819168,0.03747721410935269,0.9938683788086783,-0.10402453569620915,0.05877748299644909,0.10172505050188425,0.9930746304246179,89,137,162,162,89,137,162,162,230209_181739
0,0,0,0,-0.14648394823346933,-0.0019252514132609144,0.009930690306634293,0.9982193102514922,-0.045849210347108156,-0.03815833528314897,0.041310866366111906,0.9928222698138298,-0.11223792978220512,0.0430304654996414,0.11046171496161283,0.992948431977524,132,85,162,162,132,85,162,162,230209_181739
0,0,0,0,-0.14653759354489657,-0.0019855077308663094,0.009666115935755615,0.9982682250907581,-0.0468527502065395,-0.035572047624946354,0.04244316259583638,0.992347853745787,-0.1159496231774543,0.0407324038452341,0.11423903432808713,0.9926179095265081,162,124,111,154,162,124,111,154,230209_181740
0,0,0,0,-0.14579940766524171,-0.000815897503312929,0.00642931693587645,0.9612034313524765,-0.09461673464555663,-0.25910545552194897,-0.022412025562707542,0.9094366731316129,-0.4152380506089017,0.274928471909333,0.4049353171659847,0.8720330981363508,158,162,114,90,158,162,114,90,230209_181740
0,0,0,0,-0.14663479218650505,-0.002108863186203541,0.010485251673689855,0.9980838526640778,-0.04610287274541396,-0.04126921583760693,0.041126723357858115,0.9926033458415472,-0.11422429885979568,0.04623003003543291,0.11230816065088897,0.992597431678189,114,162,154,162,114,162,154,162,230209_181740
0,0,0,0,-0.14603484712637005,-0.0003996108082807148,0.005058890191392829,0.9572690166155846,-0.09486136997497478,-0.2731983717270322,-0.02210085056546811,0.9179142161001252,-0.396162901197948,0.2883532247645474,0.38527238723760515,0.8765943220213801,96,96,18,82,96,96,18,82,230209_181740
0,0,0,0,-0.14618290928853422,-0.0015304390268925105,0.00844683601689633,0.9984768197434984,-0.04426245784729733,-0.03293744465234438,0.041383044965153784,0.99564916732825,-0.08348759900712893,0.0364895056738521,0.08199738059157329,0.9959643294575358,162,110,132,154,162,110,132,154,230209_181740
0,0,0,0,-0.14678063195996247,-0.0012768106394625833,0.0075324833135944624,0.9973185703566292,-0.04267801281196828,-0.05944961264997041,0.03690241119361414,0.9947861061060296,-0.0950726834926857,0.06319716188174491,0.09262391872958328,0.9936935787300167,114,18,44,122,114,18,44,122,230209_181740
0,0,0,0,-0.14673657598398251,-0.0011290162563557526,0.006771870332759722,0.9975164605206236,-0.043472736544309026,-0.055416894244951026,0.03776021056679459,0.9942444878109717,-0.10025998681154392,0.05945651762724021,0.09791843358044858,0.9934167820591682,146,162,146,118,146,162,146,118,230209_181740
0,0,0,0,-0.14673006955111356,-0.0012650317818631573,0.007320335282624879,0.9977350186715463,-0.042578574338217615,-0.052075882362304635,0.037223747443988243,0.9943114656480858,-0.09979530002449642,0.05602878851727821,0.0976308060402963,0.9936443028414182,44,138,162,128,44,138,162,128,230209_181740
0,0,0,0,-0.14593230095590093,-0.0008519781004387716,0.006339981834538655,0.9598203908364263,-0.09390168621080312,-0.26443768767211806,-0.022443289287233766,0.9136436487088863,-0.405896023557613,0.27971613485921465,0.3955221314928921,0.8748263412807944,140,92,162,162,140,92,162,162,230209_181741
0,0,0,0,-0.14580161521515483,-0.0024238285726537745,0.01818460265630606,0.9990063953272391,-0.04420660968614579,0.005656655843490873,0.04451538300029664,0.9958879758003069,-0.0789019665959301,-0.0021454070969975057,0.07907537743460429,0.9968663310153288,146,162,97,149,146,162,97,149,230209_181741
0,0,0,0,-0.14619748557974233,-0.0015230435572974599,0.008094467588512178,0.998525758103159,-0.044910894931967524,-0.030484781792279127,0.04224640778068002,0.9956504248070249,-0.08303898247943164,0.03408154095902344,0.0816286904096877,0.9960799192172572,162,162,120,85,162,162,120,85,230209_181741
0,0,0,0,-0.1464268469738766,-0.0008445522314736165,0.0058202287307005385,0.9981639848408079,-0.042875743037395865,-0.042782356476825587,0.039081794929341086,0.9955381644347027,-0.0858858338673141,0.04627388758057745,0.0840561348919526,0.9953860022700771,114,154,162,136,114,154,162,136,230209_181741
0,0,0,0,-0.1456278736395469,-0.0005027535733878319,0.005364823430170973,0.9604437204708984,-0.09646897172511165,-0.26123092715511015,-0.024047435866014398,0.9058438637017807,-0.42292861740735843,0.2774339212069944,0.4124810687633186,0.8676922192088516,140,82,162,90,140,82,162,90,230209_181741
0,0,0,0,-0.1464143641609972,-0.0017344707175592777,0.009125120763195271,0.9982441072269385,-0.04468029270978929,-0.038889250829225314,0.04072049773471594,0.9944259401670569,-0.09725682797162596,0.0430179433600427,0.09550246575996353,0.9944992386034488,154,162,120,162,154,162,120,162,230209_181741
0,0,0,0,-0.1465005284403002,-0.001801999245531427,0.009054439799673464,0.9981450079477131,-0.04640680052649068,-0.039407511643767296,0.04179129062048668,0.9929633023352231,-0.11080328625001425,0.04427223890129296,0.10895085626291832,0.9930607633887484,162,162,84,107,162,162,84,107,230209_181741
0,0,0,0,-0.14598146799984088,-0.00011860941315358642,0.0035438783801244877,0.9555210860481441,-0.09795943728045485,-0.2781787245011258,-0.02384127215360773,0.9144819564212541,-0.4039236872505159,0.2939575613238655,0.39258973500035854,0.8714713145668503,162,154,160,95,162,154,160,95,230209_181741
0,0,0,0,-0.1467674717799682,-0.001094900955258521,0.006696182122963412,0.9972545243332617,-0.042943077471295485,-0.0603266590665715,0.03683166929013065,0.9944056466810516,-0.09899918174481277,0.0642404999524637,0.09650545034418695,0.9932571954029445,53,130,162,136,53,130,162,136,230209_181742
0,0,0,0,-0.14652879871429014,-0.002119142468190116,0.010806891192734813,0.9982132573037399,-0.04645702782798752,-0.03757708754612017,0.04192305962787234,0.9926462886061018,-0.11355968821711897,0.04257640208492304,0.1117814397917696,0.992820305847731,146,90,124,162,146,90,124,162,230209_181742
0,0,0,0,-0.1464127877983209,-0.0018398799835858959,0.009417667192534451,0.998499597390994,-0.04743135246384243,-0.027364590504377142,0.04412150018976737,0.9928439435861958,-0.11096935119759689,0.03243219436032426,0.10959548570840863,0.9934470203696381,162,132,59,146,162,132,59,146,230209_181742
0,0,0,0,-0.14585046013379074,-0.0008037851260359608,0.006531840295171509,0.9609642214370948,-0.09393732707136401,-0.26023747558813487,-0.022766137655723582,0.9105598265630764,-0.41274993061860077,0.27573441586794745,0.402562517917536,0.8728768246859663,141,162,128,80,141,162,128,80,230209_181742
0,0,0,0,-0.14571997345571228,-0.0006964697540938203,0.0062554759407073,0.9613902264838812,-0.09500378200524735,-0.25826945972370036,-0.022472598394262765,0.9082790415528507,-0.4177608945284926,0.27426960229431707,0.4074352268527298,0.8710756116301166,128,154,162,120,128,154,162,120,230209_181742
0,0,0,0,-0.1458652425890724,0.00011939446669259612,0.0028880892604825625,0.955898732263999,-0.09848744478203203,-0.2766908687983482,-0.023200837900704707,0.9138318808986241,-0.40542941996602505,0.29277864467338427,0.3939689285636478,0.8712457452117786,111,80,162,106,111,80,162,106,230209_181742
0,0,0,0,-0.14634691400238886,-0.001582525397445106,0.008408370265574727,0.9987364352429514,-0.04726727241362075,-0.017068622580013584,0.04526848418321728,0.9936610699169672,-0.10290015778035455,0.02182423556407378,0.10199746609619596,0.9945452325822085,154,162,115,162,154,162,115,162,230209_181742
0,0,0,0,-0.14641161026345412,-0.001868279262868866,0.009630375248686707,0.9984935612333904,-0.04515318159297038,-0.031173680685691034,0.041465835250578655,0.993042882045169,-0.11021079314839237,0.03593316966860908,0.10875212462962788,0.9934192381397234,18,82,72,101,18,82,72,101,230209_181742
0,0,0,0,-0.14572531377542278,0.00019496848191608018,0.002629091385283,0.955650736772322,-0.09957449217603354,-0.27715805926294756,-0.024688992617474075,0.9107056434339494,-0.4123174561682908,0.29346571000723876,0.40087423405033296,0.8678581252281424,132,154,162,108,132,154,162,108,230209_181743
0,0,0,0,-0.14586897324249032,-0.0008915113488004445,0.006930305200307907,0.9618183109838188,-0.09313991427607439,-0.2573528570365565,-0.021177790092050865,0.9121651318428764,-0.4092753027692794,0.2728681693841366,0.3990986452228493,0.8753646288937178,44,122,162,146,44,122,162,146,230209_181743
0,0,0,0,-0.1458722953282787,-0.0009132172423467755,0.0069942864216826495,0.9623757120149811,-0.09294573190462377,-0.2553313138735104,-0.020475753148208774,0.91219941856644,-0.40923460789632904,0.2709496862088473,0.3990655481092828,0.8759754310798704,157,100,146,162,157,100,146,162,230209_181743
0,0,0,0,-0.14588876875948528,-0.00013904460683974995,0.0035260344721265158,0.9550794749346277,-0.09904513727813571,-0.27930853431313213,-0.02535821823510416,0.9117255434509373,-0.41001645599540676,0.29526286140748503,0.39868106827468974,0.8682587451173851,130,162,59,136,130,162,59,136,230209_181743
0,0,0,0,-0.14582398300252708,-0.0008977352498669988,0.006733350786296888,0.9614385704817203,-0.09405036360848283,-0.2584383955513942,-0.021902318961903627,0.9105391846664266,-0.4128421994068548,0.2741462449390065,0.40258281420362513,0.8733675710110446,152,162,141,86,152,162,141,86,230209_181743
0,0,0,0,-0.14659909342660907,-0.0011182932431920145,0.006898707323217956,0.9980763459315763,-0.04362522529968314,-0.04405050975215303,0.03939512674656229,0.9949133897608,-0.09271122296301168,0.04787098996777629,0.09079750322683364,0.9947181418508855,93,148,146,162,93,148,146,162,230209_181743
0,0,0,0,-0.14652771829375255,0.0006889646048350295,-0.0005383611820192202,0.997209633112602,-0.03907287136740778,-0.0636102063393586,0.03573832863763471,0.9979684966400412,-0.05274136498237697,0.06554173856115045,0.05032087476507022,0.996580197510095,124,85,162,122,124,85,162,122,230209_181743
0,0,0,0,-0.14570764000670525,-0.0006443954074822345,0.00616368955875457,0.9612524503104966,-0.09524424462007848,-0.2586933718494068,-0.023166956362140043,0.9071880541260936,-0.4200870464365992,0.27469441003591516,0.40980284078769086,0.8698302206622617,162,141,103,154,162,141,103,154,230209_181743
0,0,0,0,-0.14572971593941092,-0.0006065356791256638,0.005594457622499771,0.9597930588739496,-0.09669662101078026,-0.26352807748413415,-0.023975980311972307,0.9071261222422083,-0.4201753808993255,0.27968274259500925,0.40959975809430227,0.8683349593697256,162,162,58,162,162,162,58,162,230209_181744
0,0,0,0,-0.14561881877614014,-0.000602748149113097,0.005941307293145792,0.9606611353045356,-0.0948055667502577,-0.2610403946299558,-0.024234364264560118,0.9077285290412906,-0.4188575093671195,0.2766638370009592,0.40870627849067404,0.869721966618189,120,162,154,162,120,162,154,162,230209_181744
0,0,0,0,-0.1459487551983074,-0.0002019599107192238,0.00388613077499389,0.9557213746121654,-0.09681234553669188,-0.27789210831025,-0.02382918069293868,0.9157722090295175,-0.4009905626279787,0.29330670680523985,0.3898571929833843,0.8729161155702085,42,106,162,162,42,106,162,162,230209_181744
0,0,0,0,-0.1458156652563024,-0.0008820822538310735,0.006755158092509039,0.9614802523012821,-0.09374029415006419,-0.2583959784658449,-0.02241832980553618,0.9101781307840967,-0.41360994757270986,0.2739582868310286,0.4034706030122007,0.8730167979950781,160,95,162,154,160,95,162,154,230209_181744
0,0,0,0,-0.14655361552164017,-0.0019400491452144508,0.009988662748902977,0.9982242386283082,-0.04586996698844938,-0.03800415166020592,0.04143401371833125,0.9930390570261192,-0.11025721621673776,0.04279710179582858,0.10848676116998734,0.9931762334695305,162,151,88,120,162,151,88,120,230209_181744
0,0,0,0,-0.14560478013222833,-0.0005052875098020271,0.005321321705605397,0.9603995989416363,-0.09654852553495973,-0.26136371701092925,-0.024324335255312843,0.9054092904456533,-0.4238423568841198,0.2775624921835279,0.41341552824213507,0.8672062407185186,146,162,146,130,146,162,146,130,230209_181744
0,0,0,0,-0.14572572643542428,-0.0006002809862954706,0.005742787664111071,0.9605421428757939,-0.095868726732196,-0.2610899825621925,-0.022342130494792813,0.9090894555588673,-0.416001431483878,0.27723567765446805,0.4054202128982096,0.8710768221052827,59,136,162,162,59,136,162,162,230209_181744
0,0,0,0,-0.14650360373824706,-0.0019062774813671801,0.009845062061170862,0.998524317393588,-0.04810096902448823,-0.025208814977586484,0.04479252671176274,0.9919441639276284,-0.11849221578101345,0.030705327297473793,0.11718819236093479,0.9926349331182795,141,86,162,162,141,86,162,162,230209_181744
0,0,0,0,-0.14655658869748706,-0.002023169968041555,0.01011571316928539,0.9983110577352311,-0.04583712876076217,-0.035692991336308814,0.041717219807282525,0.9932021052875811,-0.10867038061894825,0.04043149236814509,0.10699783025503612,0.9934368418503509,162,136,77,147,162,136,77,147,230209_181745
0,0,0,0,-0.14590599376402885,-0.0002101363691778546,0.0042868107358283725,0.9559863185198323,-0.09632316579340763,-0.27714979078908636,-0.024827460592634645,0.9146343836613414,-0.40351894803708943,0.29235895061280376,0.3926395190960453,0.8719864976251676,162,130,132,92,162,130,132,92,230209_181745
0,0,0,0,-0.1458990927216784,-0.0009222174067504418,0.006762468315903658,0.9605648190418239,-0.09259863374745905,-0.2621845179396579,-0.021890009898581128,0.9148095367619709,-0.4032918780684615,0.2771931743131258,0.3931272115708232,0.8767068721281716,111,154,162,122,111,154,162,122,230209_181745
0,0,0,0,-0.14619836108231143,-0.0016426878159335745,0.016621300366521985,0.9988941665242479,-0.04560556418331631,0.01142701182941268,0.04636565343230299,0.9958178786126418,-0.07872089187257306,-0.007789111991984764,0.07916366054534865,0.9968312016502279,114,90,162,162,114,90,162,162,230209_181745
0,0,0,0,-0.14600092638291823,-0.0002906025283421487,0.004505210869793386,0.9563959441782405,-0.09678336039983215,-0.2755717313316576,-0.02328804786208375,0.915229140347132,-0.40226022359440844,0.29114337496529846,0.3911375740186134,0.8730675422924902,154,162,114,162,154,162,114,162,230209_181745
0,0,0,0,-0.14655961512510546,-0.0012924778025377726,0.007896720549306124,0.9981321454915628,-0.04296522232062771,-0.04343051700530028,0.03899541329116874,0.9953169899458785,-0.08845025306536217,0.047027416244777805,0.08659144990133084,0.9951333292204244,162,162,116,90,162,162,116,90,230209_181745
0,0,0,0,-0.1467618355684677,-0.0010998201733557478,0.006777887935372151,0.9973411061465614,-0.04204652535834663,-0.05952148936007725,0.03671414922671116,0.9954429206487845,-0.08800831197549482,0.06295068893118373,0.08558902637316972,0.9943398459920946,124,162,162,112,124,162,162,112,230209_181745
0,0,0,0,-0.14583439208059365,-0.0009413526923094939,0.013124587946026556,0.9984167820053346,-0.044730842926980464,0.034103974858561904,0.046549128879649036,0.9974264952894666,-0.054530405235218904,-0.03157701712729434,0.056031582037393626,0.997929533486072,88,112,162,162,88,112,162,162,230209_181745
0,0,0,0,-0.14629355160804242,-0.0005815840242810733,0.004512828404474645,0.9984963008433807,-0.04349271396420081,-0.033369462598497775,0.040892747449456396,0.9963451860186202,-0.07499368975826062,0.03650918251781768,0.073516352803655,0.996625519170731,157,100,146,162,157,100,146,162,230209_181746
0,0,0,0,-0.14642290951590084,-0.0008451617807641865,0.005792769014789645,0.9982576372793164,-0.04260505193350936,-0.04082277750544748,0.03922327769550676,0.995995853752323,-0.08033550768497219,0.04408201561110237,0.07859433095283667,0.9959315774900094,162,162,44,138,162,162,44,138,230209_181746
0,0,0,0,-0.14592489505187142,-0.0010497172681556144,0.014271294055914763,0.9982996770341069,-0.04532219332660259,0.03665588118793447,0.04749226323021488,0.9970271661709196,-0.06067383991852576,-0.03379703784164943,0.062311545553396235,0.9974843515182968,162,162,138,90,162,162,138,90,230209_181746
0,0,0,0,-0.14606228115685627,-0.0011765667748450948,0.006969811563704464,0.9987715571246851,-0.04442845232059403,-0.021942864515095657,0.04260480555129932,0.9960775550009234,-0.07755214353787579,0.02530231654744537,0.07652200368377718,0.9967467961972855,85,147,146,93,85,147,146,93,230209_181746
0,0,0,0,-0.1464654706300046,-0.0009851099475303715,0.0064661493160295125,0.998393126329266,-0.04395665029787609,-0.03576280460289237,0.04067174328405616,0.9952985253947189,-0.08790139160067592,0.03945851741652579,0.08630560956096524,0.9954869999962832,128,80,162,162,128,80,162,162,230209_181746
0,0,0,0,-0.14664154084041314,-0.0011735573835111868,0.0070004664410184825,0.9980036542223463,-0.04340216628275315,-0.045879822589106736,0.03841667795572712,0.9937870192821396,-0.10445821729842902,0.050128485052808154,0.10248713220831246,0.9934704438069744,162,103,78,154,162,103,78,154,230209_181746
0,0,0,0,-0.14641984077152972,-0.00030809091557940094,0.005694521924904716,0.998814274591044,-0.04344386043764526,-0.021969885376154248,0.04214193008771241,0.9975068997022686,-0.056604264634829426,0.024374220021352904,0.055611294146439665,0.9981549385549864,162,162,108,85,162,162,108,85,230209_181746
0,0,0,0,-0.14576683660871897,-0.0008997692486269471,0.00695518489061886,0.9625227406242115,-0.09358003628377252,-0.2545442016436114,-0.021440718111371142,0.909386277857052,-0.41539967892641105,0.27035212110897977,0.40528924788899184,0.8732985492702087,116,162,154,162,116,162,154,162,230209_181747
0,0,0,0,-0.14657284977848456,-0.0013829131813916373,0.00870933522015016,0.9982475333393783,-0.04361020505579322,-0.040000152460174944,0.03955780621583143,0.9944940685665059,-0.09703982457439833,0.04401184101166759,0.09528744723745584,0.9944763749077867,56,101,58,162,56,101,58,162,230209_181747
0,0,0,0,-0.14614743727990503,-0.0005506094488816893,0.0055551907620287055,0.9582438480992079,-0.0946385014549137,-0.2698375096653385,-0.02041678949602935,0.9185932382449618,-0.39467659844144476,0.2852225136392605,0.3837056380782057,0.8783041050913395,162,108,129,154,162,108,129,154,230209_181747
0,0,0,0,-0.1460325726994506,-0.0009688620160477335,0.01298042587560122,0.9990141911749597,-0.04340010793107094,0.00933147697924235,0.04385113408711813,0.997506466563753,-0.05529852803439559,-0.0069082465442628985,0.05565321010569509,0.9984262598382592,162,146,70,120,162,146,70,120,230209_181747
