0,0,0,0,0.6733435385194887,-0.03823686998634554,0.4795234183642235,0.24873252051039413,0.9685281857215681,0.009235080044795054,-0.9685697914507115,0.24874191605415827,0.0001352288139917256,-0.002166178587383424,-0.00897845535676749,0.9999573465952104,162,162,83,96,162,162,83,96,230208_183947
0,0,0,0,0.6770809296421778,-0.04135544035889424,0.4810529052802198,0.248259833000029,0.9686087657769237,0.012810705636348741,-0.9686245192358512,0.2483782474027653,-0.008647944972531688,-0.011558375920300163,-0.010261826213405866,0.9998805422993543,156,162,146,98,123,162,141,101,230208_183947
0,0,0,0,0.670485924395846,-0.04149015953077123,0.47470477960999113,0.24303074297082408,0.9700185720808812,0.0001667009795557314,-0.9700174307723899,0.2430307151199999,-0.001501834209758498,-0.0014973205339245121,0.00020328902792128548,0.9999988583517428,61,106,162,155,107,115,162,160,230208_183947
