0,0,0,0,0.082455454111656,-0.4374768883299873,-0.006489263269292667,-0.10507318818549277,-0.9930354249470755,0.05329418284125725,0.9932711425626347,-0.10742089716585396,-0.04328034431933367,0.048703824047534185,0.048387970119279325,0.9976404872853158,162,162,83,96,162,162,83,96,230213_175645
0,0,0,0,0.08089750881890045,-0.43724180322053696,-0.009856934665928851,-0.10445442538422271,-0.9935930560029603,0.043152196703662264,0.9938086049732406,-0.1059323573132556,-0.03350809387594164,0.037864623315095144,0.03938495571606543,0.998506432410152,151,162,136,85,151,162,136,85,230213_175645
0,0,0,0,0.0814886917770104,-0.4372729651298642,-0.00757511674411071,-0.10438730206041176,-0.9930408907581687,0.05452596125489082,0.9938182319392617,-0.10623862098257723,-0.03222851651629019,0.037796997680620205,0.05082464652057927,0.9979921053156631,78,154,162,92,78,154,162,92,230213_175645
0,0,0,0,0.08189667176284054,-0.4372737303348483,-0.009786990571501675,-0.10598241833790457,-0.993347966322968,0.04502826673625685,0.9936365288732835,-0.10753241564919422,-0.03351459492967482,0.0381336530101764,0.04118977284073235,0.9984233706807091,78,154,162,103,78,154,162,103,230213_175645
0,0,0,0,0.08195001070926783,-0.43738280820010456,-0.008176471379525596,-0.10404089321145428,-0.9931918756472558,0.052396475912494404,0.9934863404291486,-0.1062449302786283,-0.041193520980682345,0.04647993029748729,0.04776937238833316,0.9977763793261322,87,128,162,162,87,128,162,162,230213_175646
0,0,0,0,0.08071767505451041,-0.43733524574068866,-0.011363123482220239,-0.10293159238871426,-0.9942395260541003,0.02988063118545025,0.9937743652281655,-0.10407814329621662,-0.03975237229861821,0.042633300408004976,0.02560283030701193,0.9987626829115067,100,92,162,162,100,92,162,162,230213_175646
0,0,0,0,0.08163325273067859,-0.43756780921345584,-0.01270814001632814,-0.10508916960215577,-0.9936694921264382,0.03971406362380414,0.9933748856381176,-0.10675794246970637,-0.04253326113869279,0.04650379571375439,0.03498116831698445,0.9983054216257629,130,156,151,162,130,156,151,162,230213_175646
0,0,0,0,0.08121804713260874,-0.43694384983854834,-0.009328093183919028,-0.10398971477173236,-0.993900968229389,0.036701560925596545,0.9939789225162028,-0.1051372626159504,-0.03085543069141487,0.03452594408878175,0.03327193054672798,0.9988498074397731,162,107,78,154,162,107,78,154,230213_175646
0,0,0,0,0.08154288028778084,-0.4369707811010122,-0.00968493684163707,-0.10600044912249207,-0.9934175364809307,0.04342237899963819,0.9937181672120884,-0.10740647985070899,-0.03143329824766929,0.03589023458376448,0.03981766314385493,0.9985621887310198,162,103,78,154,162,103,78,154,230213_175646
0,0,0,0,0.08172460311932617,-0.4373040988393607,-0.010604437934288224,-0.10527705842967777,-0.9934908828217297,0.043504100019349144,0.9937267852457422,-0.10676048713623444,-0.03330577534896705,0.0377335030649967,0.03972485539977811,0.9984979311996147,162,146,87,128,162,146,87,128,230213_175646
0,0,0,0,-0.1524240333969914,-0.014547783616603083,0.003189502483810225,0.999194361225901,-0.026473438600015158,-0.030162651459299517,0.024348457533300293,0.9973358662251066,-0.06876279922141582,0.03190268186395981,0.06797298720599894,0.997176961175989,162,90,100,92,162,90,100,92,230213_175646
0,0,0,0,0.08166368499051402,-0.4373480335381169,-0.008795910093296833,-0.1034958545838667,-0.993429370983296,0.04885379157945636,0.9935847177874405,-0.10551343817955526,-0.040697947648254636,0.0455852680501725,0.044328311847655066,0.997976444664668,152,162,130,156,152,162,130,156,230213_175646
0,0,0,0,0.08152155115748752,-0.43728898201907845,-0.007170894895847657,-0.1034420487585169,-0.9930437489727696,0.056248157078662604,0.9933519975737005,-0.106015227474782,-0.044861792873321364,0.05051288414829464,0.051233623428132126,0.9974084240497696,129,154,162,107,129,154,162,107,230213_175647
0,0,0,0,0.08187424123270362,-0.43716675876502,-0.008463674576974944,-0.10646751399092225,-0.9931664905556696,0.04780157426200904,0.9938996211480144,-0.10769129538691355,-0.02379344404918416,0.028778664778370436,0.04497673771209068,0.9985734231984909,116,154,162,103,116,154,162,103,230213_175647
0,0,0,0,0.08146680590929672,-0.4368682796879175,-0.009590343406499446,-0.10545791690091634,-0.9938608788628216,0.033454166092427705,0.9939518895057117,-0.10638447438247516,-0.02723940084491011,0.030631178739065974,0.03037922112867316,0.9990689835104833,77,128,162,146,77,128,162,146,230213_175647
0,0,0,0,0.08119034088124633,-0.4370267323062842,-0.008870531327786257,-0.10257295380393783,-0.9941716645526036,0.033188711162697435,0.9935812246443465,-0.10399780064945002,-0.04450626354027787,0.047698419074165256,0.02841054136729764,0.9984576615746119,140,82,162,90,140,82,162,90,230213_175647
0,0,0,0,0.08106029365846429,-0.4376420912711986,-0.009077096486063585,-0.10397920553914229,-0.9923171127527862,0.06704530224723426,0.9933763824193772,-0.10693187328120046,-0.04205873664250894,0.048904883875125274,0.06222798578250328,0.9968630749097959,137,81,152,162,137,81,152,162,230213_175647
0,0,0,0,0.0805119862120526,-0.4372880524792597,-0.009773845530093639,-0.10340361073667417,-0.9940185101866241,0.035141068466723185,0.9941146514255557,-0.10443210543905437,-0.028809636835791828,0.0323071680538892,0.03195523055668499,0.998967021543958,162,108,129,154,162,108,129,154,230213_175647
0,0,0,0,-0.15232885096576082,-0.014482266950289313,0.003026550259930927,0.9992246005625288,-0.024409912462295798,-0.030892617309591502,0.02237932888373386,0.9976699045466644,-0.06445096741370879,0.032393877035135674,0.06370963612698106,0.9974425893229145,162,120,116,154,162,120,116,154,230213_175647
0,0,0,0,0.08149274294935349,-0.4373193235405127,-0.009269750191771231,-0.10418925863481994,-0.9931297338347487,0.0532722268958896,0.9935233743770219,-0.10637349169724403,-0.039949778855863545,0.04534206602728441,0.04876486478456513,0.9977805795919865,162,143,77,128,162,143,77,128,230213_175647
0,0,0,0,0.08114133932604792,-0.437734116116407,-0.009153813978010628,-0.1014631366997823,-0.992878757940843,0.062425987544369156,0.9931549438480227,-0.10474165975133218,-0.051695669284445404,0.057866133457073955,0.05675347339489089,0.9967098644321444,162,90,140,82,162,90,140,82,230213_175648
0,0,0,0,-0.15224202078236057,-0.014151579149233734,0.001629162771555892,0.9993219345129339,-0.02477933179913168,-0.02723336036768511,0.0230034305555488,0.9977042964356858,-0.06369441935092164,0.02874914579607026,0.06302476964942882,0.9975977972242285,162,162,137,81,162,162,137,81,230213_175648
0,0,0,0,-0.15244561693901681,-0.014759075561491114,0.004202704090214504,0.9989681372363044,-0.02468699734876181,-0.03812103026586194,0.022030097868642084,0.9974003462623011,-0.06860921267395033,0.03971568423842881,0.06769860735453517,0.996915022952172,132,154,162,108,132,154,162,108,230213_175648
0,0,0,0,0.08151692079281797,-0.4375345937977572,-0.007010794499034856,-0.10218365295484287,-0.9933688065544045,0.05269644422048558,0.993137275499019,-0.1049028656211406,-0.05170822757412536,0.05689334832112599,0.04705106746027465,0.9972709481217529,128,154,162,120,128,154,162,120,230213_175648
0,0,0,0,0.08036304353897075,-0.4369309889786651,-0.010848447122848714,-0.10357554484693572,-0.9941130866889728,0.031800587783625184,0.9939909090000857,-0.10459536014660831,-0.032278219606780456,0.035414394458223156,0.028266260975321297,0.9989728921024997,69,128,162,143,69,128,162,143,230213_175648
0,0,0,0,-0.15224576815522414,-0.014253124180241744,0.0017784123723767475,0.9991796286943918,-0.023920986319708896,-0.03267806627737951,0.022065637005956464,0.9981867308902337,-0.05600319578549361,0.033958463829476586,0.0552361900221156,0.9978956789395287,18,82,162,90,18,82,162,90,230213_175648
0,0,0,0,0.08056968410361606,-0.4370291254193756,-0.009841120020486205,-0.10309345102019539,-0.9942778432979033,0.027987688072010353,0.9941158099866136,-0.10393560135524806,-0.03051470310488819,0.03324901038231149,0.02467713714741968,0.9991424033694118,140,92,162,162,140,92,162,162,230213_175648
0,0,0,0,0.08153617681101252,-0.43717270030020516,-0.00628070407688297,-0.10343119414204967,-0.99284841933778,0.05961547028096713,0.9932857737434693,-0.10622773009803851,-0.04581529261127489,0.05182045693727638,0.0544764681003596,0.9971694713869464,162,110,132,154,162,110,132,154,230213_175648
0,0,0,0,0.08086142177294958,-0.43702017815359107,-0.009337141119296066,-0.10341143227147917,-0.9939131509160818,0.0379832082850781,0.9937515575159538,-0.10485633842417513,-0.03824905524180231,0.041999019157319024,0.03379048280716353,0.9985460858976326,162,122,128,154,162,122,128,154,230213_175649
0,0,0,0,0.08094823908710475,-0.43753366584308373,-0.011166400741919547,-0.10403091177361841,-0.9936815975677044,0.042124245403857785,0.993796235410653,-0.10553101887746469,-0.035103369329700956,0.03932698665245983,0.0382110809841735,0.99849551897385,162,136,69,128,162,136,69,128,230213_175649
0,0,0,0,0.08217617928531015,-0.4374094686064118,-0.00762763637660524,-0.10549630555919068,-0.9928100404343863,0.056557520508179644,0.9933743370927139,-0.10782198776893248,-0.039772419578983705,0.04558460177485826,0.051986946113687725,0.9976068371431704,162,162,18,82,162,162,18,82,230213_175649
0,0,0,0,0.08107698889081444,-0.4375305869374031,-0.009309390970294151,-0.10306921722587707,-0.9933075911943225,0.05212260292981082,0.9936264884193166,-0.10522368722807492,-0.04042743075716661,0.04564140633177595,0.04762357527382788,0.9978220568348827,162,138,140,92,162,138,140,92,230213_175649
0,0,0,0,0.08096060055969148,-0.4372836123742824,-0.0092331298365661,-0.10362930293758904,-0.9933714094867983,0.049741435311831846,0.9938252385799685,-0.10541115444376342,-0.03463933718045792,0.039653029318549866,0.04584464344986039,0.9981612624885907,135,154,162,110,135,154,162,110,230213_175649
0,0,0,0,0.08131780863196342,-0.4368486732811307,-0.008013314707069008,-0.10420330307544219,-0.9939254317279806,0.03541056046596547,0.9939942965251547,-0.1052748909101564,-0.02987533797829763,0.0334217010882208,0.03208478624209495,0.9989262016726606,111,154,162,122,111,154,162,122,230213_175649
0,0,0,0,0.08120097738300566,-0.43734137204518575,-0.010520166638189221,-0.10508965449812784,-0.9932607609013878,0.04887970305821396,0.9936812789784069,-0.10682834686538732,-0.034427025922167925,0.03941675183600436,0.04495292159141205,0.998211177314247,53,130,162,136,53,130,162,136,230213_175649
0,0,0,0,0.08107827700974835,-0.4371520219739931,-0.00859980691951756,-0.10430194302508072,-0.9931330937106828,0.05298832756221731,0.9937306703040296,-0.10622495003312402,-0.03486566918277964,0.04025493234742248,0.049019569226058116,0.9979862836004292,82,162,162,162,82,162,162,162,230213_175649
0,0,0,0,0.08161638431941531,-0.4373804214329644,-0.008699450738919312,-0.10433022993329724,-0.9931964604695577,0.051730010949240436,0.9935231295574904,-0.1064368186449462,-0.03978686555931013,0.045022151840590406,0.04724398953820456,0.9978682334337319,138,90,162,138,138,90,162,138,230213_175650
0,0,0,0,0.08152447210550162,-0.4373275542775843,-0.009074866509529378,-0.10454673195468119,-0.9932022176343782,0.051179446301715455,0.9938377991888068,-0.10624232995834941,-0.031606901597131004,0.03682946837989458,0.047559670007005395,0.9981891945155884,162,112,135,154,162,112,135,154,230213_175650
0,0,0,0,0.08087629397561405,-0.43704279845730964,-0.011432660396002658,-0.10392839081085206,-0.9939048800578502,0.03676926679520233,0.9937051086208869,-0.1053200274235252,-0.038181787860946725,0.041821605471542185,0.03256963648396742,0.998594097766998,162,124,111,154,162,124,111,154,230213_175650
0,0,0,0,0.08107794435273735,-0.4372912381914843,-0.009374507465098714,-0.10414494821381047,-0.9934517013636301,0.046984538087041,0.9937191648619754,-0.10588511848441867,-0.03620169981586816,0.040939603656611645,0.04291921179670465,0.9982393951909478,162,162,53,130,162,162,53,130,230213_175650
0,0,0,0,0.08103705694096225,-0.4374623461847924,-0.012449664979744424,-0.10395268479853535,-0.9935598931905779,0.04508412099956388,0.993704302968585,-0.10565837020080851,-0.03725677211228905,0.041780349267261534,0.040927343544823296,0.9982882123742972,162,162,82,162,162,162,82,162,230213_175650
0,0,0,0,0.08158435649718276,-0.4372298034144728,-0.007503139775207113,-0.10498958204770478,-0.9929058687709545,0.05581329072581885,0.9938585539115801,-0.10673241092249591,-0.029212450692354622,0.034962300814305805,0.052403513421029474,0.998013782120719,162,162,138,90,162,162,138,90,230213_175650
0,0,0,0,0.08080283264012153,-0.4369530914801548,-0.012267351701595652,-0.1046666834252302,-0.9938725194990868,0.03552886664809207,0.9937103871570416,-0.1059459890287189,-0.03626449868575603,0.03980642959328528,0.031509719028609696,0.9987104614300247,137,154,162,112,137,154,162,112,230213_175650
0,0,0,0,0.08174904485218576,-0.43743441429050245,-0.013334764778676012,-0.10548088137560575,-0.9937766326855686,0.03580206687269609,0.9934501765709501,-0.10690031366227488,-0.04036173447778366,0.0439378007571298,0.03131017832972009,0.9985435105179885,82,156,162,124,82,156,162,124,230213_175650
0,0,0,0,-0.1520808248485438,-0.014068240093834589,0.0015261028177692149,0.9994786394536465,-0.02568376701411649,-0.019565106384894553,0.024563722176194534,0.9981574418077233,-0.05548283443293341,0.020954064730700567,0.05497331603447397,0.9982679308158885,102,126,162,162,102,126,162,162,230213_175651
0,0,0,0,0.08200363865626678,-0.437138637716435,-0.008830591652574826,-0.10587962150370873,-0.9937864185977282,0.03432287809803503,0.9938992872039173,-0.10683747045350293,-0.027385430481247027,0.03088223835439353,0.031213925062353355,0.9990355240112455,58,162,162,162,58,162,162,162,230213_175651
0,0,0,0,0.08155325361129925,-0.43714279394616673,-0.009331521254771213,-0.10413890866340811,-0.9936790988941252,0.04191582187376936,0.9936863192904072,-0.1057236231443319,-0.03755015797994826,0.04174429970041441,0.03774074628560779,0.9984152690701036,141,86,162,162,141,86,162,162,230213_175651
0,0,0,0,0.0818939129398063,-0.437475602436196,-0.009378445202724683,-0.10578110535255193,-0.9932924234813342,0.04669602986303764,0.993795066730449,-0.10722464587723815,-0.02956756091941268,0.03437619950801258,0.043278594837150144,0.9984714518384125,162,112,137,154,162,112,137,154,230213_175651
0,0,0,0,-0.15242990354933095,-0.014520332333887775,0.0031692299528267576,0.9992212460222676,-0.027224896114742936,-0.028560576486616883,0.025066415200804295,0.9969883852476781,-0.07338824504107369,0.030472550380421473,0.07261518238474136,0.9968944071267243,162,125,82,156,162,125,82,156,230213_175651
0,0,0,0,0.08179812474528117,-0.4370669547314351,-0.008484326568605316,-0.10506096395629115,-0.9933901508479508,0.04624069691149007,0.9938403623798493,-0.10653014360490241,-0.030539525343531996,0.03526369177020786,0.042747359003853035,0.998463387080834,162,162,102,126,162,162,102,126,230213_175651
0,0,0,0,0.08129389527793357,-0.4374783762959442,-0.01006797030246287,-0.10498496082515214,-0.9934300138223,0.045551790717434884,0.99362101538866,-0.1066813641679246,-0.03655631706392983,0.04117566974013996,0.04142335303056083,0.9982928778896284,162,162,58,162,162,162,58,162,230213_175651
0,0,0,0,0.08157336141234908,-0.4376160858869107,-0.012033095533366955,-0.10537642703559245,-0.9935680040950944,0.041453948710620234,0.9936134383752596,-0.10688958202988182,-0.03615179571709924,0.04035026276625815,0.03737965344900247,0.998486163050208,152,162,141,86,152,162,141,86,230213_175651
0,0,0,0,-0.15251746850555917,-0.014609170787480558,0.003392171531910515,0.9990434569145143,-0.026564026262613758,-0.03473505009377108,0.02407683119077907,0.9972450794525762,-0.07016094146628298,0.03650311488227204,0.06925751956534121,0.9969307491433635,124,162,162,112,124,162,162,112,230213_175652
0,0,0,0,0.08193013841997362,-0.4371007754051398,-0.008897679268020986,-0.10663060200034362,-0.9927841615472965,0.054859122284958296,0.9936615714270046,-0.10837480626072657,-0.029859384406995447,0.03558927066208324,0.05132747752210029,0.9980475408841802,80,156,162,125,80,156,162,125,230213_175652
0,0,0,0,0.0817813052529685,-0.4375682975740969,-0.005836742908521653,-0.1015026650916947,-0.9931089601848079,0.05858158567274056,0.9929657676644412,-0.10474446118498362,-0.05520491008628693,0.06096058747954135,0.05256606368862757,0.996755042988212,88,120,162,162,88,120,162,162,230213_175652
0,0,0,0,0.08126085920317011,-0.43751980285611636,-0.011932972555481536,-0.10493355833967916,-0.9930659256144082,0.05300014828065682,0.9936774642499324,-0.10683956876792303,-0.0345022258312096,0.0399254978177688,0.049044611621285476,0.9979982869198326,114,98,162,162,114,98,162,162,230213_175652
0,0,0,0,0.08155518940894854,-0.437198428654266,-0.010171721390045407,-0.10289471121911446,-0.9940155983546163,0.03668335631931449,0.9936645671241691,-0.10439446065708702,-0.04162360659593445,0.045204053414181496,0.03216810239710659,0.9984597171358978,138,156,152,162,138,156,152,162,230213_175652
0,0,0,0,0.08182187390611939,-0.4373724624687845,-0.008747145802278533,-0.10498658537797374,-0.9929227274405308,0.05551823324575366,0.9932025281451619,-0.10751059098061416,-0.044611779980829755,0.05026484832099296,0.05045721117001455,0.9974605329857479,154,128,124,162,154,128,124,162,230213_175652
0,0,0,0,0.08187359924866477,-0.4373556324423402,-0.007253940006792692,-0.10378926588142838,-0.9933040562155463,0.05074288318115482,0.9932273562965416,-0.10618990670689601,-0.0471499991279358,0.05222266741538388,0.04550555591708418,0.9975981342147244,162,143,80,156,162,143,80,156,230213_175652
0,0,0,0,0.0818592526827712,-0.4373900828580848,-0.008573995695965952,-0.10654200819174435,-0.9930099355639128,0.05079437332838399,0.9938320819013235,-0.10793266727106866,-0.02546237065618386,0.03076675924029654,0.04776826569078855,0.9983844947307345,162,151,88,120,162,151,88,120,230213_175652
0,0,0,0,-0.15253907275469986,-0.014781449303961997,0.004457655706705421,0.9994601431774499,-0.02763847447987987,-0.017763359145623304,0.02612539316015397,0.9964199530520851,-0.08040361305256898,0.01992199869337287,0.07989613187198041,0.996604094954439,162,162,114,98,162,162,114,98,230213_175653
0,0,0,0,0.08171867607184302,-0.43747683059328024,-0.006695090896957967,-0.10335758679668672,-0.9930688536273156,0.05595946038781215,0.9932510521038719,-0.10602608957538627,-0.047019313307444355,0.05262657832423587,0.0507219901490646,0.9973252844329182,160,162,138,156,160,162,138,156,230213_175653
0,0,0,0,0.08150447224123966,-0.4376708152231303,-0.006744808003037672,-0.10153287526703629,-0.9929967584492301,0.06040292169530653,0.9930374835839204,-0.10480814731994223,-0.05377553767910358,0.05972965291481092,0.05452238040183353,0.9967244747662185,123,162,154,128,123,162,154,128,230213_175653
0,0,0,0,-0.15238239533110307,-0.014434007929958609,0.002826686204180029,0.9993599768953901,-0.025558442729598875,-0.025028035977353928,0.023617811147269827,0.9969051713417139,-0.07498185346309151,0.026866997901846223,0.07434275591734842,0.9968707634725555,79,156,162,143,79,156,162,143,230213_175653
0,0,0,0,0.08121268572559001,-0.43730384145844065,-0.008213514316145365,-0.10256513012603731,-0.9935617398924963,0.04811925917991992,0.9939220483242093,-0.10430706894657074,-0.03519939236383484,0.03999194840510819,0.04421656238979536,0.9982211877500861,72,122,162,151,72,122,162,151,230213_175653
0,0,0,0,0.08147609139801817,-0.4375002202045998,-0.007830807872953538,-0.10412511026814111,-0.9928314641711702,0.058682579726682456,0.9932505845351115,-0.10683797720385224,-0.04515443441842914,0.05110027135257269,0.05358479615264118,0.9972549482900416,108,85,162,162,108,85,162,162,230213_175653
0,0,0,0,0.08134895078079515,-0.4378186470868747,-0.00972109599180837,-0.10376335285944657,-0.992794167433809,0.05994086846865636,0.9931111926692447,-0.10671797850078484,-0.048388346321979886,0.05443643631278528,0.054507010320845,0.9970284149548836,145,86,160,162,145,86,160,162,230213_175653
0,0,0,0,0.08181736972015652,-0.437556938750897,-0.010010409940756526,-0.1048399516107845,-0.9932014064301797,0.05059200343296241,0.9935278745348356,-0.10683917501998316,-0.03857140395864426,0.043714380569097905,0.046220741514625976,0.9979742962548175,154,127,123,162,154,127,123,162,230213_175653
0,0,0,0,0.08211763459572388,-0.437348404755755,-0.00913520561972514,-0.10670901238735243,-0.9931112123765977,0.048407711443523495,0.9935898972768787,-0.10833446192453575,-0.03229180064418848,0.03731357265980579,0.044651586885628626,0.9983055309292623,162,162,79,156,162,162,79,156,230213_175654
0,0,0,0,0.08179080583402581,-0.43721188724665194,-0.007533240604953306,-0.10378863466854779,-0.993198415704249,0.05277145398989856,0.9933896423107692,-0.10613248247129381,-0.04373688048045458,0.049040165816601144,0.047883224693516725,0.9976483643697465,162,152,72,122,162,152,72,122,230213_175654
0,0,0,0,0.08114585147595257,-0.4372386300072857,-0.010182190971002925,-0.10399489465072745,-0.9931785910874097,0.05273848776948146,0.9936165317576784,-0.10607903428523227,-0.038385235481289956,0.04371784194611613,0.04840996478763678,0.9978703450873937,162,162,108,85,162,162,108,85,230213_175654
0,0,0,0,-0.15246826276523615,-0.014463431501330143,0.0027572537506312944,0.999115308496723,-0.02441140536010094,-0.03424446839772792,0.02205531919420028,0.9974708123598518,-0.06756879002484106,0.03580730683450086,0.06675373980927181,0.9971267597445854,160,162,145,86,160,162,145,86,230213_175654
0,0,0,0,0.08131864525720878,-0.43699558586875054,-0.008552158360790374,-0.10407106113962213,-0.9937528688495061,0.0403044648475679,0.9940315154508688,-0.10526246338691231,-0.0286558910552448,0.032719421200934656,0.03708165928184342,0.9987764464689689,123,162,154,127,123,162,154,127,230213_175654
0,0,0,0,0.08129311014777335,-0.43724485262643287,-0.009008747105105797,-0.10341185941273698,-0.9937599153879788,0.0417997356555873,0.9936425691751506,-0.10509731511779788,-0.040360860719693296,0.044502045523824266,0.03736020507313797,0.9983104642450106,105,153,162,162,105,153,162,162,230213_175654
0,0,0,0,0.08157145519142953,-0.4371492331307312,-0.009679396549148622,-0.10416029762024179,-0.9935041467653024,0.045827314560326335,0.9936931161437167,-0.10588293439693744,-0.036916055207502275,0.04152858447204916,0.04169309971257029,0.9982670294606076,70,120,162,152,70,120,162,152,230213_175654
0,0,0,0,0.08129324996433768,-0.4374178899695145,-0.010269727428407815,-0.10432223691188951,-0.9933430446594185,0.048851474004944766,0.9937676839485415,-0.10605486216486248,-0.03432428514542615,0.03927672625426046,0.044966229972593925,0.9982160973140034,112,88,162,162,112,88,162,162,230213_175654
0,0,0,0,0.08215815375416186,-0.437051076086667,-0.010135021893010743,-0.10681377590854338,-0.9939701605694772,0.024781791171081213,0.993438517611636,-0.1077149596030557,-0.03843695101471514,0.040874552006781945,0.020513590012466634,0.9989536844233797,138,147,160,162,138,147,160,162,230213_175655
0,0,0,0,0.08121921215732358,-0.4368771965449738,-0.008304896824665287,-0.10360018939894113,-0.9938540267242295,0.03900223481466622,0.9937954423989545,-0.10503023544452128,-0.03659601494062532,0.040467510716247435,0.03496888912309389,0.9985687544530557,154,162,123,162,154,162,123,162,230213_175655
0,0,0,0,0.08181876248338363,-0.4373460950924829,-0.011287175717975328,-0.10631965350281132,-0.9933085769100128,0.04510213205654578,0.9937002521238371,-0.10775940225747391,-0.030785063815640598,0.03543924671974886,0.041544942677971305,0.9985079256219356,162,162,105,153,162,162,105,153,230213_175655
0,0,0,0,0.08082703861785756,-0.4370151804119794,-0.011899019470392735,-0.10450206812653447,-0.9937992036681356,0.03797973862279221,0.9939329831238255,-0.1056808287026562,-0.03047601521350125,0.03430076990172258,0.0345645082895484,0.998813672288706,162,146,70,120,162,146,70,120,230213_175655
0,0,0,0,0.0808487332837381,-0.43729640862729546,-0.011905062554523616,-0.10367164896686747,-0.993832469213973,0.03936003476306308,0.9936114636585428,-0.1052604889842979,-0.040699984583718256,0.04459202268140626,0.034889147235858134,0.9983958628311396,162,106,112,88,162,106,112,88,230213_175655
0,0,0,0,0.08155840250884511,-0.437371451011609,-0.008088392658722077,-0.1036242127523706,-0.9929222124728286,0.05803018619230134,0.9936159387903866,-0.10596001286065984,-0.03872779178144251,0.04460256397505966,0.053646580996654696,0.9975633592079353,124,162,138,147,124,162,138,147,230213_175655
0,0,0,0,0.08074664206814788,-0.4372642963858798,-0.011406898368099383,-0.10467947915232799,-0.9940202384374879,0.03108009364653712,0.9941167068484729,-0.10546174671242099,-0.024693990060572216,0.027824086851932363,0.028312286326704215,0.9992118066925605,122,162,154,162,122,162,154,162,230213_175655
0,0,0,0,0.08137338802752664,-0.4370431857577494,-0.009037867829512325,-0.10537264443780109,-0.9931181060306475,0.05111783718316246,0.9939812710342169,-0.10673444345149279,-0.02467775140289087,0.02996395563652301,0.04820981285173869,0.9983876878785178,97,149,162,162,97,149,162,162,230213_175655
0,0,0,0,0.08189609944086365,-0.4374833356599498,-0.004882353789868676,-0.1044433197872902,-0.9916023722364791,0.07626485643333698,0.9932037231286117,-0.1079570613671867,-0.04349295649212167,0.05136104861929922,0.071203990590058,0.9961385618521035,44,122,162,146,44,122,162,146,230213_175656
0,0,0,0,0.08166059165528222,-0.43686219334115267,-0.010749103226669887,-0.10624171546106617,-0.9939180313396192,0.02897662633684673,0.9936800504358841,-0.10718790041104487,-0.03332733669543114,0.03623058461615754,0.025252742097588474,0.999024345927027,111,80,162,106,111,80,162,106,230213_175656
0,0,0,0,0.08147845472553084,-0.43755701729694474,-0.010280785972483608,-0.1048956231132743,-0.9934098034913446,0.04619383702363619,0.9937913040651569,-0.10644193950172644,-0.03238761305785837,0.03709113392918329,0.042509714682637076,0.9984073176521935,146,90,124,162,146,90,124,162,230213_175656
0,0,0,0,0.08145119317621297,-0.4372486658197016,-0.011858582966919107,-0.10529296061639944,-0.9937536826065455,0.03697310847850134,0.9937244151710812,-0.10655575365464537,-0.034024374439288865,0.03775154483630903,0.03315855348202201,0.998736867845306,154,162,122,162,154,162,122,162,230213_175656
0,0,0,0,0.08113607226337252,-0.4370606888524424,-0.011364345031872558,-0.1040817449675418,-0.9942136866259631,0.026573213771067458,0.9937520312270035,-0.1050417114280609,-0.037724518452447,0.04029752841945313,0.022480751452636772,0.9989347951780478,146,162,97,149,146,162,97,149,230213_175656
0,0,0,0,0.0821057824659408,-0.43743446407620623,-0.011098102532553056,-0.10645379204867397,-0.9936237088771988,0.0371418270360714,0.9933736442118078,-0.10790582754461604,-0.039561791760014356,0.043317353841259086,0.03268420932241342,0.9985265891888707,114,18,44,122,114,18,44,122,230213_175656
0,0,0,0,-0.15241615827200608,-0.014589926780542245,0.003495482812798212,0.9993937191121806,-0.02683019952858125,-0.022188614025680956,0.025094383842807332,0.9968588834647857,-0.07511749700896174,0.024134334436109458,0.07451514510888403,0.9969277943014367,162,162,111,80,162,162,111,80,230213_175656
0,0,0,0,0.08131487117956687,-0.4372234197231985,-0.011909211019056398,-0.10504976287657802,-0.9933686115847917,0.04672631846912855,0.9938449849373431,-0.10652965297210075,-0.030390441795665395,0.03516664946318868,0.04324620857077951,0.9984453276017602,162,162,146,90,162,162,146,90,230213_175656
0,0,0,0,0.08088489051331071,-0.43758206353487117,-0.012164529191974527,-0.10372389937526522,-0.993609211524812,0.04452064095934638,0.9935211906336152,-0.10559708426504198,-0.042010707643235924,0.04644347597191279,0.03987468580143079,0.9981247482012874,120,162,154,162,120,162,154,162,230213_175657
0,0,0,0,-0.1525873499982216,-0.014777326065527313,0.0038031897835760775,0.9990875547182331,-0.026622787592688903,-0.03339588579355995,0.02392814312768823,0.9966155816283391,-0.07864366739965195,0.03537657379683337,0.077772807821248,0.9963432583151233,96,148,146,162,96,148,146,162,230213_175657
0,0,0,0,-0.1525012440389439,-0.014735539487297472,0.0037401012490361207,0.9990639360916758,-0.024525944400756346,-0.035633266090259075,0.021920450756819705,0.9971813492566493,-0.07175549131115772,0.037292699548652206,0.07090722633088102,0.9967855435420576,100,116,114,18,100,116,114,18,230213_175657
0,0,0,0,0.08111329024474465,-0.43733652450012844,-0.009520718075507473,-0.1041177908926722,-0.9935009679121978,0.04599252523134905,0.9937901271432741,-0.10575042772212563,-0.03461257328114984,0.03925135427199008,0.04210313283015855,0.9983419541388114,114,90,162,162,114,90,162,162,230213_175657
0,0,0,0,0.08039163128918425,-0.43746227356957124,-0.01197494059050297,-0.10347883975534716,-0.9933555214039556,0.05036802377663178,0.9937973705090315,-0.10533307270876618,-0.035661325873604224,0.04072979366779127,0.0463654169614152,0.998093849303648,148,92,162,162,148,92,162,162,230213_175657
0,0,0,0,0.08129114883821961,-0.43762619027912675,-0.012757634061041134,-0.10386639807807985,-0.9940897739722071,0.0315799403763313,0.9935227860748735,-0.10517388001897718,-0.043022418711337454,0.0460895313526378,0.026906806678617518,0.9985748739348761,154,162,120,162,154,162,120,162,230213_175657
0,0,0,0,-0.152366411760818,-0.014478334977868823,0.0031583918242540365,0.9990915069252293,-0.02578063692526953,-0.0339340470560595,0.023363813585364327,0.997288308211877,-0.06978654969720402,0.03564117007933073,0.06893032035047716,0.9969846126855505,146,162,96,148,146,162,96,148,230213_175657
0,0,0,0,0.08127843615175642,-0.4369112918083339,-0.009088384396126026,-0.10411106487542653,-0.9936833404406185,0.04188442552164862,0.9940695971698472,-0.10529677982191102,-0.027170280486475677,0.031408950206629996,0.03880730717158472,0.9987529578214063,162,162,100,116,162,162,100,116,230213_175657
0,0,0,0,0.08064558166452954,-0.43709835919039697,-0.012203181445610944,-0.10288917859295722,-0.9942238021423918,0.030542563448278826,0.9938957141384972,-0.10398727229610992,-0.0368504629216926,0.03981364521862992,0.026564609049264214,0.9988539408744728,158,162,114,90,158,162,114,90,230213_175658
0,0,0,0,0.08164205759265719,-0.437598912881494,-0.011007882519359469,-0.10490644500333979,-0.993620962922467,0.04137656145440532,0.9935458582169666,-0.10652187634817091,-0.038983553957735555,0.0431423853845838,0.03701988520098231,0.9983828237119438,162,146,148,92,162,146,148,92,230213_175658
0,0,0,0,-0.15239016233778085,-0.014458824033366402,0.0028689552041722965,0.999146803537781,-0.02559687083047978,-0.03241088064096976,0.02322920683253438,0.9971749534951738,-0.0714318981396143,0.034147751465752385,0.0706180736467983,0.9969187623594254,120,162,154,162,120,162,154,162,230213_175658
0,0,0,0,0.08111920104422446,-0.4370201486400206,-0.011106559496657398,-0.1055856897664729,-0.9938096294169735,0.03455550020817484,0.9938684314125324,-0.10661135464371814,-0.029318255449845114,0.03282077327134752,0.03124803256415268,0.9989726509283127,93,148,146,162,93,148,146,162,230213_175658
0,0,0,0,0.08159246206667126,-0.43725365850651454,-0.011162333675061586,-0.10540928619903898,-0.9937056909976588,0.0379194153683143,0.9934729534964909,-0.10690296954461621,-0.03979002102916531,0.04359326844786667,0.03347767586629041,0.9984882934539713,88,112,162,162,88,112,162,162,230213_175658
0,0,0,0,0.08200897805969945,-0.4373101188474693,-0.007404839414168474,-0.10421665748750998,-0.9927919887048501,0.05918577080345784,0.9933182968192866,-0.106868968952898,-0.043563570548969206,0.049574686142843244,0.054250259339592495,0.9972959740495423,117,93,158,162,117,93,158,162,230213_175658
0,0,0,0,0.08133084440800001,-0.4371524898966261,-0.008780359921724323,-0.10508557706216141,-0.9931330842861575,0.051416907625567644,0.9939974059274934,-0.10647812444798717,-0.025130977367644032,0.030433180953139776,0.04846736954181278,0.9983610246733245,151,89,162,146,151,89,162,146,230213_175658
