0,0,0,0,0.2711038402640036,0.2486835950667335,-0.15256647348146224,0.997860322780142,0.05962434170986709,0.026827487708988657,-0.06199515660055568,0.9932000048182638,0.09854111318162541,-0.02076961191701753,-0.09999344130824946,0.9947712977946992,180,180,81,97,180,180,81,97,230302_174003
0,0,0,0,0.2685285452568893,0.24624113608348325,-0.16711369016034316,0.997505135856521,0.056835722438543256,0.041871286041293934,-0.05995343803668727,0.9951951492198091,0.07740930329710131,-0.0372704870835358,-0.07972650515512686,0.9961197694897463,110,170,160,180,76,170,180,180,230302_174003
0,0,0,0,0.26955236554343276,0.2418561487030535,-0.18011669046898282,0.998486824126751,0.04583465343809653,0.030384973086785796,-0.04764268907911973,0.9969555172010859,0.061724151671992133,-0.027463361458231327,-0.0630783740003365,0.9976306343085541,137,87,180,180,135,86,180,180,230302_174004
0,0,0,0,0.2630667328176382,0.24389434436499474,-0.17432242117929775,0.9983132056139714,0.02056576453386853,-0.05429357996940737,-0.002804442906879212,0.9511494875337436,0.308717973989658,0.05799033192471836,-0.3080449669990318,0.949602769430369,180,120,129,91,178,178,169,90,230302_174004
0,0,0,0,0.27283489642427017,0.2432772787882622,-0.16526198763841604,0.9989003002852738,0.03614466805396179,-0.029862234699689776,-0.034544315739899814,0.9980247151474432,0.05247245186693687,0.03169984763453188,-0.05138317746242278,0.998175780478475,102,169,180,133,108,170,180,156,230302_174004
0,0,0,0,0.26712309515305555,0.23766036871024115,-0.1581722323457453,0.9978286383914415,0.015114336190958632,0.06410589089458495,-0.015634546997146448,0.9998487294566211,0.007620967404115183,-0.0639810076981894,-0.008606686092059114,0.9979140021106213,119,89,179,180,94,84,180,170,230302_174004
0,0,0,0,0.272741204532838,0.22791841283608216,-0.15408555148048508,0.9994507686564149,0.0306355756124687,-0.01263418137412515,-0.029944780280303094,0.998216061573326,0.051652730334443356,0.014194053898233572,-0.051246033250692255,0.9985851856051156,180,144,73,170,180,126,180,180,230302_174005
0,0,0,0,0.2722401432094604,0.22752666526004636,-0.16519843723004524,0.9973466750905348,0.06681908322147444,0.0288932484033381,-0.06801940738125688,0.9967666179706668,0.04277463639613498,-0.025941663504060058,-0.044626443021606295,0.9986668667167654,154,177,153,106,151,180,142,102,230302_174005
0,0,0,0,0.2705563070413902,0.23046182882916297,-0.14476771434930735,0.9977995963734814,0.0010304421711162673,-0.06629406961297493,0.00466098779147411,0.9963153051249225,0.08563928985366658,0.06613804253019365,-0.08575984469881329,0.9941182064359901,96,144,150,180,57,150,150,180,230302_174005
0,0,0,0,0.2706360698760942,0.2296692092584049,-0.14889190849094835,0.9970755869220801,0.03524950925827292,-0.06780668153685428,-0.017518513672215016,0.9690685638195053,0.24616908883025354,0.07438666307010856,-0.2442613164499278,0.9668521260479507,177,106,134,180,180,116,143,180,230302_174005
0,0,0,0,0.27469694962799074,0.21070993189810397,-0.1608641449517496,0.9994101751811101,0.029934498690702374,-0.01682936518706054,-0.02854953362575956,0.996602725872714,0.07725238451224473,0.019084702623167308,-0.07672634861123279,0.9968695208273612,180,173,91,105,180,176,103,113,230302_174005
0,0,0,0,0.27240080418490437,0.22109019864338358,-0.16842728959180198,0.999015062159206,0.0229215092034488,0.03799355201707808,-0.024387855615781995,0.9989574258079634,0.03859137107686333,-0.03706936845296923,-0.0394799422360848,0.9985325212948918,92,164,160,180,108,168,180,97,230302_174006
0,0,0,0,0.26682464297790515,0.2053504048826283,-0.17567434110285896,0.9943555116060215,-0.002306987832988424,0.10607447546825735,0.004982359712536543,0.9996759458612802,-0.024963560604397795,-0.10598251096488698,0.02535115526939548,0.9940447808303631,150,74,180,180,127,76,180,180,230302_174006
0,0,0,0,0.2677178676988075,0.21345047663418987,-0.15568357535318533,0.9986457825133336,-0.049359468155622,0.016439098872093702,0.04694468362677801,0.9911483138553019,0.12418219123922206,-0.022423152042343974,-0.12324229324865349,0.99212324809335,150,180,99,155,180,180,91,160,230302_174006
0,0,0,0,0.2767963198516289,0.1976732105208288,-0.15056684887763083,0.9957699379538443,-0.027050393729558447,-0.08780949189281086,0.029841851895734937,0.9990850861159146,0.03063420598267096,0.08690048643609997,-0.03312501924273448,0.9956661280556539,133,170,180,180,180,180,180,0,230302_174006
0,0,0,0,0.26742661153871206,0.19522096827196786,-0.17059083365228367,0.9980355001411652,-0.04204449090051289,0.04644783356509881,0.040411075192077414,0.9985500453148977,0.03556335197132912,-0.0478757293395585,-0.03361648087669348,0.99828745697503,110,0,180,180,84,64,180,100,230302_174007
0,0,0,0,0.26655009730090784,0.1925834096868237,-0.16182736048402457,0.9957516963202103,-0.06742022647168933,0.06271421161052969,0.06486598594605932,0.9970134484102782,0.04191166372611746,-0.06535260624236622,-0.037665591081936865,0.9971511119713896,180,83,180,180,160,180,180,180,230302_174007
0,0,0,0,0.2639522051639288,0.18759662129022925,-0.17282052161337336,0.9921259495752344,-0.08001768333608361,0.09634973032118549,0.07789615621762082,0.9966330342843603,0.025588744003335648,-0.09807287609711005,-0.017881983298122288,0.9950185654787386,180,168,81,113,180,120,0,90,230302_174007
0,0,0,0,0.28143208633207856,0.18407312854962068,-0.14689092726535913,0.9882733037044572,-0.11035906883496524,-0.10553081593050025,0.12546245192936573,0.9808081452006815,0.1492466263065003,0.08703476512836296,-0.1607366113674166,0.9831524253263939,115,170,180,180,114,170,180,180,230302_174007
0,0,0,0,0.27125120757755844,0.18338482646769694,-0.15907250252823735,0.9800055833323422,-0.1882212086227339,-0.06451227218159765,0.19774264784296142,0.9573024037721698,0.21087900074706503,0.022065852838480865,-0.21941942565922382,0.9753810608074603,128,98,180,180,126,96,180,110,230302_174007
0,0,0,0,0.28008964686039806,0.16680331878689858,-0.17735330351316292,0.9789350036804161,-0.20415625467514031,-0.002546025577769119,0.20412336040276655,0.9783525338333141,0.034058380463781866,-0.004462320820571824,-0.03386064410126699,0.9994166020603928,180,0,180,180,180,122,180,180,230302_174008
0,0,0,0,0.27283115385663,0.17724305465847276,-0.1760292594685573,0.9768900576255859,-0.19430223462313634,0.08906434153315906,0.19396845118674652,0.9809284923200376,0.012471282971393991,-0.08978894840955798,0.0050926000425642205,0.9959477949010742,180,177,180,110,180,159,103,111,230302_174008
0,0,0,0,0.28015562297847607,0.1756639843897642,-0.15489138036902061,0.9791635257564352,-0.2030509612034331,-0.0030161204533232728,0.20297840392364921,0.9781435697318291,0.045110137806065306,-0.006209458014586085,-0.0447824088972026,0.998977466454839,102,134,180,144,76,143,180,171,230302_174008
0,0,0,0,0.28154972193772404,0.16967063915515784,-0.15022109275691964,0.9722111021933473,-0.23263465588191698,0.026204763969530778,0.23220282261974431,0.9724912769665991,0.018508522126241666,-0.029789628051058403,-0.011909370536514162,0.9994852399880669,180,0,180,180,160,121,160,170,230302_174008
0,0,0,0,0.28002846466313613,0.1673107361208667,-0.15341520956214483,0.9751246220497128,-0.2208957650999405,0.018358443107106867,0.2199227056870701,0.9745108959009621,0.044300308052903845,-0.027676253281162785,-0.039160882666456634,0.998849563384347,180,153,142,150,120,0,79,149,230302_174009
0,0,0,0,0.29330913116603397,0.15893667793703745,-0.16293749178184647,0.9796609374188414,-0.19934161284922164,0.022964517898444472,0.19870115040351236,0.9796756451601236,0.027449646781255672,-0.027969635749466783,-0.022328270572658016,0.9993593687004072,146,160,180,173,77,180,180,0,230302_174009
0,0,0,0,0.2853112362703058,0.1640240052041425,-0.15117267251384714,0.9788321482393998,-0.20182930540102223,-0.033949330691240884,0.2046015558831286,0.9690931240976494,0.13782858976592252,0.005082214403740217,-0.14185714049000353,0.9898740944123922,130,86,180,180,122,92,180,180,230302_174009
0,0,0,0,0.2774068466787479,0.17652912175290308,-0.1494179583943247,0.9805282435604568,-0.19637637733622232,0.0008258356660755691,0.19613493744207058,0.9795146053403937,0.04563139532654393,-0.009769846203555753,-0.04458089668404577,0.9989580040001709,180,104,180,180,180,115,180,180,230302_174009
0,0,0,0,0.2759687363811147,0.17961211000010363,-0.14953780323859833,0.9760812923355019,-0.21737884454582113,0.003427637171625641,0.21710768779017534,0.9754468675667395,0.036981893632404596,-0.011382559249146138,-0.03535316814881632,0.9993100574130039,180,162,110,119,180,180,99,116,230302_174010
0,0,0,0,0.2891634966653357,0.15737879990993858,-0.1534790381591764,0.9754934999265705,-0.21991779535566347,0.006971003293227924,0.21872791224285884,0.9726810070334724,0.07778019646561335,-0.02388581183233866,-0.07434932307865158,0.9969461601063803,101,160,180,142,55,169,180,180,230302_174010
0,0,0,0,0.28564910961592055,0.15849687002189594,-0.15685014447017886,0.9670417585296012,-0.2543390488813941,0.011911568917819955,0.2543366591921653,0.9671141788778793,0.001740346038191197,-0.011962485149182776,0.001346561351073108,0.999927540235583,180,85,170,180,157,87,163,180,230302_174010
0,0,0,0,0.2892664542565596,0.15081151476506247,-0.15722333748852857,0.9695626130915389,-0.24480715830086316,0.004218357472146569,0.2443193034163325,0.9684700150776906,0.048722765454931406,-0.01601303448023413,-0.04620914563237355,0.9988034329069262,180,168,88,164,180,145,81,160,230302_174010
0,0,0,0,0.2979205316212973,0.14801389465445047,-0.156655705187714,0.9696080861160075,-0.24463278854777434,0.0038675710455224337,0.24419305991035795,0.9686030231371471,0.046668330387913994,-0.015162744806554981,-0.044305556501628006,0.9989029526600731,180,170,180,180,174,180,180,0,230302_174010
0,0,0,0,0.2913008184091213,0.1498980726035815,-0.15390987163884207,0.9647625516875463,-0.26290003310129717,0.010807009608186273,0.26257224329610473,0.9645879999864979,0.02501614143902812,-0.017001056196182508,-0.021297015691949302,0.9996286316481893,154,84,180,180,133,76,180,180,230302_174011
0,0,0,0,0.28966286608596786,0.14773004299619805,-0.17145649538800756,0.9544301993014791,-0.28581191239643067,0.08587517332520664,0.2794741468347491,0.9569202477235084,0.07872636628073383,-0.10467662543437438,-0.05113893066025368,0.9931906231225693,180,144,120,180,180,137,132,170,230302_174011
0,0,0,0,0.30652500818479145,0.14000647996877663,-0.15045267766913728,0.9385842799077317,-0.34502407250782796,-0.004235433885403547,0.3450417917696998,0.9384060399289808,0.018446304702099754,-0.0023898624312562234,-0.018774813312520636,0.9998208814295888,133,180,180,180,180,180,180,0,230302_174011
0,0,0,0,0.2941941717495583,0.15347170851019654,-0.16273660647975396,0.9251828355570549,-0.3714564385085064,0.07782567109369408,0.3715721807577587,0.9283054987637761,0.013528320363655168,-0.07727118012254265,0.016401684532849296,0.9968751925225917,169,78,180,180,133,66,180,140,230302_174011
0,0,0,0,0.29968860450462953,0.14834863578729265,-0.16099694403319598,0.9334888600741145,-0.3585496839895986,-0.006377478223439955,0.3582135415414474,0.9314865354140558,0.06337107383225274,-0.01678114340160508,-0.06144069053386401,0.9979696562385335,180,180,115,180,160,180,152,180,230302_174012
0,0,0,0,0.31272397571780336,0.1350298608162042,-0.15531340705948593,0.920915122109374,-0.38973519262393486,0.004670920750948762,0.38946472210027866,0.9206127493388196,0.02809619180906007,-0.015250183921177718,-0.02405504905842823,0.9995943109607851,154,180,180,180,180,180,180,0,230302_174012
0,0,0,0,0.30879392698143426,0.12967830109882875,-0.17828331316483448,0.9108770933073302,-0.4009251406945893,0.09778523634482421,0.4012690126290039,0.9158026307022805,0.016991795153190777,-0.09636441455088093,0.02376074825856934,0.9950624736419613,152,58,180,180,122,74,180,180,230302_174012
0,0,0,0,0.3059894320273224,0.1299108887371623,-0.17780073741453672,0.9055590232111458,-0.41623591425796674,0.08191775853079773,0.41766708697286997,0.9086000596204873,-0.00036894070543259477,-0.07427691391322683,0.03454844916173959,0.9966390242811315,180,24,180,180,180,117,102,180,230302_174012
0,0,0,0,0.32024511874141665,0.1322918408223827,-0.15740951695969718,0.8913617694067185,-0.45307049773472363,-0.014188732238439548,0.4532822600691668,0.8906930495094583,0.03465666259366618,-0.0030641061850078585,-0.03732312470777805,0.9992985517928736,0,80,80,180,163,180,0,90,230302_174012
0,0,0,0,0.3108140201650832,0.14036523561999897,-0.15206743939979672,0.8970002523384666,-0.4411305308148557,0.028185139483972797,0.4414554644031797,0.8972613640503875,-0.006254400931350495,-0.022530429496564294,0.018052683053812975,0.999583153310048,80,110,180,180,26,130,180,180,230302_174013
0,0,0,0,0.3059763117059074,0.1418104954307024,-0.1572681475923159,0.8586729757264789,-0.5091773625409097,0.058473363447958324,0.5020635507605471,0.8585879683788705,0.10372507677873975,-0.10301898735061393,-0.059708575857464016,0.992885680335016,180,87,180,180,150,180,165,160,230302_174013
0,0,0,0,0.3178190924442507,0.13123609169416373,-0.15338974427978447,0.8446821470651883,-0.5339987620797705,0.036842808343234265,0.5326847262023421,0.8453660883993882,0.04003946871592897,-0.05252668750340611,-0.014195023127479204,0.998518626976147,180,141,76,170,180,166,68,171,230302_174013
0,0,0,0,0.31566338536788485,0.1370013463006522,-0.15113579557928825,0.8267762006491859,-0.5620443317133264,0.02339408534260267,0.5613410352088802,0.8270170888465278,0.030642730727454867,-0.036569881469850254,-0.01220262040437968,0.9992565935857255,124,160,180,95,180,180,180,0,230302_174013
