0,0,0,0,-0.9795941075259491,-0.4533384032028791,-0.6837726640965915,-0.7667853852885151,-0.6397577341503297,0.05244248757238524,0.6404886024874855,-0.7679590870734292,-0.003631895506870939,0.04259721812009513,0.03080393118064069,0.9986173415439206,180,180,81,97,180,180,81,97,230227_163550
0,0,0,0,0.7316160051938952,-0.42011777998673316,-0.29880499571859054,0.08233627224837167,0.9421184788983251,0.32501309202945583,-0.9835965917000075,0.02430002662058881,0.17873794645336763,0.1604944954457014,-0.334398385798353,0.928665298429464,0,160,180,142,108,138,180,159,230227_163550
0,0,0,0,0.731235294631001,-0.42380989969438143,-0.28610173912017256,0.08896492027335998,0.9960270107843867,0.0039289627987417015,-0.9881457900052867,0.08776411394038963,0.12595776275833723,0.12511251198653925,-0.015088210370270305,0.9920278248377112,180,119,124,160,180,163,180,180,230227_163550
0,0,0,0,-0.42835939554260233,-0.9651212626483832,0.7354882512387335,-0.766546687307576,0.6412766151973194,0.03421226357390614,-0.6409810018674403,-0.7672842940564737,0.020449140306419863,0.03936408798377459,-0.006254190221581288,0.9992053611154605,171,180,136,84,151,180,128,108,230227_163551
0,0,0,0,0.7272905828859059,-0.41823612466261567,-0.2903758782064112,0.08930863285053613,0.9960022123712006,0.001887074466639067,-0.9909828752640211,0.08866823952551221,0.10045339333690971,0.09988447843294601,-0.010841413704903859,0.9949399754342255,100,180,180,95,167,170,170,180,230227_163551
0,0,0,0,0.7244306105543648,-0.4288890306061986,-0.30653000236916816,0.09776275965894753,0.995151583379381,0.01075959671077361,-0.9852100904838121,0.09524604854394172,0.1424404010301993,0.1407249815517692,-0.024525829940630038,0.9897448980585741,122,92,168,178,120,0,180,130,230227_163551
0,0,0,0,0.7272834380066346,-0.42884729282620093,-0.28649107154275244,0.0339648953219434,0.9955949964417873,0.08738986752391355,-0.9922550805167415,0.02313845285265202,0.12204289077328588,0.1194832250756734,-0.09085821404619024,0.9886700884854628,180,123,81,150,140,180,96,160,230227_163551
0,0,0,0,-0.38018921773489445,-0.7250199585654079,0.3560566434051162,0.026191762537961162,-0.984318949061442,0.17444253521929384,0.9993231782134931,0.021272381327771896,-0.03001118588009701,0.02582977081661661,0.17511051456501797,0.9842099017121988,124,167,180,180,106,180,180,0,230227_163551
0,0,0,0,0.7150862047528423,-0.4131512302164732,-0.2953411258570464,0.016614747944771063,0.9992748956251619,-0.03425832926537164,-0.9994215285003115,0.017614547553341367,0.029091855983961825,0.029674206321858576,0.033755157943845614,0.9989895048454484,104,94,180,180,85,98,180,167,230227_163552
0,0,0,0,-0.34965461533315195,-0.7614824807680756,0.2726539402077277,0.034153355570002514,-0.9621148569625299,0.27049685823550784,0.9852072826376591,-0.013066145344746366,-0.17086803704481962,0.16792902828584724,0.2723311914889688,0.9474363111054852,180,0,180,180,170,110,103,170,230227_163552
0,0,0,0,-0.17178696426192286,-0.1994570168670297,-0.3968317765599061,-0.6883621483113433,0.7246662500351678,-0.031880696858125786,-0.7238662616348748,-0.6834480723659883,0.09442651982343574,0.04663891121095013,0.08807700289623009,0.9950212326990187,73,170,178,97,156,180,166,120,230227_163552
0,0,0,0,-0.4123489022998593,-0.7272757907942178,0.28029450382776666,0.05391483913679657,-0.9897586157983675,0.1321781849389416,0.9951407534437922,0.04233631010362974,-0.08889610611343642,0.08238975031018969,0.13632871780996475,0.9872316900019547,140,71,180,180,112,92,106,110,230227_163552
0,0,0,0,-0.1728939352786033,-0.19669330926722922,-0.3980249209661906,-0.688157600799142,0.7249269398115865,-0.03033229957943813,-0.7244506486496647,-0.6841914026983518,0.0839844160826403,0.04012946714632902,0.07976876838130657,0.9960053059384179,140,180,61,150,180,145,89,170,230227_163553
0,0,0,0,0.716133123340202,-0.41662037422132153,-0.29057410346584,0.06423171875564893,0.9966101447035507,0.05140530886653422,-0.9915799013125042,0.057933793602064805,0.11581439837929684,0.11244369977362148,-0.05841142895737048,0.9919397760692821,180,170,164,69,180,180,170,50,230227_163553
0,0,0,0,0.23134075170975887,-0.07379796259459676,-0.40440343050536964,-0.36991159723682804,0.4662375974068244,-0.8036093037005052,-0.6286997991247895,-0.7624558831236661,-0.1529627041816385,-0.6840336050298611,0.44864632958982537,0.5751647573829864,149,78,180,180,124,84,160,180,230227_163553
0,0,0,0,-0.43375709174291355,-0.6925906510917045,0.30160690215699115,0.06744392656845141,-0.9940000262566181,0.08611193047930173,0.9974150267021727,0.06502697786738057,-0.03057379037901429,0.024790749842109567,0.08795134991162978,0.9958162374509607,180,76,180,180,160,179,180,180,230227_163553
0,0,0,0,0.7033888476541389,-0.42808982100887194,-0.2968540254646146,0.06974634640522442,0.9928604181164122,0.09676588913881222,-0.9841354722881647,0.05261992473393862,0.16943587490595236,0.16313435979974705,-0.10704827723367197,0.9807792039975305,144,170,170,95,180,180,160,100,230227_163554
0,0,0,0,0.7090589936426569,-0.41652150583555536,-0.29569928575803917,0.08084326326241303,0.9966527746135793,-0.012149635391143457,-0.992737394436132,0.08160322157431592,0.08839332506956123,0.0890889020767689,0.004915392532314141,0.9960115493522197,71,170,180,136,74,162,180,139,230227_163554
0,0,0,0,-0.24246774335284182,0.020439068479802924,0.4108738121268034,-0.6914480035467777,-0.7211606276727064,0.04274350811390531,0.7219615322488925,-0.6876708488114796,0.07668343789718009,-0.02590761170016176,0.08388177865071657,0.9961388672601756,150,80,180,180,133,83,180,180,230227_163554
0,0,0,0,0.6909758060687058,-0.4272295849121134,-0.2954341031711887,0.10438610530572186,0.994129734127921,0.028453694695974516,-0.9884392728508323,0.10054038330057952,0.11348759937495458,0.10996065162238865,-0.039971277794456236,0.9931318905594856,180,163,67,130,180,162,100,142,230227_163554
0,0,0,0,-0.17139897693696282,-0.19494166996111092,-0.4016314478165741,-0.6885558309540266,0.7245559877937069,-0.030157722253128953,-0.7241010873581903,-0.6846623411074501,0.08315704393467145,0.03960407738979501,0.07909550696185517,0.9960800258174795,180,180,180,69,165,180,180,25,230227_163554
0,0,0,0,0.6906766630762086,-0.41849073630884553,-0.28712857802075087,0.11381809062733372,0.9934270282556619,-0.01217299375960428,-0.9883349918611316,0.11446564062907523,0.10045676173475197,0.10118985180740867,0.0005971988770696178,0.994866954544524,47,160,180,164,65,150,150,180,230227_163555
0,0,0,0,0.6816968188203375,-0.41684792806128057,-0.3013205912078267,0.10243236315810064,0.9946680004946831,0.011965774933336172,-0.990802114235154,0.10095020492931318,0.09011229967035284,0.08842387350142923,-0.02108613090725665,0.9958597259043892,158,91,180,180,168,93,169,160,230227_163555
0,0,0,0,0.679148418213138,-0.41751671742420204,-0.2874842253839378,0.07593710751871256,0.9954417241819126,0.057700341935160646,-0.9886944882074337,0.06766629537100849,0.13380762855310377,0.12929332809520164,-0.0672089743152385,0.9893261287773412,180,120,125,95,180,110,120,110,230227_163555
0,0,0,0,-0.2422713211602242,0.020865530138234334,0.40748274729112177,-0.3625905646328324,-0.6261757672513609,-0.6902405312254657,0.45942956291963283,-0.7644913483196001,0.452191834357891,-0.8108344832052464,-0.15315641302814695,0.5648810087032777,180,180,180,0,180,180,180,0,230227_163555
0,0,0,0,-0.4449863436466933,-0.6522468575955285,0.29341984605623717,0.0829383624470059,-0.993886158320943,0.07288026023998659,0.9955095852473623,0.07928113257199648,-0.051722023343311704,0.045627773507302176,0.07684273756276895,0.9959986445616408,151,81,180,180,127,77,180,180,230227_163556
0,0,0,0,-0.41814063793351053,-0.6636115106814747,0.31248129853527407,0.06601004502619916,-0.987125713697895,0.14568973646780745,0.995815718349781,0.055924241888001894,-0.07227402200487448,0.06319595749055418,0.14985094102364624,0.9866868634126938,180,180,180,180,180,115,180,180,230227_163556
0,0,0,0,0.6629003157571507,-0.4195653603637751,-0.2897535217639935,0.07170340016790067,0.9974259952769896,7.96873165549391e-05,-0.9876317312793065,0.07098813669949555,0.13980074326759886,0.1394352386400269,-0.010102890360696774,0.9901796533113365,152,180,175,103,148,180,167,117,230227_163556
0,0,0,0,-0.42762221318929255,-0.9042837457940336,0.7845580169690975,-0.7786066494845949,0.6275122783371784,-0.00016097967793995768,-0.6259909608315531,-0.7767368258991939,-0.06939178805329466,-0.04366923786329088,-0.05392813577465297,0.9975894715945584,100,120,180,167,34,117,120,0,230227_163556
0,0,0,0,0.6543087666684471,-0.40913117869884225,-0.28506690137432744,0.08702050804131206,0.995492926739456,0.0376996550639948,-0.9936386757668189,0.08401863633907819,0.07498700399459082,0.07148155846506803,-0.04398524251875882,0.9964716178797924,172,98,124,180,178,115,180,170,230227_163557
0,0,0,0,-0.17608265677523005,-0.19517933313473018,-0.4007944484469026,-0.6875745695413265,0.7254215780359963,-0.031697719789034656,-0.7248578219647975,-0.6831644971898679,0.08869840875553875,0.042688982846983595,0.0839631103466203,0.9955540401426791,171,180,127,89,180,174,0,80,230227_163557
0,0,0,0,0.6514318513868589,-0.42271369785600765,-0.29378009038846686,0.014422992060469658,0.9938855228532162,0.10946937819688571,-0.99975729759492,0.012510930297686669,0.018133464335032788,0.0166530239214119,-0.1097043485276477,0.9938247494947976,68,171,160,180,84,161,180,152,230227_163557
0,0,0,0,-0.1747375685022189,-0.19424639918592373,-0.3960054777154156,-0.6893112641418877,0.7240550253592907,-0.024378297296350805,-0.7231583133252774,-0.6856576436351378,0.08316038475890458,0.04349752861544428,0.07495275829925756,0.9962379479962014,126,86,180,130,140,81,180,180,230227_163557
0,0,0,0,-0.1751708053910639,-0.19077026943097442,-0.40039916528329034,-0.6939985009725708,0.719569354835847,-0.024207937312945425,-0.7190266742726701,-0.690964637239897,0.07462246155361643,0.03696920789263309,0.06919402911422151,0.9969179825856948,180,152,44,140,180,145,92,151,230227_163557
0,0,0,0,-0.17664291508255692,-0.19404999401626083,-0.3996868583754427,-0.6892681492507645,0.724099844275277,-0.02426590095064999,-0.7232298520936598,-0.6856804291528714,0.08234640318384553,0.04298836434442898,0.07430857687544443,0.9963083036559199,180,180,180,123,180,180,180,0,230227_163558
0,0,0,0,-0.42846181368304925,-0.6611248047742926,0.21850349261277913,0.03145405160899143,-0.9985909656288681,0.04274021527536111,0.9896596964401654,0.02512856933219191,-0.14121699701267204,0.1399440169472735,0.046740115187304504,0.9890556272287918,163,66,180,180,125,73,180,130,230227_163558
0,0,0,0,-0.39128554380835195,-0.6304751659276988,0.33157099449878014,0.020690070767586305,-0.9898071069597207,0.1409035556104231,0.9996392645536066,0.018066568058571333,-0.019873094406992503,0.017124886404192262,0.14126390243304318,0.989823847022808,180,180,180,180,180,118,180,180,230227_163558
0,0,0,0,0.6316277047129978,-0.4236401098539626,-0.29342156148341947,0.049430158451077406,0.9987107095587844,0.01155759698596881,-0.9783157121928917,0.04608392173316385,0.20192731225420157,0.20113434990576712,-0.021288277766891878,0.9793323146499885,180,180,180,104,159,180,180,121,230227_163558
0,0,0,0,0.624158912135749,-0.43081194390069444,-0.2924946897335077,0.02696887687084702,0.9989511721579687,-0.037003179924788014,-0.9957686915442641,0.030099169891023462,0.08682599214575909,0.0878486916268489,0.03450500856531501,0.9955360424230547,63,137,180,179,34,130,180,148,230227_163559
0,0,0,0,0.6194950021568052,-0.4294947634107066,-0.29109883486238863,0.013831368524241527,0.9998126879952551,-0.01353817448729605,-0.9800926214767403,0.016237939208015372,0.1978756747483808,0.19805844231336575,0.010531773543835853,0.9801336312842368,179,109,131,180,170,180,134,180,230227_163559
0,0,0,0,-0.1749205210904533,-0.19212682586174779,-0.4000006961388485,-0.6919428452808652,0.7214684563263821,-0.026426603842479707,-0.7208586477339517,-0.6884176291822499,0.08027439079973271,0.039722900848245514,0.07459513628324595,0.9964224288880116,156,180,141,92,180,180,137,112,230227_163559
0,0,0,0,-0.17595654683838735,-0.19130878913277577,-0.4019667103853799,-0.6903975719561463,0.7230660560654654,-0.022949318137833942,-0.7224225506915364,-0.6874152564562795,0.07460511673793928,0.03816871610878955,0.06808629639714363,0.99694904852431,99,174,180,107,115,160,170,180,230227_163559
0,0,0,0,-0.42911142555367515,-0.6019179467743898,0.2979095656620887,0.05538414388510085,-0.9937087429410667,0.0973423382121076,0.997213429437773,0.05017109897163181,-0.05521084111780346,0.049979723439321715,0.10012889208647319,0.9937183867748771,180,72,180,170,150,128,180,160,230227_163600
0,0,0,0,-0.17429739866980742,-0.1901858826085046,-0.4011337695623103,-0.6954096181304706,0.7183099826873618,-0.020886162484199083,-0.7177141953915007,-0.6927922004149799,0.07018048715777353,0.03594157404963781,0.06379448107676074,0.997315630800491,180,146,96,106,0,180,102,120,230227_163600
0,0,0,0,-0.39069502338622975,-0.5685429693109489,0.4015220781762838,0.02120819715236955,-0.985792246262891,0.16662490684621709,0.997526727448061,0.03203548543170846,0.06256321363162437,-0.0670122406751758,0.1648859450684597,0.9840335282492022,92,165,180,142,84,170,180,103,230227_163600
0,0,0,0,0.5970300715737671,-0.4282841294409215,-0.29355118070245356,0.03524670457023161,0.9953793757946494,-0.08931723271347221,-0.9902503708991847,0.04683690075418943,0.1311888244545642,0.13476599256105773,0.08382244908373866,0.9873256424699183,130,90,180,180,142,84,180,180,230227_163600
