0,0,0,0,0,0,0,1,0,0,0,1,0,0,0,1,90,110,110,70,90,110,70,70,221208_144658
0,0,0,0,1.2118642595607132e-06,-0.00018754290257810835,-5.893903071818585e-06,0.9999993528636143,-2.9793183230128604e-05,-0.0011372707325773782,3.4844460898630324e-05,0.9999901344729057,0.004441817502285505,0.0011371271769194439,-0.004441854255409301,0.9999894883810315,110,150,150,70,110,150,70,70,221208_144658
0,0,0,0,-0.000967380657789646,-0.0018071193385159612,-0.0011780475003906332,0.9999743858688496,0.006076953354293564,0.003781301911624161,-0.0061577821673266565,0.9997445927778515,0.02174467590532005,-0.003648194758625943,-0.021767403367820414,0.999756405743732,150,140,150,150,150,140,150,150,221208_144658
0,0,0,0,-0.0006568854562238949,-0.0005956498410472078,-0.0014149958017101172,0.999948970012865,-0.004072383573514991,0.009245164262484055,0.003912571488174281,0.9998437457972439,0.017238786920372905,-0.00931392261939472,-0.01720173485920142,0.9998086572756176,150,70,90,150,150,70,150,150,221208_144659
0,0,0,0,-0.0003164963344632829,0.0011300800951098977,0.0004807196154489324,0.9999516848435284,-0.009775343205037455,-0.0010347191945798992,0.009777127557255289,0.999950699811299,0.001733702287646242,0.0010177206478512548,-0.0017437351051003466,0.999997961814206,90,90,70,80,90,90,80,80,221208_144659
0,0,0,0,-0.00026274836566982096,0.0010458193407892336,0.0005945156995934564,0.9999031746169117,-0.013915393845731316,5.66139532622365e-05,0.01391541665278119,0.9999030857244382,-0.00042466236690655323,-5.0699122475010104e-05,0.0004254090555581899,0.9999999082283629,90,150,150,90,90,150,90,90,221208_144659
0,0,0,0,-0.00024950803145491057,0.0010728230341029432,0.000618711024277574,0.9998970562497491,-0.014263544468525003,0.0015582690014747714,0.01426345453082796,0.9998982693901202,6.88148965740792e-05,-0.0015590920221562816,-4.65815134612146e-05,0.9999987835303746,90,100,150,150,90,100,150,150,221208_144659
0,0,0,0,-0.00023959177959522598,0.001149402029733515,0.00045311094421240927,0.9998992648972811,-0.01367056364183126,0.0038178197430572985,0.013661742189813966,0.9999039658601336,0.002327199500551998,-0.003849267230901647,-0.0022748070008145977,0.9999900041474885,150,80,90,150,150,80,150,150,221208_144659
0,0,0,0,-0.00025263445099285575,0.001067631006905878,0.0006340011188472605,0.9999011132173413,-0.014045651739329474,0.0006953085214063643,0.014046286125109927,0.9999009264292886,-0.0009160632846363819,-0.0006823729288411952,0.0009257392005222828,0.9999993386868405,150,140,70,120,150,140,120,120,221208_144659
0,0,0,0,-0.00024672126931152283,0.0010751275936257687,0.0005851836483249384,0.9999088871231016,-0.01346936137084389,0.0008909301328591806,0.013468746148080536,0.9999090521973495,0.0006929725807009817,-0.0009001830028308219,-0.0006809097301801642,0.9999993630160475,70,150,150,90,70,150,90,90,221208_144659
0,0,0,0,-0.0002515917265916573,0.0010949141924950223,0.0005541138714209026,0.9999059867039133,-0.013691296297516286,0.000752435623717921,0.013691958996568112,0.9999058710667986,-0.0008827598671129524,-0.0007402786708551711,0.000892979193655743,0.9999993272875983,80,140,150,120,80,140,120,120,221208_144700
0,0,0,0,-0.0002547556459235392,0.0011135290377548013,0.0005093688942185981,0.9999067066921113,-0.013621415936077363,0.0010173200242233169,0.01362084198203661,0.9999070701355989,0.0005689960836707443,-0.0010249760171330755,-0.0005550862448487281,0.9999993206514817,150,90,70,150,150,90,150,150,221208_144700
0,0,0,0,-0.00025464587520707127,0.001057504874487969,0.0006390000729781242,0.9999078230038403,-0.013561219092180034,-0.0006624443029030569,0.013560603796108062,0.9999076232548584,-0.0009246521003399436,0.0006749225181712389,0.0009155837239583867,0.9999993530928102,150,70,110,150,150,70,150,150,221208_144700
0,0,0,0,-0.0005383205244199676,0.0018823153714133123,-0.0003703517051183436,0.9999706374815324,-0.003162822015569106,0.0069800237589196686,0.00319714772207531,0.9999828249100322,-0.004912039433395816,-0.006964367969922342,0.004934211370608006,0.999963574905071,90,140,150,130,90,140,130,130,221208_144700
0,0,0,0,-0.00121432940960646,0.0011490666471087874,0.00042968818009681,0.9999930758481033,-0.0019345224822948865,-0.0031789744595397793,0.001922741658453014,0.9999912889315639,-0.0037047436490353735,0.0031861136771559034,0.0036986056502031767,0.9999880844269498,110,150,150,70,110,150,70,70,221208_144700
0,0,0,0,-0.0009868074443157224,0.0008024392068804453,0.0006709851676394152,0.9998754452163192,-0.015239973472664125,-0.004103323289729177,0.015261688643185735,0.999869413473871,0.00531383657795712,0.004021804722509045,-0.00537579835664161,0.9999774626854361,140,100,90,120,140,100,120,120,221208_144700
0,0,0,0,-0.002927599470945917,0.0017972076496891032,-0.0017857405233309143,0.999839664518886,-0.016140664748294363,0.007753979381212629,0.015991359855206125,0.9996926141123221,0.01894607345213421,-0.00805739813726499,-0.018819039049737116,0.9997904390943645,150,80,90,150,150,80,150,150,221208_144700
0,0,0,0,-0.002737217058612719,0.004128337109262359,-7.235476826905618e-05,0.9996184084137135,-0.027622404693172665,-0.000200796914961295,0.0276228472216608,0.9996147547115988,0.002705637492157697,0.00012598334513446628,-0.002710151626159788,0.9999963195964072,90,100,150,150,90,100,150,150,221208_144700
0,0,0,0,-0.0030861399203295364,0.003314115193948086,0.0017716322822231012,0.9993939821932696,-0.03390154980277668,-0.00789640911102065,0.03382930091438571,0.9993861027624327,-0.009110214320175263,0.008200411911770076,0.008837563368114225,0.9999273227181021,90,150,150,90,90,150,90,90,221208_144701
0,0,0,0,-0.0026886521546545875,0.003928175199272521,0.0011075769331024832,0.9989318262591685,-0.04611440942410227,-0.002944100879678143,0.046118897815249096,0.9989348681801605,0.001475262075829458,0.0028729341847776907,-0.0016094649272468142,0.9999945779212095,90,90,90,70,90,90,70,70,221208_144701
0,0,0,0,-0.0026899119915109876,0.004647118603706424,-0.0005695957819050745,0.9985532845595889,-0.05298519095758978,0.009160100132826997,0.052851272265426026,0.9985001280940093,0.01429115867145059,-0.009903580927193735,-0.013786360485440704,0.9998559172947791,150,70,110,150,150,70,150,150,221208_144701
0,0,0,0,-0.0029968961932577837,0.0030599364574912524,-0.0007898672934061324,0.9989688388938905,-0.044032358745564784,-0.011063918939273349,0.04415308685449522,0.9989651448320955,0.010915325547582356,0.010571841855245998,-0.011392576262294101,0.9998792153884865,150,140,70,120,150,140,120,120,221208_144701
0,0,0,0,-0.004587312165145033,0.005352072477192271,0.0018698991853686175,0.9986387879039355,-0.04987286996795277,-0.01527311804828704,0.04983814750845137,0.9987538026005234,-0.0026459107923474585,0.015386043893186888,0.0018811252363672766,0.9998798582935663,70,150,150,90,70,150,90,90,221208_144701
0,0,0,0,-0.004210018222014937,0.006444682027772097,0.0006210853472756739,0.9979110231279253,-0.06459856268644523,0.000784613677068345,0.06459122464860957,0.9978855651621289,0.007236887414627221,-0.001250447187883823,-0.007171090565914212,0.9999735055699854,80,140,150,120,80,140,120,120,221208_144701
0,0,0,0,-0.0035338342020665783,0.008200232082774983,-0.0004979010085243152,0.9961012188403249,-0.0880611260852827,-0.005253560450871362,0.08811028380707447,0.9960604978940311,0.010003120639724982,0.004351977970510205,-0.010427013363760715,0.9999361668026895,150,80,70,150,150,80,150,150,221208_144701
0,0,0,0,-0.004387402879193099,0.008363597567205727,0.000173383448495934,0.9952557356295163,-0.09726030971878678,-0.0025402460423957353,0.09727484449907109,0.9952368697508752,0.0064169865327719225,0.001904028421992291,-0.006633644690961802,0.9999761844333505,150,70,110,150,150,70,150,150,221208_144702
0,0,0,0,-0.0060352807027393846,0.008959432558261204,-0.0004626900502827658,0.9956891457685619,-0.09271055380949908,0.002806815100440053,0.09270032337555177,0.9956876226953739,0.003578834629168282,-0.0031265067951654337,-0.0033032141272973316,0.9999896568123537,150,150,140,70,150,150,70,70,221208_144702
0,0,0,0,-0.005530450868190366,0.008147604113992957,-0.0002805327708408356,0.9956124878713117,-0.09332322764542142,-0.006822695694369963,0.09338395706513693,0.9955876471512786,0.009201815181682836,0.005933848460635676,-0.009798572427758726,0.99993438655785,80,150,150,70,80,150,70,70,221208_144702
0,0,0,0,-0.003928168708438651,0.008034065250642874,-0.0006377960193998389,0.9958070218388088,-0.09137351382698909,-0.004388191817920548,0.09143311211065916,0.9956799022882173,0.01617152401862261,0.0028915854269700096,-0.01650494320603051,0.9998596029360742,130,80,70,130,130,80,130,130,221208_144702
0,0,0,0,-0.0038785644469141317,0.008176650358836968,-0.0007148961048542013,0.9955310375510665,-0.09443204181790896,-0.0007367160898721477,0.09443185719164698,0.9954057178065188,0.01581395919513148,-0.0007600130477625715,-0.015812856673909078,0.9998746801194525,150,100,70,150,150,100,150,150,221208_144702
0,0,0,0,-0.003895408213134617,0.008175777094372338,-0.0007229606699151736,0.9955484545386569,-0.09424986953748721,-0.00048657770030469246,0.09424498600036718,0.9954114135142879,0.01655295923024052,-0.0010757692514646747,-0.016525130488260684,0.9998628719893861,90,110,100,70,90,110,70,70,221208_144702
0,0,0,0,-0.0039035115559621913,0.008169219727194532,-0.0006622486892594592,0.9954812093104718,-0.09495807693045101,-0.0003543097952132014,0.09495257256417924,0.9953671292999453,0.015109165186381205,-0.0010820689463790685,-0.015074532657950742,0.9998857872736964,90,150,150,70,90,150,70,70,221208_144702
0,0,0,0,-0.003922456522118922,0.00816294462480932,-0.0006120940133954589,0.9955270328085587,-0.09446860613090832,-0.001268622508931527,0.09447683852533717,0.995401265568424,0.015825532756859093,-0.00023222756990047888,-0.015874601111976423,0.9998739636123601,90,70,90,90,90,70,90,90,221208_144702
0,0,0,0,-0.003912682880370583,0.008267439396401177,-0.0008848890681613097,0.9954860478746987,-0.09490674166657197,0.0004887464033697419,0.09488780062250078,0.9953672199741492,0.01550492482917494,-0.0019580040441166224,-0.015388560269511685,0.9998796719770808,150,90,90,150,150,90,150,150,221208_144703
0,0,0,0,-0.003921475743723771,0.008363478806575009,-0.0010541384926329167,0.9956092109353928,-0.09360664573421572,-0.00030818012866655085,0.09359906177459835,0.9954744698863708,0.016425450963823474,-0.0012307459191815333,-0.016382175644250853,0.9998650456864883,150,150,90,110,150,150,110,110,221208_144703
0,0,0,0,-0.0039362786999133995,0.008265642348884938,-0.0008290293671089355,0.9955784740209932,-0.09389192567789834,-0.0027943440242186902,0.0939259421325837,0.9954351213742225,0.01693624897059166,0.0011914111533002905,-0.017123826300898502,0.9998526667025899,70,150,150,80,70,150,80,80,221208_144703
0,0,0,0,-0.003961450688422588,0.008254169579134385,-0.0008081529039862811,0.9955591271589218,-0.09411477318018699,-0.0021056589962286597,0.09413685088192476,0.9954196554466673,0.016672218102963106,0.0005269123273431276,-0.016796399009325214,0.9998587917019676,70,130,120,70,70,130,70,70,221208_144703
0,0,0,0,-0.0026964869609648126,0.008746598090480617,-0.0008440647763341413,0.9942495389154024,-0.1065384928722918,-0.010835308164096743,0.10673892492476687,0.994085899316365,0.020000667145845103,0.008640386126517382,-0.021042203232421074,0.999741251229892,150,70,70,150,150,70,150,150,221208_144703
0,0,0,0,-0.003023542212794897,0.008591397486925945,-0.00020764699156383681,0.9941491517903813,-0.10765023680720687,-0.008882032977716378,0.10775072233785653,0.9941086454900675,0.011738091734754274,0.007566097417764726,-0.012626459410921168,0.9998916574772534,130,80,120,150,130,80,150,150,221208_144703
0,0,0,0,-0.005974707040289129,0.010589900293717647,-0.00038555451619060044,0.9943088858815442,-0.10649767719140026,-0.002843274492273596,0.10650369410928866,0.9943101817883904,0.0020556101315190554,0.0026081790730689666,-0.002346730656471502,0.9999938451096331,120,150,150,70,120,150,70,70,221208_144703
0,0,0,0,-0.005225529135645182,0.010337892385220093,-4.300707133753079e-06,0.9938840847610191,-0.11009900476940114,-0.00852262914472656,0.11017654879297474,0.9938691151782483,0.009236340773061232,0.007453465960236679,-0.01011884596158312,0.9999210242822107,80,140,150,120,80,140,120,120,221208_144704
0,0,0,0,-0.0058245845875510155,0.009565438644561663,0.0001501511147292689,0.9926224000258859,-0.12123575234676692,-0.001631968064136833,0.12124421976722043,0.9924251692669179,0.019802085207552257,-0.0007811145158831789,-0.019853860038859004,0.9998025875650004,150,90,70,150,150,90,150,150,221208_144704
0,0,0,0,-0.005371685009769082,0.013072938635111275,-0.0014362127681075698,0.9929822589546189,-0.11824022660728045,-0.0023414126592549048,0.11826107898042552,0.9928923084033754,0.013385854914883618,0.0007420241017044846,-0.013568814438841855,0.9999076640745168,150,120,90,150,150,120,150,150,221208_144704
0,0,0,0,-0.0061901908509884584,0.012575056103327598,-0.00040433659991123694,0.9925134546146727,-0.12210619584272045,-0.0026682101993598033,0.12212427426677579,0.9924807747702747,0.008220300858801915,0.001644397659359608,-0.008484612437529291,0.9999626529566604,70,150,140,70,70,150,70,70,221208_144704
0,0,0,0,-0.0061698381814509415,0.012693586660991074,-0.000617909948361195,0.992474441247318,-0.1222981275956012,-0.006136078343156606,0.12235622698601234,0.9924337482288038,0.010208285569800529,0.004841197018376695,-0.010882249911540236,0.9999290672084156,80,150,150,70,80,150,70,70,221208_144704
0,0,0,0,-0.006228351651695545,0.012654704640688297,-0.0006282755236801663,0.992255558761003,-0.12420154432064147,-0.001697791582462969,0.12421280191761788,0.9921923623391115,0.011202497744206626,0.00029316832088443036,-0.011326628108226374,0.9999358087137562,140,90,150,150,140,90,150,150,221208_144704
0,0,0,0,-0.006196317308591735,0.012711994635043022,-0.0005112455388878168,0.9924197907774127,-0.12278352941159784,-0.005211888194037167,0.12283673126320663,0.9923597360714301,0.011545201462632795,0.0037545074093185507,-0.012097897729493835,0.9999197690538176,150,80,90,150,150,80,150,150,221208_144704
0,0,0,0,-0.006334830216606302,0.012356766352642823,-7.87936907929998e-05,0.992318075484914,-0.12369839022695499,-0.0018829023279703914,0.12370932886713863,0.9922886279420571,0.00769940310096639,0.0009159787982726855,-0.007873189450849364,0.9999685864419502,90,110,110,70,90,110,70,70,221208_144705
0,0,0,0,-0.006203450832004721,0.012526382857596552,-0.0002726036998214054,0.9924803419203679,-0.12229189576929245,-0.005240527719770765,0.1223386987195563,0.9924399652742953,0.00980602477874613,0.004001711788074754,-0.010373406167130254,0.9999381874632336,110,150,150,70,110,150,70,70,221208_144705
0,0,0,0,-0.00622253542354928,0.012534490101563767,-0.0005191796098685808,0.9922879154358284,-0.12393696270864,-0.0020789792146151268,0.12395246678562527,0.9922265104816089,0.011060645335916669,0.000691995502950358,-0.011233039305799554,0.9999366679796167,130,90,70,130,130,90,130,130,221208_144705
0,0,0,0,-0.006192855822645116,0.012788220557342023,-0.0010340698803487092,0.9923145809175011,-0.12369616926355309,-0.0033211757025515477,0.12372831699409463,0.9922378736329378,0.012462170845955084,0.0017538735227085461,-0.012777317320444747,0.9999168285861374,150,80,80,150,150,80,150,150,221208_144705
0,0,0,0,-0.006677809084288319,0.012816961099883561,-0.0007369750740712222,0.9925088614937617,-0.12210893054337854,0.003945749346968778,0.12206408659038237,0.9924708066645519,0.010102310798527461,-0.005149623404907245,-0.009544998699150235,0.9999411854597354,150,150,150,140,150,150,140,140,221208_144705
0,0,0,0,-0.00726463831689466,0.012549063189474408,4.8940889594395465e-05,0.9930279067871841,-0.1178780419384798,-0.0005861489688153955,0.11787929111615701,0.9930232209885369,0.0030586440629787057,0.00022151256386149367,-0.0031064137363992256,0.9999951505511825,90,150,150,90,90,150,90,90,221208_144705
0,0,0,0,-0.007025707282701424,0.012621217786453809,0.00012842925978717723,0.9903320025644368,-0.13861316692558664,-0.005377234565472296,0.13868792348030304,0.9901766448414195,0.017772785130923254,0.002860870048479424,-0.018346715385806713,0.9998275918662767,90,90,90,70,90,90,70,70,221208_144705
0,0,0,0,-0.006811970191372786,0.012365867476414327,7.48313346453644e-05,0.9913491914300453,-0.13110879975352957,-0.006104365502091448,0.13118956876402788,0.9912350480517708,0.01556844762053211,0.004009700550237469,-0.016234597038232646,0.9998601703040799,150,70,110,150,150,70,150,150,221208_144706
0,0,0,0,-0.006471709244368663,0.012536334737067167,-0.00025872290499096007,0.9911178208317027,-0.13295247206566738,-0.003017515773860431,0.13298345406266637,0.9909971781787941,0.015491732867225853,0.0009306854357270791,-0.015755412190568377,0.9998754426483955,150,140,70,120,150,140,120,120,221208_144706
0,0,0,0,-0.006469648494926913,0.012481875480658045,-7.76071495441899e-05,0.991106746639679,-0.13292106179567964,-0.006277586830949249,0.13300584148722605,0.9909875721230526,0.015908426318572786,0.004106445614631027,-0.016601904371717133,0.9998537462427424,70,150,150,90,70,150,90,90,221208_144706
0,0,0,0,-0.006432359180394115,0.01275755118922689,-0.0006930891310036325,0.9911021010092151,-0.1330793011237336,-0.002554405515689668,0.13310381410757433,0.9909186041019268,0.01907078170145881,-6.718352795962586e-06,-0.019241092929119796,0.9998148730128777,80,140,150,120,80,140,120,120,221208_144706
0,0,0,0,-0.0064717856240983085,0.012596059413959193,-0.000248075864055175,0.9910328054623535,-0.1335404217573236,-0.0045753966267970715,0.13360079009721074,0.9908801609744843,0.017530986069823104,0.002192574472496884,-0.017985058911646652,0.9998358516642254,150,80,70,150,150,80,150,150,221208_144706
0,0,0,0,-0.006475236699708176,0.012550346590616601,-0.00017400742983597617,0.9910305992606407,-0.13358769605835177,-0.0035607289867501135,0.13363036450506274,0.990868634897575,0.017951993161235455,0.001130049264276535,-0.018266796052905192,0.9998325095487852,150,70,110,150,150,70,150,150,221208_144706
0,0,0,0,-0.006468036143334598,0.012577286195160409,-0.00022146566088110387,0.9911166010477771,-0.13297233788949978,-0.002498096015395578,0.13299554731153726,0.9909765550119181,0.016662887265254396,0.00025985150777565807,-0.016847099836785766,0.9998580437763569,100,150,150,100,100,150,100,100,221208_144706
0,0,0,0,-0.006469518504862715,0.012626779452869386,-0.00027843343913425134,0.9910065771596202,-0.13373064124887146,-0.00469889535307262,0.13379351479358406,0.9908517481745253,0.017666593861459322,0.0022933437493048384,-0.018136392437648873,0.9998328919593489,70,150,150,110,70,150,110,110,221208_144706
0,0,0,0,-0.006461835959185355,0.012713625842045329,-0.0005187609397425685,0.9909786077189119,-0.1340173566100709,-0.0008643903838569286,0.13400919181857673,0.9907945584900836,0.01917496739427755,-0.0017133451545287702,-0.019117818748193235,0.9998157697569551,150,130,140,150,150,130,150,150,221208_144707
0,0,0,0,-0.005832632948567049,0.014569470475718382,4.598731700478087e-05,0.9898345189328202,-0.1419549297037565,-0.008742028473608145,0.1420050739882591,0.9898511595951659,0.005407477202484845,0.007885688975661597,-0.0065939199955638,0.9999471666685551,150,70,120,150,150,70,150,150,221208_144707
0,0,0,0,-0.007193539784161498,0.012937726375616243,0.0002973112528464883,0.9904878387443004,-0.13741109799616735,-0.007213282687644385,0.13751333383980538,0.9903642586934828,0.016392623913531596,0.0048912489106988635,-0.01722861718176902,0.9998396123549503,150,150,130,80,150,150,80,80,221208_144707
0,0,0,0,-0.007269633320968923,0.013013473394133002,-0.0003971117136167823,0.9900227918417918,-0.14090318902474885,-0.0010784045809101375,0.14090546638655246,0.9899415928792316,0.012700087799617456,-0.0007219253232659319,-0.012725329480439624,0.9999187691074919,70,150,150,100,70,150,100,100,221208_144707
0,0,0,0,-0.007264282706028018,0.013060619038602506,-0.00031400142875137593,0.9899045344780695,-0.14172333497239037,-0.00187321756885239,0.14173538362927862,0.9897872354585183,0.015241704328743376,-0.00030601832924585304,-0.015353333438939494,0.9998820838004324,150,140,110,130,150,140,130,130,221208_144707
0,0,0,0,-0.007272627038310296,0.013208468194764289,-0.0005969876474201108,0.9899639465221507,-0.14131981668637217,0.00030659096210830197,0.14129649156888965,0.9898355874050414,0.016149655626016383,-0.0025857410176882514,-0.015944256591212364,0.9998695388025094,150,70,90,150,150,70,150,150,221208_144707
0,0,0,0,-0.0072857321602121106,0.01313848450464239,-0.0003213797422544351,0.9899324809218,-0.14151388723143415,-0.002739148893066123,0.14154002585582226,0.9897886704424598,0.016876283491367723,0.00032295006212876347,-0.017094080390496758,0.9998538333770894,90,90,90,70,90,90,70,70,221208_144707
0,0,0,0,-0.007284833789483872,0.013085256137716883,-0.00014061517826491343,0.989926306735945,-0.1414842107457181,-0.005303333083334525,0.14155846755580695,0.9897615319663751,0.01825678237879125,0.0026659886314695526,-0.01882360085733346,0.999819265945291,90,150,150,90,90,150,90,90,221208_144708
0,0,0,0,-0.0072773741175025455,0.013083154305100264,-0.0001390065013469055,0.9899233765297659,-0.14153827272101416,-0.004315779774264085,0.1415935630391987,0.9897612026486066,0.01800068436057402,0.001723805607550365,-0.018430384877596562,0.999828660025052,70,100,140,120,70,100,120,120,221208_144708
0,0,0,0,-0.007285929906730708,0.013122509392061554,-0.00023664120787991738,0.9899464028197813,-0.14129971180943696,-0.006364824172323376,0.14139163592244985,0.9897970403138954,0.017613184749675208,0.0038111461987085306,-0.018336041787224883,0.9998246169885142,150,70,110,150,150,70,150,150,221208_144708
0,0,0,0,-0.0072554980313434755,0.013129680909685304,-0.00021827270045637892,0.9898925363433916,-0.14171753606048876,-0.005376473248335144,0.1417792973376853,0.9898030826531231,0.013729108376244041,0.0033759943836154304,-0.014352614511597495,0.9998912966510926,110,80,140,150,110,80,150,150,221208_144708
0,0,0,0,-0.007707394616522499,0.012845168204792035,0.00022101921149109138,0.9899502094354347,-0.14120527161605767,-0.007723607096063092,0.14131098224335525,0.9898440665965818,0.015489677884319767,0.005457942483860687,-0.016425440370876208,0.9998501966657133,100,150,150,100,100,150,100,100,221208_144708
0,0,0,0,-0.007443019143879799,0.013179923482093403,0.0006365599883170203,0.9900043894486041,-0.14044792317454205,-0.01287205300075417,0.14058895660801723,0.9900092038831224,0.010794512799308187,0.011227384039274103,-0.012496283554053493,0.9998588844156815,120,150,150,110,120,150,110,110,221208_144708
0,0,0,0,-0.00768115294056395,0.013161374128234538,0.0008109594532147435,0.9894885363485928,-0.1438226938117703,-0.015082081402959344,0.14401662368502444,0.9894941616981838,0.0126694935800594,0.013101470798569995,-0.014708389100607611,0.9998059885562693,150,70,70,150,150,70,150,150,221208_144708
0,0,0,0,-0.007728013741658081,0.013610918176417741,2.261383174062548e-05,0.9897710180600239,-0.14260905476937016,-0.003998663052928486,0.14264089748170222,0.9897305914393867,0.009323665301570845,0.0026279600526987377,-0.009798666584183399,0.9999485386554317,150,100,90,150,150,100,150,150,221208_144708
0,0,0,0,-0.007771555850576546,0.01301578274623999,-0.00014372553705699342,0.9895331002510384,-0.1442460314892186,-0.004162440051184922,0.14430107007488413,0.9893273057059501,0.02021591847650544,0.0012019495878558334,-0.020604965037987286,0.9997869726761653,100,150,150,110,100,150,110,110,221208_144709
0,0,0,0,-0.007940710674295845,0.01359442962218188,1.842440085608743e-05,0.9894359713516974,-0.1446209625362517,-0.010061599793839944,0.14473153424597238,0.9894064629678713,0.011297523277846014,0.008321153173103625,-0.012634406693415333,0.9998855585402636,130,150,150,70,130,150,70,70,221208_144709
0,0,0,0,-0.00785062017278916,0.013783322738095405,-0.0003174961208635141,0.989173588300457,-0.14671533510811174,-0.003197288368668259,0.14674121035805227,0.9891191551095112,0.010503055655430893,0.0016215398397129309,-0.010858519215884077,0.9999397297682427,130,80,70,130,130,80,130,130,221208_144709
0,0,0,0,-0.007857957052140103,0.013788546718493722,-0.0003836527759686348,0.9893472233196126,-0.14556598653519132,-0.0016171808212816733,0.14557489726510947,0.9892967420440029,0.009995272251172645,0.0001449000518602229,-0.010124215779938477,0.9999487383155279,150,100,70,150,150,100,150,150,221208_144709
0,0,0,0,-0.007856045952118737,0.013715535656704025,-0.00021992811450222138,0.98940171984756,-0.14517202342700677,-0.0030529292163046,0.14519351538055458,0.9893648728293377,0.00871731052705948,0.0017549513177914072,-0.009068187553041252,0.9999573431503842,90,110,100,70,90,110,70,70,221208_144709
0,0,0,0,-0.007842916043631049,0.013890925526257869,-0.0006311870741446679,0.9893325231654002,-0.1456714488854532,0.0009937740160397873,0.1456520394534032,0.9892753572721797,0.010943075302035199,-0.0025772097792756705,-0.010681595087559498,0.9999396289357367,90,150,150,70,90,150,70,70,221208_144709
0,0,0,0,-0.007874678418101966,0.013888236807497734,-0.0006516843636958924,0.9892499921052177,-0.14623408146908706,0.00021572370994916382,0.1462237497986795,0.9891956173305477,0.010518823548722139,-0.0017516034482187828,-0.010374202182740513,0.9999446523755361,90,90,70,80,90,90,80,80,221208_144709
0,0,0,0,-0.007891037077438455,0.01374155820337608,-0.00030231859022766816,0.9892294494263065,-0.14637259562107635,-0.0003995483392360778,0.14636994170431417,0.9891860955096053,0.009311746127263092,-0.0009677567887557148,-0.009269935361791888,0.9999565649292903,150,70,90,150,150,70,150,150,221208_144710
0,0,0,0,-0.007829623376992355,0.013852733803683293,-0.0005836297345223063,0.9891709503946736,-0.14676444151587134,0.0010146929746909588,0.14674690554041359,0.9891225564913301,0.0100952441460405,-0.0024852785782401386,-0.009837019192295822,0.9999485268971593,110,70,70,120,110,70,120,120,221208_144710
0,0,0,0,-0.008004659554032442,0.013800906303116978,-0.00028304124950651044,0.9892341244978862,-0.1463409316438491,-0.0004226754199555519,0.1463374069167569,0.989180333310232,0.0103745616359215,-0.0011001208024036132,-0.010324723621883955,0.9999460934552181,70,150,150,70,70,150,70,70,221208_144710
0,0,0,0,-0.008848060643756227,0.014389883359009092,0.0002898777005861941,0.9883601553829842,-0.15201856109432232,-0.005878803801420563,0.1520677862821747,0.9883281385633379,0.009103784881358384,0.004426242939860687,-0.009891794919981916,0.9999412786592512,70,140,150,110,70,140,110,110,221208_144710
0,0,0,0,-0.007074247005838502,0.015294742947179196,-0.0013927612696027492,0.9856468063072352,-0.16856402102495735,-0.009302904505870707,0.16873818017866873,0.9853900997051583,0.023103635061393277,0.005272548372345863,-0.02434177928904661,0.9996897908925071,150,80,70,150,150,80,150,150,221208_144710
0,0,0,0,-0.008680227931712525,0.015405982747631053,-0.0003925982501442604,0.9859193424582833,-0.167162314721426,-0.004450921657504712,0.16721615816563432,0.9857521434304796,0.01820626734231989,0.0013441037727471104,-0.018694177146624052,0.9998243451356136,150,70,110,150,150,70,150,150,221208_144710
0,0,0,0,-0.0102808848714636,0.01477907046027599,-0.0009815080960418054,0.9875771610890156,-0.15712143167561457,-0.002051000625238395,0.15713477467459908,0.9875024077416472,0.01215143170219426,0.00011611770974532828,-0.012322759944724454,0.9999240651689618,150,150,140,70,150,150,70,70,221208_144710
0,0,0,0,-0.010190535707679749,0.014577877558781649,-0.0005798019855336456,0.9876551054265026,-0.15649032937979754,-0.006940427621278579,0.15655149109520855,0.9876252966733751,0.00937571366326206,0.005387333369170794,-0.010346505759487278,0.9999319609142105,120,150,150,70,120,150,70,70,221208_144710
0,0,0,0,-0.009459920660423636,0.013633807137941156,-0.00041701929092141654,0.9869020779361556,-0.16076937645378234,-0.0133227684795807,0.16114932819178535,0.9862903938949942,0.03552679177457407,0.007428498410495832,-0.03720841981487136,0.999279916192778,140,90,150,150,140,90,150,150,221208_144711
0,0,0,0,-0.009583680258068134,0.013034408691175559,-0.0008934302730219112,0.9873079881198866,-0.15827404669185569,-0.013124890035542852,0.15861031555209937,0.9868662795188113,0.030622118626295273,0.008105824765207876,-0.03231520528302016,0.9994448574645787,150,80,90,150,150,80,150,150,221208_144711
0,0,0,0,-0.009977314063571129,0.01589861303226281,-0.00013136886916531587,0.9870801010744124,-0.16014561903373858,-0.0051239405957373835,0.16020384500267154,0.9869794614537751,0.014362127794184297,0.0027571922834607053,-0.014997445539729435,0.999883730499699,90,100,150,150,90,100,150,150,221208_144711
0,0,0,0,-0.010449684829586678,0.016439853796810677,-0.0009130480801077256,0.9860325445119273,-0.16654350905631052,-0.0017552078353866255,0.16655225335881924,0.9859488627395392,0.012852508070787376,-0.00040995662511253417,-0.012965325056495218,0.9999158626013215,90,150,150,90,90,150,90,90,221208_144711
0,0,0,0,-0.010008259483250036,0.016308415217903327,0.0002114076666780429,0.9845013859683748,-0.17493850120174087,-0.012391199443067177,0.17512140869653495,0.9844225235534882,0.015645681088501322,0.009461143825695897,-0.01757315901795841,0.9998008155826035,90,90,90,70,90,90,70,70,221208_144711
0,0,0,0,-0.01002586796807032,0.01628243091176973,-0.00032429235821873625,0.9841974395544529,-0.17699322930714012,-0.005366260699001624,0.17706975744467368,0.9839419165980563,0.022463431612926434,0.0013042135346485182,-0.023058654357405794,0.9997332631688723,150,70,110,150,150,70,150,150,221208_144711
0,0,0,0,-0.009835428520282005,0.014279832891202326,-0.0009158181303932089,0.9855788368601986,-0.1685111141174657,-0.01543893623890571,0.16886828744063442,0.9852996302897821,0.025848405128468963,0.010856234621903407,-0.028082787783776975,0.9995466468355169,110,70,70,120,110,70,120,120,221208_144711
0,0,0,0,-0.011316712591458743,0.01709739406516142,-0.0008266641218692694,0.9855053475986453,-0.16957890915050133,0.004712051124307466,0.16952517225884908,0.9854739945087387,0.010110495418009168,-0.006358130627757818,-0.009165136022778977,0.9999377852929673,70,150,150,70,70,150,70,70,221208_144712
0,0,0,0,-0.011109598633623263,0.01717047722525067,0.00011874953968238344,0.9857327234911303,-0.16817372667553976,-0.006971046895541959,0.16815427118887785,0.9857551909952419,-0.0032930998878179444,0.007425558544400884,0.002073905011003622,0.9999702795575022,70,140,150,110,70,140,110,110,221208_144712
0,0,0,0,-0.00946754992592417,0.016413509300550466,-0.0007228080506983536,0.9830184953545295,-0.18257101747554866,-0.018505711790115727,0.1829750135788468,0.9828442823785893,0.02317889129221568,0.013956439257086358,-0.02617136170814269,0.9995600420332962,150,80,70,150,150,80,150,150,221208_144712
0,0,0,0,-0.011082768772486658,0.017741132153852868,0.00011209996383221288,0.9821752566502835,-0.18765083036639868,-0.010905553023623107,0.18780358792050586,0.9820880929415505,0.015257459376114632,0.00784713885023346,-0.01703360106466023,0.9998241239571263,150,120,90,150,150,120,150,150,221208_144712
0,0,0,0,-0.012722256692628789,0.017199144820420953,-0.0007655491017969362,0.9842738976805502,-0.17664819849246735,-0.0005552603928477118,0.17664689858591695,0.9842413403371658,0.00805339625724549,-0.000876107707295828,-0.008024832749989082,0.9999674167164747,70,150,140,70,70,150,70,70,221208_144712
0,0,0,0,-0.012413940552911416,0.016446970977895103,-0.0007108022825048632,0.9830754901405433,-0.18317836519034947,-0.0028752758340713364,0.1831988807952924,0.9828691828849974,0.020157862246014215,-0.00086646424235448,-0.020343447622465653,0.9997926751974875,80,150,150,70,80,150,70,70,221208_144712
0,0,0,0,-0.0122523084189868,0.01601012392911516,0.00011727084268253751,0.9826923861105907,-0.18479436303450658,-0.012911919723416099,0.1850317612244254,0.9825171042601747,0.02057637417982297,0.008883784016970563,-0.022609361487486702,0.9997049040365201,140,90,150,150,140,90,150,150,221208_144712
0,0,0,0,-0.012229948182280057,0.016340154839756538,-0.0005926414509459521,0.9820520375810983,-0.18844389172465628,-0.007918027183516066,0.18856712405211112,0.9818591916869082,0.019873787425835017,0.004029293924329167,-0.021010173050156917,0.9997711425215641,150,100,70,150,150,100,150,150,221208_144712
0,0,0,0,-0.012293884982935516,0.016275589281513847,-0.0002665482400242558,0.9823722805324734,-0.18663068859032197,-0.010662481780985937,0.18682224462069427,0.9821622563651649,0.02132489358879885,0.006492407589872701,-0.022940973126491834,0.9997157397959165,140,150,110,80,140,150,80,80,221208_144713
0,0,0,0,-0.012284331337192249,0.01635115044219637,-0.00040332292775580036,0.9823146746563227,-0.18703006787483298,-0.008810996854979066,0.18717975354255317,0.9820924282766679,0.021405657789162483,0.004649711667631928,-0.022676331986744954,0.9997320461748911,90,150,150,70,90,150,70,70,221208_144713
0,0,0,0,-0.012272538344862027,0.016355127509914524,-0.0004313590288937963,0.9822778165634056,-0.18723539620723353,-0.008555553433226101,0.18738322600379823,0.9820330712254697,0.02232876243505709,0.0042211017327195375,-0.023536215213836812,0.9997140735598204,90,70,90,90,90,70,90,90,221208_144713
0,0,0,0,-0.01223537732295412,0.01645658765676644,-0.0006683950736579014,0.9821411619330995,-0.18806537359398798,-0.0054912012943449644,0.1881414345421642,0.9818938532447747,0.022074002096233666,0.0012404213469044438,-0.022712908556186604,0.9997412590964726,150,90,90,150,150,90,150,150,221208_144713
0,0,0,0,-0.012291287190763986,0.016325460773857325,-0.0003527210530982483,0.9823115749201942,-0.18702473189024257,-0.009258479313119463,0.18719143165629964,0.9820591560165132,0.02278556557558076,0.004830910087497925,-0.024115632803579073,0.9996975035290473,150,150,90,110,150,150,110,110,221208_144713
0,0,0,0,-0.012265635964687487,0.016465406262739013,-0.0006755229526496098,0.9820880473066493,-0.18831122790301663,-0.006476788021207111,0.1884099213525601,0.9818401430630282,0.02217284388377572,0.00218377501947522,-0.02299597607474526,0.9997331725070614,70,150,150,80,70,150,80,80,221208_144713
0,0,0,0,-0.01220400661137231,0.016469456356574486,-0.0007214259843528747,0.982299358336396,-0.18711571364429155,-0.00869944361970107,0.18727264621503964,0.9820227748701862,0.023669085657782554,0.004114193909081736,-0.024879295481309186,0.9996819964692932,70,130,140,90,70,130,90,90,221208_144713
0,0,0,0,-0.01171824085807869,0.01688163511383234,-0.0007025615831955934,0.9806112275553419,-0.19556130869261656,-0.012545713803401781,0.1958036720151781,0.9803860002924228,0.02245467559323466,0.007908376431249352,-0.024475803828596616,0.9996691415709328,150,70,130,150,150,70,150,150,221208_144714
0,0,0,0,-0.012624289410882984,0.01653087199218195,0.0002693739904993109,0.9797345614680043,-0.2001733760044438,-0.007128015437752079,0.200268345392094,0.9795931633062707,0.017024225019883182,0.003574758594674148,-0.018106737491835723,0.9998296690728834,150,130,90,140,150,130,140,140,221208_144714
