0,0,0,0,0.25309064564894845,0.17525179521239415,-0.22429908837657686,0.9976764060383992,0.01140115861429963,0.06716995173852058,-0.010635105430341074,0.9998743931085433,-0.0117512781563048,-0.06729549291586419,0.011009613438849587,0.9976723435302485,162,162,83,96,162,162,83,96,230201_162516
0,0,0,0,0.25485815115328225,0.17263540605572944,-0.2278921752502986,0.9976363770605261,0.013653538420163827,0.0673441909458884,-0.013627656625462859,0.9999067832103347,-0.0008437208420655727,-0.06734943311153883,-7.601690580140636e-05,0.9977294463335159,162,122,144,117,153,162,148,116,230201_162516
0,0,0,0,0.25273985682460703,0.1754477379791616,-0.22406375285135138,0.9975008082791068,0.011456951259823663,0.06971998099797429,-0.010335593219341476,0.9998117078143789,-0.016423289259451565,-0.06989501409494224,0.015661646948049238,0.9974314010595128,123,91,162,162,100,50,162,162,230201_162516
0,0,0,0,0.2529731029995619,0.1757854187499254,-0.22377229482264127,0.9981108138404013,0.02123374340628532,0.05765354660216535,-0.02053740130779045,0.9997091313510679,-0.012643885511042197,-0.05790525401355893,0.011435944834145138,0.9982565806060961,162,162,88,116,162,162,122,126,230201_162516
0,0,0,0,0.25309570730251535,0.17515593185962514,-0.22399612980443084,0.9963386430243641,0.02612965621853393,0.08140362081793083,-0.02683582216310567,0.9996110190232543,0.007592713357040525,-0.08117356136820907,-0.009749446814729548,0.9966522970532945,31,103,162,156,56,97,18,82,230201_162517
0,0,0,0,0.2533423069452706,0.1757682813439513,-0.2241988864931722,0.9977794974151424,0.021987906005828717,0.06286975844923659,-0.020645404448341148,0.999546444518813,-0.02192424514012952,-0.06332331176708092,0.02057759070637082,0.9977808982675356,162,104,147,162,146,162,143,162,230201_162517
0,0,0,0,0.25148339037870066,0.17874673417455594,-0.22496175365119486,0.9960776138915098,0.047267995913781245,0.07480055926590426,-0.04440408563213775,0.9982324980877659,-0.03949882201574588,-0.07653537929200506,0.03602244194599455,0.9964159369424379,162,162,156,67,162,162,155,61,230201_162517
0,0,0,0,0.2534194574156493,0.1762193007301334,-0.22418873358827462,0.9973617642869366,0.023285362822980278,0.06875538536472175,-0.02259455080010115,0.999686286140646,-0.010808125483421471,-0.06898548697074536,0.009226114053376137,0.997575000391892,93,102,162,155,122,122,162,156,230201_162517
0,0,0,0,0.2561122431321548,0.17268041728305453,-0.22685935370267452,0.997768603925713,0.026930211271259708,0.06109481762817406,-0.027379668182227684,0.9996037690150942,0.006531365940645685,-0.06089471890374107,-0.008189547710639095,0.9981105973377546,162,108,162,162,162,94,162,154,230201_162517
0,0,0,0,0.2533930110427437,0.1758077687623735,-0.22493971089288944,0.9967168543894287,0.02381718920196698,0.07738380757342182,-0.022352770507131556,0.9995553311441226,-0.019735593024267705,-0.07781944375731674,0.017941055707001344,0.9968060256105096,143,162,146,76,153,146,146,72,230201_162517
