0,0,0,0,-0.15184535668308205,-0.0133082007904739,-0.0008613684629299456,0.9991084978359205,-0.020761880011985666,-0.036758045247501,0.032840463921339935,0.9293657877320026,0.3676965277544859,0.02652759848686993,-0.3685758767630381,0.9292190858924915,162,162,83,96,162,162,83,96,230213_173205
0,0,0,0,0.15877944727530444,-0.3827931074794961,-0.013788132148168097,-0.030640359898322582,-0.9973025821676553,0.06669878519904145,0.9935476868256278,-0.03767927809788245,-0.10697320227732326,0.109197812930223,0.06299072633133393,0.9920221802195287,151,162,136,85,151,162,136,85,230213_173205
0,0,0,0,0.1585231058703792,-0.38208933783378235,-0.017044133523345106,-0.02713208445018829,-0.9980942957911257,0.055422258187536134,0.9908444211249903,-0.034187437713272345,-0.1306083926403083,0.13225423667645458,0.05137115739224881,0.9898837411884838,78,154,162,92,78,154,162,92,230213_173205
0,0,0,0,-0.151933066091535,-0.012699881437532312,-0.008070834291289741,0.9993805517985898,-0.029722444026952986,-0.018843805555413335,0.03203102927961346,0.9900267997700205,0.13718946351823372,0.014578266359005972,-0.13770806823928972,0.990365569924444,78,154,162,103,78,154,162,103,230213_173205
0,0,0,0,0.15808592579956812,-0.3806685054862066,-0.0006082574311053746,-0.03607581740275102,-0.9985839110329655,0.03909869594794828,0.9986561790755448,-0.0374798494661411,-0.03579241369661749,0.037207141692929754,0.037754913721291576,0.9985941092841175,87,128,162,162,87,128,162,162,230213_173205
0,0,0,0,0.15890065351246996,-0.3815706329803293,-0.01853974047997664,-0.03622983623263908,-0.9986449099965578,0.03735964004810955,0.9951498546225334,-0.03947382934686679,-0.09010318330361773,0.09145581343636407,0.033914016787496816,0.9952314673753188,100,92,162,162,100,92,162,162,230213_173205
0,0,0,0,0.15819949102470068,-0.3814229355537817,-0.024570838606578604,-0.032482812842265764,-0.9981785953742315,0.05083658728298793,0.9941296424275505,-0.03751945087591026,-0.10148174640220253,0.10320426791913753,0.047241745762584664,0.9935376673989659,130,156,151,162,130,156,151,162,230213_173206
0,0,0,0,-0.15186995342056434,-0.013148388716033577,-0.002836796627138871,0.9977546793743514,-0.014340970861096501,-0.06542122240792178,0.03733171332698192,0.9300726877781029,0.3654738549189094,0.05560524225878015,-0.3670955352547578,0.928519749401899,162,107,78,154,162,107,78,154,230213_173206
0,0,0,0,0.15857442425745072,-0.3808058628549614,-0.002312034056289214,-0.03809481679065232,-0.9986840677030521,0.0343353731561444,0.9985793512428314,-0.039326934147287336,-0.035953741418954126,0.037256733688459054,0.03291694345864969,0.9987634407747449,162,103,78,154,162,103,78,154,230213_173206
0,0,0,0,0.1594379398429983,-0.381977499771744,-0.008776737279037605,-0.03560130622877408,-0.99842158178005,0.043438370487711986,0.9962768582149062,-0.03887270653927313,-0.07695020774336656,0.07851731516194857,0.04053711536523338,0.9960882357992313,162,146,87,128,162,146,87,128,230213_173206
0,0,0,0,0.15796802426867612,-0.3818669477828412,-0.02006614660321837,-0.033731272603515515,-0.9976310808169256,0.05995354732291967,0.9953253750777892,-0.03896397197559427,-0.08836971548072729,0.09049640310424989,0.05669246401365336,0.9942818340637899,162,90,100,92,162,90,100,92,230213_173206
0,0,0,0,-0.15193597246417248,-0.012010708575611928,-0.0018166261033601971,0.9995972006765347,-0.02280984976023554,-0.016886300765730406,0.023125407277769242,0.999557029669565,0.018733925813694492,0.016451502602270622,-0.01911688238367333,0.9996818958398997,152,162,130,156,152,162,130,156,230213_173206
0,0,0,0,0.1593184211370513,-0.38019220186840774,0.0026090265147595826,-0.03919337806870706,-0.9987658239829741,0.030507506603699656,0.9987385542612907,-0.040114804829706474,-0.03020103749116813,0.031387566768255715,0.029285342359037115,0.9990781698021843,129,154,162,107,129,154,162,107,230213_173206
0,0,0,0,0.15848417561797706,-0.38248515168615926,-0.015727310910304437,-0.02884711145580809,-0.9973785939365061,0.06636101655260446,0.9931599561929547,-0.03611297275525652,-0.11103672641783409,0.1131421476527073,0.06270401546964109,0.9915982356118408,116,154,162,103,116,154,162,103,230213_173206
0,0,0,0,-0.1520532997123034,-0.012434101582404933,0.0021058927390149584,0.9996729053592144,-0.02511914556428097,-0.004807371088979398,0.02510174479625235,0.9996782515018321,-0.0036463519334868086,0.00489741756954722,0.0035244858290944983,0.999981796484711,77,128,162,146,77,128,162,146,230213_173206
0,0,0,0,0.15861044200540766,-0.3808423148107013,-0.0065708488138330745,-0.03450010022413186,-0.9971729894295034,0.06675157104332563,0.9978804984600672,-0.03805795227355958,-0.05278354915909144,0.05517475761262235,0.06478905324953241,0.9963724829105919,140,82,162,90,140,82,162,90,230213_173207
0,0,0,0,0.15940662958927157,-0.38167321889691797,-0.012301202321452931,-0.03386228843764411,-0.9985208603414458,0.04253747623856905,0.9940139143765351,-0.038071966375206136,-0.10240538756414365,0.10387340105918867,0.03881516249233313,0.993832832881411,137,81,152,162,137,81,152,162,230213_173207
0,0,0,0,-0.15221389793965073,-0.012685623266454449,0.0024781206102576503,0.9991661889779411,-0.0267811248531154,-0.030817173051718057,0.035685224670532194,0.9395746588846806,0.34047911113892076,0.019836621272569008,-0.3412949336473332,0.9397469216353683,162,108,129,154,162,108,129,154,230213_173207
0,0,0,0,0.1583809965379746,-0.3807995156473799,-0.0026763596338112983,-0.03429794113823023,-0.9970567562809954,0.0685673099085751,0.9983275002320503,-0.037374800888966095,-0.04410585606169382,0.046538731333193924,0.0669398910436089,0.9966710578084258,162,120,116,154,162,120,116,154,230213_173207
0,0,0,0,0.15972282618754716,-0.38112685555344894,-0.011228892390990453,-0.03903204825536319,-0.9990379502945526,0.019991825335651837,0.9964494064984547,-0.04040898638142792,-0.0738626706022991,0.07459946043953083,0.017037831167312046,0.997068018146829,162,143,77,128,162,143,77,128,230213_173207
0,0,0,0,0.15874223032571827,-0.38158000313432633,-0.017067760518565844,-0.036588582318106896,-0.9985037587847735,0.04063888946107636,0.9959197130250318,-0.03979048689736875,-0.0809977923193463,0.08249364128276028,0.0375094767378698,0.9958854544086698,162,90,140,82,162,90,140,82,230213_173207
0,0,0,0,0.1580184831580173,-0.38182490164783334,-0.022001875716623043,-0.03174047721190818,-0.9975820098583124,0.061827790785447485,0.9943807112680211,-0.03776801204476157,-0.09889680644131736,0.10099278768538367,0.05834133074618253,0.9931750832367371,162,162,137,81,162,162,137,81,230213_173207
0,0,0,0,0.15921148413054242,-0.38043073402483873,0.0005082646807557101,-0.03694905763402862,-0.9986838336137174,0.03557200610824805,0.9981949165853649,-0.038570680333569224,-0.04603489026534026,0.047346337166601825,0.03380684985640652,0.9983062762798263,132,154,162,108,132,154,162,108,230213_173207
0,0,0,0,0.15843066581084236,-0.38052931431505055,-0.006565551664458824,-0.039315711410721314,-0.998602432648068,0.03531934803517988,0.9986720528090891,-0.040447026286417144,-0.03190876059431046,0.03329272855066122,0.03401793018317211,0.9988665449656949,128,154,162,120,128,154,162,120,230213_173208
0,0,0,0,-0.1520613908835244,-0.013013318430215665,-0.004536362773155722,0.9961694895066352,-0.023369548674639327,-0.0842627579113897,0.020222649296004862,0.9990727726853875,-0.038008411360959525,0.08507286659999527,0.03615880354044909,0.9957184081330336,69,128,162,143,69,128,162,143,230213_173208
0,0,0,0,0.1577430677830696,-0.3828928592891508,-0.016719194823998307,-0.026452252734459298,-0.9967075483532529,0.07664425210621403,0.9930873989007041,-0.03497224369339045,-0.11204624186328412,0.11435775649210572,0.07315056545713587,0.9907428012876973,18,82,162,90,18,82,162,90,230213_173208
0,0,0,0,-0.15216128048559996,-0.012990237019918943,0.0009167581616025267,0.9989403679002694,-0.025424187417918232,-0.03836342103374554,0.03711891653886639,0.9378727222752345,0.34498832276907737,0.027208958345635612,-0.3460467706917359,0.9378226405240847,140,92,162,162,140,92,162,162,230213_173208
0,0,0,0,0.15942218622266266,-0.38158300847548143,-0.011895281812719816,-0.03666287804640823,-0.9983509842498451,0.04417177402729612,0.9958808253593647,-0.04016876211742818,-0.08128869682497483,0.08292897596680812,0.041009545197645575,0.9957113046198577,162,110,132,154,162,110,132,154,230213_173208
0,0,0,0,0.1575323088810442,-0.381990047993494,-0.01948839031599392,-0.030772576268109766,-0.997054171787255,0.07025686494182884,0.9952815645431959,-0.0370372546739113,-0.08968193266576811,0.0920198664977889,0.06716561834637459,0.9934893677749542,162,122,128,154,162,122,128,154,230213_173208
0,0,0,0,-0.15208477609097196,-0.012824472332383513,0.0016500438232781578,0.9986820792231448,-0.022363437473496412,-0.04619503547898308,0.03747070966636273,0.9327743763571704,0.35850789214268475,0.03507207658001787,-0.3597663679054238,0.9323830274991628,162,136,69,128,162,136,69,128,230213_173208
0,0,0,0,-0.151778629561625,-0.01334683054314914,-0.0013210905948669582,0.9990603250366915,-0.02235938962295156,-0.037128488162994785,0.03430541553592705,0.9314939800672967,0.3621354768084656,0.026487834990575717,-0.3630688953822353,0.9313857266478994,162,162,18,82,162,162,18,82,230213_173208
0,0,0,0,0.15839116688086538,-0.3823068107076117,-0.013522846278983813,-0.03200774945425676,-0.9980180933683385,0.054179232961529517,0.9957400173794221,-0.036530616333883284,-0.08466009602814961,0.08647150839497608,0.05123865122827479,0.9949358164505913,162,138,140,92,162,138,140,92,230213_173209
0,0,0,0,-0.15201474281612706,-0.01289794560835586,-0.0037240317124690447,0.9976415393479973,-0.02538071712204506,-0.06377443191223221,0.022778593078128656,0.99889110681391,-0.041203063301931575,0.06474947617346595,0.03965319566507446,0.9971133984702086,135,154,162,110,135,154,162,110,230213_173209
0,0,0,0,0.158396232620984,-0.381620814003621,-0.019146860003632304,-0.03448075721795579,-0.9983515970084871,0.0458820894498066,0.9952764769512975,-0.038470918445615204,-0.08913317486415999,0.0907513735934088,0.04259198498021097,0.9949623666281832,111,154,162,122,111,154,162,122,230213_173209
0,0,0,0,0.1599870222505334,-0.3807580413575745,0.003076184354541822,-0.03762954785381755,-0.9985586579526954,0.03827040313388617,0.9977066484781794,-0.03969853562351639,-0.05482216569770941,0.05626242716730192,0.036119702339046496,0.9977624498808235,53,130,162,136,53,130,162,136,230213_173209
0,0,0,0,0.1590671729206991,-0.38199246947774673,-0.019065429049369587,-0.03359700474962328,-0.9977271194081508,0.05841092765371815,0.9933405001048812,-0.039779688786289034,-0.10813060256675754,0.1102084031425819,0.05438907571911945,0.9924192341541864,82,162,162,162,82,162,162,162,230213_173209
0,0,0,0,0.15725215739582987,-0.3824065826574523,-0.016173419179809967,-0.03129014458672467,-0.9977690803698134,0.058972782787647095,0.9960240019528851,-0.0360503823570041,-0.081465068990782,0.08340931833734717,0.056189253330961406,0.9949299741311486,138,90,162,138,138,90,162,138,230213_173209
0,0,0,0,-0.151739834303912,-0.013422013242134656,-0.001927716561690107,0.9991215345029216,-0.02200130942045726,-0.03566653440287369,0.03349006946491238,0.9308069756132583,0.3639736108524003,0.025190762984900274,-0.36484834730814464,0.9307261191815529,162,112,135,154,162,112,135,154,230213_173209
0,0,0,0,0.15851318404408488,-0.38047262384174285,-0.0021570680617214455,-0.038305660459120205,-0.9991002285956765,0.01820465865810752,0.9987390154776247,-0.03887072666820829,-0.031771773181105654,0.03245081415892005,0.016964664109644898,0.9993293475286664,162,124,111,154,162,124,111,154,230213_173209
0,0,0,0,-0.15254159130777167,-0.0127407983573124,0.0009902011766004248,0.9976942500484512,-0.02226111410964388,-0.06411416550853441,0.02058844881172898,0.9994332521907198,-0.026632502529941773,0.06467069812353304,0.025251083423844554,0.9975871308262435,162,162,53,130,162,162,53,130,230213_173210
0,0,0,0,-0.15203910907817234,-0.013280329906987048,-0.0016455177571453872,0.9975619482034551,-0.02474329229195432,-0.06525280823904739,0.021974047245384615,0.9988411104948146,-0.042820289970306895,0.06623670239515693,0.04128202359427733,0.9969495944047406,162,162,82,162,162,162,82,162,230213_173210
0,0,0,0,-0.15173668621731826,-0.013523497154248276,-0.0024418770976017967,0.9995332947157712,-0.027269571416884644,-0.013768196300731055,0.03030925269416801,0.9415397941729013,0.33553563922476676,0.0038133916343726843,-0.33579634670971514,0.9419268929065842,162,162,138,90,162,162,138,90,230213_173210
0,0,0,0,-0.15214435626259373,-0.01225795700932239,-0.0007786232947653016,0.9993791363714387,-0.024141284984595297,-0.025662037034695946,0.024266697279195965,0.9996949973727431,0.00458689776112834,0.025543476439932974,-0.005206782807429014,0.9996601523638714,137,154,162,112,137,154,162,112,230213_173210
0,0,0,0,-0.15165333256564573,-0.012369394867320471,-0.011142137216534564,0.9938737175957106,-0.022864961261830335,-0.10813060167674662,0.022428383638247344,0.9997346563019981,-0.005252103969092001,0.10822199905682682,0.002794733479520065,0.9941228235911912,82,156,162,124,82,156,162,124,230213_173210
0,0,0,0,0.15926703934901848,-0.38204516674211975,-0.013549766266065522,-0.03337762017214574,-0.9983904218446953,0.04585302651315123,0.9929669164707153,-0.038340675584318994,-0.11201203234643169,0.11358977624013547,0.04179184327724448,0.9926483791198202,102,126,162,162,102,126,162,162,230213_173210
0,0,0,0,0.1568092820379739,-0.38174306572938044,-0.01838841728072582,-0.03039396555572066,-0.9970466284162934,0.07052820443977047,0.9970894240388014,-0.03517986999569087,-0.06763916925167758,0.06992057871448477,0.0682671041628885,0.9952139042243354,58,162,162,162,58,162,162,162,230213_173210
0,0,0,0,0.15843319766533293,-0.38085098132858264,-0.0017300059634792753,-0.035788331630430964,-0.9965980403903614,0.07423975491070099,0.998639923352185,-0.03848211286154407,-0.03517713002582737,0.0379143614775835,0.07287985235853625,0.9966198012852971,141,86,162,162,141,86,162,162,230213_173210
0,0,0,0,-0.15198736875974508,-0.0120110647228093,-0.008675396120490508,0.9943965060005351,-0.019885231312305428,-0.10382758029340913,0.017125686304518186,0.9994777735202891,-0.027402392368627328,0.10431826169241638,0.025470724657556662,0.994217754047317,162,112,137,154,162,112,137,154,230213_173211
0,0,0,0,-0.15219792875064447,-0.012447914827530354,-0.0004914238198359122,0.9987198863130339,-0.021748247717951058,-0.04566839611896928,0.021236383285825205,0.9997064433113997,-0.01166375696797467,0.045908656131692406,0.010678994469007195,0.9988885595347025,162,125,82,156,162,125,82,156,230213_173211
0,0,0,0,0.15913364358322327,-0.38021289580442685,-0.00015274869374015676,-0.0405116271882483,-0.9991331554809311,0.009578396592253553,0.9986249871657661,-0.040806505970842316,-0.03290841957045575,0.03327075398505277,0.00823205254901505,0.9994124725257816,162,162,102,126,162,162,102,126,230213_173211
0,0,0,0,0.15833775432761904,-0.3816859081710681,-0.012075415758840635,-0.03509077573832027,-0.9984601927566429,0.04296371653442545,0.9967697435000065,-0.038074176270143964,-0.0707137578147325,0.07224068037479656,0.04034353209273555,0.9965709626099232,162,162,58,162,162,162,58,162,230213_173211
0,0,0,0,-0.15180126964271712,-0.013685887815419906,0.007867524614475596,0.9995321773694088,-0.029440133714087685,0.008288843711097206,0.02953070474314159,0.9995030684577191,-0.011025135871124032,-0.007960143248946228,0.011264753459352624,0.9999048661992581,152,162,141,86,152,162,141,86,230213_173211
0,0,0,0,0.1590059446917304,-0.3803963365301022,0.0033603728495587015,-0.039101825792178774,-0.9984223917257916,0.04029609063255929,0.998819053415386,-0.04021752443613257,-0.027258929961047715,0.028836535057290655,0.0391826291713354,0.9988158868465755,124,162,162,112,124,162,162,112,230213_173211
0,0,0,0,0.1587170490728101,-0.3801213521327643,0.0006311999684485148,-0.03921577947685059,-0.9990167134812187,0.020681605962940552,0.9988630947182615,-0.039754375221770076,-0.026307939117041147,0.027104255198810087,0.019626406596982036,0.9994399249150534,80,156,162,125,80,156,162,125,230213_173211
0,0,0,0,0.1587337867355901,-0.3818780276783985,-0.0141844417150222,-0.034533017776199354,-0.9980488628337256,0.05201863204252527,0.9965994708231108,-0.03828575772783681,-0.07296365883300153,0.0748128694701786,0.04932208583902638,0.9959770913078904,88,120,162,162,88,120,162,162,230213_173211
0,0,0,0,0.15804475566701007,-0.38189372636861185,-0.010105309895538706,-0.031223129010935668,-0.9974903727663328,0.06354582955040883,0.995933650573703,-0.03642364372087139,-0.08239831207635571,0.08450609368385194,0.06071469687462961,0.9945714884882423,114,98,162,162,114,98,162,162,230213_173212
0,0,0,0,0.15736466237728192,-0.38217916551893516,-0.021659932666924786,-0.02992815715394299,-0.9967047186226853,0.07539236887538443,0.9952790764848501,-0.036682152505470696,-0.08985532593580145,0.09232478172642822,0.07234724295257232,0.9930971811038077,138,156,152,162,138,156,152,162,230213_173212
0,0,0,0,0.15944086629883242,-0.3802551189196892,-0.003376473710116179,-0.04229440938387569,-0.9986201017523081,0.031129974479248874,0.9986691481447884,-0.043175861982432534,-0.028209528280978297,0.029514665483967795,0.029895439757318808,0.9991171839194269,154,128,124,162,154,128,124,162,230213_173212
0,0,0,0,0.15904751676537057,-0.3810492919323908,0.005132764462888795,-0.03203968018773418,-0.9985485874522966,0.04329177047073606,0.99726864799558,-0.03482254184647533,-0.06513550724773388,0.06654849824403876,0.04108660458560265,0.9969369028705324,162,143,80,156,162,143,80,156,230213_173212
0,0,0,0,0.15883486868756766,-0.3818462558748143,-0.010940983773363722,-0.0347601232669304,-0.998617562517605,0.03942965459986226,0.9969296303230034,-0.03741725958925526,-0.06878416146810265,0.07016442128677174,0.036917645052560774,0.9968520659903682,162,151,88,120,162,151,88,120,230213_173212
0,0,0,0,0.15781346076809866,-0.3806719086647192,0.001365348984014303,-0.03596243387982972,-0.9986188150383366,0.038303597753557156,0.998896752483989,-0.03707782644838764,-0.028818616601145132,0.03019902691113493,0.03722495181045444,0.998850500193262,162,162,114,98,162,162,114,98,230213_173212
0,0,0,0,0.15861482849378836,-0.3816449988943438,-0.018213102385021718,-0.034872374215230796,-0.9987706178231972,0.035230249639499514,0.9949285366461939,-0.038022930273270916,-0.09312069448031664,0.09434577088378361,0.03180424101440757,0.9950313390892983,160,162,138,156,160,162,138,156,230213_173212
0,0,0,0,0.15724840401865015,-0.38178376710038125,-0.016239935575345865,-0.032769717913283994,-0.9978155700272003,0.05736055961352102,0.9968390025775294,-0.0367857522157226,-0.07041882826459939,0.07237505459838695,0.05487163789441633,0.9958669363055812,123,162,154,128,123,162,154,128,230213_173212
0,0,0,0,-0.15186835085122083,-0.014405238608997464,-0.005625584232170078,0.9994419086724396,-0.029993983779818892,-0.014704833430101417,0.03312345019409507,0.9468410115843208,0.31999208713532445,0.00432530188892885,-0.32030057714434085,0.9473060920550294,79,156,162,143,79,156,162,143,230213_173213
0,0,0,0,0.1595365890931965,-0.37963867308837695,0.005520206827389185,-0.03965175560299793,-0.9988476203767442,0.027040146917409795,0.9989455977210518,-0.04025328203152812,-0.022076369253594026,0.02313938355555118,0.02613626892663192,0.9993905464708298,72,122,162,151,72,122,162,151,230213_173213
0,0,0,0,-0.1519248027419556,-0.01211523796702238,-0.0014797577052851896,0.9996230258937526,-0.02336273868636012,-0.014421807934170916,0.02355134837635246,0.9996374527901761,0.013049788075865534,0.014111700559214905,-0.01338452166654341,0.9998108393526672,108,85,162,162,108,85,162,162,230213_173213
0,0,0,0,-0.15201382987080675,-0.012001322275829063,-0.008403104210340406,0.9951421029588713,-0.02036318509883878,-0.09631996475926478,0.01826321889799568,0.9995769966671838,-0.022633660095022923,0.09674011450313406,0.020764595503971712,0.9950930518396142,145,86,160,162,145,86,160,162,230213_173213
0,0,0,0,-0.15250387025336706,-0.013104945620060843,-0.00741334356554324,0.9896660860042135,-0.023355979648446084,-0.14147627514096567,0.020248721590151827,0.9995219603219331,-0.023363221271171155,0.14195431478847478,0.02025707404494921,0.9896659150764323,154,127,123,162,154,127,123,162,230213_173213
0,0,0,0,0.15886671134573374,-0.3797012262063836,0.0067683153192422685,-0.0409404302435916,-0.9990446112179273,0.015288752986737267,0.9990622943988776,-0.04114728668318032,-0.013469695952912385,0.01408591785867469,0.014722961489864777,0.9997923891103826,162,162,79,156,162,162,79,156,230213_173213
0,0,0,0,0.15827950353811646,-0.3802654489915637,0.001683115166836946,-0.041468676087530215,-0.9984615660157558,0.03680828837247479,0.9990770483743382,-0.04185082098994668,-0.00967265186426041,0.011198228215537426,0.03637320403581714,0.9992755324298707,162,152,72,122,162,152,72,122,230213_173213
0,0,0,0,0.15692903995880592,-0.38266715643136173,-0.020282817130457764,-0.02927937602511036,-0.9965032683570422,0.07825569815236527,0.9954187293223938,-0.03619703229779557,-0.08849479175084138,0.09101797324579702,0.07530611533312744,0.9929978436732181,162,162,108,85,162,162,108,85,230213_173213
0,0,0,0,0.1593022494999652,-0.38062724462587405,-0.00021453366927381978,-0.03736305492232934,-0.9985750559416137,0.03810327778650111,0.9983441076327227,-0.03896900948237676,-0.04231381636042344,0.04373836853258476,0.036459209414998375,0.9983775243698852,160,162,145,86,160,162,145,86,230213_173213
0,0,0,0,-0.15129133640584708,-0.013982084976238082,-0.012109239710269448,0.9984873621348819,-0.019992074516856098,-0.05121820587874511,0.033188866768500976,0.96184605456781,0.2715707392834532,0.043834766790160254,-0.2728598253111864,0.9610546441028216,123,162,154,127,123,162,154,127,230213_173214
0,0,0,0,0.1576598712828366,-0.38225978258429116,-0.01505606896242484,-0.03229140461828678,-0.9970676279453994,0.06937874668162451,0.9966248189081958,-0.03736325498226611,-0.07309553689067733,0.07547340938359866,0.06678422329012382,0.9949088561247962,105,153,162,162,105,153,162,162,230213_173214
0,0,0,0,0.15807462674652828,-0.38225917700537015,-0.02091995252566481,-0.03302983887341013,-0.9968335105437942,0.07233244086114769,0.9937781873638147,-0.040458320888212586,-0.10376916011415134,0.10636702526575853,0.06845492332799218,0.991967731031747,70,120,162,152,70,120,162,152,230213_173214
0,0,0,0,0.157715632040143,-0.3806682621519081,-0.0013976104788933075,-0.03519667774042482,-0.9992361983858723,0.016976858112944138,0.998733454756706,-0.0357799583784179,-0.03537344948084987,0.035953862459716615,0.015710328252110384,0.9992299561964896,112,88,162,162,112,88,162,162,230213_173214
0,0,0,0,-0.15211254853780784,-0.01210615479148075,-0.0029814798014885513,0.9990725412152421,-0.02426054667422336,-0.03557363159399945,0.02481596379863037,0.9995756273620514,0.015255593220385041,0.035188426086752406,-0.01612423824025861,0.9992506110134276,138,147,160,162,138,147,160,162,230213_173214
0,0,0,0,-0.15180492938256585,-0.01184171037840448,-0.008294529692616126,0.9965841878973029,-0.021005587787345806,-0.07986689999482137,0.019300251077351747,0.9995702334019264,-0.022064650578895808,0.08029605682364409,0.02044783065573681,0.9965613024194991,154,162,123,162,154,162,123,162,230213_173214
0,0,0,0,-0.15204738741283547,-0.013990219223998596,0.010819119120130338,0.9995658076239071,-0.028171059763520925,-0.008636412505615166,0.028092781351694004,0.999564306984588,-0.009054934474986426,0.008887736781257866,0.008808382043288085,0.9999217072054624,162,162,105,153,162,162,105,153,230213_173214
0,0,0,0,0.15770643224078673,-0.381536645152325,-0.013826386795223633,-0.03347082904161119,-0.9968195979119815,0.07232145478254405,0.997507092977171,-0.03781641630112706,-0.05957783244105521,0.06212328921991991,0.07014704467571105,0.9956003661408337,162,146,70,120,162,146,70,120,230213_173214
0,0,0,0,0.15951001449598873,-0.3812858605771514,-0.007421712106209344,-0.039365061713870636,-0.9986957316665874,0.03251503447948904,0.9974199537641508,-0.04122811427149321,-0.05876800512808632,0.060031889437041804,0.030117738038503518,0.997741997765987,162,106,112,88,162,106,112,88,230213_173215
0,0,0,0,0.15788696448850137,-0.3822063494098725,-0.02191512810886387,-0.03185593635549941,-0.9978942265607859,0.05650054792269245,0.9939248588698902,-0.03758619546953958,-0.10344395985553527,0.1053497709507828,0.0528619949186148,0.9930292217522312,124,162,138,147,124,162,138,147,230213_173215
0,0,0,0,0.1585473129859144,-0.3820697694121164,-0.018679462866232788,-0.030896435416485114,-0.9976560501516187,0.06105584226285373,0.9927746123076153,-0.03771661767612245,-0.11391236064860558,0.11594817564765623,0.057095204237700474,0.991612907447778,122,162,154,162,122,162,154,162,230213_173215
0,0,0,0,-0.1515624535956306,-0.013299661634157578,-0.012560375690628844,0.998070917598685,-0.021653556520646943,-0.05818562480308807,0.03315437908180536,0.9782749998305572,0.2046431329271107,0.05249029044898242,-0.20617746772266426,0.9771057369660927,97,149,162,162,97,149,162,162,230213_173215
0,0,0,0,0.1588972873839189,-0.38144626699434275,-0.0057563522176112825,-0.03832116585547008,-0.9985972851386704,0.03653697252310617,0.9980885859394232,-0.04002448898998604,-0.04708731143880184,0.04848363502174513,0.03466269456876006,0.9982223373278676,44,122,162,146,44,122,162,146,230213_173215
0,0,0,0,0.15741030860309996,-0.3824659232940801,-0.017813770063848433,-0.029763363810753906,-0.9977591394858241,0.05992363262667178,0.9951120486081234,-0.03522514115570158,-0.09225616589422775,0.09416025111272294,0.05688487499387277,0.99393056000272,111,80,162,106,111,80,162,106,230213_173215
0,0,0,0,0.15887204833906599,-0.3816103828038836,-0.006404907927103576,-0.03379899136491822,-0.998652622014716,0.039377261533100234,0.9968608946607461,-0.03650845571361086,-0.07025303806658756,0.07159598367850185,0.036879170334204646,0.9967516952163004,146,90,124,162,146,90,124,162,230213_173215
0,0,0,0,0.15928118152121143,-0.3806639124427399,0.0009632868478209877,-0.03858049116008867,-0.9990435716624786,0.02057881487659644,0.9981191739034019,-0.0395103015192853,-0.04687270805326482,0.0476409528477102,0.01873173760584105,0.9986888712797536,154,162,122,162,154,162,122,162,230213_173215
0,0,0,0,0.1595614479093036,-0.38183598820489206,-0.012109718881060605,-0.03390528840381051,-0.9985029471803997,0.04292197444562139,0.9937597245480074,-0.0382482992615972,-0.10477918433479033,0.10626401688494126,0.03910156103855019,0.9935688333677871,146,162,97,149,146,162,97,149,230213_173216
0,0,0,0,0.15871709744643148,-0.3815623035525424,-0.01768595113826743,-0.03538923904197919,-0.9989220870771757,0.03003773808742886,0.9960795315140182,-0.037695020887429286,-0.0800290715872036,0.08107508038135489,0.027087808137159754,0.9963398426197164,114,18,44,122,114,18,44,122,230213_173216
0,0,0,0,0.15777971031718677,-0.38141830237544166,-0.012307866833617953,-0.036030523631800836,-0.9985746232441313,0.039376683197796886,0.9973696230952404,-0.038410944010482256,-0.06146897027836478,0.0628938494105519,0.03705834849349036,0.9973319620433599,162,162,111,80,162,162,111,80,230213_173216
0,0,0,0,0.15923077151912962,-0.3800796488932164,0.0006279757860808699,-0.03786972432953809,-0.999224737377313,0.010761421488121524,0.9984090716009202,-0.03828463463846181,-0.04139580287404109,0.04177570734519987,0.009176653193821835,0.9990848709253727,162,162,146,90,162,162,146,90,230213_173216
0,0,0,0,0.1587181221325977,-0.3817255441923446,-0.018972935402499225,-0.034564540845487116,-0.9980386266943437,0.05219379409670474,0.9952319583820527,-0.039139442965949664,-0.08933897816371997,0.09120658710401942,0.04885697115441912,0.994632773861013,120,162,154,162,120,162,154,162,230213_173216
0,0,0,0,0.15790038037185966,-0.3817893339470593,-0.01269702907798409,-0.03450956967676028,-0.9985493181540495,0.04133217650701859,0.9975188574386114,-0.036954216769129515,-0.059920905511743054,0.0613613775521045,0.039161780820880204,0.9973470490595766,96,148,146,162,96,148,146,162,230213_173216
0,0,0,0,0.15996569979429462,-0.3798170411515719,0.0037450664795465327,-0.041041729023589234,-0.999132617099444,0.0070420115571196065,0.9985428146906155,-0.04126263465810303,-0.034779911023678244,0.035040315473712995,0.005604322357631723,0.9993701855981166,100,116,114,18,100,116,114,18,230213_173216
0,0,0,0,0.15760154251597347,-0.3819209415413475,-0.019454654454791553,-0.029116608552173254,-0.9968192750748723,0.07418595517767337,0.9954140230429133,-0.03568108572188864,-0.0887568749519107,0.0911215991735295,0.07126144091240005,0.993286797054681,114,90,162,162,114,90,162,162,230213_173217
0,0,0,0,0.15725341774660612,-0.38181210790759423,-0.024120496346831666,-0.03255390653182318,-0.9977305158971442,0.058941164029365875,0.9953635129166759,-0.03770404397779338,-0.08848662171139546,0.09050812297077154,0.05578729887115809,0.994331965171073,148,92,162,162,148,92,162,162,230213_173217
