0,0,0,0,0.7011559933090191,-0.4407878002605498,-0.28334517710007456,0.9975345294394217,0.011273677036101938,0.06926591356617419,-0.01915493390729788,0.9932736052082713,0.11419559406373961,-0.06751259943949794,-0.11524083218481641,0.9910406649145498,180,180,81,97,180,180,81,97,230227_162224
0,0,0,0,-0.9772101543239138,-0.41694919697966515,-0.6824770417728416,-0.701809520408344,0.7122633431758068,-0.01201361861525898,-0.7113804940624238,-0.7016264465408091,-0.04072004643929242,-0.0374324689502452,-0.020031462316564854,0.9990983689235754,75,170,180,92,75,170,180,92,230227_162224
0,0,0,0,-0.6923162016527996,0.41252473162277076,0.37736621711091933,0.998958194291175,0.008789700417150305,0.04478021019480357,-0.003492704484315431,0.9931233874246113,-0.11702024767385781,-0.04550084695804334,0.11674193127082716,0.9921194456360878,86,137,180,180,86,137,180,180,230227_162225
0,0,0,0,-0.9917190116007008,0.39171105899288305,0.6754221729942318,-0.7103549527288054,-0.7038176538236011,-0.006045767105869095,0.7038399403269946,-0.7103528075446536,-0.0028683120334052187,-0.002275858991629958,-0.006292772017926833,0.9999776104924454,147,84,166,180,147,84,166,180,230227_162225
0,0,0,0,0.7132491005844389,-0.4651035734863511,-0.2895891950746363,0.9985917150831799,0.019517402993163634,-0.04933211476955207,-0.012008948231458478,0.988891946017477,0.14815027595027289,0.051675639614889704,-0.14734921133881346,0.9877336878876926,180,106,75,170,180,106,75,170,230227_162225
0,0,0,0,-0.96569231470309,0.37030046470883654,0.7412703633922415,-0.7039650854550195,-0.7101555687574227,0.010593706770028282,0.707755412462234,-0.7026749470913252,-0.07300818351812242,0.059291100434389184,-0.04389745884472542,0.997275076654508,180,180,81,97,180,180,81,97,230227_162225
0,0,0,0,-0.24554219172725555,0.02467735387049641,0.41131995642272745,-0.6936861062021675,-0.7194961233010587,0.03353974682110569,0.7197434958216746,-0.6906273339016713,0.07073320217738083,-0.027728798828498227,0.07320665422363448,0.9969312411058798,75,170,180,92,75,170,180,92,230227_162226
0,0,0,0,-0.9565615732632313,0.3966648582304669,0.7512256837889311,-0.6981699647133467,-0.7157001322772146,0.01822144424957942,0.7131868895005069,-0.6974942911606914,-0.06975797046098105,0.06263514202709865,-0.035707624628653394,0.9973975158013101,86,137,180,180,86,137,180,180,230227_162226
0,0,0,0,0.6922783616269244,-0.47453276097815955,-0.2859008306701343,0.9970278667229704,0.025395096556286696,0.0727359749280867,-0.02793595331792515,0.9990268604316841,0.034130845993488916,-0.07179843654329174,-0.03606135337046328,0.9967670556870495,147,84,166,180,147,84,166,180,230227_162226
0,0,0,0,-0.9305820347380491,0.3878139839754058,0.803536295285455,-0.7038009448252818,-0.7066719218228548,0.072656898985808,0.7023072819105297,-0.7075286366568874,-0.07853476991683123,0.10690515347018878,-0.004245376030331162,0.9942601595879605,180,106,75,170,180,106,75,170,230227_162226
0,0,0,0,-0.2460994853325642,0.02352196263272277,0.4113901801120716,-0.6938530649040028,-0.719335370658791,0.03353429352916244,0.7197173182355456,-0.6911654803802764,0.0655534939003051,-0.02397720073645807,0.06961970446562495,0.9972854108002196,180,180,81,97,180,180,81,97,230227_162227
0,0,0,0,-0.2449828643142239,0.02547877104149765,0.4099961310513398,-0.6924744213981137,-0.7204636944872472,0.03756648286882783,0.720898584847994,-0.6889922187438008,0.07479941760905527,-0.028007250373919757,0.07887830776760078,0.9964907458126303,75,170,180,92,75,170,180,92,230227_162227
0,0,0,0,-1.0167703963916976,-0.37042114576082785,-0.7036529190819083,-0.7029496086772589,0.7097252546343313,0.04638869037516248,-0.710316191961039,-0.703864656635471,0.005045054746965971,0.03623196238761747,-0.029404218637210027,0.9989107251540938,86,137,180,180,86,137,180,180,230227_162227
0,0,0,0,0.694531456733384,-0.503507147410953,-0.28418707580897884,0.9975949362243494,0.030281074344628886,0.06234901567843606,-0.03602603276911867,0.9949971045593997,0.09318200942955591,-0.059215438717054175,-0.09520408843608824,0.9936949800429709,147,84,166,180,147,84,166,180,230227_162227
0,0,0,0,-0.24717731081555983,0.02566924014114713,0.41478294928542114,-0.6938478178603603,-0.7196898008611278,0.02493584141124686,0.7195023778627158,-0.6913996271212446,0.06544374581655694,-0.029858564940633554,0.06334939741682583,0.9975446455906678,180,106,75,170,180,106,75,170,230227_162227
0,0,0,0,0.699748522200311,-0.5124087001385554,-0.2830754043539323,0.9986649219573362,0.04363031029079405,0.02765446936526883,-0.04584455051847382,0.9953030287230433,0.08526522270243775,-0.023804428993459664,-0.0864191936936826,0.9959744334678621,180,180,81,97,180,180,81,97,230227_162228
0,0,0,0,-1.0235878043458952,-0.34613495100479397,-0.7144938836164361,-0.7198806368528394,0.6934926854827029,0.028978679513386,-0.6934788315628206,-0.716848572953983,-0.07221657446947428,-0.029308341109935732,-0.072083414429592,0.9969679044510688,75,170,180,92,75,170,180,92,230227_162228
0,0,0,0,-0.9544864197997761,0.4473519320575873,0.7473159058546799,-0.7120574795369179,-0.7002499246547116,0.05122683726917612,0.7003304416373343,-0.7135560538455257,-0.019365705162949984,0.05011405343402128,0.02208621836062071,0.9984992641994981,86,137,180,180,86,137,180,180,230227_162228
0,0,0,0,-0.2420802409079722,0.023162355191255313,0.40961143524467913,-0.6962707414843737,-0.7167033992635949,0.03928475578143652,0.7175070854529989,-0.6934564576433698,0.0655875268435441,-0.019764535854480517,0.07385376657095206,0.9970732090903559,147,84,166,180,147,84,166,180,230227_162228
0,0,0,0,0.6954557665581388,-0.5316553515666853,-0.2779609404755745,0.9966767218872914,0.04681737315296432,0.06666067520704519,-0.05256197631198706,0.9948026145068588,0.08720663286984061,-0.06223142850828023,-0.09042063780671501,0.9939574224102589,180,106,75,170,180,106,75,170,230227_162229
0,0,0,0,-1.041905513425421,-0.3326972620531198,-0.7054779880060211,-0.7211944149004186,0.6925779293576583,0.014643349449496112,-0.6926483138945768,-0.7212753852722729,0.000363124405031702,0.010813379464397926,-0.00988080801313966,0.9998927144736912,180,180,81,97,180,180,81,97,230227_162229
0,0,0,0,-0.9746053297463809,0.461307450553011,0.7315278613873335,-0.7161306630272588,-0.697892885726269,0.010118968563950396,0.6973698756024426,-0.716042765360858,-0.030951813785466714,0.028846664874332115,-0.015108879079415436,0.9994696552165012,75,170,180,92,75,170,180,92,230227_162229
0,0,0,0,-0.9719225197085544,0.4981412487666762,0.7074750072938198,-0.7112852337619314,-0.7025292317691129,0.022934575255169256,0.7027843447770039,-0.7113867447184608,0.004802517592826965,0.012941443837229035,0.019534020292102723,0.9997254328477574,86,137,180,180,86,137,180,180,230227_162229
0,0,0,0,0.6937082416687462,-0.554174774125426,-0.28070523337383824,0.9957823835100555,0.02944812061371987,0.08689219115289142,-0.03224551367795182,0.9990001188951966,0.030967552293118903,-0.08589337307776328,-0.03363882637224202,0.9957362892963287,147,84,166,180,147,84,166,180,230227_162230
0,0,0,0,-0.9761252208069351,0.49828600578909227,0.7192297357736515,-0.7137198309100324,-0.7001015157416743,0.021491175443954805,0.7000778392746321,-0.7139984308867978,-0.009862030609996084,0.022249088123245674,0.008006768848879941,0.9997203957758812,180,106,75,170,180,106,75,170,230227_162230
0,0,0,0,-0.17686649451926173,-0.1919239270536259,-0.4036520427891328,-0.6910573730822916,0.7220427320816861,-0.03307567318463304,-0.7219276768428831,-0.687252991773024,0.0806458598271837,0.03549840160965058,0.07960915994433286,0.9961938792906316,180,180,81,97,180,180,81,97,230227_162230
0,0,0,0,-0.9803345974724764,0.5483382294008216,0.673207180410951,-0.6988283562913479,-0.7152858912849603,-0.0022410202615099546,0.7147958524842671,-0.6984591042058312,0.03495381271443385,-0.026567230085612764,0.022824843497082886,0.9993864161598914,75,170,180,92,75,170,180,92,230227_162230
