0,0,0,0,0.21145365934351387,-0.0007212203343616164,-0.1681743744470406,0.9519689643939131,0.20663083328645168,0.22596192061081566,-0.19959761937741416,0.9783998708888121,-0.05380039947457784,-0.2321979353259863,0.006114849147925564,0.9726493342671074,180,180,81,97,180,180,81,97,230221_165404
0,0,0,0,0.21062290952309684,-2.2639290109316423e-05,-0.16769143933070801,0.9498673802957198,0.20909074772195946,0.23245003563608693,-0.20054549444079806,0.9778403846357975,-0.06008066939383437,-0.23986134434218873,0.010451860714114662,0.9707508918862607,75,170,180,92,75,170,180,92,230221_165404
0,0,0,0,0.21156350524785006,-0.0007840849032810238,-0.16796189237844888,0.9510033120282237,0.21181423644528125,0.22522750664705976,-0.2037663506466056,0.9772597444820079,-0.05867423761010318,-0.23253381443461818,0.00990560720323418,0.9725378676896967,86,137,180,180,86,137,180,180,230221_165404
0,0,0,0,0.2110652037913781,-0.0003250051959320932,-0.16834583430150674,0.9516491241800048,0.20979167329355597,0.22439117242913106,-0.20255714506871922,0.9777214526181189,-0.055057824801972244,-0.23094273625520192,0.006943695486185327,0.9729425664775673,147,84,166,180,147,84,166,180,230221_165405
0,0,0,0,0.21104394713753702,0.00020899984135980265,-0.16879030299484965,0.9517250813536274,0.2047769248076061,0.2286608418351743,-0.19737751331217177,0.9787818978421853,-0.05502829903924615,-0.23507761858827392,0.007239304026583886,0.9719496415535512,180,106,75,170,180,106,75,170,230221_165405
0,0,0,0,0.2115414391659677,-0.0005407071723426138,-0.1676383190241304,0.9524742872783983,0.2042300056542472,0.2260151252991126,-0.1964567420583351,0.9788766127115447,-0.056615594902799785,-0.23280352354148792,0.009522703231716612,0.9724771655673097,180,180,81,97,180,180,81,97,230221_165405
0,0,0,0,0.2103635455653138,-7.520651367332043e-06,-0.16798010736688318,0.9503923014895311,0.2040151015352315,0.23480270785278856,-0.19424457350001004,0.9788454657058901,-0.06426974352537089,-0.24294756416813895,0.015472317621706443,0.9699160213400855,75,170,180,92,75,170,180,92,230221_165405
0,0,0,0,0.21180467763789126,-0.0014035603901466076,-0.1672886699643632,0.9500413195073082,0.20934890677123896,0.23150491671344595,-0.20135481657681129,0.9778048885295709,-0.05791232864418275,-0.238490521971275,0.008404475079394397,0.971108457242809,86,137,180,180,86,137,180,180,230221_165405
0,0,0,0,0.21124316843654928,-0.00040383393840304205,-0.16809188795114693,0.9520179418014839,0.20522505663712984,0.2270341705919028,-0.1975302114800191,0.9786751321712449,-0.0563631193446058,-0.23375982127116163,0.00881259314175337,0.9722544338604954,147,84,166,180,147,84,166,180,230221_165406
0,0,0,0,0.21152521256222906,0.000621918300294344,-0.1685750541600914,0.9524525638849549,0.20232780156445293,0.22781039103401665,-0.19394583989454778,0.9792460377720567,-0.05884053615770656,-0.23498749910702613,0.011859941897975353,0.9719260347586137,180,106,75,170,180,106,75,170,230221_165406
0,0,0,0,0.21211220721595334,-0.00015696587081215352,-0.16775807941233845,0.9534398309457122,0.1992111520250394,0.2264230678951873,-0.19063818369296404,0.9798646865212085,-0.05934879128458432,-0.23368690952738355,0.013420619119479083,0.9722192732598908,180,180,81,97,180,180,81,97,230221_165406
0,0,0,0,0.21002741631129035,0.0005530448806290722,-0.16800829038411835,0.9499780462333062,0.20333766618630864,0.2370559115159459,-0.19347771972683867,0.978988952686663,-0.06439722421636634,-0.24516949982421074,0.015310912036039282,0.969359320545571,75,170,180,92,75,170,180,92,230221_165406
0,0,0,0,0.2120379975144587,-0.0006478144247124007,-0.16736763904662838,0.9513148276887229,0.20647290729201087,0.22884282198478545,-0.19837864746827139,0.9784026092279469,-0.05808826460314517,-0.23589406700515955,0.009862697923513936,0.9717287256953121,86,137,180,180,86,137,180,180,230221_165407
0,0,0,0,0.2118602615752454,-0.0007254860894130299,-0.16746597755677461,0.951846400556588,0.20648725301427728,0.22660857020440603,-0.19801406873433355,0.9783755214089326,-0.05976426767789584,-0.23404883749068692,0.012014718074861439,0.9721505995568999,147,84,166,180,147,84,166,180,230221_165407
0,0,0,0,0.211511143481501,0.0006211586731033614,-0.1685731441845436,0.9536785044228773,0.1963939825874581,0.22787433775039437,-0.18891447690488775,0.9804852422012941,-0.054405976153564066,-0.23411243157401154,0.008837048653634194,0.9721693658790104,180,106,75,170,180,106,75,170,230221_165407
0,0,0,0,0.21140830624063742,0.00037979469209820094,-0.1681820446819221,0.9534276590272394,0.19809605380413983,0.2274503296745598,-0.19061369916315785,0.9801437062643921,-0.054632707800721096,-0.23375653294223836,0.008733185989613286,0.9722559409791719,180,180,81,97,180,180,81,97,230221_165407
0,0,0,0,0.20994486843265053,0.0009568235748537157,-0.1684228693758965,0.950544680701018,0.19924993884024103,0.23825253799940713,-0.18895049852273438,0.9797960886196853,-0.06555405276240037,-0.24650054583917022,0.017294120322398757,0.9689883354835938,75,170,180,92,75,170,180,92,230221_165407
0,0,0,0,0.21135962828065022,-0.0004617380015942696,-0.16823622796096754,0.9506363107337176,0.20842014340556966,0.22989486409528062,-0.20126681745046743,0.9780241852416209,-0.05440920212450167,-0.23618271085739093,0.005453155532936905,0.9716933622222536,86,137,180,180,86,137,180,180,230221_165408
0,0,0,0,0.2118304845841847,-0.00011977877381452728,-0.16838499281164998,0.9530693689224026,0.20402977209379924,0.22367527829692013,-0.1961534217741651,0.9789075786115516,-0.05712956907902553,-0.23061355803191336,0.01057377114472602,0.9729879661206711,147,84,166,180,147,84,166,180,230221_165408
0,0,0,0,0.21208670039887817,0.0003210608029761697,-0.16774328226376706,0.9537782998827863,0.19663584409066898,0.22724722108631498,-0.18859056425871734,0.9804111325677908,-0.05681206042487926,-0.2339669928542935,0.011329428753985748,0.9721785279972127,180,106,75,170,180,106,75,170,230221_165408
0,0,0,0,0.21119807858199333,0.0008127315309379712,-0.16842135634718158,0.9535407595012981,0.19500245711671665,0.2296389812033886,-0.1869526160215294,0.9807414475309164,-0.05652373357863952,-0.2362387337681816,0.010966075569932721,0.971633164241629,180,180,81,97,180,180,81,97,230221_165408
0,0,0,0,0.20991741682095366,0.0011275134538330789,-0.1683329478519584,0.9510085748551285,0.19628211706733575,0.23886402213724484,-0.18575663011970694,0.9803742317202186,-0.06603665758927059,-0.24713794714407525,0.018430851813114966,0.9688050055521263,75,170,180,92,75,170,180,92,230221_165409
0,0,0,0,0.2118728616641699,-0.0007312156992999586,-0.16761003650718637,0.9521471214045418,0.19943659388912144,0.23160506086644722,-0.1921689036097865,0.9798879254173549,-0.05376584516851444,-0.23766987963656167,0.00668570408990022,0.9713229790725454,86,137,180,180,86,137,180,180,230221_165409
0,0,0,0,0.2123504238394398,-0.0004179903393416451,-0.1677035828144488,0.953435232295573,0.19998416287085205,0.22576003281876614,-0.1913852472899914,0.9797046884205914,-0.05958532207231313,-0.23309428336455348,0.013603605682206603,0.9723589856504686,147,84,166,180,147,84,166,180,230221_165409
0,0,0,0,0.21163313854385218,0.0013154796113269973,-0.16894342865492912,0.9546531036578872,0.19126423535189613,0.22815662153796482,-0.183417613006765,0.9814773671182146,-0.05531868647751665,-0.23451104646746218,0.01096221282185714,0.9720516441911841,180,106,75,170,180,106,75,170,230221_165409
0,0,0,0,0.21177544285199634,0.0008965224828298979,-0.16832208862126347,0.9546441509020893,0.18939664339057607,0.22974650513296846,-0.18099825874605618,0.9818131119162059,-0.05729435923641857,-0.23641949048106403,0.013112007542670896,0.9715626072358255,180,180,81,97,180,180,81,97,230221_165409
0,0,0,0,0.21038558690843534,0.0013723050574242224,-0.1680683072550746,0.951845285403018,0.19113220246540405,0.23970614059045484,-0.18009820023562007,0.9813413309651519,-0.06733372417618998,-0.2481031860495498,0.020920643399966236,0.9685076849213917,75,170,180,92,75,170,180,92,230221_165410
0,0,0,0,0.2123886219657202,-0.0005485028109575851,-0.1672860690299106,0.9526657485913907,0.19514187212571632,0.2331257626348414,-0.18760183453778284,0.9807423277999398,-0.05431425355846123,-0.23923528823913973,0.008008508277137763,0.9709285970947146,86,137,180,180,86,137,180,180,230221_165410
0,0,0,0,0.21256001488179269,0.00020928807095044188,-0.16807681780431727,0.9547035509053298,0.19457507311772151,0.22512589990933507,-0.18645942299420976,0.9808089765903111,-0.05697925075440989,-0.23189224537578004,0.012421447625013755,0.9726621685731784,147,84,166,180,147,84,166,180,230221_165410
0,0,0,0,0.21243984701580718,0.0012353627269209577,-0.1683201061981333,0.9555568513419168,0.18730319893504355,0.22765898954845049,-0.17904343953839585,0.9822118009395987,-0.056598806111535234,-0.2342104835650677,0.013322528427059988,0.972094624830591,180,106,75,170,180,106,75,170,230221_165410
0,0,0,0,0.2123560380869182,0.0009826501021799605,-0.16831690652529108,0.9551573715042817,0.1874454079655118,0.22921303342889462,-0.178936445033297,0.982175852519816,-0.057552961399202386,-0.2359155448457749,0.013957569975284558,0.9716733205869689,180,180,81,97,180,180,81,97,230221_165411
0,0,0,0,0.21067969911248377,0.0015930362277150056,-0.16839679798626705,0.9524651566485176,0.1885690871323495,0.23927353541206225,-0.17782632861486405,0.981851345537795,-0.06592216711380026,-0.24736192557035394,0.02023943288962967,0.9687117440882157,75,170,180,92,75,170,180,92,230221_165411
0,0,0,0,0.2128895663811279,-7.328213542151518e-05,-0.16748448198710736,0.9536314713918722,0.18982727168765962,0.2335650309755144,-0.18233815341989523,0.9817816547835714,-0.05345633861251454,-0.23945733352394194,0.008389830394738606,0.9708706382250681,86,137,180,180,86,137,180,180,230221_165411
0,0,0,0,0.21320760896633378,0.0004059479270364097,-0.16814646337009653,0.9558585729479496,0.18968650271652104,0.22439567555789627,-0.18130482443113993,0.9817397550770416,-0.05758136798708646,-0.23122056387765988,0.014355625672395702,0.9727954393661862,147,84,166,180,147,84,166,180,230221_165411
0,0,0,0,0.21249551472818226,0.001833887072926338,-0.1689501003942509,0.9559395584573926,0.1825600707352464,0.22989428255053626,-0.174358375397569,0.983106884450375,-0.055677739492518155,-0.23617518393134448,0.013140560087682369,0.9716216383837781,180,106,75,170,180,106,75,170,230221_165411
0,0,0,0,0.21294380718418376,0.0017402061440152383,-0.16855604167826171,0.9567216206595731,0.18261966788160147,0.226569630500941,-0.174191031448487,0.983070676424344,-0.05682895140239121,-0.2331120441449381,0.014903088854218398,0.9723356790826775,180,180,81,97,180,180,81,97,230221_165412
0,0,0,0,0.2109168082175658,0.0022349310203469697,-0.16859619260493153,0.9532385826962549,0.1853511209779674,0.23870728185676535,-0.1746998585670807,0.9824591058031583,-0.06522319250926248,-0.24660933452705355,0.020471135207145035,0.968898740192934,75,170,180,92,75,170,180,92,230221_165412
0,0,0,0,0.21383603932606102,0.0006834224743965667,-0.16716245590641138,0.9554670507210031,0.1849781269537851,0.22992565653962324,-0.17607547393947504,0.9826166905513545,-0.05883763189399424,-0.23681246264395903,0.015733149671103556,0.9714279826821596,86,137,180,180,86,137,180,180,230221_165412
0,0,0,0,0.212956028955907,0.0009298723815955312,-0.16819900429918483,0.9557083696517547,0.18576553124841835,0.2282820176395422,-0.17771786491527244,0.9825148756216627,-0.055505672431780485,-0.23460151889436812,0.012477442932750837,0.9720115435272955,147,84,166,180,147,84,166,180,230221_165412
0,0,0,0,0.2127862868650585,0.002252964739274138,-0.16864497191526479,0.9563536030518037,0.18119694237629022,0.22924976336589095,-0.1731348340819165,0.9833623639316454,-0.05497990933234275,-0.235397780697399,0.012889114641775138,0.9718136424060378,180,106,75,170,180,106,75,170,230221_165413
0,0,0,0,0.21270669696844444,0.0023607392718087983,-0.16882511882459839,0.9570328031220181,0.1758335259330346,0.2305879114489077,-0.16742620061771035,0.9843102360494236,-0.0556940441613579,-0.23676292170677932,0.014694569278682392,0.9714563235362584,180,180,81,97,180,180,81,97,230221_165413
0,0,0,0,0.2107826669997206,0.0032086797373556686,-0.1690430792042379,0.9539736728335892,0.1779801592824716,0.24136547897779234,-0.16685867011751054,0.9837740001457819,-0.06593103096253079,-0.24918349814345445,0.022622544926520067,0.9681920288424393,75,170,180,92,75,170,180,92,230221_165413
0,0,0,0,0.21427602644144014,0.0011591050823925308,-0.16708196185802404,0.956340300502362,0.17786891863523582,0.2318962643480563,-0.1686749971668122,0.9839010175028299,-0.059055339197002836,-0.2386670797697655,0.017361899102028188,0.970946234090098,86,137,180,180,86,137,180,180,230221_165413
0,0,0,0,0.2133207707782303,0.0013585922133149964,-0.16794830227873875,0.9565924741680727,0.17900079444504693,0.22997729008110046,-0.17088175479845452,0.9837599178781112,-0.05491675385028943,-0.23607258257155872,0.013234030546075883,0.9716453036954895,147,84,166,180,147,84,166,180,230221_165413
0,0,0,0,0.21309675845868564,0.0029220806560379675,-0.16894473501088514,0.9577033361439226,0.17254515369390308,0.23028784135413927,-0.16455022431274735,0.9849094930464537,-0.05363314446871673,-0.23606682023830972,0.013470725434257026,0.9716434510348169,180,106,75,170,180,106,75,170,230221_165414
0,0,0,0,0.21347606960581314,0.002916919811849883,-0.1688568022832584,0.9586435822331567,0.17197697924582833,0.22677389808499093,-0.1637778230709933,0.9849831495740582,-0.05463533403663366,-0.23276448808464797,0.015235276979700263,0.9724137902261792,180,180,81,97,180,180,81,97,230221_165414
0,0,0,0,0.2114654725285357,0.0031596156872799597,-0.16875033537308332,0.954790215850218,0.17415691329193658,0.24092532716449547,-0.1628866679114782,0.9844288636814478,-0.06608892318346848,-0.24868368891704606,0.023857533474345462,0.9682908865434655,75,170,180,92,75,170,180,92,230221_165414
0,0,0,0,0.21451548525598418,0.002422168275598907,-0.16829740477548566,0.9589554828550377,0.17244137236388035,0.22509632382498698,-0.16323645703386258,0.9848195149361697,-0.05902865487133221,-0.23185823469804512,0.019861925841883878,0.9725467921414155,86,137,180,180,86,137,180,180,230221_165414
