0,0,0,0,-0.1777265066729274,0.05882492749780213,-0.21584374240434367,0.9131971578878045,-0.4074192879523306,0.008970765299152994,0.40624816525823965,0.911867400295493,0.05882408097585029,-0.03214621361763083,-0.05007362661876537,0.9982280565418375,162,162,83,96,162,162,83,96,230201_173915
0,0,0,0,-0.17714224242445575,0.060298971125418904,-0.21466564253440945,0.913991523721834,-0.40561999311297153,0.009587270293040831,0.4048646005454379,0.9133254224094742,0.04383295570386854,-0.0265358208808697,-0.03618140361549744,0.9989928709668509,162,162,146,90,162,162,146,90,230201_173915
0,0,0,0,-0.1782014322199344,0.058700710237016895,-0.21618511928240003,0.9122571680684524,-0.40934533314282784,0.014941805175867108,0.40783865790339546,0.9110862991510779,0.05991147318127408,-0.0381377559287834,-0.04856082508957845,0.9980918584175185,44,138,162,128,44,138,162,128,230201_173915
0,0,0,0,-0.17767254937106017,0.058498027691243126,-0.21627124050392676,0.9122773098334735,-0.4094632775566553,0.009483369420285864,0.4081764314827626,0.9108332152344939,0.061439847066795526,-0.033795129012885186,-0.05217929051027123,0.9980657347574092,146,90,124,162,146,90,124,162,230201_173915
0,0,0,0,-0.17807270226470134,0.05865566220835794,-0.21535664814369537,0.9142847011110031,-0.40492119981659414,0.011059260981427258,0.4031463396997773,0.9122577884560438,0.07251728199512891,-0.0394526817977809,-0.06184294090985166,0.9973058390276192,138,162,89,137,138,162,89,137,230201_173915
0,0,0,0,-0.17980891497382812,0.05888645407802717,-0.21566236548198991,0.9180073465102531,-0.3962487641944039,0.015793309583872425,0.3944246084295867,0.9164625412676632,0.06727286762420605,-0.04113076729616803,-0.055527716751406775,0.997609609343256,162,162,138,90,162,162,138,90,230201_173915
0,0,0,0,-0.18013486187068223,0.06046196067602502,-0.21468090179528743,0.9140484376225931,-0.40510330853080084,0.020168368726678723,0.40336499974599455,0.9130946104274881,0.05962306087569904,-0.04256912801092368,-0.046363151593395595,0.9980171980054839,59,136,162,162,59,136,162,162,230201_173915
0,0,0,0,-0.1787117883473235,0.06029348696786413,-0.21597109550562432,0.914570437541938,-0.4043334242053493,0.008683135650489164,0.40337747955991476,0.91353308630739,0.05238233677096165,-0.029112261304097775,-0.04440475528671636,0.9985893520109699,156,100,146,162,156,100,146,162,230201_173916
0,0,0,0,-0.18012435931762968,0.059776377262691915,-0.2140281113063739,0.9154209728015059,-0.40226632772766424,0.013647129062281839,0.40041599842115094,0.9136067104668322,0.07063856452651118,-0.04088362463794096,-0.059199494647105,0.9974086169018149,162,143,77,128,162,143,77,128,230201_173916
0,0,0,0,-0.18027885450428735,0.06061505603179618,-0.21399322387208297,0.917387102245063,-0.39765776152463084,0.016407599873983176,0.3963235606466434,0.9165307254241393,0.053842962677297504,-0.036449141427079154,-0.042892121103092574,0.9984146062816321,155,162,151,89,155,162,151,89,230201_173916
0,0,0,0,-0.18012693303484628,0.06109395995411204,-0.21708371903894386,0.9151770863840549,-0.4025597359515526,0.019913802956945413,0.400781363303226,0.9141470268290393,0.06090576465685801,-0.042722352304143084,-0.047758479145019815,0.9979448523256961,87,128,162,162,87,128,162,162,230201_173916
0,0,0,0,-0.17988394107130462,0.061792228575768715,-0.21639350303138905,0.9137090264992653,-0.40629787183385274,0.007606197279067943,0.40501982060955,0.9120397596892224,0.06436164742634541,-0.03308715471559486,-0.055727157556326054,0.9978976521184518,146,130,149,162,146,130,149,162,230201_173916
0,0,0,0,-0.18103934269288524,0.060756643814751876,-0.2137776191145252,0.9126444842151131,-0.4083956189695262,0.017119107401633568,0.40716359888524495,0.911986510650944,0.04998407880047214,-0.03602567382501493,-0.038647416436472286,0.99860328861277,162,143,77,128,162,143,77,128,230201_173916
0,0,0,0,-0.17825434551900976,0.0610037814357674,-0.21760985344637906,0.9144896732501997,-0.40460732001462607,-0.0012466392120957547,0.40378206394670135,0.9124188584000629,0.06672234761209603,-0.025858893125677275,-0.061520268420328796,0.9977708024490421,155,162,151,89,155,162,151,89,230201_173917
0,0,0,0,-0.17863216337700893,0.061272228817316865,-0.2181955073431796,0.9123049435656068,-0.40941898364790713,0.008705502539796569,0.4078980372123045,0.9103903100760475,0.06934460727402764,-0.03631640378816884,-0.05971247062678111,0.9975547802840405,44,138,162,128,44,138,162,128,230201_173917
0,0,0,0,-0.17844489493231197,0.06269518288491685,-0.21690114871083244,0.9089586979247855,-0.4166033035183443,0.015354900340932785,0.4156865584690788,0.9085203027441382,0.042373867062518854,-0.03160333170744285,-0.03213326935282707,0.9989838249069342,145,86,160,162,145,86,160,162,230201_173917
0,0,0,0,-0.1797859244876863,0.06094408195301762,-0.21659859388782143,0.9118094482336616,-0.41026260491696676,0.01697424868939559,0.4076208628291942,0.9093719466199587,0.08299334242582429,-0.04948497042747145,-0.06875505586770951,0.9964055298895227,138,162,64,145,138,162,64,145,230201_173917
0,0,0,0,-0.17968947238331975,0.06248236275950764,-0.21485767006756384,0.9155574073579998,-0.40198860136901793,0.01264113132906963,0.4007459569438632,0.9144841178992973,0.05587017185486375,-0.03401928607489675,-0.04608646742076383,0.9983580147900999,152,162,130,156,152,162,130,156,230201_173917
0,0,0,0,-0.1799909503062344,0.062362927896912015,-0.21595403535542956,0.9093416528560085,-0.41604668809764295,0.0017063716140898895,0.4154202411236617,0.9081827814798362,0.05128409781117354,-0.022886276365136737,-0.04592590496147,0.9986826470944655,93,148,146,162,93,148,146,162,230201_173917
0,0,0,0,-0.18041686880639865,0.061605904666414024,-0.21463565239075366,0.9113202594448457,-0.41137608858924546,0.016281844563607352,0.41082945521771896,0.9112536451505204,0.028912850523651504,-0.026730945566746635,-0.01965980510849769,0.9994493226833482,128,80,162,162,128,80,162,162,230201_173917
0,0,0,0,-0.18042975926320176,0.06059195859844907,-0.21738227370443153,0.9123921311245204,-0.40906245592330953,0.014439744320689517,0.4072284182177842,0.9107304408133428,0.0688119144609153,-0.04129908543658023,-0.05690317504256905,0.9975251446515907,162,143,80,156,162,143,80,156,230201_173918
0,0,0,0,-0.18130770538714053,0.06288544831934115,-0.2160715408782724,0.914520865397468,-0.4044755412785374,0.007150053153705039,0.4034919654047855,0.9132826596031759,0.05575856456126155,-0.029082995142350382,-0.04810738171614841,0.9984186793214391,162,122,124,92,162,122,124,92,230201_173918
0,0,0,0,-0.1803306829492221,0.06335011320889306,-0.21894824927064915,0.9125016972263804,-0.4090619401600188,0.002996943692545401,0.4080509567301412,0.9107151563783448,0.06397124865424254,-0.028897565132577043,-0.05715096722967764,0.9979472419292117,128,154,162,120,128,154,162,120,230201_173918
0,0,0,0,-0.18164006434021604,0.06245309345973539,-0.21704001338720647,0.9104391323701586,-0.4134374531799096,0.013040650182564272,0.4118664183746201,0.9089969028140746,0.06395845596700249,-0.03829673177094959,-0.0528592752743636,0.9978673545883405,119,87,160,162,119,87,160,162,230201_173918
0,0,0,0,-0.18087993548622294,0.06387830974806935,-0.21799846192036643,0.9115990030061341,-0.41107666388534964,0.001798367902685255,0.40991057401430125,0.9093255289644656,0.07141711058816078,-0.030993209409294183,-0.06436659679046754,0.9974449168691596,162,141,103,154,162,141,103,154,230201_173918
0,0,0,0,-0.18068267755577772,0.06428843899680448,-0.21799193831836305,0.9132499341173983,-0.4073527352087226,0.006189261065720707,0.406015014258832,0.911292310179685,0.06854293255889192,-0.03356137707197744,-0.06008389572377112,0.9976289688274332,162,162,111,80,162,162,111,80,230201_173918
0,0,0,0,-0.1817658009047478,0.06286751335460322,-0.21815737064636698,0.9118376167802285,-0.4102363357246963,0.016072009075630517,0.40768471716914545,0.909395214674935,0.08242278151725986,-0.04842862801346845,-0.06860388019275736,0.9964678497629669,114,154,162,136,114,154,162,136,230201_173918
0,0,0,0,-0.18066330438887881,0.06338251405899609,-0.2168334229599317,0.9116401184986943,-0.41096099540883463,0.004832659336977887,0.41021696540854913,0.9105843914648303,0.05057773533508657,-0.025186020620350615,-0.04412625378620553,0.9987084349759476,114,98,162,162,114,98,162,162,230201_173919
0,0,0,0,-0.18156997747041548,0.06338489409511527,-0.21691165999272433,0.9134250972239756,-0.40688614597287454,0.009912415281463105,0.40556041180657854,0.9119603528751912,0.06204085072784246,-0.03428329238345877,-0.052649586884389685,0.9980243869085832,162,134,109,162,162,134,109,162,230201_173919
0,0,0,0,-0.18199618210066945,0.06159023891944068,-0.21484572840907634,0.9132105018320394,-0.4072953338685656,0.012533569027535984,0.40620980481793223,0.9123493824637162,0.05110967411218731,-0.0322517257437757,-0.04158263251611507,0.9986143954798459,162,122,124,92,162,122,124,92,230201_173919
0,0,0,0,-0.1807085442969573,0.06449598789054231,-0.2186268071366505,0.9140709727036196,-0.4055413659814805,0.0032337808420525496,0.4044674816302031,0.9121758780429723,0.06588796415320043,-0.02967007186342555,-0.058918316289648144,0.9978217871149198,128,154,162,120,128,154,162,120,230201_173919
0,0,0,0,-0.18183550341613222,0.06377619743456434,-0.21753143980664458,0.9139788756632464,-0.4057422599557998,0.003979111371633575,0.4045257769284304,0.9119158243723587,0.0690537838190755,-0.03164665293198358,-0.061504046576156664,0.997605002800688,119,87,160,162,119,87,160,162,230201_173919
0,0,0,0,-0.18405423471447246,0.06319963799072612,-0.21382194746174543,0.9122471249087406,-0.4090353218755969,0.022255079282310863,0.40750204999541617,0.9116888325360545,0.052588514702158105,-0.04180026728704412,-0.038904730909912595,0.9983682484772635,162,141,103,154,162,141,103,154,230201_173919
0,0,0,0,-0.18284881532711766,0.06280257256608189,-0.2149616510719502,0.9134067992652479,-0.40688448609542494,0.011534037925943565,0.4058666309010398,0.9125474928367363,0.050292655909431876,-0.030988658845686887,-0.04125637274709514,0.9986679201469817,162,106,112,88,162,106,112,88,230201_173919
0,0,0,0,-0.18197945573468172,0.0634664917712368,-0.2163167933080271,0.913184244374704,-0.4073869311989684,0.01142033773965683,0.4062374693976176,0.9121371682213885,0.05456101911150496,-0.03264436066490671,-0.045184893906629144,0.9984451267242611,111,162,154,150,111,162,154,150,230201_173920
0,0,0,0,-0.18148022152535392,0.0634815788656385,-0.21793434581150983,0.9147176598887193,-0.4040297503571645,0.007180773915966764,0.40304932496384865,0.9134865231161683,0.05562026367539735,-0.029031781445350208,-0.0479826313520046,0.9984261729114713,18,82,162,90,18,82,162,90,230201_173920
0,0,0,0,-0.18179644565377942,0.06410445623624268,-0.2161307523814051,0.9158457679495059,-0.401405836086543,0.00999420255168204,0.40031116865008726,0.9147204064587017,0.05511393890867131,-0.03126495774796306,-0.046475076801344696,0.9984300524590228,154,162,119,162,154,162,119,162,230201_173920
0,0,0,0,-0.18188957149396923,0.06372975108311152,-0.2170687402390622,0.9099697282699201,-0.4142429363383156,0.018917804475637887,0.4110121995620307,0.9070435807533811,0.09132860682867375,-0.054991503375972264,-0.07533081911074226,0.9956411011245745,162,82,96,96,162,82,96,96,230201_173920
0,0,0,0,-0.1809365366007347,0.06539130781045985,-0.21647047728456403,0.9078380358492879,-0.4192038112248781,0.009912886554531321,0.4182207435065868,0.9069143327281516,0.0509686451953477,-0.03035638921387097,-0.04212549995891118,0.9986510561187564,123,162,154,127,123,162,154,127,230201_173920
0,0,0,0,-0.1838902431473898,0.06420672676294636,-0.21415248041929835,0.9099903026858709,-0.4138768668246071,0.024971746537311715,0.4124720783104199,0.9097479442310809,0.0471748087606708,-0.04224255711909538,-0.032628470309984885,0.9985744585624402,93,102,162,158,93,102,162,158,230201_173920
0,0,0,0,-0.1818806116982692,0.06393242849474125,-0.21805429138806942,0.9095294907971512,-0.4156305893419149,0.002705286226400163,0.4141821606010103,0.9068660284239228,0.07776338682502967,-0.034774174471195865,-0.06960761232733662,0.9969681725591515,162,108,129,154,162,108,129,154,230201_173920
0,0,0,0,-0.18221723244914112,0.06345022868056323,-0.21716958486154525,0.9077736345655156,-0.4194410029512682,0.00403403407862758,0.4183982847450719,0.9061171413597683,0.06240674207473744,-0.02983125391422292,-0.0549633621354762,0.9980426469408357,162,137,88,112,162,137,88,112,230201_173921
0,0,0,0,-0.18206388176223678,0.06596172909361153,-0.21827642448827378,0.9102685190066855,-0.41397223120433463,-0.006181836060631061,0.4136690016734004,0.908785682973819,0.054649240400412004,-0.017005303875787848,-0.052302717075833206,0.9984864773378643,162,162,160,95,162,162,160,95,230201_173921
0,0,0,0,-0.18298141607216925,0.06515402400342865,-0.21645758673916193,0.9072962317182207,-0.42033883976908076,0.01134934762448332,0.41925490803992344,0.9063662056534337,0.05220750265846316,-0.03223150623774436,-0.04260940073482669,0.9985717645590952,88,120,162,162,88,120,162,162,230201_173921
0,0,0,0,-0.1828329958918592,0.06565541680772695,-0.21660807602919474,0.9064166979650653,-0.4223188438443579,0.007454111890277075,0.42127224132138125,0.9051687345422824,0.05656200755968976,-0.0306344306649827,-0.04812853769945171,0.9983712613635997,146,118,146,162,146,118,146,162,230201_173921
0,0,0,0,-0.1835579993781332,0.06480341769815669,-0.2152029894606282,0.9058682428131727,-0.423404102922723,0.011475726154771078,0.4223819837754138,0.9050370054356344,0.05001478355491686,-0.03156242139825716,-0.0404596641150581,0.9986825467260232,162,136,69,128,162,136,69,128,230201_173921
0,0,0,0,-0.18430051796920852,0.06546158244433896,-0.2164313233742834,0.9079269620806124,-0.4191137912574565,0.003501643167239173,0.4178237379091633,0.9057278284109642,0.0712770992786204,-0.03304475097023032,-0.06325133057699607,0.9974504065935084,146,162,156,100,146,162,156,100,230201_173921
0,0,0,0,-0.18385845137222426,0.06589121717354453,-0.2159419376139422,0.9059750909067538,-0.4230959691017382,0.014104452713961697,0.4218076355358488,0.9050377266221602,0.05463544631691884,-0.035881098926256384,-0.043548987593898233,0.9984067469821057,69,128,162,143,69,128,162,143,230201_173921
0,0,0,0,-0.18416903986968655,0.06693125971952098,-0.21644842130945108,0.9059353480997763,-0.4229660913307018,0.019514882724873943,0.4216270293687515,0.9053812677859097,0.05015384380145766,-0.038881784540052804,-0.03720813791104717,0.9985508306061206,151,89,162,146,151,89,162,146,230201_173922
0,0,0,0,-0.18215773634880217,0.0658334069822692,-0.21829124822372437,0.9054607467468363,-0.4244290729896453,-0.0008933654415390855,0.42368077685536243,0.9037353436091499,0.06129460037301389,-0.02520784449131119,-0.055878356389585125,0.9981193184501043,162,162,44,138,162,162,44,138,230201_173922
0,0,0,0,-0.18366431538978253,0.06576168094947014,-0.2156639321580318,0.9017709903103917,-0.4319306012599827,0.015653649089115724,0.4306202718941765,0.9009635599747218,0.05320568608205278,-0.037084531389795686,-0.04123856560146553,0.9984608746659694,160,162,138,156,160,162,138,156,230201_173922
0,0,0,0,-0.18467915454855363,0.06663972336284794,-0.21632271047172735,0.9049220147098304,-0.42539633740158384,0.012413839809572917,0.4240256259749725,0.9037274157233222,0.058983273786547524,-0.03630999600706079,-0.048111476753096925,0.998181782039025,70,146,162,132,70,146,162,132,230201_173922
0,0,0,0,-0.18431961104571434,0.06683258438720771,-0.21715403454497928,0.9062570571384343,-0.4226226675122913,0.009392938388991688,0.42135225607102056,0.9048773001343838,0.06049254503960751,-0.03406497747900579,-0.050864060065071215,0.9981244535142156,137,81,152,162,137,81,152,162,230201_173922
0,0,0,0,-0.18705316756542337,0.06543020467069004,-0.2136344229083882,0.9051098892262427,-0.42426882956246315,0.027785764098815998,0.4225289952637794,0.9048317851445946,0.05242793867230545,-0.047384982708009914,-0.03571275477674152,0.9982380790973753,162,132,59,146,162,132,59,146,230201_173922
0,0,0,0,-0.1862768089601661,0.06678987726809534,-0.2150365567660345,0.9113958747750661,-0.41094128585726797,0.022018606244895843,0.40949397305972285,0.9109027443109659,0.05070381084804136,-0.040893098082135995,-0.0371947574898201,0.9984709833262648,151,162,136,85,151,162,136,85,230201_173922
0,0,0,0,-0.1850870451462871,0.06760040510300118,-0.21708818598352564,0.9107316688492515,-0.41279066827452365,0.013103111864347074,0.41155036639954967,0.909735856105419,0.05483582800083231,-0.034556088775407244,-0.04454813465918219,0.9984094052175858,96,148,146,162,96,148,146,162,230201_173923
0,0,0,0,-0.18823986077766852,0.06708797293384756,-0.21485996700008014,0.9023859315922151,-0.4293507656096559,0.036844952637393395,0.4273758680148367,0.9026254178786487,0.05115879629114942,-0.05522225912631971,-0.030418334434953696,0.9980106347264988,129,89,162,130,129,89,162,130,230201_173923
0,0,0,0,-0.1856866681640234,0.06817998037855427,-0.2176362170765398,0.9039614774881509,-0.4269920807052084,0.023052336811624972,0.42558927336166724,0.9036129475668265,0.04855318103976283,-0.041562213811680716,-0.03407937799650579,0.9985545445184473,162,162,105,153,162,162,105,153,230201_173923
0,0,0,0,-0.1893884420671295,0.06810213916683924,-0.21368347226615347,0.9055667105854938,-0.422153228898858,0.041660340968810126,0.4204284209428179,0.9062419272780515,0.04433409643707268,-0.056470129651858846,-0.022632290507843718,0.9981477365017019,162,162,124,85,162,162,124,85,230201_173923
0,0,0,0,-0.1863930166920469,0.06768239936390474,-0.2172930332253531,0.9047522484012731,-0.42539042840220903,0.021595194757779605,0.42399422843405854,0.9043030745061563,0.04964719219976494,-0.04064804137284417,-0.0357621708303395,0.9985333263692571,128,154,162,120,128,154,162,120,230201_173923
0,0,0,0,-0.18802814191308664,0.06709476903771301,-0.21481627044545437,0.9017313902738682,-0.4309405454075221,0.034216167503452556,0.42958987316276,0.9021173827676073,0.04045699673141383,-0.048301559713538486,-0.02178242485099919,0.998595255995566,114,18,162,162,114,18,162,162,230201_173923
0,0,0,0,-0.18802416513848733,0.06649451048161495,-0.21571481831056927,0.9037889163603229,-0.42682371047947876,0.03141838373887396,0.4249595473959963,0.9036963317350732,0.05236719474595949,-0.0507442385027372,-0.033977348058695137,0.9981335392008805,162,122,128,154,162,122,128,154,230201_173923
0,0,0,0,-0.1868815104400286,0.06744003922585173,-0.21639185305034037,0.9010521944520317,-0.4325521014813169,0.03167999964132425,0.43153800846576523,0.9014456501612662,0.03421530439339403,-0.043357699691967774,-0.017158651154098703,0.9989122536879769,162,122,124,92,162,122,124,92,230201_173924
0,0,0,0,-0.18805355521373618,0.06756825887047739,-0.2171903997144904,0.8986815801638302,-0.4372853115023574,0.03395546816828406,0.4349263092742677,0.8984776483550524,0.059808201004868715,-0.056661476995444306,-0.03898040213569973,0.9976321993971695,116,154,162,103,116,154,162,103,230201_173924
0,0,0,0,-0.1908059858351294,0.06697858348204012,-0.21337214047499875,0.8974862717436345,-0.4388313581163444,0.04410704213019179,0.43711578395356016,0.8983517514210325,0.04351921572625802,-0.058721235088970994,-0.019778014372754754,0.9980784772236584,119,87,160,162,119,87,160,162,230201_173924
0,0,0,0,-0.18824395086451384,0.06773600961851142,-0.216211748005939,0.8987037925552196,-0.4373915422654409,0.03193950534251279,0.43577382243164153,0.8988214262719297,0.04712981389534065,-0.049322093732743516,-0.028437342160481723,0.9983780088927571,162,141,103,154,162,141,103,154,230201_173924
0,0,0,0,-0.1883446041542019,0.06649355531353492,-0.2179777953110531,0.8999774609296802,-0.4348750804660586,0.030401220505175276,0.43267052151063434,0.899580755758479,0.05958761351757348,-0.05326152114126092,-0.04047379718587089,0.9977600323259475,162,162,111,80,162,162,111,80,230201_173924
0,0,0,0,-0.18967569042588867,0.06880175990174486,-0.2161989689773678,0.8987450652202316,-0.43700859810785964,0.03578816734739206,0.4352925955738093,0.899062770128412,0.046973307395185605,-0.05270354808642508,-0.026638703963019896,0.9982548349345833,82,156,162,124,82,156,162,124,230201_173924
0,0,0,0,-0.1893243118343107,0.067720305822141,-0.21622936629449896,0.8993673889344126,-0.43589521879432414,0.03366983744460711,0.4338937860283586,0.8993725409224393,0.05352770386157294,-0.05361419744129991,-0.03353193801383736,0.9979985606030509,124,92,152,162,124,92,152,162,230201_173924
0,0,0,0,-0.19025940532816676,0.0667370171068635,-0.21644380238557615,0.8989483512028666,-0.4363433548479935,0.03868253546039949,0.43411331966437805,0.8991990022016038,0.05465144215493381,-0.05863009090578425,-0.032336219934287515,0.9977559227189488,162,120,116,154,162,120,116,154,230201_173925
0,0,0,0,-0.18904631523042445,0.06866061820057638,-0.21712186388228294,0.9021191848972643,-0.43026373071848517,0.032466879562173534,0.42883358778730135,0.9023617935548042,0.04295285226882667,-0.047777926135036036,-0.024825703630861437,0.9985494250228516,160,162,117,86,160,162,117,86,230201_173925
0,0,0,0,-0.1899487197414196,0.06726115031069711,-0.21771320860795496,0.8984099829366883,-0.4376704699000144,0.03611180329477718,0.4351159756847909,0.8982575477294618,0.061704664742029444,-0.059444009484322095,-0.03972326427365652,0.9974409616673425,103,154,162,139,103,154,162,139,230201_173925
