0,0,0,0,0.05041589673872314,0.13963134882933934,-0.1732887769529996,0.9951746247044753,0.07072975741870743,0.06800564505831776,-0.0727798349629164,0.9969505993866912,0.028153117150442768,-0.06580700545593723,-0.03296670741834408,0.9972876386654531,162,162,83,96,162,162,83,96,230201_164904
0,0,0,0,0.048658649242807106,0.13666476060879995,-0.17827915718727005,0.992032283327105,0.06853466250134506,0.10571163073493249,-0.07400192743046355,0.996068788937614,0.04868965435215585,-0.10195912697443225,-0.05612457340757907,0.99320409216154,162,130,148,119,162,158,151,118,230201_164904
0,0,0,0,0.04749244836684829,0.13996690861362,-0.17494192802852992,0.9945349991578027,0.06686316485638115,0.08018386767659769,-0.07069814291373748,0.9964374835353182,0.0459794953686028,-0.07682387674895383,-0.05139706792406589,0.9957190534332816,113,83,162,106,96,72,162,162,230201_164904
0,0,0,0,0.05007479702433669,0.1401697122906687,-0.17321374205985896,0.9937332315034911,0.06817498503888506,0.088580110750529,-0.0717081921207152,0.9967267244210037,0.037333256056162244,-0.0857449694641428,-0.04345121678301055,0.9953691737097694,162,162,104,132,162,152,116,140,230201_164904
0,0,0,0,0.04882824133450965,0.14090072539688697,-0.17258799812987635,0.9926017444410797,0.06668284146070934,0.10146514469142054,-0.06999061947998694,0.9971145144568406,0.029393166626030184,-0.0992123486131271,-0.03627731680022398,0.9944047798399018,88,137,138,162,51,143,138,162,230201_164904
0,0,0,0,0.049267698468743355,0.1398173880081476,-0.17469025294040275,0.9944170821842274,0.06848116754571155,0.08028073462409155,-0.07141288175974113,0.9968592822415171,0.03423115142228939,-0.07768440627936123,-0.03977312032645492,0.996184336315584,138,162,162,138,136,88,162,138,230201_164904
0,0,0,0,0.05162132728818585,0.13865395345517492,-0.1746826011152297,0.993345879087553,0.06936879677392763,0.09193440342937842,-0.0722589885149867,0.9969790016871867,0.028486993060184717,-0.08968056131943652,-0.03494052416546579,0.9953575019521745,162,162,108,124,162,157,116,132,230201_164904
0,0,0,0,0.050816862431150286,0.13870004893353613,-0.1749237038493059,0.9944881575573349,0.06911099127676293,0.0788477987198092,-0.07244902447296778,0.9965581060059212,0.040287469600433175,-0.0757921059948308,-0.04577785751467305,0.9960722586390179,85,144,146,162,85,147,146,162,230201_164905
0,0,0,0,0.047844830283175294,0.14020946111318372,-0.17389443744393696,0.9927054148449218,0.06581697700078329,0.10101527050921494,-0.06966820318120275,0.9969532477582396,0.035079384968955706,-0.0983986829336356,-0.041861047798352057,0.9942662379232988,152,92,162,162,148,84,162,146,230201_164905
0,0,0,0,0.04939432868717551,0.14009088071663933,-0.17420417324649762,0.995184551763514,0.06897776525358991,0.0696403319339769,-0.07172265143996254,0.996711385289588,0.03771307073857953,-0.06680994837354305,-0.042526254652062855,0.9968590414213998,162,162,100,125,162,152,97,133,230201_164905
0,0,0,0,0.050395214875252614,0.14062179496336608,-0.17228783217792376,0.9943391277926809,0.06992033646804896,0.08000528412977795,-0.07177440378752824,0.9972094894877274,0.020534581480295962,-0.07834624369704361,-0.026160669406971804,0.9965829044664284,76,154,162,140,96,156,154,162,230201_164905
0,0,0,0,0.05106234870408839,0.14033747279509878,-0.1732632755441701,0.994801065485268,0.06873648935148426,0.07514076883429588,-0.07119047595668428,0.9969969329990274,0.030480021712491156,-0.0728200263831082,-0.035670865172664996,0.9967069946255002,146,150,162,146,149,93,162,162,230201_164905
0,0,0,0,0.04970065300559828,0.13578858315763448,-0.1792026362821466,0.9927380910169964,0.07047467484021923,0.09749052697619666,-0.07493486371040589,0.9962666238734866,0.042867007784873595,-0.09410551973521039,-0.049861150827983036,0.9943128364822991,162,158,103,128,162,147,112,136,230201_164905
0,0,0,0,0.04794651699276811,0.13964581960184666,-0.17450247507256034,0.9926830436606539,0.06678547075444395,0.1005985870911064,-0.07012369689894357,0.9970865670474778,0.030017410726131653,-0.09830077294632378,-0.03685211947206705,0.9944741722782807,71,162,162,142,90,154,162,132,230201_164905
0,0,0,0,0.051097746530181856,0.1414163929881523,-0.1714431530294721,0.9949290772619751,0.06928779242379707,0.0729063305870781,-0.07156929750020018,0.9970093532731507,0.029157934446429338,-0.07066800459871034,-0.034227931677085585,0.9969124745027245,162,121,162,162,162,109,120,162,230201_164906
0,0,0,0,0.04806037394088903,0.13694125717365788,-0.17794656921795493,0.9930149794816843,0.06840293008714311,0.09613682790941293,-0.07307301614364564,0.9962687417074099,0.045923072723898714,-0.092636843840133,-0.052627307096481585,0.9943081925193574,128,160,120,56,162,130,108,54,230201_164906
0,0,0,0,0.048757589257103245,0.13630807427482605,-0.17889396253276524,0.993568323424822,0.06960223351650707,0.08931694002988787,-0.07474212116682902,0.9956544166035765,0.055550859770801084,-0.08506234190446456,-0.06186931216124648,0.994452907986307,97,90,162,160,18,82,18,90,230201_164906
0,0,0,0,0.04851335572868523,0.14047261393664098,-0.17380660234206202,0.9936808874475919,0.06754969819832721,0.0896400144727809,-0.07123286002586576,0.9967147819472326,0.03854248435707743,-0.08674199429285027,-0.04468424466403182,0.9952281872540105,162,122,136,162,162,126,153,162,230201_164906
0,0,0,0,0.04913216001223717,0.1407636866627106,-0.17286867497862513,0.9940272050682983,0.06871237874258716,0.08478516728557237,-0.0704722582388331,0.9973524381959806,0.017938083600294447,-0.08332812492086011,-0.0238059453092537,0.9962377731069557,136,162,154,18,162,162,162,68,230201_164906
0,0,0,0,0.05068474362289918,0.13851423784160788,-0.17518468736976567,0.9918913683284495,0.06813613518535949,0.1072799166550656,-0.07233598428455162,0.9967393336753272,0.0357520080841778,-0.10449410898754302,-0.04322230658431371,0.9935858359499852,109,85,162,162,107,73,162,162,230201_164906
0,0,0,0,0.04778380052903276,0.13810081248551095,-0.1758291641957015,0.9914819481369183,0.06777457717036285,0.11122119046296677,-0.07145159743898474,0.9970103927403726,0.029409964146647972,-0.10889543489989964,-0.03710638027439995,0.9933604083115521,162,162,134,162,146,162,151,162,230201_164906
0,0,0,0,0.05059788934314551,0.1410374741929372,-0.17216837087172554,0.9928381363052275,0.0672130555915452,0.09876659483858832,-0.07106623205630001,0.9968209074504248,0.036023174916037494,-0.09603137903457448,-0.04278415159564559,0.9944583905890475,162,162,162,18,162,162,162,18,230201_164907
0,0,0,0,0.049128154672446536,0.13812025207425407,-0.17660609512594927,0.9942460800918538,0.0704672043882087,0.08067902656635031,-0.07334562068575869,0.9967510123191894,0.0332842209897123,-0.0780714553995521,-0.03901015952776424,0.9961842476697844,123,76,73,114,120,88,162,162,230201_164907
0,0,0,0,0.04884525094106125,0.13901781893588472,-0.17520147228983507,0.9948936389856678,0.06874875480725562,0.07389354382020222,-0.07154789909572853,0.9967900682547229,0.03592294480876434,-0.07118669286351038,-0.04102643710094642,0.996618927282619,162,162,112,158,162,132,124,162,230201_164907
0,0,0,0,0.050957498623690554,0.139195705494489,-0.17363459835860473,0.9933137437692221,0.06921691546734061,0.09239494062100469,-0.07224896144558832,0.996938922900416,0.02988095674827751,-0.09004384492682353,-0.03635660351773211,0.9952739840724506,162,162,162,18,162,162,162,18,230201_164907
0,0,0,0,0.04913403786794307,0.13733034270696695,-0.17696008434402444,0.993649969370177,0.06859681923694605,0.08918640457613582,-0.0725235892925378,0.9965005614626733,0.0415567082515527,-0.0860236442309422,-0.04776094005723854,0.995147639919865,124,84,162,122,124,85,162,122,230201_164907
0,0,0,0,0.04764032619276731,0.1389718973405901,-0.17577531702160487,0.9922769837574197,0.06575159445585628,0.1051813449799401,-0.07009462120172741,0.9968110492942618,0.038137594096377625,-0.1023383192350887,-0.045215703371575475,0.9937214944765715,146,94,119,160,162,125,130,162,230201_164907
0,0,0,0,0.049504324946291575,0.14154232910906894,-0.17188742687758218,0.9957463796036276,0.06985338397113015,0.06008038160706058,-0.07113454797255053,0.997277004433328,0.019453855998988172,-0.05855786532148418,-0.023644897467959343,0.9980039555195764,162,162,162,18,162,162,162,18,230201_164907
0,0,0,0,0.05076461986580924,0.1407256040027503,-0.1725083711606401,0.9939932528073848,0.06901418436031144,0.08493795223854117,-0.07243333532968564,0.996654787065254,0.03785032830677324,-0.08204160716620001,-0.04377531013018799,0.9956670612793177,118,87,156,162,118,87,157,162,230201_164908
0,0,0,0,0.047029321393271664,0.13923325633242395,-0.17530339626721492,0.9936187159422978,0.06694158636183738,0.09077814353984091,-0.07075372084779534,0.9967136516704775,0.03944372649605009,-0.08783938931579353,-0.045614916300083436,0.9950897050495321,162,145,114,162,162,162,154,162,230201_164908
0,0,0,0,0.0487040294406388,0.13649475549907295,-0.17913246176872488,0.9925707735257007,0.06788254485948077,0.10097138033122771,-0.07367380219654258,0.9957770877121791,0.05477373875640693,-0.09682680627025551,-0.0618057577483762,0.9933803993922224,162,162,162,18,162,162,162,18,230201_164908
0,0,0,0,0.051960547731144974,0.14073550110623909,-0.1723237150133905,0.994599467693889,0.06921812555600426,0.07733530860832735,-0.07165764282469053,0.9970010495451695,0.02922480847910161,-0.07508049738674531,-0.03460864487876301,0.9965767208859608,131,80,159,162,126,88,162,162,230201_164908
0,0,0,0,0.048778515718755903,0.14113003761718163,-0.17270139458945366,0.9935974016840748,0.06640162320596125,0.0914058411824226,-0.06993745792563005,0.9969002836684177,0.03603576557711939,-0.08872967567591722,-0.042197735216974806,0.9951614923202187,146,96,162,146,162,126,123,162,230201_164908
0,0,0,0,0.05256746866692802,0.14179166385347927,-0.16982214784128669,0.9954526319658216,0.07034071956980337,0.06423582086906211,-0.07182692370510767,0.9971933687248512,0.021125302417810868,-0.06256956563202763,-0.025643099297580855,0.997711120973919,162,162,162,18,162,162,162,18,230201_164908
0,0,0,0,0.0510364426530432,0.1406117140475792,-0.17274748946101304,0.9951674121060926,0.06955808901204943,0.06930724446299982,-0.07230052394712198,0.9966634330519057,0.03787658187008503,-0.06644137354866957,-0.04270449004708322,0.9968760556913706,128,87,153,162,128,89,155,162,230201_164908
0,0,0,0,0.04943763542624922,0.1395706488247696,-0.17406776854926076,0.993092005108977,0.06821294826593775,0.09547388688798453,-0.07145834164355448,0.9969619643580266,0.030992693218512942,-0.09306973083760463,-0.03760100147938013,0.9949493403633993,146,96,112,158,162,139,124,162,230201_164909
0,0,0,0,0.04858359946988014,0.13909450346787514,-0.1748763890562015,0.99192576814473,0.0677042847945823,0.10723525684653233,-0.07165119980766059,0.9968708165393642,0.033386834205471255,-0.10463926632297443,-0.0408007959799195,0.9936729436745244,162,162,162,18,162,162,162,18,230201_164909
0,0,0,0,0.05004559478087049,0.14107096190880763,-0.17230173443836494,0.9943928185652201,0.0703992508125606,0.07891050545362345,-0.07168269427686061,0.99733547046711,0.013548088033317793,-0.0777464708338988,-0.01912863908328525,0.9967896375061767,141,93,156,162,131,91,162,162,230201_164909
0,0,0,0,0.05073553448077133,0.13803223754603586,-0.17615295329299363,0.9935754990269661,0.07013291600521877,0.08882061599607063,-0.07384659145860552,0.996497509284612,0.03923512354396485,-0.08575784898924607,-0.045542157197143024,0.9952745868626248,130,162,104,140,162,124,121,147,230201_164909
0,0,0,0,0.04695624053199503,0.1352399098428373,-0.1805815856946834,0.9924174316147795,0.06709278775113092,0.10298640327200888,-0.07248153961872178,0.9961405093146283,0.04950264757457423,-0.09926765758102066,-0.056591903433040325,0.9934501943349766,162,162,162,18,162,162,162,92,230201_164909
0,0,0,0,0.04819644900552712,0.1384564507739497,-0.1765910711959502,0.99338193897121,0.06542184979384266,0.09440500460966826,-0.07060020961144753,0.9961171990749645,0.052594069151069886,-0.09059764747839359,-0.058911011505487915,0.9941436309682725,151,90,162,162,146,44,162,162,230201_164909
0,0,0,0,0.04965097001113551,0.13998526367679848,-0.17380710273370825,0.9939789841495814,0.06778270437035662,0.0860888149367139,-0.07090332772255939,0.9969130597434674,0.033720460121205345,-0.08353739992862047,-0.039621412155036714,0.9957166497111547,162,162,151,122,162,149,162,122,230201_164909
0,0,0,0,0.048852574204113514,0.14006422883277286,-0.1736153886671612,0.992381164150148,0.06666780065222205,0.10360998695199698,-0.0701233893134975,0.9970849702076359,0.030071123311661882,-0.10130318509891519,-0.03710749981113095,0.9941633156310797,86,152,162,144,91,154,162,100,230201_164910
0,0,0,0,0.051471872295161494,0.14096510967585715,-0.17225012720320154,0.9940526186786242,0.06747861277731737,0.08547530705307582,-0.07046621486560066,0.9969869148607814,0.03242844675430014,-0.08302953607412077,-0.03825870376829763,0.9958124159324816,162,101,155,162,146,125,158,162,230201_164910
0,0,0,0,0.05314099153740537,0.14162845146501385,-0.1703996478508747,0.995042569033084,0.07088126869921488,0.06975766308894275,-0.07287511557640951,0.99698995920538,0.026462025118647942,-0.06767202776454741,-0.031414439215824354,0.9972129309565685,114,18,117,114,162,162,122,130,230201_164910
0,0,0,0,0.048466130153828994,0.14054839440766062,-0.17323470189508028,0.9931205872544534,0.06731432855405918,0.09581377950319411,-0.06967533435595648,0.9973378059562601,0.02150926760116911,-0.09411082272383024,-0.028037153594279204,0.9951668558912995,101,125,162,162,66,126,162,150,230201_164910
0,0,0,0,0.04818629557399616,0.1348733862586995,-0.18107434841175762,0.9937666797775112,0.06946113205562678,0.08719482380011385,-0.07405011144098644,0.995972859151814,0.05054349442350521,-0.08333286962273408,-0.056685227057075536,0.9949082459573487,162,104,162,154,162,111,79,154,230201_164910
0,0,0,0,0.05193704763461929,0.13817858574499542,-0.17609143684618989,0.9950570269422423,0.07037447725819367,0.07006387145670037,-0.07416449710929152,0.9958342099004782,0.05304577042909646,-0.06603893170994604,-0.05797981840715367,0.9961311159461301,129,156,113,61,158,162,100,30,230201_164910
0,0,0,0,0.04882977389887147,0.1398647916318801,-0.1735495105694571,0.9922210945611927,0.06778463862962214,0.10441523966184274,-0.07090320847718518,0.9971325549084536,0.026446227885648217,-0.10232318669504653,-0.03364388068565154,0.9941821034181718,100,100,162,82,64,100,82,162,230201_164910
0,0,0,0,0.046877423231179764,0.13871912088116484,-0.1761891664809404,0.9944652612086783,0.06664518230440074,0.08122354292179136,-0.07061321080002085,0.9963959572519435,0.0469986258575074,-0.07779857781262278,-0.052473955898096086,0.9955871962026922,162,117,146,162,162,112,162,154,230201_164910
0,0,0,0,0.04946778274479964,0.1396141371123204,-0.17379281783024703,0.9932052116092838,0.06908930710427956,0.09364868005481351,-0.07095068206842856,0.9973401762422708,0.01669052327105069,-0.092246454382719,-0.023221552421990595,0.9954653942538282,132,162,143,52,146,162,154,18,230201_164911
0,0,0,0,0.04660253659190769,0.138351768121808,-0.17647823541382768,0.9916425029123912,0.06584221043050513,0.11095021290323212,-0.07050966453605423,0.9967609170363425,0.03867895391402958,-0.10804412813596373,-0.04617875696135199,0.9930730027449362,106,83,162,162,107,73,162,162,230201_164911
0,0,0,0,0.0488569084435522,0.14052535014233403,-0.1729616261624327,0.9931907283184366,0.06749336438567227,0.09495695312190837,-0.07010227990446326,0.9972411374060604,0.024408691428752814,-0.0930475552311276,-0.03089918492404996,0.9951820902912891,162,131,114,162,146,90,134,162,230201_164911
0,0,0,0,0.0500127073048726,0.13710871509362457,-0.1780796673223508,0.99416902703129,0.06861021186682238,0.08319005060250494,-0.07377040861912407,0.9954307227230302,0.06062675210889134,-0.07865031788762857,-0.06641020318215614,0.9946877964514694,162,162,162,18,162,162,162,18,230201_164911
0,0,0,0,0.0465506469410459,0.1391062856845137,-0.17489120755330312,0.991473123618868,0.06699559819989945,0.11177045657633258,-0.07072563351612716,0.9970522578295236,0.029743569402335333,-0.1094482978633594,-0.037394986012655965,0.9932888226069628,114,18,162,162,117,72,162,122,230201_164911
0,0,0,0,0.04948394527021935,0.13897807587515562,-0.17463210097902349,0.9942800411731394,0.0693922458730033,0.08119061483595512,-0.071807520858624,0.9970472069081432,0.02721299588082731,-0.07906250484824044,-0.03288743543319077,0.9963270230791441,162,162,112,158,162,125,162,146,230201_164911
0,0,0,0,0.04662202857370068,0.13647269823781433,-0.17943103391710713,0.9936513752698563,0.06791338879791065,0.08969234106827052,-0.07280317626831441,0.9959679404083769,0.05241716516505521,-0.08577086888663239,-0.05861427557071543,0.9945892241271027,162,162,162,18,162,162,162,18,230201_164911
0,0,0,0,0.048665616323750216,0.13935904889470263,-0.17532239162157104,0.9937177593664498,0.0661858657214526,0.09024658386013984,-0.07043150848894279,0.9965146654048426,0.044698145879290066,-0.08697365883815275,-0.05077354440824635,0.9949158908453158,129,89,162,162,135,84,162,162,230201_164912
