0,0,0,0,-0.17586934111714722,0.0637512240846872,-0.21514727864189453,0.9267676065284602,-0.37529120863658155,0.01607209412621426,0.37400867585519537,0.9258870084546094,0.05339248973420504,-0.034918675154587506,-0.04347132727519913,0.9984442547435389,162,162,83,96,162,162,83,96,230201_173803
0,0,0,0,-0.17511304712364426,0.06409847849175641,-0.2173014305436931,0.9266542200551459,-0.37539476399141164,0.019766831355082424,0.37284102715894035,0.9245162758887177,0.07911525822445542,-0.04797421099981017,-0.06594260219833777,0.9966694779585945,155,162,151,89,155,162,151,89,230201_173803
0,0,0,0,-0.17446996876961102,0.06337624251418968,-0.2180110123995299,0.9251612069092688,-0.3794600208365934,0.009318466444449546,0.377918506008905,0.9231381700016157,0.07066485620211571,-0.0354167198676203,-0.06185476273303882,0.9974565876673822,90,130,130,162,90,130,130,162,230201_173803
0,0,0,0,-0.17449059657105967,0.06332707957639012,-0.2160862083734023,0.9246806777861523,-0.3805377349108052,0.012517045893330359,0.37946497571765925,0.923769319421647,0.051541989667294834,-0.031176534966839826,-0.0429101014240316,0.9985923827384429,146,118,146,162,146,118,146,162,230201_173803
0,0,0,0,-0.17433919696982944,0.06315760669482713,-0.21790478017290926,0.922007198985366,-0.38707480081710577,0.008707674290931429,0.3855468245688643,0.9199620293372299,0.07087672849807601,-0.03544532527745378,-0.061991637743508826,0.9974470741677741,162,162,53,130,162,162,53,130,230201_173803
0,0,0,0,-0.17625528213377276,0.06292851778317461,-0.21806611102635098,0.9237360492994945,-0.38276193030110006,0.014318377587507208,0.3807059224345798,0.9216017251256254,0.0755861155815463,-0.042127328989601434,-0.06437052864197403,0.9970364703432641,146,162,156,100,146,162,156,100,230201_173803
0,0,0,0,-0.17400988048831176,0.06552351953349977,-0.21949350143121238,0.9244385981291809,-0.38130702529760113,0.004269747960671817,0.38022995541079546,0.9225620200456736,0.0656086898021058,-0.02895616164579735,-0.0590277191490495,0.9978362937249793,69,128,162,143,69,128,162,143,230201_173804
0,0,0,0,-0.1769629564448966,0.06468391805430543,-0.21514515378064858,0.9202767200167798,-0.391056013729364,0.01288226382502436,0.38963723940705874,0.9189469342136332,0.060986504790922776,-0.035687256302562295,-0.05110505088018204,0.9980554561306347,146,80,155,162,146,80,155,162,230201_173804
0,0,0,0,-0.1752100936799204,0.0634604598630797,-0.21873764035312981,0.9185360212848781,-0.39520483503585185,0.010233081961515855,0.3932364539543387,0.9160136957460623,0.07927168780250174,-0.040702197527441766,-0.06878987985107639,0.9968005234481528,162,136,69,128,162,136,69,128,230201_173804
0,0,0,0,-0.17725891492110687,0.06486485509447747,-0.21622344242537406,0.9296764736524407,-0.36810120861914164,0.014253229468816977,0.36702485775794885,0.9288824764712725,0.04970008744814684,-0.031534237344847914,-0.04097371252062708,0.998662478897328,162,162,160,96,162,162,160,96,230201_173804
0,0,0,0,-0.17944113067412137,0.06285756979077513,-0.21545767866059518,0.9266014156456936,-0.37599822011041045,0.005929164966497361,0.37488589689064666,0.9248675536764539,0.06387935870864225,-0.02950221747415248,-0.05696794388368902,0.9979400144967495,100,116,114,18,100,116,114,18,230201_173804
0,0,0,0,-0.17719179362120877,0.06600892163574167,-0.2174664697489681,0.9247222670473467,-0.38060867561753003,0.005075910902016243,0.37951003945663486,0.9229169564643565,0.06477979177331016,-0.029340394994592,-0.057976956760767875,0.9978866737793031,160,95,162,154,160,95,162,154,230201_173804
0,0,0,0,-0.17633657825399207,0.064547989131467,-0.2165427390836917,0.9256989363190534,-0.3782382407430011,0.00416083374010163,0.3773773495623846,0.9242317350620559,0.058155274407833,-0.025842123268864124,-0.05226407125186441,0.9982988788539917,162,152,72,122,162,152,72,122,230201_173805
0,0,0,0,-0.18054308450066436,0.06375070072482188,-0.21499553547498618,0.9254740392489498,-0.37855990745726564,0.01379127050635056,0.3772354161071081,0.9243307530487754,0.0574986939223903,-0.03451439570280809,-0.04801099284778474,0.9982503198371839,146,162,156,100,146,162,156,100,230201_173805
0,0,0,0,-0.1773049759508602,0.06640518509603086,-0.21833926451385977,0.9248549219041048,-0.3799234746357035,0.017364528513209642,0.37801175994487934,0.9233056972714402,0.06792421313106792,-0.041838771171330225,-0.0562560468468402,0.9975393598350087,77,128,162,146,77,128,162,146,230201_173805
0,0,0,0,-0.17908200573575728,0.06671361563405293,-0.21597499996053726,0.9214994430578886,-0.38826366824615854,0.009492121155877569,0.38711202518597093,0.92019040063007,0.058257244568281824,-0.0313537302472508,-0.05000950417979648,0.9982564766087288,156,100,146,162,156,100,146,162,230201_173805
0,0,0,0,-0.17834827567098477,0.06651749159175495,-0.21607078575350502,0.9213865263257138,-0.3885339057173441,0.009395382560569961,0.38718003951010865,0.9197380958497234,0.06460226039137161,-0.033741459814066836,-0.05588594770378115,0.9978668622310624,162,162,102,126,162,162,102,126,230201_173805
0,0,0,0,-0.18085610637130486,0.06630708744621423,-0.2153151679482882,0.9270991289859726,-0.37428301061215424,0.019985819987005268,0.3716003282304597,0.9248069991905238,0.08151815937098358,-0.04899388831747747,-0.06814867728225256,0.9964714530242269,146,162,156,100,146,162,156,100,230201_173805
0,0,0,0,-0.17922661903620435,0.06657961975592727,-0.21599612347924735,0.9224893099457805,-0.38570852403629713,0.015569441913560786,0.3842849549255018,0.921412123113257,0.05766084284700619,-0.03658615111847016,-0.0472084088448588,0.9982148164000938,77,128,162,146,77,128,162,146,230201_173805
0,0,0,0,-0.1798154938864664,0.06569009402916795,-0.2176114522054159,0.9224681665676907,-0.385448803986731,0.021947691779373994,0.38319264047212226,0.9210363354241348,0.06968119629056328,-0.04707315537805525,-0.05586849142119262,0.9973278446474226,151,89,162,146,151,89,162,146,230201_173806
0,0,0,0,-0.181326336877586,0.06432876088538424,-0.2156309556492152,0.9218438204159655,-0.3868447264967804,0.023561161739777188,0.38485750173179273,0.9208876929772682,0.06205288296096414,-0.04570201441577861,-0.048135376851490635,0.9977947240658797,162,128,71,136,162,128,71,136,230201_173806
0,0,0,0,-0.18042322969661273,0.06747129486036928,-0.21565236855270353,0.9317038113598876,-0.36321773968993265,-0.0009388674005939849,0.36243580214223786,0.9295221710497824,0.06803545290810853,-0.02383898535953606,-0.06372916994152035,0.9976824623474108,162,146,148,92,162,146,148,92,230201_173806
0,0,0,0,-0.1797235789927424,0.06732268243303917,-0.2175392668523104,0.9244852027943955,-0.38114256917374895,0.007579695102059568,0.37995709344952855,0.9228611789307734,0.06292735144504888,-0.030979298758887868,-0.05529544634177805,0.9979893269280344,77,128,162,146,77,128,162,146,230201_173806
0,0,0,0,-0.18003195964577473,0.06693058062965507,-0.2171343574071679,0.9228742605390116,-0.38499462177454663,0.009068651456808536,0.3835568066890884,0.9210248159801744,0.06780460449818966,-0.034456861102548655,-0.05909678124365711,0.9976574037061013,151,89,162,146,151,89,162,146,230201_173806
0,0,0,0,-0.18146847600564067,0.06670987444027258,-0.21486275356983497,0.9222763693214152,-0.3863219580751134,0.012713901852690194,0.3847540677518141,0.9206899433226929,0.06553118046311772,-0.03702169552764885,-0.05554613374005072,0.9977695230296376,162,128,71,136,162,128,71,136,230201_173806
0,0,0,0,-0.18062302189159601,0.06558389838135223,-0.2181159432405143,0.9282458070725776,-0.3718657651717204,0.008693350644622308,0.37068786316743557,0.9267369599773373,0.06123001806568266,-0.030825796867887657,-0.05361398796222781,0.9980858232347788,152,162,141,86,152,162,141,86,230201_173806
0,0,0,0,-0.18101333254821994,0.06862088795346291,-0.2176909989569954,0.9244764409279278,-0.38074669482830825,0.019371746089351424,0.3790465843770467,0.923413985404081,0.06025195791213584,-0.04082887509258399,-0.04835872142096258,0.9979952089169587,89,137,162,162,89,137,162,162,230201_173807
0,0,0,0,-0.1806917445951548,0.06795319056227594,-0.21777533235728064,0.9236382231774218,-0.38319931647391786,0.0071215545758475576,0.38191303004440186,0.9217796341736658,0.06681873618205299,-0.032169398004286295,-0.05899652427546379,0.9977397155347965,140,92,162,162,140,92,162,162,230201_173807
0,0,0,0,-0.1812936486475764,0.06712577696303043,-0.21743508244082665,0.9223239104454833,-0.38631065910169776,0.009092793023219256,0.38469823969091443,0.9201830094154334,0.07259816500344024,-0.036412478620150394,-0.06346104196723325,0.9973198220997966,162,136,77,147,162,136,77,147,230201_173807
0,0,0,0,-0.18115929409456144,0.06816492282167465,-0.21844609189733288,0.9279008150269717,-0.3728121845774756,0.003339536322879185,0.37133614628112427,0.9249531977591355,0.08106200355427975,-0.033309817432177986,-0.07397740861723162,0.9967034659701521,162,138,140,92,162,138,140,92,230201_173807
0,0,0,0,-0.1809309770936462,0.069134009703132,-0.21859379721895522,0.9231223119022659,-0.3842826639440637,0.013116076405326974,0.38268120228503105,0.9215253838620081,0.0659246866937016,-0.03742051156651577,-0.05583727330406946,0.997738394682728,59,146,162,136,59,146,162,136,230201_173807
0,0,0,0,-0.18182873679012654,0.06801478927214749,-0.21714638247431528,0.9221427990142541,-0.386739748252119,0.009220919045607128,0.38552693430041973,0.9206981129293238,0.060695698177880675,-0.031963121798064736,-0.05241518835478998,0.9981137244195443,132,85,162,162,132,85,162,162,230201_173807
0,0,0,0,-0.18196845160395303,0.06769637603908855,-0.21759373379152624,0.9226507320035523,-0.3854653934944295,0.011491612223386042,0.38324148308939865,0.9198290534008744,0.08390755722275314,-0.042913778355511994,-0.07301330658062449,0.9964072785208957,162,162,105,153,162,162,105,153,230201_173807
0,0,0,0,-0.18244143695242462,0.06759968885341892,-0.21504826346406325,0.9274585248348526,-0.37371059140216606,0.012691673845575218,0.3722636182776635,0.9260001632212786,0.06279726284630387,-0.035220494289283366,-0.05351720833534567,0.9979456023220955,162,162,124,85,162,162,124,85,230201_173808
0,0,0,0,-0.18168307122369115,0.0677504154298921,-0.2183220313356874,0.9241169383533192,-0.38210202943384564,-0.0024337935457976034,0.3815454868971359,0.9223874740676262,0.06020289952793524,-0.020758749406315623,-0.05656312213518649,0.9981831933755475,128,154,162,120,128,154,162,120,230201_173808
0,0,0,0,-0.18341963675732334,0.06827151865541581,-0.21676417951395532,0.9228434071310839,-0.3846235460858402,0.0206100390840305,0.3825315483166766,0.9214546896166681,0.06775595564889916,-0.04505175309727724,-0.05464414680277134,0.9974890258860291,124,92,152,162,124,92,152,162,230201_173808
0,0,0,0,-0.1828737922855631,0.0692214205607681,-0.21609473798342282,0.9229138415230806,-0.38482428011978376,0.011845444499892999,0.3834741268698821,0.9215475748041919,0.060808399040698805,-0.03431668903742753,-0.05157849166853768,0.9980791672260809,162,162,105,153,162,162,105,153,230201_173808
0,0,0,0,-0.18191423256316805,0.06902774629948814,-0.21762996754870811,0.9253160050315262,-0.37916813015422096,0.0046711784216694925,0.3782194494926527,0.9237447142346363,0.060380054231889205,-0.027209168637979963,-0.05410390003431282,0.9981645300966705,162,122,124,85,162,122,124,85,230201_173808
0,0,0,0,-0.18242627652210625,0.06864651013897813,-0.21713680923790935,0.9243167694611074,-0.38162444691473757,0.0011363142184090465,0.38099256760551825,0.9229496432039562,0.05485088457851494,-0.021981199292508063,-0.05026666516401863,0.9984939104726436,111,154,162,122,111,154,162,122,230201_173808
0,0,0,0,-0.18085283037782193,0.06836910567052933,-0.21955029326688025,0.9254779283604819,-0.37879455523267747,-0.002299792092686337,0.3781398118069099,0.9234854900463771,0.06469028057163195,-0.022380501429289237,-0.06073906979761569,0.9979027400282524,124,92,152,162,124,92,152,162,230201_173808
0,0,0,0,-0.1804964918654737,0.0685999539016593,-0.2195633370879343,0.9262716249545659,-0.37683832665169914,-0.0037084188513934802,0.37630620994311104,0.9243424849685704,0.06312374228751473,-0.02035959631921878,-0.059865232384718844,0.9979988180299826,162,120,116,154,162,120,116,154,230201_173809
0,0,0,0,-0.18303870248909174,0.06955898292623684,-0.21715805020585122,0.9260622154498386,-0.3773262757921396,0.005801268220901622,0.37630936891767297,0.9245004172183291,0.06074732445070235,-0.028284836589939275,-0.05407273028033791,0.9981363172729014,162,122,124,92,162,122,124,92,230201_173809
