0,0,0,0,-0.08098069914190859,0.1560705622340136,-0.13296482270382254,-0.9982237631034285,0.04640137290937879,0.03736617946425816,-0.04603406273094443,-0.9988832939537179,0.01063156285090966,0.03781777153817853,0.008892561627231937,0.9992450843029411,180,180,81,97,180,180,81,97,230221_173413
0,0,0,0,-0.08285472804823207,0.1565433217888646,-0.1330805740921473,-0.9976649170111399,0.044786447383580986,0.0515644014404618,-0.04466877628095114,-0.9989959542020238,0.00343277053568732,0.0516663700168469,0.0011214360195996348,0.9986637715420222,75,170,180,92,75,170,180,92,230221_173414
0,0,0,0,-0.08193553550029428,0.1560564958980413,-0.13267602851011628,-0.9981151486805158,0.04349453950596857,0.04329405279752912,-0.043166217739137876,-0.9990318287230701,0.008490161620108629,0.04362141240914665,0.006605318417908368,0.999026297025273,86,137,180,180,86,137,180,180,230221_173414
0,0,0,0,-0.08153005006978842,0.15534375929248262,-0.13299375656738194,-0.9983484018902149,0.043528364962897796,0.03749333123252051,-0.0431346433893958,-0.9990059578624996,0.011247163860281883,0.03794563193470781,0.00961132659351494,0.9992335820108272,147,84,166,180,147,84,166,180,230221_173414
0,0,0,0,-0.08141997493047876,0.15595949352699118,-0.13240708322132322,-0.9983455158251187,0.04134040024650225,0.03996501394140844,-0.04095229848135042,-0.9991061215430215,0.010481752923812817,0.04036260993756837,0.008827751849735397,0.9991461006861344,180,106,75,170,180,106,75,170,230221_173414
0,0,0,0,-0.0811341860399358,0.15621808670276524,-0.1326114587689311,-0.9980953701310711,0.04856416605374573,0.03804147602846537,-0.04828281364696156,-0.9987993800532766,0.008280598500337855,0.03839794303413762,0.006428077527163804,0.9992418515004522,180,180,81,97,180,180,81,97,230221_173415
0,0,0,0,-0.08258505418138154,0.1569752120786733,-0.13299765044711176,-0.9975814651366418,0.04927571095593621,0.04902167607924519,-0.04934664058347319,-0.9987816843087601,-0.00023696514847435958,0.04895027557590418,-0.002655447070283482,0.9987976867824133,75,170,180,92,75,170,180,92,230221_173415
0,0,0,0,-0.08194659376590019,0.15655538677881337,-0.13249292859305717,-0.9981084977312171,0.044252486966676156,0.04267486560022096,-0.04403253573234032,-0.9990115910731286,0.006080846858448271,0.042901777978458525,0.004190262378404715,0.9990705075956788,86,137,180,180,86,137,180,180,230221_173415
0,0,0,0,-0.08120678302977186,0.15546636290930352,-0.1328325973778387,-0.998283008101042,0.0454426310875492,0.036959478034393374,-0.045003036682096466,-0.9989068735879412,0.012640592871872925,0.0374934984513827,0.010955600330580087,0.9992368149719427,147,84,166,180,147,84,166,180,230221_173415
0,0,0,0,-0.08112941182009253,0.15620744163594516,-0.13222650331834185,-0.9982383676972569,0.0451541455358491,0.038487197846082816,-0.04474349861836258,-0.9989327109641715,0.011465526466806424,0.038963836932529076,0.0097232765413641,0.9991933132806661,180,106,75,170,180,106,75,170,230221_173415
0,0,0,0,-0.0810798094324722,0.1565440693062385,-0.13221956312655897,-0.9979365971125069,0.05207942263667072,0.03755371994011506,-0.05185100130530387,-0.9986300761768102,0.007031686763200422,0.03786848039130913,0.0050699795787954,0.9992698702052031,180,180,81,97,180,180,81,97,230221_173416
0,0,0,0,-0.08293044214674006,0.15696333173022214,-0.1330041631542303,-0.9975160400980014,0.049059044747638475,0.05054661092152508,-0.049260849762874266,-0.9987821513674516,-0.002753686700425351,0.05034995956147731,-0.005236815659706534,0.9987179067854465,75,170,180,92,75,170,180,92,230221_173416
0,0,0,0,-0.080923601902775,0.15677052253269608,-0.13233777162248483,-0.9980318101809528,0.05005352430341806,0.037777646455776526,-0.04988156252068091,-0.9987400981301019,0.005481432985141977,0.03800441536750599,0.0035862364509792397,0.9992711360390091,86,137,180,180,86,137,180,180,230221_173416
0,0,0,0,-0.08139394306986875,0.1558854394776524,-0.13254030803106542,-0.9981583890552085,0.04818128630571107,0.03685639711960166,-0.0478772011942669,-0.9988118703733606,0.009089620843109747,0.03725055656650502,0.00730830015768978,0.9992792326393511,147,84,166,180,147,84,166,180,230221_173416
0,0,0,0,-0.08162633947850853,0.15633866173568955,-0.1327359464921753,-0.9981436118109571,0.04728965459381487,0.038379926646293236,-0.046965318148555785,-0.9988531408796171,0.00930923445443743,0.03877614075926262,0.007489427436085672,0.9992198553794341,180,106,75,170,180,106,75,170,230221_173417
0,0,0,0,-0.0816606514671708,0.15652015060777935,-0.132212361097085,-0.9979293348852754,0.05152629616877446,0.03849783602437556,-0.051222539243348714,-0.9986481745241125,0.008836005495739782,0.03890108030499351,0.006845752170863239,0.9992196163148116,180,180,81,97,180,180,81,97,230221_173417
0,0,0,0,-0.08354672131052177,0.15702881033115734,-0.13353711026845044,-0.9972192856315328,0.05408826147254658,0.051265547255567694,-0.05434354415481097,-0.9985158159412657,-0.003597849891711891,0.05099485830188691,-0.0063737968297254985,0.998678576490326,75,170,180,92,75,170,180,92,230221_173417
0,0,0,0,-0.08149599691537043,0.15666946981114896,-0.13265296783061692,-0.9976337570978557,0.056462658166528984,0.039228241505145506,-0.056204671535776206,-0.9983899644592932,0.007649429032692075,0.039596989738764875,0.005426518196815123,0.9992009964486063,86,137,180,180,86,137,180,180,230221_173417
0,0,0,0,-0.08153552717095991,0.15611397275882127,-0.13271933199001057,-0.9977373211980924,0.05679084445293202,0.03598663466869355,-0.05645499455209964,-0.9983522008583856,0.010281859332842563,0.03651125139703524,0.008226969523516552,0.9992993773108646,147,84,166,180,147,84,166,180,230221_173418
0,0,0,0,-0.08226103422183872,0.1566562778647198,-0.1326601051957083,-0.9975014674210237,0.056593800473980015,0.04228432618378028,-0.05636731898127869,-0.9983887421081294,0.006530312596691254,0.042585770437644034,0.004130542296008276,0.9990842761131682,180,106,75,170,180,106,75,170,230221_173418
0,0,0,0,-0.08179550666638677,0.15668269921541841,-0.13240658062665905,-0.997291816734509,0.06236286452540173,0.038985964173896125,-0.062008773009152265,-0.9980231974474016,0.010227874987691747,0.03954673620264182,0.00778270422480635,0.9991874124360595,180,180,81,97,180,180,81,97,230221_173418
0,0,0,0,-0.08375516793680748,0.15706578287214767,-0.13346821969929834,-0.9966151114662478,0.06352635772827045,0.05217970362984741,-0.06374412443181049,-0.9979630982483151,-0.0025181610444492126,0.05191344910079429,-0.005835786870999832,0.9986345364516768,75,170,180,92,75,170,180,92,230221_173418
0,0,0,0,-0.08120196858693743,0.15723571440799997,-0.13282116989311904,-0.997160790147639,0.06610579136549556,0.036060822787034166,-0.06587871734067402,-0.9977998215548092,0.007450550767462524,0.03647400709661408,0.0050537563388588546,0.9993218232147157,86,137,180,180,86,137,180,180,230221_173418
0,0,0,0,-0.08147928879728006,0.15630922546907317,-0.13282524242909471,-0.996976924773863,0.06891589232552457,0.03588330048124979,-0.0685857436322178,-0.9975915036896671,0.010353141388209041,0.03651037166157861,0.007860760215480628,0.9993023572522823,147,84,166,180,147,84,166,180,230221_173419
0,0,0,0,-0.08186642665040755,0.156688566048369,-0.13269338412137666,-0.9968739593719763,0.06862815754141645,0.039146968190519583,-0.06817402547567465,-0.9975910533899218,0.012821561793674802,0.03993258539690574,0.010112674663877578,0.9991512009874489,180,106,75,170,180,106,75,170,230221_173419
0,0,0,0,-0.08156266364016482,0.15734641188649445,-0.13233722913483836,-0.9968387377634876,0.06940378616457513,0.03867357444196993,-0.06917358462456356,-0.9975782163442698,0.007260679415377586,0.03908383405303198,0.0045625367293343376,0.9992255186764941,180,180,81,97,180,180,81,97,230221_173419
0,0,0,0,-0.08360381878275794,0.15805573242973886,-0.1330563898600054,-0.995930261058806,0.07319938061209008,0.05258104016986733,-0.07348488919526668,-0.9972901374315466,-0.0035146609687996466,0.05218128177132308,-0.007364269126844455,0.9986104752970145,75,170,180,92,75,170,180,92,230221_173419
0,0,0,0,-0.08083969468519558,0.1573572932568925,-0.13296189980680856,-0.9963771082829456,0.07723902850520972,0.03559200142289064,-0.07701896328079463,-0.9970013046012447,0.007515179210625067,0.03606573699326236,0.004746693479430832,0.9993381467331992,86,137,180,180,86,137,180,180,230221_173420
0,0,0,0,-0.08154859211465562,0.15651409127890983,-0.13275256195831703,-0.9964647933296985,0.07603519387429866,0.03572904906233916,-0.07565679443808904,-0.9970637627670661,0.011828035852737754,0.036523487097400026,0.009083075981117203,0.9992915153352235,147,84,166,180,147,84,166,180,230221_173420
0,0,0,0,-0.08196394151929784,0.15704169849063965,-0.1328071018566485,-0.9963761506921832,0.07592266990666025,0.0383446805446628,-0.07557425231805708,-0.9970853365193532,0.010457728465298443,0.0390268973708466,0.007521960670700251,0.9992098485249601,180,106,75,170,180,106,75,170,230221_173420
0,0,0,0,-0.08178302404024432,0.1578455038913261,-0.13214822931542564,-0.9961819032277119,0.0785861150682443,0.03802417915082129,-0.07839450790914927,-0.9969011825356611,0.006506411352080373,0.0384176627515975,0.003500682430719589,0.9992556371675987,180,180,81,97,180,180,81,97,230221_173420
0,0,0,0,-0.08414223722564265,0.15791707132969163,-0.1335569398635718,-0.9953862959137117,0.07995866746288398,0.053035209104327324,-0.08024546254731439,-0.9967696802052234,-0.003297023528172937,0.05260026281063133,-0.0075376469231184145,0.9985872001137982,75,170,180,92,75,170,180,92,230221_173421
0,0,0,0,-0.08258225569057906,0.15733369064772437,-0.13282610097517533,-0.9957459254448795,0.08090033509772496,0.0441042825697964,-0.08061132226121828,-0.9967110915171984,0.008295466827950671,0.044630333666898156,0.004704872758261713,0.9989924912075716,86,137,180,180,86,137,180,180,230221_173421
0,0,0,0,-0.08162387748364955,0.15706099409755542,-0.13258885752001376,-0.9957429078921447,0.08428706152188671,0.037306201126649674,-0.08391363750476628,-0.9964070432065271,0.011467592997033496,0.03813873127432176,0.008288275359368331,0.9992380805735701,147,84,166,180,147,84,166,180,230221_173421
0,0,0,0,-0.08216220589158649,0.15745884716938505,-0.13287446447019063,-0.9959176229944974,0.0819957666328064,0.03774629072224593,-0.08174553445504834,-0.9966200879938045,0.008128210373772267,0.03828519042199445,0.005009437245860857,0.9992542968298067,180,106,75,170,180,106,75,170,230221_173421
0,0,0,0,-0.08214575992928222,0.15781690557922298,-0.13246535054865727,-0.9955155260203636,0.08613078400598292,0.03911937498111575,-0.08585060365745824,-0.9962692493637606,0.008789574723476436,0.03973048331002768,0.00539173614750584,0.9991958856386806,180,180,81,97,180,180,81,97,230221_173421
0,0,0,0,-0.08395036564295372,0.15789290682595594,-0.13367468739337846,-0.9947142990455251,0.0878246664400932,0.05320048156790096,-0.08796214961684053,-0.9961237878957483,-0.00024376835105301983,0.05297285634317553,-0.0049221085838115465,0.9985838218887457,75,170,180,92,75,170,180,92,230221_173422
0,0,0,0,-0.0810453661181185,0.15842512619872817,-0.13233737650935168,-0.9951122759543752,0.09293164556010079,0.03339562094639666,-0.09279597422623348,-0.9956694351559521,0.005593126463130378,0.033770777490425376,0.002466809623815773,0.9994265603024427,86,137,180,180,86,137,180,180,230221_173422
0,0,0,0,-0.081727980718177,0.15764242096671274,-0.1325617282825028,-0.995105579843333,0.09190732576216784,0.03630328409264886,-0.09154878972543047,-0.9957350895495213,0.011421494631463674,0.03719817286471995,0.008042071316179898,0.9992755480969561,147,84,166,180,147,84,166,180,230221_173422
0,0,0,0,-0.08233664026123025,0.15774268258170718,-0.1331605359497342,-0.9951647003650125,0.09055568015459238,0.038037980219169265,-0.09035024980581072,-0.9958848224476348,0.007088919414850694,0.038523389096007,0.003617901350481136,0.9992511492524668,180,106,75,170,180,106,75,170,230221_173422
0,0,0,0,-0.08225353643875408,0.15812012007788212,-0.13273775196094945,-0.9946850451270217,0.09545753705526545,0.03859429517426505,-0.09520622050959562,-0.9954229494466909,0.008302246149633926,0.03921015910365348,0.0045837031092307535,0.9992204727130407,180,180,81,97,180,180,81,97,230221_173423
0,0,0,0,-0.08422373344818354,0.15869868803828363,-0.1334795663680038,-0.9939055533133223,0.09569412814109982,0.05472097342202356,-0.0960483653135377,-0.9953691269336902,-0.0038746184149478164,0.05409678930894326,-0.009106864805137447,0.9984941674340841,75,170,180,92,75,170,180,92,230221_173423
0,0,0,0,-0.08140414059402709,0.15901772605454728,-0.13284805362723562,-0.9945133003854499,0.09908731211013265,0.03354101869694809,-0.09898436265369531,-0.9950777939943245,0.004720153538922574,0.033843630220200635,0.001374219115847006,0.9994261954818575,86,137,180,180,86,137,180,180,230221_173423
0,0,0,0,-0.08204883052358769,0.15827361193335607,-0.13286280889264418,-0.9941540947926012,0.10245155671214115,0.03407806236221542,-0.10221683123984758,-0.9947252705842992,0.008564780924052282,0.03477578494281087,0.0050313604771883855,0.9993824744277638,147,84,166,180,147,84,166,180,230221_173423
0,0,0,0,-0.0830120567816433,0.15897084881647544,-0.13203399871499316,-0.993897922482508,0.10147049315722481,0.04325111216355364,-0.10109723451178658,-0.9948186056134832,0.010737369292026257,0.044116537251051795,0.006299281202977815,0.9990065316089292,180,106,75,170,180,106,75,170,230221_173424
0,0,0,0,-0.08259793105147892,0.15921628058187054,-0.132427408071163,-0.9938072171055587,0.10415298622813093,0.038721708235401914,-0.1039826989726337,-0.9945585691892121,0.0063914604492772455,0.03917669643131451,0.0023254917911886656,0.9992295925084773,180,180,81,97,180,180,81,97,230221_173424
0,0,0,0,-0.08496835102792752,0.15947137681117096,-0.1334785301331215,-0.9924277802392999,0.10972547766357009,0.055203447001040566,-0.10996998789282725,-0.9939339193697575,-0.0014020303577896394,0.0547147399897577,-0.007462136274155882,0.9984741427548733,75,170,180,92,75,170,180,92,230221_173424
0,0,0,0,-0.08274087327397919,0.15915255318004418,-0.13295232272554475,-0.9928310764307912,0.11211602817177696,0.041430060345870885,-0.11185203343661798,-0.9936872819312609,0.008643398877573991,0.04213758760739459,0.003947398516555045,0.9991040194872507,86,137,180,180,86,137,180,180,230221_173424
0,0,0,0,-0.08273301105604675,0.15818802177118876,-0.13289956737682773,-0.9929375263146958,0.11244581629799129,0.03782865624274307,-0.11214923450938606,-0.9936422610166237,0.009879591121628669,0.03869907020862161,0.0055673619291682665,0.9992354009171902,147,84,166,180,147,84,166,180,230221_173424
0,0,0,0,-0.08322401047453554,0.1585650207634567,-0.13300300547218702,-0.9929096255673792,0.11213440155567289,0.03945062031702293,-0.11185923120990177,-0.9936821974602507,0.00912155927995206,0.04022421967890139,0.0046439679498322915,0.9991798865634279,180,106,75,170,180,106,75,170,230221_173425
0,0,0,0,-0.08304362141113253,0.15935388996397754,-0.1326212392554197,-0.992643336622031,0.1149915491924893,0.037896568105731256,-0.11482743811832401,-0.9933642777256013,0.006486231099516831,0.03839095876718273,0.002086948251668355,0.999260616121706,180,180,81,97,180,180,81,97,230221_173425
