0,0,0,0,-0.41889558745065153,-0.713086147592704,0.32849973397394017,0.05982437790856043,-0.9888998917905015,0.13600752855848974,0.9978570534749076,0.05562819194091599,-0.034450037616246335,0.026501785566823446,0.13777702376709733,0.9901086541807674,180,180,81,97,180,180,81,97,230227_162351
0,0,0,0,-0.24181846721462585,0.022288077117883942,0.40167890984143284,-0.6950548843906157,-0.7174984034607087,0.045768424880928874,0.7187373198791223,-0.6918610166239259,0.0688839508817893,-0.01775873581435449,0.0807736015505187,0.9965742584448156,75,170,180,92,75,170,180,92,230227_162352
0,0,0,0,0.7246440572610713,-0.428999139145115,-0.29414959948224273,0.07384277305039488,0.9944469868780312,0.07498289909995053,-0.986956537585367,0.06208695473630558,0.14853283464970216,0.1430525700074335,-0.08497293887336987,0.9860606278893255,86,137,180,180,86,137,180,180,230227_162352
0,0,0,0,-0.4119505267675363,-0.9797256240626937,0.6936934734933229,-0.7547900395007636,0.6543267905431824,0.046351347854128255,-0.6554728309756576,-0.755077547957311,-0.01460357571048357,0.02544335125711644,-0.041404682684851195,0.9988184460293941,147,84,166,180,147,84,166,180,230227_162352
0,0,0,0,-0.41282538402158264,-0.6947020794056078,0.3482946174768127,0.051959623406884495,-0.985178843729868,0.1634712311157398,0.9982622475161379,0.04668256291234679,-0.03596141687924349,0.02779717106906153,0.16505570025605207,0.985892455135722,180,106,75,170,180,106,75,170,230227_162352
0,0,0,0,-0.40873210167319096,-0.9956405229803994,0.656620954866612,-0.7510415707285035,0.6594308910417183,0.03297664290960839,-0.6602501256240135,-0.749908459540244,-0.04131675112412758,-0.002516078523579239,-0.05280343028539064,0.9986017560063466,180,180,81,97,180,180,81,97,230227_162353
0,0,0,0,0.7033779354893568,-0.42351542252371893,-0.3042006074466259,0.049697403737477136,0.9983518489352912,0.028701111289269374,-0.9963823300153943,0.04757491294445667,0.0704193161811509,0.06893780163921474,-0.032096937327605074,0.9971044910736989,75,170,180,92,75,170,180,92,230227_162353
0,0,0,0,-0.24458701270107253,0.022911327482133315,0.4031438265664804,-0.6923273447929066,-0.7200452434665223,0.04709240929533904,0.7212733839761193,-0.6886410402867816,0.07441923945040627,-0.021155453661908036,0.08548897586224494,0.99611449230818,86,137,180,180,86,137,180,180,230227_162353
0,0,0,0,-0.3965079554346835,-0.6578738910669878,0.3783021056444593,0.03680142061095953,-0.9868617459403908,0.15731989651820555,0.998518751738336,0.04262635022926406,0.033812670599169134,-0.04007440414941999,0.155842512382263,0.9869686689386108,147,84,166,180,147,84,166,180,230227_162353
0,0,0,0,-0.24869250178809277,0.028196880067025254,0.40783510907004006,-0.6891898454857394,-0.7230846580231246,0.04653959831072622,0.7239341636370302,-0.6844399972001605,0.0863783361254366,-0.0306052871003778,0.09322267730668385,0.9951747830593767,180,106,75,170,180,106,75,170,230227_162354
0,0,0,0,-0.4184257284411009,-0.6621166627140854,0.3439385043984091,0.03781926616471373,-0.9944331077191322,0.0983488555034088,0.9992408657040072,0.03855474437177303,0.005587843370495188,-0.009348551431559667,0.09806286737850904,0.9951363115813012,180,180,81,97,180,180,81,97,230227_162354
0,0,0,0,-0.43852967334355564,-0.8990135245693842,0.7437107998132488,-0.7536543191729107,0.6572709668634432,0.00020811153449640715,-0.6566842812602262,-0.7529949010610871,0.04200516303674362,0.027765481046744856,0.03152070897675137,0.9991173719678013,75,170,180,92,75,170,180,92,230227_162354
0,0,0,0,0.6672248519355243,-0.4231720488361267,-0.29554394684533714,0.05200661008610957,0.9780857723738282,0.20160241662054607,-0.9870595657937266,0.019681598218383563,0.15914159816549844,0.15168627519472608,-0.20727000885671568,0.9664524909927475,86,137,180,180,86,137,180,180,230227_162354
0,0,0,0,-0.2461252735726216,0.025315632216097672,0.4048235701581524,-0.6931985091609882,-0.7198413538533813,0.03611443173460345,0.7200442595376407,-0.6894413000066055,0.0787842506602158,-0.0318133808934691,0.08061711435999247,0.9962373159385243,147,84,166,180,147,84,166,180,230227_162354
0,0,0,0,-0.24713628230098517,0.02649636517938181,0.4127789584929342,-0.6914558332575329,-0.7216144954968047,0.03407859361864366,0.7218062231134601,-0.6881583215647018,0.0737149966827245,-0.029742342355861446,0.07556880540372116,0.996696919189099,180,106,75,170,180,106,75,170,230227_162355
0,0,0,0,-0.4202433900904128,-0.6754424962560089,0.2559081008629973,0.018153396690929753,-0.9985038250401929,0.051580670494725624,0.9954162500135989,0.01320414953684554,-0.09472137902223263,0.09389858038035807,0.05306375236554938,0.994166633310252,180,180,81,97,180,180,81,97,230227_162355
0,0,0,0,-0.17826742209902546,-0.19214088624402698,-0.4056430813587675,-0.6925017178804594,0.7206268339495527,-0.033739249020335586,-0.720545426698028,-0.6886117792818361,0.08141317767327566,0.03543527616893881,0.08068942697867919,0.9961092096636209,75,170,180,92,75,170,180,92,230227_162355
0,0,0,0,0.6418959360206304,-0.4291135614415941,-0.292622380840742,0.03694588913882755,0.9978268460812448,-0.05455810219662584,-0.9910985953001953,0.043574940753784076,0.1257966570791268,0.12790064765168588,0.0494247891028399,0.9905547004342663,86,137,180,180,86,137,180,180,230227_162355
0,0,0,0,-0.24573969137346285,0.026026517219591705,0.4119331751958939,-0.6904013932517558,-0.7225278350522446,0.03604779841752936,0.7228962747304533,-0.6871308745718807,0.0726094841664302,-0.027692818146003266,0.07618850822006099,0.9967087934990512,147,84,166,180,147,84,166,180,230227_162356
0,0,0,0,0.627192045521403,-0.4352038709970124,-0.2884043775389029,0.03839262461588469,0.9992622856516532,0.0009438481538348217,-0.9844446885365422,0.03766122401361989,0.1716108604313471,0.1714487141605183,-0.007517757646377426,0.9851643628007842,180,106,75,170,180,106,75,170,230227_162356
0,0,0,0,-0.42052103833965504,-0.9744344208299812,0.5937639226563454,-0.7301178480257907,0.6832665394606905,-0.008646620588482158,-0.6777648574148532,-0.7257333607678875,-0.11809270562558068,-0.08696393532730444,-0.08036121652861916,0.9929649282982902,180,180,81,97,180,180,81,97,230227_162356
0,0,0,0,0.6273047097016148,-0.4206027071085141,-0.2914333696427598,0.036362830456075676,0.9808630273277794,0.1912732761851638,-0.9862172603629319,0.004307601279929339,0.16539939520278188,0.16141022248747294,-0.19465139658527103,0.967500684177509,75,170,180,92,75,170,180,92,230227_162356
0,0,0,0,-0.44007410552671555,-0.812166305020162,0.7754408574613503,-0.7431145426266711,0.6690855922634733,-0.01025898446198265,-0.6673545414375227,-0.7398910001556144,0.08484824047343888,0.0491802049555272,0.06989834128333844,0.9963410707816729,86,137,180,180,86,137,180,180,230227_162357
0,0,0,0,0.6169647076194358,-0.41257103273939644,-0.3008512880259948,0.02333437383665394,0.9997186397553428,0.004260084902759886,-0.9995903849873238,0.023401585214901433,-0.01647507360600574,-0.016570130915139848,-0.003873904381519504,0.9998552013298215,147,84,166,180,147,84,166,180,230227_162357
0,0,0,0,-0.24497960997337576,0.02494752016509516,0.4129622507354833,-0.6966927841322025,-0.7168280242039322,0.027870203695104415,0.7168128466930984,-0.6940961312278472,0.06640710376361479,-0.028257872422673486,0.0662430700558332,0.9974033027395297,180,106,75,170,180,106,75,170,230227_162357
0,0,0,0,-0.39529528290309496,-0.569929145969697,0.3904454958144692,0.018327661295753864,-0.9920234168874692,0.12471422203718238,0.9971361009090696,0.02728930402431271,0.07053290118609613,-0.07337365395894563,0.12306434996691826,0.9896825110468169,180,180,81,97,180,180,81,97,230227_162357
0,0,0,0,-0.3644274055995687,-0.9123052082340017,0.6748460650346961,-0.7381822246260563,0.6688579865529165,0.08784074834895665,-0.6745014960972825,-0.7340296656898914,-0.07904544041064832,0.01160754102527983,-0.11759865522855492,0.9929933641670431,75,170,180,92,75,170,180,92,230227_162357
0,0,0,0,0.5901413834475782,-0.42786963903637265,-0.29550505007987393,0.0279602837809734,0.9945120033565108,-0.10081714988386868,-0.9890148609986736,0.04216770947841665,0.14167388256527116,0.14514760506002786,0.09574841751779953,0.9847661718845624,86,137,180,180,86,137,180,180,230227_162358
0,0,0,0,-0.244648171891094,0.024537509144280545,0.40886290027416416,-0.6929234271251998,-0.719829148503527,0.04126888786670964,0.7206256215023833,-0.6895459094958283,0.0722852151679446,-0.023576212065804153,0.07982753699231446,0.9965298422838972,147,84,166,180,147,84,166,180,230227_162358
0,0,0,0,0.573771568916173,-0.4374547733213214,-0.30026782097203597,0.025605519430676526,0.9907401094042986,0.13333564036762546,-0.980144545022957,-0.0013531709139778221,0.19827970090308522,0.1966240784757163,-0.13576525529765365,0.9710338651239401,180,106,75,170,180,106,75,170,230227_162358
0,0,0,0,-0.35001625883397813,-0.8370074156474512,0.7420730725915119,-0.7242616984089124,0.6849674101234644,0.07914947432921643,-0.6861955424261073,-0.7272671361580907,0.01477126328213672,0.06768064547844457,-0.04361375623771232,0.9967533147647208,180,180,81,97,180,180,81,97,230227_162358
0,0,0,0,0.573736566916627,-0.4244927897205291,-0.2951268484735581,0.020530592788365536,0.999265221274574,0.032365294851686384,-0.978544027089092,0.013445708023004363,0.20559863808893147,0.20501239427903292,-0.03589192787854164,0.9781010621122646,75,170,180,92,75,170,180,92,230227_162359
0,0,0,0,-0.24859555308972514,0.027546271929438926,0.41663658979347873,-0.6947108374795489,-0.7188199541249843,0.025975485370207888,0.7185538008911638,-0.6919154541726033,0.07023844746278694,-0.03251595782572947,0.06746019440289182,0.9971919748262115,86,137,180,180,86,137,180,180,230227_162359
0,0,0,0,-0.3976405626825449,-0.5910208515090251,0.25984689329373967,0.010722358549727043,-0.9964925149885551,0.08299215986414017,0.9944499045707611,0.001939433563069884,-0.10519327876180469,0.10466335713293068,0.08365946550892102,0.9909826817378931,147,84,166,180,147,84,166,180,230227_162359
0,0,0,0,-0.86463649691307,-0.30303680010272593,-0.7054225608859428,-0.7166176775050295,-0.673052814416369,0.18291805075908427,0.6809192881304559,-0.7319154301993799,-0.02547010184451785,0.15102326754249137,0.1063001036794513,0.9827981789861675,180,106,75,170,180,106,75,170,230227_162359
0,0,0,0,0.5535150945770941,-0.4257514906316389,-0.29767228984409666,0.009096388419730891,0.9970591297399342,0.07609433303446754,-0.9893023687250317,-0.002106560948563285,0.14586427127987886,0.1455956007328432,-0.07660714198567295,0.9863737967140191,180,180,81,97,180,180,81,97,230227_162359
0,0,0,0,-0.435087938225915,-0.8863645157850633,0.6072263921921419,-0.7298894308485864,0.6830211209213116,-0.02726842699756291,-0.677216192124417,-0.7279589054061072,-0.10702364768800507,-0.09294970607824102,-0.05964880900182537,0.9938824737989056,75,170,180,92,75,170,180,92,230227_162400
0,0,0,0,-0.419205546033913,-0.569927234382759,0.24516861985926708,0.016008523524155986,-0.998630275546224,0.04981264836414858,0.9914668032973469,0.009408191884771693,-0.13001947502123887,0.1293727372127365,0.051469007061853166,0.9902593782328704,86,137,180,180,86,137,180,180,230227_162400
0,0,0,0,-0.414814986934785,-0.4991710208610528,0.3631577820603684,0.008380812292236701,-0.9991720398920384,0.03981201682035824,0.9950373668744479,0.012280476231307166,0.09874121949367565,-0.09914837622920622,0.03878691276080749,0.9943164359948986,147,84,166,180,147,84,166,180,230227_162400
0,0,0,0,-0.35213685033951153,-0.6580617373392714,0.8647376477103217,-0.721830730930126,0.6859315176738253,0.09196928262502803,-0.6683603162714271,-0.7254049169965409,0.16456668566510876,0.17959644628565935,0.0573206721778737,0.9820689675489389,180,106,75,170,180,106,75,170,230227_162400
0,0,0,0,-0.4286833119610469,-0.7584758669079266,0.7340062616826637,-0.7217649829080173,0.6916806361139534,-0.025163606116527504,-0.6919101778868886,-0.7201169937561362,0.051882762456894986,0.017765561750836906,0.05485811634228376,0.9983361016646917,180,180,81,97,180,180,81,97,230227_162401
0,0,0,0,-0.24497953562042252,0.026547509382452317,0.41090772113861895,-0.6912349475410025,-0.7217716663594756,0.035212340715351995,0.7221585446839186,-0.6882032381179164,0.0697376468202074,-0.026101410651393098,0.07363399136731194,0.996943705370231,75,170,180,92,75,170,180,92,230227_162401
0,0,0,0,-0.37848352194252555,-0.4762485529225792,0.39816979441602407,0.009345051103045779,-0.9834705275814102,0.18082696535258283,0.9957688507295086,0.025684595408821054,0.08823093264564234,-0.09141698932209578,0.17923733689560295,0.9795493408327403,86,137,180,180,86,137,180,180,230227_162401
0,0,0,0,0.5096757033047504,-0.4245323125811036,-0.2907987222181765,0.0014334032682528097,0.9999938451772127,-0.0032023370781281667,-0.9946409171598568,0.0017567734698350557,0.10337485022177229,0.10337983974870889,0.0030369976402814703,0.994637313486109,147,84,166,180,147,84,166,180,230227_162401
0,0,0,0,-0.3721185279312059,-0.4892685712749142,0.382991915277509,0.016421034055671482,-0.9737393469232042,0.22707275022361,0.9997808201089343,0.0189403965521292,0.008920376715948378,-0.012986969733114303,0.22687649863311,0.9738369437360299,180,106,75,170,180,106,75,170,230227_162402
0,0,0,0,-0.2459288001249268,0.025955592298266383,0.41148001556961944,-0.6931330544333898,-0.7199483528445996,0.035226951162271654,0.7203442254341523,-0.6901018070550813,0.06974018054883274,-0.02589914545909231,0.07371475520994182,0.9969430119765257,180,180,81,97,180,180,81,97,230227_162402
0,0,0,0,0.4936510744437144,-0.42345260249456473,-0.291295212206339,0.007541932687377129,0.9995225210305554,0.029964131959108128,-0.9986567097110509,0.005992494898869607,0.05146713664062756,0.0512630022573501,-0.030312043111786296,0.9982250671276253,75,170,180,92,75,170,180,92,230227_162402
0,0,0,0,-0.24560134556781388,0.0260528392100694,0.41207545623282327,-0.6904096401885799,-0.722219506666015,0.04163547676890415,0.7228487250349858,-0.686438122213246,0.07932480751725675,-0.02870974486078997,0.08486276311464372,0.995978946557896,86,137,180,180,86,137,180,180,230227_162402
0,0,0,0,0.4870419308441355,-0.4305636400839383,-0.2916694796087802,-0.0011689374536587225,0.9972593914997206,0.07397526377672327,-0.9950334412508397,-0.00852303469891482,0.09917564555894226,0.0995343376817331,-0.07349193115660689,0.992316407038164,147,84,166,180,147,84,166,180,230227_162402
0,0,0,0,-0.42418410678592755,-0.7599553373390547,0.6722188775107716,-0.7194277615682539,0.6943318614441824,-0.01808209247705126,-0.6938766878962166,-0.7196294915446745,-0.025856080393785362,-0.03096510744479158,-0.006054839602420419,0.9995021265801897,180,106,75,170,180,106,75,170,230227_162403
0,0,0,0,-0.39263161424216425,-0.5044713334081405,0.2900563447427038,0.0037685441176350523,-0.9924019170106692,0.12298062119204442,0.9938220273754129,-0.009924528813542369,-0.1105408595554209,0.11092148564933463,0.12263742838700127,0.9862334841101106,180,180,81,97,180,180,81,97,230227_162403
0,0,0,0,-0.24692870160378289,0.025438291787791667,0.4121319640390366,-0.6919488362181159,-0.7212194059126776,0.03239408265962316,0.7213307896207286,-0.6888095227779675,0.0722726315801887,-0.029811071794404485,0.07337581253623734,0.9968587112189551,75,170,180,92,75,170,180,92,230227_162403
0,0,0,0,0.4632684632943251,-0.43634392529736393,-0.2941833790192867,0.024866046611677236,0.9976897354541089,0.06322081536500115,-0.9946552660213814,0.01835182398171983,0.10160763914430405,0.10021268134243798,-0.06540949721602864,0.9928136865354472,86,137,180,180,86,137,180,180,230227_162403
0,0,0,0,-0.4167621214301569,-0.6305716782372687,0.7777858064012713,-0.7362429731683806,0.67671345544577,0.0022767693843025447,-0.6723903108708725,-0.7319111039951923,0.11044186568285867,0.07640388934573224,0.07978116987851834,0.9938799779780555,147,84,166,180,147,84,166,180,230227_162404
0,0,0,0,-0.4268708984994979,-0.7413183862087682,0.6741479793603051,-0.7314641067290927,0.6818558564079266,-0.005731635824359903,-0.6809979350055956,-0.7309195448594673,-0.044703819305992674,-0.034670925645634204,-0.028796007095443468,0.9989838421567357,180,106,75,170,180,106,75,170,230227_162404
0,0,0,0,-0.2428561329976029,0.023081119990006504,0.4089195336346172,-0.6913673342000664,-0.7215663557170697,0.03678591440050647,0.7222140767399315,-0.688753297471088,0.06344858218581698,-0.02044594237939688,0.07043358233037804,0.9973069105948922,180,180,81,97,180,180,81,97,230227_162404
0,0,0,0,-0.41947866691894375,-0.39240619563523427,0.3788735334509128,0.01837550950221714,-0.9954442500221656,0.09355792723410544,0.9921840315504549,0.029706039281415356,0.12119570440612847,-0.12342280253997073,0.09059964860869621,0.9882097527777997,75,170,180,92,75,170,180,92,230227_162404
0,0,0,0,-0.4377963677256383,-0.6631064391350578,0.7251231013945854,-0.7415431038639227,0.670837079244672,-0.009562333519477327,-0.6706166047678066,-0.7407307716915833,0.03989101752138335,0.0196772589950881,0.03599356858758599,0.9991582800031089,86,137,180,180,86,137,180,180,230227_162405
0,0,0,0,-0.7749082660041787,-0.21029740432791627,-0.7089288860296488,-0.7167092590408247,-0.6926064646806191,0.08138871597319627,0.6839422952609384,-0.7208973825254826,-0.1119370386472097,0.13620122891644895,-0.024561126817017432,0.9903766840405359,147,84,166,180,147,84,166,180,230227_162405
