0,0,0,0,0,0,0,1,0,0,0,1,0,0,0,1,150,150,150,140,150,150,140,140,221208_153148
0,0,0,0,-0.00010017677347858023,9.0778590626589e-05,-0.0001188925465762658,0.9999149979590997,-0.002039478877721789,0.01287778639213635,0.0019973063447486007,0.9999926036977212,0.00328684000476851,-0.012884394584899716,-0.0032608397321927185,0.9999116757496241,90,150,150,90,90,150,90,90,221208_153148
0,0,0,0,-0.0003817522839961174,-0.0007771760902821889,0.0007412832880768772,0.9999326985159283,0.00803239533990859,0.00837132389516887,-0.00811776166731451,0.9999148857223538,0.010213875677993646,-0.008288569488584259,-0.010281144681223217,0.9999127950375857,70,100,140,120,70,100,120,120,221208_153148
0,0,0,0,-0.000650739369414205,0.00024464338597215973,0.0006235454379823757,0.9999780433453882,-0.005292750753085389,-0.003987432331113911,0.005338909255442089,0.9999178171627396,0.011655683955170183,0.003925414002580075,-0.011676716574721642,0.9999241198285708,150,70,80,150,150,70,150,150,221208_153148
0,0,0,0,-0.00010968786026422511,0.00014976322144510945,0.000774332050658022,0.9999012252947137,-0.014015392926597037,-0.0010528130139270569,0.014025162094431855,0.999852344936658,0.009928904919012667,0.0009135000569839696,-0.00994269006753092,0.9999501529735705,110,70,110,130,110,70,130,130,221208_153148
0,0,0,0,-0.003510701663888255,0.000509614559342314,0.00014642084955684975,0.99990678112366,-0.013143217225238077,-0.0036993112722869623,0.01316090137770046,0.9999018832576871,0.0047973464182194964,0.003635895741836775,-0.004845585485797069,0.999981650113368,100,150,150,100,100,150,100,100,221208_153148
0,0,0,0,-0.001973212099463495,-0.0004452676122415067,-0.00015226334017637289,0.9998338354616405,-0.017224591489258794,-0.005967823229015281,0.017327581010973595,0.9996939205603224,0.017658429461283202,0.005661837367212736,-0.017758903196963743,0.9998262673859235,120,150,150,110,120,150,110,110,221208_153149
0,0,0,0,-0.001820350816291734,0.000530174817231055,0.0006535170867965068,0.9997605670571889,-0.020857013329226508,0.006617669716168459,0.020713571134447474,0.9995638201360595,0.02105035500567275,-0.007053830756830339,-0.020908239284816534,0.9997565148583243,150,70,130,150,150,70,150,150,221208_153149
0,0,0,0,-0.002041503720165219,0.0006640447072968625,0.000637315182486109,0.9998397726118923,-0.0171487489161343,0.005133177769270317,0.017043597619920692,0.9996572585076052,0.019871620296998165,-0.005472191843290935,-0.01978094850276983,0.9997893624122838,140,70,100,150,140,70,150,150,221208_153149
0,0,0,0,-0.0020688789847786576,-0.0004761982646354912,0.0006687449816069613,0.9997654958320111,-0.021027299819060364,-0.005177451698640108,0.02115849293555377,0.9994183939952633,0.02674307238563466,0.004612105860507365,-0.026846348098885486,0.999628932190983,90,150,150,120,90,150,120,120,221208_153149
0,0,0,0,-0.0021708540589477007,0.00035160281176468966,0.00027355387260319386,0.9998650635793394,-0.014901478206574182,-0.006913796405904467,0.015063070632060218,0.9995998899772051,0.02394084085183013,0.00655427620846631,-0.024041753364055878,0.999689469564707,70,150,150,90,70,150,90,90,221208_153149
0,0,0,0,-0.0009086613846250591,0.0011921503075382756,0.0007833826859997561,0.9995560952452498,-0.029791887994564618,0.00023636367823818614,0.029782527785673793,0.9993877298738939,0.018362091825268177,-0.0007832603428234126,-0.01834690129758541,0.9998313746407502,150,120,70,140,150,120,140,140,221208_153149
0,0,0,0,-0.00012341261997003694,0.002195651175552704,-0.0006226299369342936,0.9994451057007205,-0.033004434953688655,0.004493101853140601,0.032882954410090495,0.9991501048267138,0.024855167149509954,-0.005309613935011639,-0.02469362869555466,0.9996809654593345,150,90,70,150,150,90,150,150,221208_153149
0,0,0,0,-0.001698478721174318,0.002353323185387224,-6.116003710276985e-05,0.9997039002716057,-0.021879052796890616,0.010649827719284216,0.02179645672628138,0.9997319163408579,0.007810884944443953,-0.010817867438589923,-0.007576443634507618,0.9999127818194615,70,120,150,140,70,120,140,140,221208_153150
0,0,0,0,-0.0017371163639822232,0.0015344852638547457,0.0008098190850361897,0.9998068400627406,-0.019652190262303724,0.0002719956815523441,0.0196493269420533,0.9997738089214196,0.008138485453758518,-0.000431873223140008,-0.008131568892345202,0.9999668449868067,90,150,150,70,90,150,70,70,221208_153150
0,0,0,0,-0.0003244251094945416,0.0020213873069505617,0.0009032614156029295,0.9994055893446883,-0.034465906158553355,-0.0007545192280668132,0.03447341255470676,0.9992889248739881,0.015271818851132286,0.00022762563281805085,-0.015288751971910909,0.999883094291384,90,70,90,90,90,70,90,90,221208_153150
0,0,0,0,-0.0020144630285978127,0.0014852656433226863,0.000147030313850105,0.9992879388120911,-0.03626423854466285,0.01041730999141526,0.035892748101969366,0.998781446199359,0.033872309658550696,-0.011632969456249125,-0.0334742846180762,0.9993718758755112,150,90,90,150,150,90,150,150,221208_153150
0,0,0,0,-0.0027790999055570392,0.0021112369461366853,0.0006120658622312813,0.9994132141262255,-0.03291760147704929,-0.009468840630434698,0.03306394335012049,0.9993293259436894,0.01573766053360935,0.008944444087054106,-0.01604150310691818,0.9998313193224366,150,150,90,110,150,150,110,110,221208_153150
0,0,0,0,-0.003353471273295959,0.0024087644143833686,0.0010781001526859457,0.9997910397435882,-0.01992812087416759,-0.004554870674272878,0.01997191234484323,0.9997527074955104,0.0097799065785629,0.004358849128460586,-0.009868832444625407,0.9999418015967005,70,150,150,80,70,150,80,80,221208_153150
0,0,0,0,-0.0032715738180322113,0.001546918205564879,0.002309885535625056,0.9995314359549902,-0.030475444469530932,-0.002855840006004493,0.030510544039257553,0.9994475457300853,0.013179910338721557,0.002452598659357863,-0.01326086793889282,0.9999090629358869,70,130,140,90,70,130,90,90,221208_153150
0,0,0,0,-0.0022243920140588083,0.0021705082055540614,0.0004747214243268072,0.9991867039257618,-0.04011164719793289,-0.004121462973227659,0.04020227854881408,0.9988797765844619,0.024959341538962423,0.003115685711795207,-0.025104734406951542,0.9996799711972336,150,70,130,150,150,70,150,150,221208_153150
0,0,0,0,-0.002366483256270528,0.0024886100688513157,0.0007557838700098518,0.9987321665952542,-0.05014319763940084,-0.0044406236550723795,0.050219004935181534,0.9985569477649995,0.019028232013727175,0.003480079204589472,-0.019227111086796315,0.9998090853998006,150,130,90,140,150,130,140,140,221208_153151
0,0,0,0,-0.004196651136399089,0.0021773162653858646,-0.00014974182292692984,0.9988585986934616,-0.04753385028986444,-0.0046939208296226855,0.04763467512353022,0.9985664142804821,0.024414217105935603,0.003526689950895003,-0.0246099440804075,0.9996909087864855,70,150,150,80,70,150,80,80,221208_153151
0,0,0,0,-0.003590330446374572,0.0026424777698196844,0.0014722032186399447,0.9984974229765576,-0.05479106379233195,-0.0009141321988751772,0.05479868857558313,0.9983603920745986,0.016541803621410826,6.290363016086502e-06,-0.016567041533046254,0.9998627571298341,100,150,150,110,100,150,110,110,221208_153151
0,0,0,0,-0.00281211445986132,0.003671727739503222,-0.0005153936392467973,0.9976207898117994,-0.06888941243341927,0.0026473741444041883,0.06879398126277474,0.9972699694659468,0.02683274386650757,-0.004488638691095034,-0.026586779721637553,0.9996364315423554,150,70,110,150,150,70,150,150,221208_153151
0,0,0,0,-0.003407793214057951,0.0037230047101433628,0.0006938782410662592,0.9976924019562345,-0.0678958808611641,0.00014297162425634557,0.06787784208442191,0.9974716484375367,0.021045406084583888,-0.0015715065259204952,-0.020987137141339207,0.999778510692168,150,70,70,150,150,70,150,150,221208_153151
0,0,0,0,-0.003768954874931202,0.0028154314904323963,-0.00012854360728753456,0.9978763000963062,-0.06513098961117962,-0.0009186394150964431,0.06513221141993737,0.9975173787729149,0.026774504319627225,-0.0008274911813016368,-0.026777476323984986,0.9996410765970271,80,140,150,130,80,140,130,130,221208_153151
0,0,0,0,-0.0050394486133468405,0.004420533714188157,-0.0004716069885035701,0.9979365301807975,-0.06397477665752267,0.0054689745226347165,0.06391892083181257,0.9979065657468638,0.009841625830974908,-0.006087141398523021,-0.009471746983557364,0.9999366143504665,110,150,150,90,110,150,90,90,221208_153151
0,0,0,0,-0.00408816641592373,0.0038090556762034322,-0.0008903938072559736,0.9980618073577795,-0.06219887718241194,0.001982011848820837,0.06215811209322834,0.9979311265071474,0.016426681015328456,-0.002999632432031366,-0.016271644828379613,0.9998631085202873,120,70,70,120,120,70,120,120,221208_153152
0,0,0,0,-0.0036130323553395377,0.0037927690180824536,-0.0009450237419356133,0.9977432514956011,-0.06707931052963842,0.0029614513084171836,0.06700619673618312,0.9975478989888437,0.020207890090132345,-0.004309720865174093,-0.01996385037539816,0.9997914137380121,150,80,110,150,150,80,150,150,221208_153152
0,0,0,0,-0.003626781126805846,0.0038752750760849275,-0.0009136086217453876,0.9977250355426541,-0.06740374439952788,0.001220119802212275,0.06736892897795732,0.9975504878918984,0.018826882774312617,-0.0024861334983430476,-0.018701854120858764,0.9998220140568372,150,150,70,70,150,150,70,70,221208_153152
0,0,0,0,-0.0036813699122254795,0.0036689570713276387,-0.00037572179501033087,0.9977762111498425,-0.06665083035476219,-0.0005470616833781407,0.0666513564637127,0.9976579261440168,0.01537072163449319,-0.00047869093557895696,-0.01537300279837036,0.999881713824165,90,150,150,90,90,150,90,90,221208_153152
0,0,0,0,-0.0036602137927270045,0.0037989610593897605,-0.0006564158033149914,0.997656099804888,-0.0683212491851943,0.003809649836042363,0.06824285094722729,0.99750845537664,0.017882805895708027,-0.0050219335612075745,-0.017580909017557884,0.9998328319381311,150,150,80,70,150,150,70,70,221208_153152
0,0,0,0,-0.0036873902790279037,0.00372263350769389,-0.0004465021939915603,0.9976928024430751,-0.06788521284154371,0.0008184318793086425,0.06786129467617315,0.997547759919661,0.017126335397251356,-0.001979049811489239,-0.017031281711129838,0.9998529985978538,150,80,80,150,150,80,150,150,221208_153152
0,0,0,0,-0.003699562897129992,0.0038315489221743826,-0.0006517611434586623,0.9977312991289728,-0.06732079928814153,-0.00040585911032786095,0.06731752334092783,0.9975767894525324,0.01757555679972185,-0.0007783249034404982,-0.01756300454883446,0.9998454555987951,130,90,90,120,130,90,120,120,221208_153152
0,0,0,0,-0.0036881288467988035,0.0037458352062028077,-0.0004776177525677161,0.9977134788218064,-0.0675827168526381,-0.000624948081552498,0.0675834383868637,0.997564760960958,0.01723445806270732,-0.0005413253157736837,-0.017237287249517,0.9998512803888286,70,150,150,90,70,150,90,90,221208_153152
0,0,0,0,-0.003678122223069749,0.0037033058811324626,-0.00044936906506831686,0.9977692567438038,-0.0667485369779798,-0.001069162390173037,0.06675709880043999,0.9976430827567216,0.015867236287794916,7.5276548055418785e-06,-0.01590321473676609,0.9998735358555955,70,140,150,110,70,140,110,110,221208_153153
0,0,0,0,-0.0032991443039959364,0.003521408044459301,0.0005889485131883587,0.9977475546389769,-0.06681296109613548,-0.0059871062716105655,0.06688996272203294,0.9976656638090797,0.013746131944351524,0.005054710573941546,-0.014115646848542662,0.9998875928898512,150,80,70,150,150,80,150,150,221208_153153
0,0,0,0,-0.0023673194938382616,0.0034465782282754043,0.0014987270063424596,0.9972758386172309,-0.07372346664571128,-0.002398369453769804,0.07375103880770804,0.9971664534886973,0.014827282676141109,0.001298454882550306,-0.014963773003923556,0.9998871933935373,150,70,110,150,150,70,150,150,221208_153153
0,0,0,0,-0.004677209343972144,0.0034544828213925183,-0.00028956777019339963,0.998614844862946,-0.052615459431262196,7.10506214153993e-05,0.05260756979805538,0.9984867381777417,0.01602115111706306,-0.0009139033298645079,-0.015995221536766666,0.9998716505975621,70,150,140,70,70,150,70,70,221208_153153
0,0,0,0,-0.00363322323235922,0.002922306733910862,-0.00027537106514996523,0.9984543590724698,-0.05477788968243741,-0.009395512286337913,0.05493528520876461,0.998338238782081,0.01740331648062994,0.00842658223811349,-0.01789256234953506,0.9998044053335394,80,150,150,70,80,150,70,70,221208_153153
0,0,0,0,-0.0030784775284364366,0.0037049014729921836,-0.0005663738913151972,0.9981983515874854,-0.059947771899102734,0.0025130722951295457,0.059897814030471515,0.9980653128322508,0.01666982889632813,-0.00350752938668269,-0.016489268188581492,0.9998578905385538,140,90,150,150,140,90,150,150,221208_153153
0,0,0,0,-0.0027555233084106817,0.0035744416879747443,-0.00021687296372274734,0.9981380808954653,-0.06096887769729976,-0.0017797243181087521,0.060989690669556375,0.9980081639977563,0.01612334412761841,0.0007931572029496084,-0.016201868600797076,0.9998684265219568,150,80,90,150,150,80,150,150,221208_153153
0,0,0,0,-0.002863822702763273,0.0034716981510691525,0.00034088706089541176,0.9981182602941586,-0.06130398255043195,-0.0013267218314498268,0.061316175270085864,0.9980311047584051,0.013200022157759539,0.0005148957271243941,-0.013256532660299117,0.9999119957397333,90,110,100,70,90,110,70,70,221208_153154
0,0,0,0,-0.0028729181872670165,0.003440070233409337,0.00047833933697338793,0.9981119013437472,-0.06139534156631868,-0.001801230114140349,0.06141337976173454,0.9980308940106538,0.012756621282070255,0.0010144861802895257,-0.012843155151607628,0.9999170086479886,90,150,150,70,90,150,70,70,221208_153154
0,0,0,0,-0.002881043646870196,0.0034224148218949813,0.0005239336948439366,0.9981399130810104,-0.06078492116103393,-0.0046805207059912824,0.06084126604379278,0.9980625222321731,0.013020831837499873,0.0038799820644880665,-0.013281380764021503,0.9999042707500455,90,90,70,80,90,90,80,80,221208_153154
0,0,0,0,-0.0028778458353363387,0.003502306067522415,0.000398385274373525,0.9982441181910968,-0.058662206763861566,-0.008211333294499537,0.05877233767721709,0.9981748684906971,0.013883235845234257,0.007381925279665775,-0.01434145777712944,0.9998699064218266,150,70,90,150,150,70,150,150,221208_153154
0,0,0,0,-0.002901789497202177,0.0034193994081655466,0.000594109634502793,0.9982062250623175,-0.059530976919238615,-0.006355708762883099,0.059601768718341726,0.9981548362483831,0.011599656874597956,0.005653442533785218,-0.01195766118453737,0.999912522637112,100,70,140,150,100,70,150,150,221208_153154
0,0,0,0,-0.0029329642874378753,0.0034220932375003954,0.0006106198282831432,0.9981216150755523,-0.0612161861684671,-0.0024124821156226266,0.06123971057528783,0.9980588245703773,0.011326100204860296,0.0017144584059119365,-0.011452565135511692,0.999932947444073,80,150,150,80,80,150,80,80,221208_153154
0,0,0,0,-0.0029585325159415254,0.003311547330918041,0.0009049280940411908,0.9981317798974623,-0.06102956773841513,-0.0028882209725505084,0.06105703154990568,0.9980776123306232,0.010635725772849963,0.002233574945665092,-0.010792202095200374,0.9999392679142561,90,120,120,70,90,120,70,70,221208_153154
0,0,0,0,-0.0026896755834484865,0.0030481525323427516,0.00011321151858878498,0.9978122729832009,-0.06610785242783636,-0.0006478668674465141,0.06609678349106494,0.9973459832663406,0.030532030306400663,-0.0013722595358786377,-0.03050805647489054,0.9995335789226348,150,70,70,150,150,70,150,150,221208_153154
0,0,0,0,-0.0038681429731123873,0.0020208763535017604,-0.00020867100503307867,0.9981123990374808,-0.06141357838716975,0.00010619476000313518,0.06137019295687145,0.9974693574694362,0.03589680105449942,-0.0023104770244360777,-0.035822525025365266,0.9993554965059864,140,90,70,140,140,90,140,140,221208_153155
0,0,0,0,-0.004768026416189904,0.005291088360626278,-0.00045582481008110687,0.9976743866605016,-0.06802489596640614,0.004293219112817853,0.06800618710718348,0.9976753592009123,0.004363044633417033,-0.004580034577793752,-0.004060932416338342,0.9999812658801044,130,150,150,70,130,150,70,70,221208_153155
0,0,0,0,-0.004836137530997681,0.004571205177652499,-0.00010606542616098391,0.9977141090199396,-0.06721817189228176,0.0069479514971442675,0.06707855858044683,0.997572796088389,0.01868109962403793,-0.008186796767758107,-0.018172338095394484,0.9998013515128044,90,140,150,130,90,140,130,130,221208_153155
0,0,0,0,-0.007301355221100779,0.003066151972675818,-0.0008876119834014817,0.9979323418796688,-0.0638084647409748,0.0077149762125058845,0.06350215611371225,0.9973690885749096,0.03496251312711434,-0.009925583079571448,-0.034400304979079775,0.9993588453693082,150,70,110,150,150,70,150,150,221208_153155
0,0,0,0,-0.005966428488124807,0.005708994628458919,-2.130758055052251e-05,0.9975356070682333,-0.07015764872757357,0.0007854654851417827,0.0701329313382572,0.9973816625537586,0.017640610630115596,-0.0020210326353768413,-0.017542050237028737,0.9998440837953526,150,90,70,150,150,90,150,150,221208_153155
0,0,0,0,-0.006569182249352948,0.004792943757339713,0.0005319456693138047,0.9977965161648772,-0.06623927638449273,-0.003804023303350147,0.06628285259225142,0.9977190362637393,0.012779206907668927,0.0029488610458116332,-0.01300318964769564,0.9999111066877487,140,150,150,120,140,150,120,120,221208_153155
0,0,0,0,-0.005971158209911898,0.005068322659759289,-0.00013989285208826363,0.9975860707653599,-0.06907975238057036,0.0070724271625211945,0.06900324677949402,0.9975607162739744,0.010543684405516628,-0.007783530613952138,-0.010030212260664128,0.9999194024986152,70,150,150,90,70,150,90,90,221208_153155
0,0,0,0,-0.005610748093451648,0.004446846553549599,-5.239726198691397e-05,0.9976831076739683,-0.06799439952973725,0.0022755866504751746,0.06793769636856944,0.9975007239886771,0.019410694325474768,-0.0035897178364638987,-0.01921112372182891,0.999809005086071,130,90,70,120,130,90,120,120,221208_153156
0,0,0,0,-0.005853377029001933,0.004701694129985889,-0.000550479058526232,0.9975391642327176,-0.06999113900973097,0.004105640268153006,0.06989750003838933,0.9973597748320517,0.019693121523596865,-0.00547314445948003,-0.01935768599498131,0.9997976418669157,150,80,80,150,150,80,150,150,221208_153156
0,0,0,0,-0.005949545897159354,0.00453721650248079,-0.00013765464170922836,0.9975708193473516,-0.06964848611972208,0.001244495031838743,0.06961019508406772,0.9973769192205385,0.019841918921944566,-0.0026231902354642792,-0.019707089774440606,0.9998023552110741,90,110,100,70,90,110,70,70,221208_153156
0,0,0,0,-0.005946681262431738,0.004639675869824084,-0.00029257757163392295,0.9976472068906855,-0.06852966305919579,0.0019328383805583193,0.06848727298129192,0.9975080547398576,0.01694621399282471,-0.003089340188174579,-0.016773968227515604,0.9998545344034321,110,150,150,70,110,150,70,70,221208_153156
0,0,0,0,-0.005923724199236313,0.004727627565749126,-0.0004253170931100003,0.9975640848808753,-0.06966496108596319,0.003562267911242609,0.0695914080949752,0.9974178660169983,0.017737995079933084,-0.004788786395199001,-0.017446883589580124,0.9998363234939371,150,140,150,150,150,140,150,150,221208_153156
0,0,0,0,-0.0059724564121481985,0.004583477090275678,-9.235382078554011e-05,0.9975815672056093,-0.0694784725657078,0.001938716466160832,0.06943494493488594,0.9974375601544374,0.017236647442352485,-0.0031313245582869713,-0.01706034709784042,0.9998495583653632,150,70,90,150,150,70,150,150,221208_153156
0,0,0,0,-0.005938873143718687,0.004752276441240516,-0.00048578403259225134,0.9975160546468061,-0.07028047638371471,0.00473026015643743,0.07017843519100436,0.9973519580048735,0.01908033275358121,-0.006058709104376803,-0.018700975993875338,0.999806764100376,150,140,90,90,150,140,90,90,221208_153156
0,0,0,0,-0.005940165179722949,0.004774363545111654,-0.0005132001230337968,0.9975985571157051,-0.06923596239690993,0.0018709226698531433,0.06919099264212268,0.9974394157540938,0.01808918011766429,-0.0031185538091569945,-0.017916288988104354,0.9998346269313911,110,150,150,70,110,150,70,70,221208_153157
0,0,0,0,-0.005997999177677647,0.0043142516859998314,8.4853469715096e-05,0.997666268168481,-0.06825625191532701,-0.0017610886540661984,0.06827894872317401,0.9973530550134788,0.02499737619307171,5.0199942625975354e-05,-0.025059284302453664,0.9996859655662945,110,130,110,70,110,130,70,70,221208_153157
0,0,0,0,-0.008677950987701438,0.0028661548986084195,-4.985525842082783e-05,0.9979545766400214,-0.06296374895569114,0.011055735193987256,0.06259403900481728,0.9975545805883734,0.031094131732797032,-0.012986502388953106,-0.030338507949433255,0.9994553145044074,150,70,70,150,150,70,150,150,221208_153157
0,0,0,0,-0.008919573218182646,0.004728397478957952,-0.0008544505375384093,0.9984760552661751,-0.05515359755123536,0.0019099050378754711,0.05507585860116717,0.9980664081673458,0.02881136385658858,-0.0034952624281416153,-0.028662267270557453,0.9995830418606897,150,110,70,140,150,110,140,140,221208_153157
0,0,0,0,-0.009743584327641754,0.006309145855782322,-0.0003558804137290261,0.9988014666104524,-0.0481820180610396,0.008609496638845237,0.04816021331410559,0.9988359136949791,0.002722382532775109,-0.00873064432607805,-0.0023044844717569346,0.9999592317694611,70,150,150,110,70,150,110,110,221208_153157
0,0,0,0,-0.010240555271029184,0.005468403450512166,0.0003141645696080886,0.9988841262407102,-0.04699777260009532,0.004659583131762918,0.04693474912531255,0.9988156851917126,0.012820153647774401,-0.005256583384295955,-0.012587151609411248,0.9999069616446751,100,150,150,100,100,150,100,100,221208_153157
0,0,0,0,-0.009892353702230045,0.006712783322642829,-0.00042142496468999813,0.9986565951994915,-0.05171854999479005,0.0031931882179797315,0.05166786623230875,0.9985617274283818,0.014314611913905581,-0.003928926514875121,-0.014130396373842028,0.9998924419330105,150,100,100,150,150,100,150,150,221208_153157
0,0,0,0,-0.010322826307493108,0.0064942783284345496,0.00036489362558389526,0.9987655804979058,-0.04963805691257251,0.0018380747058586856,0.049600287860237215,0.9986278076999076,0.016802176426224894,-0.002669579903600347,-0.01669026645744767,0.9998571439704362,150,110,90,150,150,110,150,150,221208_153157
0,0,0,0,-0.009476518401515852,0.006985460808858923,0.00041750730711132,0.9986131846621525,-0.052644749551265704,-0.00048761008896733787,0.05264643269305598,0.9985161586878945,0.013922426651493819,-0.00024605611124063273,-0.013928789748402936,0.9999029594278311,120,150,150,110,120,150,110,110,221208_153158
0,0,0,0,-0.009534347033591975,0.0067559561899957765,-6.367632405290813e-05,0.9987029097676575,-0.05022553714690631,0.008360229657018187,0.05008384633548023,0.9986108037980486,0.016372870061723502,-0.00917095185121777,-0.01593292051441981,0.999831003563114,100,150,150,100,100,150,100,100,221208_153158
0,0,0,0,-0.01013608349697688,0.006390773576243347,0.0004921619351386797,0.9985102353915202,-0.054489444260943445,0.0028653590531338845,0.05442823587792636,0.9983502203244108,0.01828673610617326,-0.003857065929776654,-0.0181035367354989,0.9998286778243959,110,70,140,150,110,70,150,150,221208_153158
0,0,0,0,-0.01037133712144301,0.0064925310307965,0.0005151071364856152,0.9986055578061607,-0.05278283486401704,-0.000955124266364174,0.05279146479815605,0.9984302088442839,0.01871307862495454,-3.4104418120088687e-05,-0.018737406727629063,0.9998244388021389,150,70,90,150,150,70,150,150,221208_153158
0,0,0,0,-0.009657493409282708,0.006195492415308007,-0.00065539025452932,0.9982913114231434,-0.05842130255870538,0.0011869896396834554,0.05837293125421507,0.9979767481521757,0.025199425477555572,-0.0026567713208314313,-0.02508707944246224,0.999681739360681,140,130,150,150,140,130,150,150,221208_153158
0,0,0,0,-0.010061460089030715,0.006506592970317915,2.129483602386628e-05,0.998479622094896,-0.05488140798496011,-0.005145417263919331,0.05494705037933778,0.9983962770766671,0.013627016330109026,0.00438929559747265,-0.013889023617191716,0.9998939089259016,80,150,150,70,80,150,70,70,221208_153158
0,0,0,0,-0.009594223280314985,0.00670127577387411,0.0010652852652034417,0.9985618501946609,-0.053559534173746925,-0.00236804453200179,0.05359051745397372,0.9984363395639972,0.015903844725740638,0.0015125391993741312,-0.016007877346368524,0.999870721687576,140,150,110,70,140,150,70,70,221208_153158
0,0,0,0,-0.009264055683221722,0.006218842464408986,0.0003911843567913076,0.9985553432266567,-0.05369831443050519,-0.0019280925331024627,0.05372992394194245,0.9982354824911778,0.025278780999052664,0.0005672624495621321,-0.025345858102017307,0.9996785811901673,150,80,70,150,150,80,150,150,221208_153159
0,0,0,0,-0.009240653269120443,0.006458803177795208,0.0002068537507079471,0.9985641591306732,-0.05317061046558908,-0.006519684222962494,0.05331752720561387,0.998266346523952,0.02493075791866307,0.005182797731841505,-0.025242574758470117,0.9996679203751783,130,90,90,120,130,90,120,120,221208_153159
0,0,0,0,-0.009260281985114728,0.006541728920959999,7.55563061022313e-05,0.9985307028454198,-0.054188848065518366,6.496433189504493e-05,0.05416950225178003,0.9982048493599884,0.025548850071897684,-0.0014493104659278296,-0.025507792133661583,0.9996735727424424,70,150,150,70,70,150,70,70,221208_153159
0,0,0,0,-0.009348286003508205,0.006279591202276336,0.0007503206810000052,0.9985567104236511,-0.05352830254924326,-0.0043837078019595965,0.05361366669635808,0.998308882078773,0.022471108250401724,0.0031734541540899895,-0.022673702583083526,0.9997378818469899,70,130,140,90,70,130,90,90,221208_153159
0,0,0,0,-0.009323520645710771,0.006390897197615958,0.00048602318951429524,0.9986047100361279,-0.05275964756217092,-0.002247817336227437,0.05279768743890133,0.998335003318614,0.023229837492463688,0.0010184766887933498,-0.02331610469048623,0.9997276238892755,150,70,120,150,150,70,150,150,221208_153159
0,0,0,0,-0.00928866094630331,0.0064533922314898295,0.00037586528969146826,0.9985746105101259,-0.05327247748075077,-0.0032848725411627993,0.0533365264092319,0.9982835351418524,0.024190874628294536,0.0019905263490069243,-0.024331596900891518,0.9997019611849856,150,110,80,140,150,110,140,140,221208_153159
0,0,0,0,-0.009293879766022847,0.006383964260625874,0.0005328122624076448,0.9985878732019408,-0.05284544971030862,-0.005442236575128213,0.05295614176105257,0.9983379430233921,0.022737602547443694,0.004231612435906269,-0.022993694021132507,0.9997266543868152,70,150,150,90,70,150,90,90,221208_153159
0,0,0,0,-0.009282602703870838,0.006440217593083525,0.00043015396338175194,0.9985477500759113,-0.05385726385573979,-0.0013363937696988589,0.05387363254472322,0.9983057260776016,0.021984289779492096,0.0001501158572496395,-0.022024359483212744,0.999757423105517,90,150,150,70,90,150,70,70,221208_153159
0,0,0,0,-0.009152648800502865,0.007190743719874576,-3.897412024100877e-05,0.998225562776615,-0.05938925653227524,0.004317641468843426,0.05930744776991285,0.998093366393411,0.017095572540497893,-0.005324702651691471,-0.016809169224324384,0.9998445376015508,140,70,150,150,140,70,150,150,221208_153200
0,0,0,0,-0.010832967359617168,0.005621480278776458,-0.0009353967773408911,0.998635443577501,-0.05091786185724732,0.011602679632464469,0.05045820611014937,0.9980421047744746,0.0369584433314191,-0.01346180771341683,-0.03632256104988096,0.9992494439787618,150,70,120,150,150,70,150,150,221208_153200
0,0,0,0,-0.011080288689095455,0.006431544293820202,0.0003086081859204892,0.9987623461358739,-0.049412879009968484,-0.0056695087185888934,0.04953629685987441,0.998478781503699,0.024213181953184868,0.004464441126762171,-0.024464060881911595,0.9996907414248628,150,150,130,90,150,150,90,90,221208_153200
0,0,0,0,-0.011039341329108242,0.006472155216378367,-0.00017769135521483737,0.9987274381613427,-0.05024265042888728,-0.004379536683442738,0.050316880288052084,0.9985541619324861,0.01891552921249598,0.0034228382606869144,-0.019111822654879925,0.9998114934391631,100,150,150,100,100,150,100,100,221208_153200
0,0,0,0,-0.010298464188098003,0.007305697366196712,-0.00018070881783716075,0.9987695112935167,-0.04923602487805419,-0.005939458284833751,0.049327008063339804,0.9986497975090391,0.016291967673471425,0.005129287087779102,-0.016564896297950823,0.9998496360076395,110,70,140,150,110,70,150,150,221208_153200
0,0,0,0,-0.009827201850055652,0.0072571378089792415,-0.00047685048454848555,0.9987245288562644,-0.05044888721930716,-0.0020555386560221775,0.050477561594373825,0.9985662744492534,0.01781604075051054,0.0011537921472134134,-0.017897075483756672,0.9998391687930662,150,70,90,150,150,70,150,150,221208_153200
0,0,0,0,-0.009949059998210517,0.007018983517729532,0.0002692916899104114,0.9986579505210252,-0.05176768949726315,-0.0015505435369268796,0.051784924384601215,0.9985499942397195,0.01470478188674865,0.0007870626570285997,-0.01476534212169409,0.9998906766264016,150,140,90,90,150,140,90,90,221208_153200
0,0,0,0,-0.009900853026504564,0.007134982889682506,-7.037434702694689e-05,0.9986628012666414,-0.051682290297031405,-0.0012450847032528993,0.05169591111645953,0.9985222143687679,0.016760673791075917,0.00037701472652453547,-0.016802627227464256,0.9998587548139741,80,150,150,70,80,150,70,70,221208_153201
0,0,0,0,-0.009921313509903891,0.0071208555595827505,-2.0976066390065995e-05,0.9986685636356855,-0.051438821154727435,-0.0038920025756995747,0.05149700391653167,0.9985332003833798,0.01671844250359074,0.003026316813885858,-0.016896609433170846,0.9998526621438806,140,150,110,70,140,150,70,70,221208_153201
0,0,0,0,-0.00993014673164274,0.00709006294107431,6.771245829706452e-05,0.9986692747386314,-0.05150754479410538,-0.0025792483981409596,0.05154429780395434,0.9985236286015278,0.01713909240115717,0.0016926478999934773,-0.017249230525486287,0.9998497882128923,150,70,70,150,150,70,150,150,221208_153201
0,0,0,0,-0.00988168229372901,0.007234945064775622,-0.00034693910095784375,0.9986190236326153,-0.052494763531296305,0.0020845720988867215,0.05245036505137643,0.9984699284185689,0.01751460104585648,-0.003000807394605987,-0.017381077228165467,0.9998444345543804,140,90,70,140,140,90,140,140,221208_153201
0,0,0,0,-0.009960945505141178,0.007009622834563883,0.00027500770702182376,0.9986909362779736,-0.05099374596467559,-0.004006453383468055,0.05104785642432486,0.9985862302538976,0.014820833370305951,0.003245019369015177,-0.015005952812100905,0.9998821386691011,70,150,150,80,70,150,80,80,221208_153201
0,0,0,0,-0.009948866624665632,0.0070782365260894375,0.00011325707596099299,0.9987261876531719,-0.05015512228965452,-0.0055195836682780984,0.05024034195296221,0.998599705098197,0.01656915864620111,0.00468082644527042,-0.01682535841827341,0.9998474869588291,90,150,150,70,90,150,70,70,221208_153201
0,0,0,0,-0.009982149138607142,0.006062474858368083,0.00020409798422327263,0.9988434465280691,-0.047837871258153225,-0.004827773960618473,0.04795471739215113,0.9984568134573506,0.02800601257642916,0.003480575780726075,-0.028205136661264,0.9995960963600019,150,120,100,150,150,120,150,150,221208_153201
0,0,0,0,-0.011014200288064505,0.005468747489015963,0.00017011879659312168,0.9989483571834684,-0.04574515360444696,-0.0030920223404597444,0.04582245296231268,0.9984030018386176,0.03304162108847173,0.0015755903544350095,-0.03314855715326162,0.9994491936430245,150,110,90,150,150,110,150,150,221208_153201
0,0,0,0,-0.010768721278177296,0.007665262206555362,3.306109623757436e-05,0.9989618701905651,-0.04548639271210066,0.002483945130134943,0.04543387891907816,0.9988017698558742,0.018187555611991195,-0.003308255089243861,-0.01805581930606554,0.9998315072238179,120,150,150,110,120,150,110,110,221208_153202
0,0,0,0,-0.010774063283066099,0.007205427905276451,0.00029315423678888397,0.9989792973862851,-0.04508255272654843,0.0028154632409539966,0.045019209958564385,0.9987952388212699,0.019527970777031597,-0.0036924420523391397,-0.019381288595443948,0.9998053468171043,70,150,150,100,70,150,100,100,221208_153202
0,0,0,0,-0.01051379774199588,0.007163962084657832,0.0016598577233166711,0.9983275518907792,-0.05780478720679815,0.0008400665091840407,0.05777461138792663,0.9981104287140447,0.020920477318623662,-0.0020477828832976917,-0.020836954389780272,0.9997807899319836,110,80,90,110,110,80,110,110,221208_153202
0,0,0,0,-0.008644156591271199,0.008172476161027703,-8.091504552421025e-05,0.9981883059831368,-0.0601136433623077,0.002540803066721805,0.06003994526025321,0.9979329775004004,0.02291238508602068,-0.003912898115256736,-0.022718325178005396,0.9997342481527008,150,70,90,150,150,70,150,150,221208_153202
0,0,0,0,-0.010339670092360184,0.008163085405916759,0.00011493316779453977,0.998444506839952,-0.05569977170007179,0.0024702618657025097,0.05563766639815876,0.9982405061660586,0.020502242001713675,-0.0036078856540166632,-0.02033291129891463,0.9997867552029371,150,140,90,90,150,140,90,90,221208_153202
0,0,0,0,-0.010301042458345379,0.00783759850926527,0.0002441559303316687,0.9987688873140477,-0.04948485910413533,-0.0034580996084684333,0.04953451661950846,0.9986416169208525,0.0161633108296471,0.0026535630254128613,-0.016314707265165672,0.9998633851332501,90,150,150,70,90,150,70,70,221208_153202
0,0,0,0,-0.010522897052087574,0.0065721412388942135,0.000714858810346497,0.9987623573172882,-0.049012075519621626,-0.008459908939969854,0.049303742568717106,0.9980360599183988,0.038641481225170325,0.006549394989717863,-0.03901076205121404,0.9992173266459364,70,120,150,140,70,120,140,140,221208_153202
0,0,0,0,-0.010158703586435308,0.006042898238339756,0.0002622195709000019,0.9985639190728026,-0.05354788620245025,-0.0016502754963326975,0.053571138190701265,0.9977722282151361,0.03975819104982119,-0.00048236803080639536,-0.03978950220662179,0.9992079677600815,150,90,110,150,150,90,150,150,221208_153203
0,0,0,0,-0.009837501844182556,0.009302275009127586,0.0004251168985698328,0.9982541025106362,-0.05897871613351798,0.003202790022047482,0.05893825654922508,0.9981951086519305,0.011524191004065702,-0.0038766913239442276,-0.011315304087932026,0.9999284650202617,150,130,90,140,150,130,140,140,221208_153203
0,0,0,0,-0.011270133482631166,0.008906381164242055,0.0002659780473974749,0.9988080111211901,-0.048776987862617825,-0.0018336780474173281,0.04879994240337635,0.9986832436917503,0.015822275144577017,0.0010595006175950798,-0.015892898551667724,0.9998731385701226,110,150,150,70,110,150,70,70,221208_153203
0,0,0,0,-0.011515074645616227,0.007835028436529667,0.0009419171747513388,0.9987253923332629,-0.050233478010082315,-0.004918169962595502,0.050324455320017766,0.9985212886671517,0.0205593111566044,0.003878131704047204,-0.020780610325520355,0.9997765381969037,70,150,150,90,70,150,90,90,221208_153203
0,0,0,0,-0.010777909777711904,0.007169579577055607,0.0006468671889330313,0.9980377814134108,-0.06222389647588959,-0.00698380832743408,0.06246751356980158,0.997120988594047,0.042983064730618734,0.004289128093587949,-0.04333498370355861,0.9990513913546235,150,100,100,150,150,100,150,150,221208_153203
0,0,0,0,-0.009877857871871364,0.009285080663648915,0.0005696531091754498,0.9974698884730455,-0.07105425488893799,-0.0022615153652054405,0.07108722024152864,0.9972157512153306,0.022524489924886364,0.0006547578954321246,-0.02262826529413469,0.9997437336147081,150,70,130,150,150,70,150,150,221208_153203
0,0,0,0,-0.010690165424474554,0.009141515653423526,0.0004583291054511829,0.9980279241263663,-0.06276557359891367,0.0008633856703583175,0.06274277885374455,0.9978928413337456,0.01652939552960267,-0.0018990433714195308,-0.016442627091292326,0.9998630074408245,70,140,150,110,70,140,110,110,221208_153203
0,0,0,0,-0.010137229819717493,0.007812773105716125,-0.0006162186488611887,0.9979060670337235,-0.06411020279094724,-0.008565236446746664,0.06434846055635517,0.997437604940947,0.031264994381789944,0.006538883797121529,-0.031750687359013006,0.9994744303137114,120,150,150,70,120,150,70,70,221208_153203
0,0,0,0,-0.009474751488249583,0.008184636100793202,-3.193714045035545e-05,0.9978517706581408,-0.06500185885542972,-0.00816101340223696,0.06519880565713232,0.9975128797546382,0.02678003854538579,0.006399963694911454,-0.02725459720758427,0.9996080368803344,140,90,150,150,140,90,150,150,221208_153204
0,0,0,0,-0.00944193443454755,0.008570365033055333,-0.00036399054129199193,0.9978229553494832,-0.06577085814013912,-0.004852215693057823,0.06588101832594463,0.9974382415014853,0.027868365843025662,0.0030068591518103978,-0.028127364077244272,0.999599825024048,150,100,70,150,150,100,150,150,221208_153204
0,0,0,0,-0.00952332750792452,0.008434693350249434,5.9093364837004e-06,0.9978640989855722,-0.06501358925649225,-0.006361852536756119,0.06515872939279228,0.9975319618925016,0.026159606014124988,0.00464542136174714,-0.026518261912981737,0.9996375352323893,90,110,110,70,90,110,70,70,221208_153204
0,0,0,0,-0.009559764148951586,0.008383483392915836,0.0001342022027527312,0.9978377291663103,-0.06546114058160625,-0.005891122641370368,0.06559153817986686,0.9975167407576581,0.02565349932112215,0.004197186131153321,-0.025984437303411725,0.9996535363047566,80,150,150,70,80,150,70,70,221208_153204
0,0,0,0,-0.009571940546921107,0.008344162256301912,0.000223036630958795,0.997849266209159,-0.0653010878391933,-0.005710503730833232,0.06542198127461879,0.9975579497077325,0.02445611050448194,0.004099547773270174,-0.02477710438937488,0.9996845946628029,90,70,90,90,90,70,90,90,221208_153204
0,0,0,0,-0.009624343564984338,0.00834096250308497,0.00023710344594318755,0.9978380727276582,-0.0654572257068048,-0.005876411993796332,0.06558590413545323,0.9975252647803008,0.02533446868844831,0.004203545394968092,-0.025665107203345996,0.9996617590357016,150,90,90,150,150,90,150,150,221208_153204
0,0,0,0,-0.009589382834490207,0.008418149674007752,5.266913046331201e-05,0.9978771112307336,-0.06481265419639799,-0.006371086078888821,0.06495445416358232,0.9975654124780636,0.025380439550584527,0.004710601460275315,-0.025740390119187155,0.9996575626435257,150,140,90,100,150,140,100,100,221208_153204
0,0,0,0,-0.009574198466667946,0.008402860565691783,0.00018102585278245709,0.9978337231355098,-0.06522345795875568,-0.008588451864557459,0.06541559215637302,0.9975596388098058,0.02440424800071978,0.006975763496453392,-0.0249132003073072,0.999665279568161,90,150,150,80,90,150,80,80,221208_153205
0,0,0,0,-0.009573101774341827,0.008367394241333759,0.0002633022787515982,0.9978272817382229,-0.06533838476196306,-0.008462345750783987,0.06553083994847761,0.9975394332548241,0.024915619945943303,0.006813577221632561,-0.025416029948466742,0.9996537403456777,90,120,120,70,90,120,70,70,221208_153205
0,0,0,0,-0.009125152798821916,0.008175104734130911,-5.719448394625459e-05,0.9975258811470246,-0.07030018225821512,-2.857121035456337e-05,0.0702597992972067,0.9969389270891759,0.03429775877512963,-0.002382654941143378,-0.03421490945103493,0.9994116583904196,150,90,110,150,150,90,150,150,221208_153205
0,0,0,0,-0.00915908678900592,0.007488593433640223,-3.2011131412934546e-05,0.997848678333436,-0.06544950826044192,-0.003791703664658734,0.06554411635350466,0.9971910206308542,0.03624965082083867,0.0014085310264541802,-0.03642019002779716,0.9993355721671708,150,130,150,150,150,130,150,150,221208_153205
0,0,0,0,-0.009693728965222491,0.00957241745470716,0.0005951849953422794,0.997684082897077,-0.06786149025022035,-0.004613986870008495,0.0679352983996599,0.9975207443997187,0.01836190958421162,0.003356481068997021,-0.018632837498589846,0.9998207596372385,90,150,150,70,90,150,70,70,221208_153205
0,0,0,0,-0.009782586615298565,0.008941785465927915,-3.774352960494998e-05,0.9979324287658611,-0.06423418580520142,0.002199316123595581,0.06416065230825234,0.9976346440901341,0.02466835232704085,-0.0037786654850882765,-0.024476239194253933,0.9996932706595846,70,150,150,80,70,150,80,80,221208_153205
0,0,0,0,-0.009371260640181248,0.00798186947964799,-0.0004048814571597781,0.9979855912803054,-0.06342069963175455,0.0016045108658102427,0.06334019531634706,0.9975063563070807,0.031130190880534446,-0.003574808272723078,-0.030965851920951297,0.9995140503067593,150,120,70,140,150,120,140,140,221208_153205
0,0,0,0,-0.009333637086462343,0.00806998084305141,6.762811544402947e-05,0.9976402564997678,-0.06865250570545257,-0.0008672205254932628,0.0686514143880127,0.9972905191440415,0.02643111287731436,-0.0009496913195297218,-0.026428278146159855,0.9996502609416089,150,70,110,150,150,70,150,150,221208_153205
