0,0,0,0,-0.011136512035840526,0.16459749752451128,-0.1044919838498608,0.9999803470038369,0.004215007786861437,-0.004641046804637821,-0.004029085558475648,0.99921673142759,0.03936610349940089,0.00480334005132104,-0.03934663066286308,0.9992140764520042,162,162,83,96,162,162,83,96,230208_172048
0,0,0,0,-0.010330269667245921,0.16205987506687738,-0.1112696233068684,0.9997258015236039,0.005035401710633519,-0.022868460761522446,-0.003364217996163719,0.9973600374508342,0.07253714726499774,0.023173342556977596,-0.07244032320249705,0.9971035030371996,121,161,138,162,162,146,144,99,230208_172048
0,0,0,0,-0.01135052255254106,0.1635487219798211,-0.10540661076850566,0.9996974464146454,0.014334991020538604,-0.019988088064596655,-0.014191528256323848,0.9998726406790299,0.007300886746958105,0.02009020054123289,-0.0070150163209379114,0.9997735610568176,54,92,162,162,92,100,162,162,230208_172048
0,0,0,0,-0.01292194759510576,0.16456360600676756,-0.10535257521885566,0.998339858694899,0.024355388936624887,-0.052195225555564606,-0.02362551165339434,0.9996149142686162,0.0145553554014243,0.05252962726086924,-0.013298052545097422,0.9985308207853887,162,123,122,146,162,128,105,161,230208_172048
0,0,0,0,-0.01179931232550429,0.163791621121542,-0.10801252714396792,0.9996571450486793,0.016393762091246843,-0.02041658437691795,-0.014804108520509025,0.997019500650852,0.07571627099137161,0.021597007293539625,-0.07538806196223262,0.9969203626115485,162,162,162,87,139,154,162,96,230208_172048
0,0,0,0,-0.007369511013586443,0.16373758436296584,-0.10949214457843015,0.9930440091670916,0.02356856912756365,-0.11536081833372945,-0.02549336487751559,0.9995588494329462,-0.015237941708370235,0.11495079036079019,0.018072882159884958,0.993206769371748,82,102,162,160,84,106,162,82,230208_172048
0,0,0,0,-0.006618310768515859,0.16310915140081333,-0.11510889773813904,0.9963042851628454,0.034717187619717996,-0.07856518471899283,-0.02226713483425968,0.9878005049360468,0.1541244210187411,0.08295749557710305,-0.15180539954779787,0.984922928251601,138,162,129,162,162,106,162,162,230208_172048
0,0,0,0,-0.011349693195306307,0.16432082219156063,-0.1061238349913658,0.9978228932408636,0.018537536964795345,-0.06329165385506412,-0.021470028055430104,0.9987119907595713,-0.04597170225642697,0.06235793149014374,0.04723049053665832,0.9969356895727713,162,138,138,119,126,162,147,63,230208_172049
0,0,0,0,-0.010122800059201999,0.16414973436404115,-0.10623779226842789,0.9995472180878406,0.026967000998983356,-0.013346897391533495,-0.0284003204810644,0.9920679063403686,-0.12245281134384088,0.009938843465520647,0.12277642308911876,0.9923845874075279,117,71,162,162,74,154,162,114,230208_172049
0,0,0,0,-0.00838944180516511,0.16263259743474787,-0.10959340377363525,0.9995283241728479,0.024187513082916796,0.018923355597833817,-0.025081328544350905,0.9985074463228278,0.04851604473074428,-0.01772162900719557,-0.04896778378412662,0.9986431294594693,138,162,111,156,138,162,112,154,230208_172049
0,0,0,0,-0.007220941388063885,0.1662010512513244,-0.10514608152554339,0.9972093330656794,0.024812114120345233,-0.07041239265627959,-0.025072292173837687,0.9996816814271287,-0.0028135358853526673,0.07032016931046775,0.004571084325126133,0.9975139993886,133,162,162,100,129,162,162,162,230208_172049
0,0,0,0,-0.010482510991026633,0.16295364211802357,-0.11681640612249322,0.9969035197193982,0.029908659189742715,-0.07272444208480548,-0.019624549622276152,0.9902070824599123,0.13822015373436722,0.07614623709151513,-0.13636497333150144,0.987727869721768,18,18,162,158,120,80,161,162,230208_172049
0,0,0,0,-0.007106441779789442,0.16300973415301356,-0.11197205141739941,0.9960696550060523,0.028861300618528467,-0.08373928410686783,-0.028883853675663335,0.9995823302148638,0.0009424006925646993,0.0837315076477587,0.0014800164963272055,0.9964872523912204,130,162,80,140,162,162,95,148,230208_172049
0,0,0,0,-0.007951578534626684,0.16514939547803664,-0.11144985942819208,0.9974551661636821,0.025597713423593946,-0.06654283252811843,-0.019540769523014603,0.9957381892300083,0.09013110914326,0.06856638987018412,-0.08860144229316683,0.9937044000122675,162,162,162,141,125,162,162,84,230208_172049
0,0,0,0,-0.012072899503363689,0.16146367370006487,-0.11107736204158847,0.9995264055663503,0.019326055627213484,-0.023947195023737565,-0.020727080285940076,0.998000650688568,-0.05970836932973074,0.022745388948779567,0.06017644721225391,0.9979285758422191,98,18,162,162,115,82,162,162,230208_172050
0,0,0,0,-0.006830852807993602,0.1621874241196981,-0.11315675091946076,0.9959078788723205,0.02327610835807333,-0.08732536618725585,-0.014801500374588099,0.9952260740644656,0.09646749239455248,0.08915386916279164,-0.09478018929045878,0.9914980097465494,146,162,116,159,162,152,162,162,230208_172050
0,0,0,0,-0.008278279570586522,0.16204392089046238,-0.11636362207803908,0.9968782131780993,0.018108495571037848,-0.07684992178912886,-0.010388500227478632,0.9949642250344709,0.09969087202236387,0.07826817459137013,-0.09858130294183252,0.9920462789388533,162,162,162,79,156,162,162,109,230208_172050
0,0,0,0,-0.008218739218995751,0.16334607271902227,-0.10713270699487754,0.9975468977995504,0.017800785489635634,-0.06770021215952479,-0.01718290159458564,0.9998053274865162,0.009698196861797001,0.06785966831103347,-0.008511120110265228,0.9976585719830132,108,106,162,162,100,108,98,18,230208_172050
0,0,0,0,-0.009261184637600239,0.16254339857058056,-0.10937048541199568,0.9991901771033959,0.017797305120673214,-0.03608664448969195,-0.014653161863301302,0.9962223924567685,0.08559339702990997,0.03747365511251405,-0.08499529809438619,0.9956764155459117,146,162,116,162,146,40,136,162,230208_172050
0,0,0,0,-0.009272114255999579,0.16347194379650065,-0.10770229073550186,0.9985743319587316,0.018354424104118413,-0.050124032848310296,-0.01570541229504251,0.9984847167500499,0.052740974974074685,0.051016110963254147,-0.05187856524981584,0.9973494727976778,162,162,126,86,162,162,138,34,230208_172050
0,0,0,0,-0.0058125286681656035,0.16148455252235086,-0.11638680142783742,0.9992609114502686,0.03444128500534342,-0.01707128392241072,-0.03138636936975635,0.9874252155063423,0.1549397934684221,0.022192941791571334,-0.15428947361836698,0.9877764077285928,18,138,162,140,52,122,162,162,230208_172050
0,0,0,0,-0.01003302683875958,0.16057932720520032,-0.1157635618557652,0.9979181558390119,0.020654454340081528,-0.06109621725426547,-0.014186742030682813,0.9944278196480438,0.10446074794195356,0.06291335786160024,-0.10337652067056123,0.992650595313692,146,162,137,162,162,116,162,162,230208_172051
0,0,0,0,-0.008042899394318015,0.1646047924947198,-0.10304602357494996,0.9987312744274525,0.008037774159555191,-0.04971152448956171,-0.008248937827436199,0.9999577993428423,-0.004044076920369799,0.04967692125359015,0.004449013371385062,0.9987554304106615,162,162,136,80,162,138,144,59,230208_172051
0,0,0,0,-0.010436829487815418,0.16419989710276595,-0.10549588739329518,0.9974042666045624,0.01825538810178949,-0.06965249287906672,-0.018667048875478508,0.999811898918271,-0.005263845335940015,0.06954329763029568,0.006550388285685563,0.9975574280050301,18,82,18,90,56,93,162,90,230208_172051
0,0,0,0,-0.011828248618617442,0.16253257513059194,-0.11485869962211881,0.9991801674169603,0.019277048930600126,-0.035600399227304756,-0.014239893300301922,0.9905125957268608,0.13668219761634182,0.0378974732589423,-0.1360631952107695,0.9899750443468884,162,106,127,162,162,116,162,162,230208_172051
0,0,0,0,-0.005535385365502507,0.16368018261854392,-0.10804439529579757,0.9968085703409216,0.007682744754024876,-0.07945847675314957,-0.005344542316313742,0.9995476054019377,0.0295976418432329,0.07964992129509887,-0.029078513859818588,0.9963986802828418,162,162,149,76,133,146,154,88,230208_172051
0,0,0,0,-0.007582082834402076,0.162001404395878,-0.10929058374039158,0.999007706099886,0.01609364020107872,-0.04152827829470468,-0.015961460524899874,0.9998664380939623,0.0035125135166723595,0.04157926082743991,-0.002846176096267737,0.9991311547292842,18,18,162,162,100,92,162,162,230208_172051
0,0,0,0,-0.007838433839018975,0.1619713152915014,-0.11147522454623793,0.9983594097842022,0.017947172321741832,-0.05437267605144139,-0.01989557162039385,0.9991713531512073,-0.035507369261657255,0.05369036342994021,0.03653089168963174,0.9978891916576316,154,162,128,162,162,107,162,162,230208_172051
0,0,0,0,-0.011866843385046066,0.16361583876518004,-0.10989680602204566,0.9999061639288068,0.013039752251036298,0.0041985948137353,-0.013105185504016549,0.9997868444973906,0.01595367302080224,-0.003989667916462221,-0.016007199354695023,0.999863916800049,105,106,103,79,162,162,122,53,230208_172052
0,0,0,0,-0.010734925782107881,0.16262884424456314,-0.107827540215505,0.9977210789304575,0.0147638199684717,-0.06583827365433256,-0.010551911569445417,0.9979025391189664,0.0638684552979718,0.06664312282655147,-0.0630281844880286,0.9957841845199531,57,127,162,136,90,122,162,162,230208_172052
0,0,0,0,-0.010039405046114568,0.16325664967103426,-0.10823227353451537,0.9983516116853308,0.017003842929473174,-0.054817230602531755,-0.015015769353599396,0.9992216596933906,0.03647741041117926,0.05539482029956275,-0.03559415858277741,0.9978298801693419,151,89,162,146,138,162,162,162,230208_172052
0,0,0,0,-0.011610923960085794,0.1630179934996457,-0.11117927128237304,0.9991741347200981,0.018817461347598416,-0.036013215001929555,-0.014658281953600354,0.993548629303812,0.11245557335536585,0.037897008806927195,-0.11183480834224627,0.9930039236410603,162,162,105,113,162,162,103,131,230208_172052
0,0,0,0,-0.008938835645648017,0.16228758730735537,-0.11134646667095915,0.9965235380465377,0.01494471169400873,-0.08196031790808322,-0.01212675342093361,0.9993216715886472,0.03477266950839073,0.08242438941647663,-0.033657871080251825,0.996028798651759,60,128,162,143,59,128,162,143,230208_172052
0,0,0,0,-0.009815377925549897,0.16352600619815008,-0.10650337980038271,0.999749474754569,0.014853200049068706,-0.016744258008817403,-0.015788019677681057,0.998240543214527,-0.05715379530200029,0.015865880455261955,0.05740383550833634,0.9982249613720903,160,88,162,154,147,96,162,154,230208_172052
0,0,0,0,-0.0071811184171114515,0.16339995956148168,-0.10735962004011101,0.9980934653053304,0.009282511573236245,-0.061018599571685615,-0.0074622156859996,0.9995222744183249,0.029992303657354405,0.061267853331519635,-0.029479788338997028,0.9976859186275184,162,162,77,133,160,162,95,140,230208_172052
0,0,0,0,-0.010150439806299441,0.1608824574848625,-0.11032473117305308,0.9994659663165306,0.01655467858162536,-0.02817312180116657,-0.0160008577587509,0.9996764881502623,0.01977097849231497,0.028491309656604263,-0.019309626009284528,0.9994075162902434,108,162,154,162,105,161,162,162,230208_172052
0,0,0,0,-0.010507974159540738,0.16213756732125034,-0.10889373429100047,0.9998467276696553,0.017140046353072255,-0.003569310759417951,-0.01732623084337982,0.9979801573995956,-0.06111797739978814,0.0025145363478535927,0.06117045240713556,0.9981241670550122,138,112,162,162,126,75,162,162,230208_172053
0,0,0,0,-0.009809166772728826,0.16415542276879733,-0.10626615665132222,0.9978865322582535,0.018143027148482625,-0.0623963084123235,-0.020454215436524384,0.999120522337468,-0.03660337300003978,0.06167733626278472,0.037802280486674646,0.9973800147293579,146,162,103,146,130,162,100,154,230208_172053
0,0,0,0,-0.007226204604951471,0.1613266066390606,-0.11608145243508972,0.9950927428808629,0.027435983900642804,-0.09506681783484172,-0.016537105992228674,0.9933900258252123,0.11359040767770026,0.09755489322038703,-0.11146086029807958,0.9889689173226685,162,162,162,72,156,162,162,75,230208_172053
0,0,0,0,-0.010380048431197494,0.16384942525928528,-0.11046192720852388,0.9975373660480764,0.022357641544206625,-0.06647811070154894,-0.0159554715318281,0.9953186520735952,0.09532158078105256,0.06829806927039483,-0.09402614901708184,0.993224273281193,100,116,162,162,104,112,162,136,230208_172053
0,0,0,0,-0.007285372218773843,0.1628391841445479,-0.10831541405950373,0.9986931072017202,0.016898349006355437,-0.048234048437089394,-0.014678343633782929,0.9988329239135703,0.04601452308170555,0.048955325103002434,-0.04524639109506569,0.9977755961321824,162,101,162,154,146,42,134,162,230208_172053
0,0,0,0,-0.010325346912641156,0.1619438901583496,-0.11233083694363555,0.999854487421271,0.012612683336036573,-0.011485826161545105,-0.01111387483248713,0.9924286526492457,0.1223186461133754,0.012941629331586392,-0.12217319517744561,0.9924244175806931,162,162,106,47,162,162,119,60,230208_172053
0,0,0,0,-0.006552956147782122,0.16444842245338853,-0.10823313842703586,0.994022605804249,0.031213213563939232,-0.1046173716413414,-0.03621833450706301,0.9982713064153768,-0.04628856266153224,0.10299170547022268,0.049800944637105424,0.9934347359125244,94,138,162,162,62,145,162,131,230208_172053
0,0,0,0,0.005132980291713149,0.10802831000987989,-0.16255756262442245,0.9906859684744234,0.048405565269493925,-0.12727220088784078,0.010153130683446048,0.9058190999481529,0.4235429991233981,0.13578742874514935,-0.4208903175651095,0.8968908042647791,133,112,127,147,162,90,145,154,230208_172054
0,0,0,0,-0.007543852118109505,0.16294202095465077,-0.10954825025518589,0.996437407534033,0.020446436573411487,-0.08181953372090094,-0.01230551550181886,0.9950319369391141,0.09879280722517017,0.0834330099846019,-0.09743401717390386,0.9917386475993888,162,162,162,111,123,162,162,38,230208_172054
0,0,0,0,-0.007150609299803768,0.16211581083186352,-0.11689054743402194,0.9936632043827142,0.041783574954534636,-0.10434351498725244,-0.027776075568725262,0.9908261640751723,0.13225733329415743,0.10891246889992277,-0.12852099224679278,0.9857080849166365,120,82,128,128,117,91,162,154,230208_172054
