0,0,0,0,-0.06146851007656562,-0.1954959046579829,-0.1036786186948635,0.9994847530712266,-0.030261397832288185,0.010699354157364928,0.030607123231013313,0.9989605623388736,-0.0337786752126679,-0.009666042916845826,0.03408874730519326,0.9993720653097586,162,162,83,96,162,162,83,96,230216_163506
0,0,0,0,-0.07077771315082361,-0.19349732868464292,-0.10643045924705108,0.995462549741749,-0.016286229904658965,0.09375004414478491,0.021641595893726946,0.9981740321374433,-0.05639364231588147,-0.0926604197531457,0.05816665953939204,0.9939973271237702,151,162,136,85,151,162,136,85,230216_163506
0,0,0,0,-0.060629310482640975,-0.19662965886355083,-0.10131249292997868,0.9985201559295562,-0.019934856253032734,-0.050597427885078115,0.02370802395212305,0.9968939346306277,0.07510268102372125,0.048943107816119706,-0.07619110579874908,0.9958913031021324,78,154,162,92,78,154,162,92,230216_163506
0,0,0,0,-0.06225302072721046,-0.19419481714563208,-0.1086861786774801,0.9987909789626942,-0.03606264342176941,-0.03340757537112708,0.032207675623842594,0.9934645488642878,-0.10950276608738153,0.03713820100183307,0.10829439458860629,0.9934249232463592,78,154,162,103,78,154,162,103,230216_163506
0,0,0,0,-0.06404136533014951,-0.19603239086149266,-0.1013600462645764,0.9992614013816257,-0.02430859454398824,-0.029761450571591404,0.023320298141599936,0.999179417845335,-0.03311577643425435,0.030542026838705078,0.03239727126707762,0.9990083089799761,87,128,162,162,87,128,162,162,230216_163506
0,0,0,0,-0.05964832325722213,-0.1941571018017386,-0.11008235886100204,0.9986153495273035,-0.023488261197041893,-0.04707106621271718,0.020607829334838654,0.9979389764220632,-0.060771018650268745,0.04840145719468194,0.05971683953144776,0.9970412218247582,83,96,162,162,83,96,162,162,230216_163506
0,0,0,0,-0.06896226162520112,-0.19373117472307305,-0.1059450442020915,0.9984996424816596,-0.016097958963277845,0.05233851049861972,0.02226050171589187,0.9925987867897157,-0.11938223706624118,-0.05002933167007405,0.1203682025320644,0.9914678823803854,136,85,151,162,136,85,151,162,230216_163506
0,0,0,0,-0.06160685123699357,-0.19542099478614933,-0.10177920448913313,0.9991735065127014,-0.02472440368759133,-0.032264651639299625,0.02407153805326386,0.9995006723098415,-0.020468686033153525,0.032754617061761075,0.0196751090077429,0.9992697459378379,162,92,78,154,162,92,78,154,230216_163507
0,0,0,0,-0.06478635591113707,-0.19623210818587314,-0.09651274963129541,0.9980832775748318,-0.016591805112557173,-0.059619485309652866,0.01143683196582495,0.9962477669590036,-0.08578802774153864,0.0608191573442651,0.08494173786958012,0.9945279942101323,162,103,78,154,162,103,78,154,230216_163507
0,0,0,0,-0.060842167490615176,-0.19768087552716113,-0.10173230109134068,0.9995167065505898,-0.0075203891691680005,0.03016284258826024,0.006369188309871616,0.9992543069899265,0.03808232401461859,-0.030426744264434452,-0.0378718062524784,0.9988192727038468,162,162,87,128,162,162,87,128,230216_163507
0,0,0,0,-0.06796440315460665,-0.1949468545481058,-0.10293712393727594,0.9997330937119416,0.0037204270640975945,0.022801310480086955,-0.004256820687498462,0.9997142689852494,0.023521476673944507,-0.022707285500100503,-0.023612259734069545,0.9994632761514891,162,162,83,96,162,162,83,96,230216_163507
0,0,0,0,-0.06025902363532985,-0.19413080997494497,-0.10825266483200313,0.9992674804503687,-0.012816892082211385,-0.03605869925171172,0.008664867646372096,0.9935536821033472,-0.11303097295676208,0.03727495919572955,0.11263573170284093,0.9929369412811281,151,162,136,85,151,162,136,85,230216_163507
0,0,0,0,-0.06582607145053228,-0.19643830569762097,-0.09260925372358964,0.9998523543493033,0.007134514218738577,-0.01563228099219468,-0.006159014822053276,0.9980827752367868,0.06158603991211316,0.016041696873399645,-0.06148066755084306,0.9979793542348081,78,154,162,92,78,154,162,92,230216_163507
0,0,0,0,-0.06211630042271637,-0.19624740514432643,-0.09826278236667796,0.9981495506294223,-0.006052101347812777,-0.06050493077062778,0.003327809761378867,0.9989802851707181,-0.04502572067633952,0.060715733220267784,0.04474105396062407,0.9971518629727458,78,154,162,103,78,154,162,103,230216_163507
0,0,0,0,-0.06455058683127042,-0.1921315231459201,-0.10816506444010132,0.9985562618615703,0.006724600503756255,0.05329326078513229,-0.003487128105038664,0.9981554345315637,-0.060609969911605555,-0.05360253571078786,0.06033662455898203,0.9967378090060606,87,128,162,162,87,128,162,162,230216_163507
0,0,0,0,-0.05886861587830391,-0.1925018359442484,-0.10933086342771237,0.9999263811371166,0.012104039342181763,-0.0008511977646164452,-0.012124190494175154,0.9994726138782336,-0.030124709330902374,0.00048611818781542815,0.030132811667903162,0.99954578551965,83,96,162,162,83,96,162,162,230216_163508
0,0,0,0,-0.06407801907673502,-0.1911275812479016,-0.10802865422918495,0.9995181934981494,0.010929564561644284,0.029050395602948816,-0.008909705562283328,0.997592648529554,-0.06877154023709699,-0.02973210407940209,0.06847957519057836,0.9972093811074629,136,85,151,162,136,85,151,162,230216_163508
0,0,0,0,-0.06325561646307261,-0.19159209206385996,-0.11244927771432678,0.9998040703097658,0.01771327068358701,0.008835215544369883,-0.01753994827213328,0.9996594205908491,-0.019323380619808695,-0.009174486723320696,0.019164625372208182,0.9997742474817536,162,92,78,154,162,92,78,154,230216_163508
0,0,0,0,-0.06614163472389041,-0.19562637512881945,-0.09213601652601933,0.9983821487138339,0.03826426660549501,0.042058661779605135,-0.0372708869875252,0.9990132255261748,-0.024154838168574874,-0.04294142653325271,0.022548195602542554,0.9988231138506751,162,103,78,154,162,103,78,154,230216_163508
0,0,0,0,-0.058484146779661406,-0.19293093136479686,-0.11055503259184196,0.9988738071408828,0.029414187693207406,-0.03722798638424512,-0.030945317217161292,0.998669803202127,-0.04124332084778197,0.03596532705545779,0.04234890476237361,0.9984553397699977,162,162,87,128,162,162,87,128,230216_163508
0,0,0,0,-0.06825417024349635,-0.19259420805484703,-0.10649814900710308,0.996793107483952,0.04816650918551512,0.06390217731319327,-0.04289545459331255,0.9957548106407291,-0.08143916171645513,-0.06755354060090533,0.07843688213288158,0.9946276562983528,162,162,83,96,162,162,83,96,230216_163508
0,0,0,0,-0.05930190146074451,-0.19556424345418993,-0.09950077452890904,0.9994154839283336,0.03136153502745051,-0.013606785256482701,-0.03186623305845376,0.9987460029486258,-0.03861301315369506,0.012378759023357392,0.039024040217090716,0.999161593842646,151,162,136,85,151,162,136,85,230216_163508
0,0,0,0,-0.065101104212515,-0.19483417023296742,-0.09759273443750605,0.9986488272080583,0.036309868427741,0.03717678537379229,-0.03367869531489626,0.9970405220627436,-0.06910819666825907,-0.03957607102600331,0.06776275392582953,0.996916217032571,78,154,162,92,78,154,162,92,230216_163508
0,0,0,0,-0.061250083766385285,-0.19359445564493286,-0.10516399139342703,0.9992710066087688,0.03183108436981093,0.021076940454905567,-0.03057206263868949,0.9978727250004717,-0.057579281743959744,-0.02286491498155437,0.0568929412842772,0.9981184242838672,78,154,162,103,78,154,162,103,230216_163509
0,0,0,0,-0.05922142098132633,-0.19451141064074626,-0.09774643291243201,0.9965552115578805,0.03964511676867883,-0.07284212403017251,-0.04259421973925702,0.9983157173511674,-0.03938858888594701,0.07115787209882753,0.04235555696741674,0.9965653837216837,87,128,162,162,87,128,162,162,230216_163509
0,0,0,0,-0.06066744832252797,-0.19426755998108952,-0.09676544176355328,0.9974274358136342,0.044397799112674496,-0.05627917661257034,-0.04664269528871677,0.9981412875736481,-0.03922281245684335,0.05443316325956259,0.041746921740068305,0.997644338059805,83,96,162,162,83,96,162,162,230216_163509
0,0,0,0,-0.06331685308055049,-0.1928910591231572,-0.10277591631487948,0.9989838250021017,0.04472779189401498,0.005544548354513399,-0.04417608297969158,0.9961111706351811,-0.07622997722931481,-0.008932585109655966,0.07590757780417005,0.9970748460146623,136,85,151,162,136,85,151,162,230216_163509
0,0,0,0,-0.05960640082884668,-0.19251218299196915,-0.10484721611155123,0.9974844981416862,0.03970497112707201,-0.05872130137205344,-0.04311105087792773,0.9973898174667543,-0.057922269515575844,0.0562682260181522,0.06030810295004037,0.996592604557819,162,92,78,154,162,92,78,154,230216_163509
0,0,0,0,-0.05957985242323614,-0.19448702972106355,-0.0986104031519971,0.9981706554155857,0.059932537692290615,-0.007964520888461083,-0.06010013781709319,0.9979318937013042,-0.022801512408052338,0.006581496910808724,0.02323846938785582,0.9997082861709823,162,103,78,154,162,103,78,154,230216_163509
0,0,0,0,-0.05763718619271537,-0.19562058238669888,-0.09730963106778101,0.9966666819629447,0.06260839432377557,-0.052304053620852706,-0.06338424563397617,0.9979004741927846,-0.013307178935693692,0.05136109880431082,0.01657807485848183,0.9985425403875393,162,162,87,128,162,162,87,128,230216_163509
0,0,0,0,-0.06226177840116174,-0.1939115278804369,-0.1038122393960087,0.9973490193201229,0.06802270695019332,0.02584269723452067,-0.0666920914868859,0.9965565538172049,-0.04926662132805721,-0.02910495824239979,0.04741251293852119,0.9984512782417392,162,162,83,96,162,162,83,96,230216_163509
0,0,0,0,-0.06099255298032831,-0.1934946552334194,-0.10427346818305305,0.9974965592323186,0.06796231270283971,0.019538126106848346,-0.06730233793998709,0.9971980663374987,-0.032655961179646274,-0.021702756218910272,0.031259247349164125,0.9992756625814853,151,162,136,85,151,162,136,85,230216_163510
0,0,0,0,-0.05971015978629021,-0.19457843217213863,-0.09799718277617331,0.9977811506599815,0.0629243417453803,-0.021755518921721204,-0.0636944101874297,0.9972933447837683,-0.036728824659637976,0.019385497118160743,0.038033033877322854,0.999088429937795,78,154,162,92,78,154,162,92,230216_163510
0,0,0,0,-0.05971514289664799,-0.19237030318849654,-0.10122903023319052,0.9978327057515203,0.0655695738179709,-0.005524701071673574,-0.06572594368447464,0.997194829326445,-0.03581302404695972,0.0031609586183552344,0.0360985228774324,0.9993432368244057,78,154,162,103,78,154,162,103,230216_163510
0,0,0,0,-0.058590565575837486,-0.19205543063769595,-0.10530786556771143,0.997481680734867,0.07062804425968272,-0.006478885891594354,-0.07088255107218326,0.9958669659553636,-0.056786002433325516,0.002441424142441758,0.05710223710950963,0.9983653509438547,87,128,162,162,87,128,162,162,230216_163510
0,0,0,0,-0.0641112747764359,-0.19350569007826698,-0.0910222798920639,0.9949468283295779,0.08789927073797316,0.048523468555379465,-0.08737840205763853,0.9960935027048818,-0.012757300771517748,-0.04945526919111944,0.008452932796004889,0.9987405690550375,83,96,162,162,83,96,162,162,230216_163510
0,0,0,0,-0.05687603751897698,-0.1930832242531376,-0.09820142246539831,0.9959230731693249,0.07345561858519192,-0.05235937764367916,-0.0744824837287404,0.9970610204593667,-0.017935470390359396,0.05088803343188393,0.021762205283296504,0.9984672325492926,136,85,151,162,136,85,151,162,230216_163510
0,0,0,0,-0.06566166934374472,-0.1936139706898276,-0.09128784192802497,0.9951237371214992,0.08654387666208437,0.04731707122845136,-0.08591066361668559,0.9961859727635807,-0.015259932700388055,-0.04845725636353245,0.011120480267398473,0.9987633499605106,162,92,78,154,162,92,78,154,230216_163510
0,0,0,0,-0.057959589958568154,-0.1915944783890849,-0.10466834580462059,0.9942504781471465,0.0949020177907881,-0.049594291238083774,-0.09585233296957323,0.9952479343005554,-0.017142915002048814,0.047731718683292595,0.02179807995476572,0.9986223143620538,162,103,78,154,162,103,78,154,230216_163510
0,0,0,0,-0.06112596993568983,-0.19168149611596633,-0.10240294804457473,0.9919455708127818,0.10347685942334663,-0.07305151681371704,-0.1053200460558777,0.9941985947916662,-0.021836712505884825,0.07036812093335786,0.02935461936659693,0.9970890802120694,162,162,87,128,162,162,87,128,230216_163511
0,0,0,0,-0.05633396818693066,-0.19435909710040675,-0.09982503682455712,0.9942398640208892,0.10356687667015825,-0.027586135077450894,-0.10414786230962508,0.9943499913566953,-0.02052601922619366,0.025304457474099488,0.023280823562042096,0.9994086690069357,162,162,83,96,162,162,83,96,230216_163511
0,0,0,0,-0.06170074658499436,-0.19403131230802675,-0.09068341141101444,0.9941517646176452,0.10518610899834976,-0.024457133548489583,-0.10563678705540044,0.9942431880548221,-0.01792629987460473,0.022430740697385588,0.020405035662050684,0.9995401424612205,151,162,136,85,151,162,136,85,230216_163511
0,0,0,0,-0.05772989583486123,-0.18817138819408286,-0.11559336158078015,0.9928916405405939,0.09647566719877043,-0.06970391512075567,-0.10425332117763766,0.9874950176212056,-0.11825749530886974,0.057423298129258935,0.12468374317386809,0.9905334567898811,78,154,162,92,78,154,162,92,230216_163511
0,0,0,0,-0.06342061310036846,-0.19165460906065981,-0.10394105774222284,0.992318786968044,0.10544125992047958,0.0646959483789447,-0.10251102412231475,0.9936179678226942,-0.0470619161668406,-0.06924532448955256,0.040068375638180984,0.9967946680786641,78,154,162,103,78,154,162,103,230216_163511
0,0,0,0,-0.056676967246433736,-0.19260958885282933,-0.09913577619709035,0.9943355921216911,0.1041490735732377,-0.0212061480199303,-0.10502582734144417,0.9934240902067195,-0.045586758913048815,0.01631887959548767,0.047555730157233474,0.9987352735825247,87,128,162,162,87,128,162,162,230216_163511
0,0,0,0,-0.056160807391399566,-0.1913771195129389,-0.09942938999192985,0.99204847935404,0.11058264363456524,-0.06009403912309286,-0.11190683082855347,0.993534642420277,-0.019125258814528583,0.05759058799184633,0.025698117394157935,0.9980094843923827,83,96,162,162,83,96,162,162,230216_163511
0,0,0,0,-0.058039731136168345,-0.18997974791162334,-0.10534249024685127,0.9932405808010092,0.10984061562385565,-0.037525828564432394,-0.11151676333875161,0.9926997689781876,-0.045947580622938966,0.03220497080457673,0.049821760607439446,0.9982387650384308,136,85,151,162,136,85,151,162,230216_163511
0,0,0,0,-0.05366360313205866,-0.19225450760998453,-0.10350644650108376,0.9929710640497855,0.10983857289139234,-0.044090292185690244,-0.11090925127585446,0.9935732455066323,-0.022612912126635853,0.041323164705363784,0.027343988710498448,0.9987715966827119,162,92,78,154,162,92,78,154,230216_163512
0,0,0,0,-0.06158992854585816,-0.19223046465558746,-0.10073904696217517,0.9911540226768488,0.1300183599329098,0.026625728381710415,-0.1281809926518479,0.9898186677136552,-0.06187599024138857,-0.03439965776410029,0.05791572434081956,0.9977286366641938,162,103,78,154,162,103,78,154,230216_163512
0,0,0,0,-0.056202483972127376,-0.19076052912467523,-0.10638099879610052,0.9914710891505425,0.12699263868287886,-0.029290768153081674,-0.12900867775393696,0.988218922707316,-0.08234149541617364,0.018488927573514065,0.0854179754123843,0.9961736440167601,162,162,87,128,162,162,87,128,230216_163512
0,0,0,0,-0.05751596847583536,-0.1913013449694413,-0.10542336221731541,0.9889758854029098,0.1387869427473184,-0.05162250104735077,-0.14132179208375967,0.9887406275157111,-0.0491947414066995,0.04421367632040723,0.05594779729971519,0.9974542569980561,162,162,83,96,162,162,83,96,230216_163512
0,0,0,0,-0.05606583894366994,-0.19291945398687957,-0.09717127508139278,0.9896271843225651,0.13410906477884296,-0.05150528898991606,-0.13357080637432883,0.9909436065408488,0.0137698344335939,0.052885496445644886,-0.006747399496179534,0.9985777870880849,151,162,136,85,151,162,136,85,230216_163512
0,0,0,0,-0.06203991796966346,-0.18879454711866353,-0.10475862115977042,0.9902834060184674,0.13903567842135256,0.0028028361306598358,-0.1383754924354686,0.9871838699112292,-0.07949987471896601,-0.013820233634155648,0.07833956288494323,0.9968309355298387,78,154,162,92,78,154,162,92,230216_163512
0,0,0,0,-0.05649524215129283,-0.19109150043489065,-0.10362596400176927,0.9910759668868214,0.13015664049367195,-0.028769372512314786,-0.13148315652756595,0.990036345587982,-0.050400535357665414,0.021922760065715263,0.0537334472204483,0.9983146343918377,78,154,162,103,78,154,162,103,230216_163512
0,0,0,0,-0.06373716451994198,-0.19193523082899305,-0.09123149969583366,0.9888775103631957,0.1461117634969675,0.02779608004186355,-0.14574092107792933,0.9892099669460033,-0.014940723477921435,-0.029679174874719935,0.0107235191282149,0.9995019523323917,87,128,162,162,87,128,162,162,230216_163513
0,0,0,0,-0.05620714811164187,-0.1918050244434311,-0.098023689883041,0.9898285757162638,0.14014016332046764,-0.024497455378567005,-0.14104771556417203,0.9891786198917634,-0.040388115617764876,0.0185723619833515,0.04343262107607813,0.9988837143515861,83,96,162,162,83,96,162,162,230216_163513
0,0,0,0,-0.06291657683204821,-0.18928731323418124,-0.10004945579186031,0.9877604349387071,0.14751206064800076,0.050690385016075735,-0.144836852761863,0.9880383703948306,-0.052938310414725354,-0.05789308466246971,0.044948532689153824,0.9973103930860021,136,85,151,162,136,85,151,162,230216_163513
0,0,0,0,-0.05518807733325516,-0.19194806323221827,-0.09694291700537105,0.9898989821546194,0.1413224309289101,-0.01131263212485242,-0.14144310747176214,0.9898886843583115,-0.010688308009321003,0.009687748860305543,0.012180439060805955,0.9998788848787165,162,92,78,154,162,92,78,154,230216_163513
0,0,0,0,-0.06081167252481042,-0.18802091545499974,-0.10720322846634922,0.9849787302706023,0.1678814473063065,0.040406937088228845,-0.16519690633600517,0.9842768004821191,-0.06252329301705106,-0.050268111676543,0.05490901276678276,0.9972252088999014,162,103,78,154,162,103,78,154,230216_163513
0,0,0,0,-0.05488271345463647,-0.1929930550411544,-0.10001279914998007,0.9870636108949075,0.16025289409854648,-0.004943478547232355,-0.16028079932845604,0.9870539071789852,-0.00588639867237846,0.003936167392034684,0.006602594621738342,0.9999704557288294,162,162,87,128,162,162,87,128,230216_163513
0,0,0,0,-0.05636284543924389,-0.18997578620120678,-0.10906281559538122,0.9858459546022899,0.1676451193765314,-0.0016934413270984694,-0.16753278348050343,0.9847013291613288,-0.047917207840060094,-0.006365552102886345,0.04752269244415008,0.9988498753312652,162,162,83,96,162,162,83,96,230216_163513
0,0,0,0,-0.05825771236001419,-0.18971152974316197,-0.10616821826913458,0.9868792177274466,0.16120495272448862,-0.009075948146539631,-0.16143455223474557,0.9861647605178441,-0.03765568293830396,0.0028800976425269985,0.038626782546288554,0.9992495567713258,151,162,136,85,151,162,136,85,230216_163513
0,0,0,0,-0.055893497686813925,-0.19183488565188,-0.09776619725679392,0.9861593926240273,0.16269744013650372,-0.031924838487258723,-0.16271304160550715,0.9866711437129635,0.002126089282721593,0.03184522618687567,0.003097924657313235,0.9994880111496709,78,154,162,92,78,154,162,92,230216_163514
0,0,0,0,-0.05597296295015254,-0.19141656211828426,-0.09638439082530426,0.98599016416575,0.15816232490866436,-0.05299127426173719,-0.160472511081731,0.9861208079405996,-0.042594897977386456,0.04551889009543538,0.05050179329554825,0.9976861227452317,78,154,162,103,78,154,162,103,230216_163514
0,0,0,0,-0.056565770004277066,-0.18951210526062537,-0.10401935342999225,0.9862479992221306,0.16461923248403118,-0.014676250430959919,-0.16504282555974817,0.9856650255831784,-0.0350046150295483,0.008703433896934032,0.03694544137618104,0.9992793826552817,87,128,162,162,87,128,162,162,230216_163514
0,0,0,0,-0.05599845701678381,-0.18933096493260518,-0.1048354089295297,0.9844596020526113,0.17533483167514344,-0.009848285529151278,-0.17557680216380364,0.9838276769358921,-0.035438519112106256,0.003475409090608752,0.036616920902442444,0.9993233323781033,83,96,162,162,83,96,162,162,230216_163514
0,0,0,0,-0.053318373028958845,-0.19050954508658532,-0.10026421031876298,0.9845354234963897,0.1632675161123673,-0.06351155850143639,-0.16786648052342412,0.98291826689608,-0.0754488258270965,0.05010832862371614,0.08494350348617939,0.9951249954744534,136,85,151,162,136,85,151,162,230216_163514
0,0,0,0,-0.061100306728612094,-0.18827632515864295,-0.103669526264206,0.983450834600528,0.178077541106692,0.03335933567861782,-0.17534603282169134,0.9818657765256761,-0.07206500996548179,-0.045587549804949015,0.0650229670272357,0.9968419077575723,162,92,78,154,162,92,78,154,230216_163514
0,0,0,0,-0.05728549462730115,-0.1887960341049762,-0.10661957678593859,0.9818701568170239,0.18954092562509925,0.002287501976519101,-0.18845029493611115,0.9773790457539873,-0.0960035794099225,-0.020432363803650024,0.09383196914807436,0.995378360260655,162,103,78,154,162,103,78,154,230216_163514
0,0,0,0,-0.059884721691585575,-0.19240150735336234,-0.09231681933410352,0.9799405996735392,0.19922993202149844,-0.004884188589166692,-0.19898378687087853,0.979499651949377,0.03139879605294172,0.011039641026328303,-0.02979708069188293,0.9994950026429603,162,162,87,128,162,162,87,128,230216_163514
0,0,0,0,-0.05396079653109873,-0.19197986456942617,-0.09771877411887275,0.9771087568773179,0.18678288844293134,-0.10183628930090362,-0.19234999389959143,0.9801606509170293,-0.04781817897757584,0.09088430601863604,0.06631177104270213,0.9936512426101478,162,162,83,96,162,162,83,96,230216_163515
