0,0,0,0,0,0,0,1,0,0,0,1,0,0,0,1,180,180,68,92,180,180,92,92,221213_032608
0,0,0,0,-1.0937929822096848e-05,-5.498940245296513e-05,0.0001542652419990187,0.9999985992416378,-0.00048012357012256884,0.0016034326054068864,0.00048093287572640334,0.9999997571492703,-0.0005043857339778959,-0.0016031900485327765,0.0005051561709092028,0.9999985872984578,180,180,180,84,180,180,84,84,221213_032608
0,0,0,0,5.764251549050803e-06,4.505202412796727e-06,-3.9274234705954925e-05,0.999998850360995,-0.00043382493167419176,0.001452953067615823,0.0004335512730751465,0.9999998882210688,0.000188656151440426,-0.0014530347489483003,-0.00018802600490166563,0.9999989266675439,0,150,180,155,0,150,155,155,221213_032609
0,0,0,0,9.481062115013206e-06,-1.8554816358345994e-05,3.344440464503329e-05,0.9999879665509995,-0.000946271313398906,0.004813660124941826,0.0009490052663448932,0.9999993896833521,-0.000565704805504878,-0.004813121876855624,0.0005702661869338191,0.9999882542581561,149,78,180,150,149,78,150,150,221213_032609
0,0,0,0,1.3524983245097322e-05,2.2065365415741e-05,-0.00010206170909454748,0.9999973255912301,-0.0008518905300316076,0.002150137882177389,0.0008506887481898903,0.9999994814844967,0.0005597851292981225,-0.002150613642948108,-0.0005579545341004709,0.9999975317708022,180,99,131,180,180,99,180,180,221213_032609
0,0,0,0,0.00048485358567786074,-0.0004056043272262222,-7.40839574489005e-05,0.999915047601409,0.0018642490505198423,0.012900471144498406,-0.0018618558894886261,0.9999982472383012,-0.0001975170164187618,-0.012900816753957059,0.0001734814186968784,0.9999167659516858,180,90,97,87,180,90,87,87,221213_032609
0,0,0,0,0.0008480364577456156,-1.6037073301028437e-05,0.00010177912471853734,0.9998080445615668,0.002394967755447555,0.01944577484766626,-0.0022896908915097827,0.9999826125402581,-0.005434329101266812,-0.01945845177800897,0.0053887611386945105,0.9997961441752978,180,180,180,83,180,180,83,83,221213_032610
0,0,0,0,0.0009396442566351332,0.0008676434402546951,0.0008191502919696614,0.9998514940716208,0.005044743877563716,0.016478481785563784,-0.004796290365221025,0.999874751576861,-0.015082332639298432,-0.016552504386945943,0.015001057240066057,0.9997504603050705,34,145,180,180,34,145,180,180,221213_032610
0,0,0,0,0.002028231724308327,0.0003779342573279887,0.0010507104908084042,0.9998720686813353,0.013853015192731749,-0.007996264188862824,-0.013987990293786357,0.9997563065779489,-0.01707816105907381,0.007757731527263693,0.017187827893269565,0.9998221822773599,150,126,180,180,150,126,180,180,221213_032610
0,0,0,0,0.0015451125110444996,-0.00023248805554981766,0.0011189147216742468,0.9999979909716171,-0.0007927987884780144,0.001841065672915189,0.0008064809872017994,0.9999719763126991,-0.007442860853991219,-0.0018351133883986502,0.007444330685533931,0.9999706067177656,180,152,135,180,180,152,180,180,221213_032610
0,0,0,0,0.0013855806582267899,-0.0005322344160268722,0.001089616778854996,0.9999890483668475,-0.003588636963119579,0.003004135668257821,0.0036152988791715007,0.9999537055729932,-0.00891719265539264,-0.002971996026348013,0.008927955845884182,0.9999557284420313,144,144,129,80,144,144,80,80,221213_032611
0,0,0,0,0.000986848001777632,9.376821228970766e-05,0.0006189477496166829,0.9999079269184121,-0.008842380339965773,0.010293201428515732,0.008979243558495085,0.999870872796373,-0.013327074642854583,-0.010174029233387682,0.013418272740646895,0.9998582094906336,180,180,180,82,180,180,82,82,221213_032611
0,0,0,0,0.0006584471160114708,0.000708508163469429,0.001101591820437009,0.9996971144495866,-0.020975753252219093,0.012872339984360074,0.021213759111982297,0.9996011755634451,-0.018640446253157163,-0.01247620877950129,0.018907871050969555,0.9997433853878754,83,135,140,180,83,135,180,180,221213_032611
0,0,0,0,0.0011158071023487232,0.00022697117927250599,8.969254560731166e-05,0.9996066165314913,-0.024086308013340697,0.014368783969140663,0.024159970624643957,0.9996957253951173,-0.004975183026454144,-0.014244578122277845,0.005320375270305135,0.9998843861172657,154,62,180,180,154,62,180,180,221213_032611
0,0,0,0,0.0007667452889527915,-0.0009115683661481966,0.0008877261308321005,0.9997180878445985,-0.021816572885156753,0.009369204015611537,0.021844083452398105,0.9997573442926186,-0.002844037815182479,-0.009304883366500427,0.0030478977207515543,0.9999520635835598,180,150,140,180,180,150,180,180,221213_032612
0,0,0,0,0.0004891763799874799,-0.0001211271486561416,3.077306990051376e-05,0.9998649426409647,-0.014940620617190066,0.006846483269084193,0.014955276810792084,0.9998859698520124,-0.0020945139320283383,-0.006814409225548051,0.0021966221049775705,0.9999743690106434,180,180,0,80,180,180,80,80,221213_032612
0,0,0,0,0.002402023157110425,-0.0002701422395302022,-0.0010656561377037077,0.9999105018911766,-0.009886235667984852,0.009013908811046282,0.009847226000127336,0.9999420013898224,0.004361879940930958,-0.009056508589914481,-0.00427272756371844,0.9999498604686772,83,180,180,81,83,180,81,81,221213_032612
0,0,0,0,0.0034069058222782472,-0.0008008389593315013,0.00010952181218271129,0.999986723469412,-0.0042544385957175475,0.002907341938212072,0.004299412149415531,0.9998684146628892,-0.015641880152005648,-0.0028404119560148083,0.01565417234335693,0.9998734314642852,79,132,180,136,79,132,136,136,221213_032612
0,0,0,0,0.00372194355916812,-0.002838355177887747,-0.0014831308941163357,0.9998363062115337,-0.01393349292955288,0.01154203431198906,0.013647951064859401,0.9996076626829804,0.024459234190776082,-0.011878308507873615,-0.024297705246589654,0.999634196747361,150,130,180,180,150,130,180,180,221213_032613
0,0,0,0,0.0033321578432870674,-0.0022222645703851296,-0.0005854787366920133,0.99959053680651,-0.02501398475820683,0.013894577841370053,0.024947690593865566,0.9996766299015876,0.004924262649051578,-0.014013260181214836,-0.004575608715822842,0.999891340268518,170,180,82,180,170,180,180,180,221213_032613
0,0,0,0,0.006749714231740353,-0.0010111156809629873,-0.0011419512902612894,0.9999222573633267,0.007095875963192841,0.010253183590700618,-0.0071262278521271654,0.9999703250818729,0.002926744309604839,-0.010232111513720107,-0.0029995832992622483,0.9999431515811295,180,180,0,0,180,180,0,0,221213_032613
0,0,0,0,0.005837512597999736,-0.0029701766454792167,-0.00023379758615260648,0.9999907953513913,0.0038405903315227885,0.0019128717669866467,-0.0038382307093022066,0.999991870486091,-0.0012356968687300737,-0.0019176020217156766,0.0012283434514155818,0.999997406984064,180,180,180,101,180,180,101,101,221213_032613
0,0,0,0,0.005574257933174578,-0.002390653292885625,0.0005347112102140894,0.9999725064224869,0.0016614731598966332,0.007226749343089068,-0.0016166627211381124,0.9999794601923894,-0.006202063768005453,-0.00723690546953444,0.006190210034826368,0.9999546532213097,61,133,180,166,61,133,166,166,221213_032614
0,0,0,0,0.0047041035005701,-0.0032460740252731046,-0.00045992416083973087,0.9999739275554127,0.006045138821892301,0.003949747590263375,-0.006087773000985126,0.9999223576074784,0.01087279985053875,-0.003883713337931543,-0.010896561536808005,0.9999330886201253,154,84,180,180,154,84,180,180,221213_032614
0,0,0,0,0.00377348701165775,-0.003723539436199963,-0.0008879596815266622,0.9998837508045362,-0.007250868849876218,0.01341304506719788,0.007190634022452425,0.9999638701838555,0.004533553714329715,-0.013445432659752213,-0.004436578394152973,0.9998997635326976,170,180,86,180,170,180,180,180,221213_032614
0,0,0,0,0.004579279751997428,-0.002623480726566596,0.00016382244115098477,0.9999300032346788,0.004209372535282856,0.011057568175414867,-0.004173423856548904,0.9999859378062436,-0.0032721129382145045,-0.011071186224083178,0.0032257359820742956,0.9999335095209909,180,180,114,94,180,180,94,94,221213_032614
0,0,0,0,0.003954076458511105,-0.0022151960205648302,-0.0008259955744621683,0.999915929888656,-0.008928153505315126,0.00940325634505498,0.00897618376982823,0.9999468192250273,-0.005078075096002298,-0.009357418438626674,0.0051620535386515745,0.9999428943311855,180,180,180,99,180,180,99,99,221213_032614
0,0,0,0,0.0038281731230599136,-0.0023724591616492707,-6.799744511465367e-05,0.9997488530114701,-0.016051169189426638,0.015639401200265822,0.0161976536814296,0.9998256957514037,-0.009285156457403389,-0.015487637568943032,0.009536146122747896,0.9998345838185728,0,140,180,152,0,140,152,152,221213_032615
0,0,0,0,0.004623055283235478,-0.002925954090941124,0.0015876935294383276,0.9999353988049998,-0.010790189000526054,-0.0035735189967085516,0.01073250364684117,0.9998177867658048,-0.015786279871991427,0.0037432047976885922,0.01574690725378272,0.9998690030847956,160,80,180,180,160,80,180,180,221213_032615
0,0,0,0,0.002488067650494974,-0.004396448511333084,-0.0007704237414619675,0.9994791952100526,-0.03183826412448916,0.005259589319111841,0.031816967746279595,0.9994853670680254,0.004084309039020479,-0.0053869198711899895,-0.003914837727584631,0.9999778273241202,170,180,99,174,170,180,174,174,221213_032615
0,0,0,0,0.005340374515322377,-0.004379221638322356,0.00016433163164919495,0.9999687703696589,-0.004797942714318555,0.006279970629073414,0.004829827095164495,0.9999754741305367,-0.005071874174112707,-0.006255482045591864,0.0051020469536581115,0.9999674184998528,180,180,117,97,180,180,97,97,221213_032615
0,0,0,0,0.004376208980463911,-0.003739274368825596,-0.000574195834026292,0.9996903692413622,-0.021929025528949268,0.011759399874970555,0.021981864218914543,0.9997487617730993,-0.0043830330382914505,-0.011660329820805601,0.004640169447794026,0.9999212496671754,180,180,180,96,180,180,96,96,221213_032616
0,0,0,0,0.0043265431143210825,-0.003713628534543767,-0.00032153433814241517,0.999581089740284,-0.028502280145790596,0.005026436124819184,0.02853296399878201,0.9995739806213519,-0.006142249606601477,-0.004849226646611721,0.006283095676215296,0.9999685033588075,36,133,180,180,36,133,180,180,221213_032616
0,0,0,0,0.004929032113423479,-0.0039150925900350575,-0.0005867409333096818,0.999541066987355,-0.02790407572381421,0.011790587931867585,0.028005450683723385,0.9995714422437986,-0.008522123130584194,-0.011547733014795723,0.008848412775799631,0.9998941721270147,160,81,144,160,160,81,160,160,221213_032616
0,0,0,0,0.003018521706418628,-0.006921198610728124,0.0012707995978371578,0.9990092502968578,-0.044482467581141896,-0.001351998226110743,0.0444592796852564,0.9989133809903594,-0.013979618316572122,0.0019723770377008637,0.013905659146606315,0.9999013663219585,180,171,96,173,180,171,173,173,221213_032616
0,0,0,0,0.004520152939662667,-0.0052196507635595135,0.00032798724958638115,0.9994866674177192,-0.026296406993583835,0.018300290529100885,0.026588500415959268,0.9995199236033994,-0.01590515531152436,-0.017873256554198996,0.016383567959421638,0.9997060194882627,108,110,110,80,108,110,80,80,221213_032617
0,0,0,0,0.002122489363029126,-0.0056783658669548875,0.00021370049561519888,0.9987021083775357,-0.042121972158247624,0.028632816553118605,0.0425849900180562,0.998968571744617,-0.015757896169274598,-0.02793953019337983,0.01695677233495222,0.9994657825681447,180,180,180,95,180,180,95,95,221213_032617
0,0,0,0,0.0030406065634589613,-0.004494398186099147,0.0003705172640793286,0.9987216587464774,-0.05054707532473613,-0.00020378125414190201,0.05054203324061657,0.9986650203390883,-0.01066208361593245,0.0007424463539655172,0.01063815431567725,0.9999431376064177,82,124,180,180,82,124,180,180,221213_032617
0,0,0,0,0.002482502148052873,-0.00539108929001722,0.0014109614981826502,0.9988056667123436,-0.04865880345798472,0.0044227807258087745,0.0486847265428263,0.9987964387112344,-0.005955788713963133,-0.004127656085668521,0.006163997387442619,0.9999724834171418,160,75,180,180,160,75,180,180,221213_032617
0,0,0,0,0.002706580913519746,-0.005739611935699246,-0.0003067818291746516,0.9985403935337039,-0.05341579593034775,0.007989695030648133,0.05340059502509387,0.9985709535236418,0.002104098346159814,-0.008090669472993294,-0.0016743727219024314,0.9999658681892433,180,173,99,170,180,173,170,170,221213_032618
0,0,0,0,0.0032724163582826676,-0.00482648604846847,-0.00014853876853193615,0.9991752936100902,-0.039627334031496146,0.008854774799334667,0.03970605158495539,0.9991717825683616,-0.008898223794409445,-0.008494828233904543,0.009242473517342881,0.9999212041838885,180,180,100,0,180,180,0,0,221213_032618
0,0,0,0,0.002538025255822751,-0.005391782090748226,0.0019802686088959964,0.9985089926053171,-0.052318718000613385,0.015573805992324628,0.05274503199715864,0.9982054312094307,-0.0283527547799783,-0.014062477944266212,0.02913192150832453,0.9994766519850776,180,180,180,94,180,180,94,94,221213_032618
0,0,0,0,0.0008400858520642568,-0.0036469752506805286,0.0006951159365646831,0.9984227520075993,-0.05607542057558348,0.0027487234935574824,0.056113617254280324,0.9982849619405308,-0.016685224662371486,-0.0018083783378105294,0.016813148743325467,0.9998570136760165,35,130,180,172,35,130,172,172,221213_032618
0,0,0,0,0.0017659199857398,-0.00474381278338698,9.960865789215845e-05,0.9984978193292844,-0.05448066861783187,0.005827653182717669,0.05449575381923996,0.9985109676996891,-0.002461747164666122,-0.005684857987394575,0.0027756315288483815,0.9999799889294182,160,96,174,160,160,96,160,160,221213_032619
0,0,0,0,0.0002093493375413813,-0.006944631596013218,0.0006180243279391151,0.997327920204323,-0.07209992591010961,0.011773710743723078,0.07213975148255503,0.9973900428083442,-0.0029931192432041537,-0.011527178187019874,0.0038344739568279915,0.9999262077636124,180,113,85,170,180,113,170,170,221213_032619
0,0,0,0,0.002676556334406874,-0.006775749731989494,5.272272375844711e-05,0.9991028535399025,-0.041468038995296504,0.008595917072020136,0.04151153577003036,0.9991257876142039,-0.004944989616912883,-0.008383343392583014,0.005297382955994489,0.9999508274347192,179,180,115,85,179,180,85,85,221213_032619
0,0,0,0,0.001336860058497008,-0.007565838645532008,0.0006198455048301854,0.9983640143808472,-0.05690463631288874,0.0055818594982301965,0.05697964183359626,0.9982721838921154,-0.014351560325653987,-0.004755544750623372,0.0146461337343233,0.9998814307510472,180,180,180,180,180,180,180,180,221213_032619
0,0,0,0,0.0023911244804292603,-0.007610437133042602,0.0012256719611146716,0.9978935094030118,-0.06486030270452123,0.0012980849045698313,0.06487299775243976,0.9977493783489381,-0.016960901123432987,-0.0001950742255713355,0.01700938380379649,0.9998553109368683,57,123,180,169,57,123,169,169,221213_032620
0,0,0,0,0.0026186476462986136,-0.0076266307629895835,0.0008373882214673944,0.9980967173182771,-0.06156345300023076,-0.0035894474738550983,0.061522200262461635,0.9980488885342144,-0.01065058545263522,0.004238130878671263,0.010409483671474814,0.9999368384534837,167,79,172,180,167,79,180,180,221213_032620
0,0,0,0,0.002378053365274538,-0.009267432772134349,0.0004261123026153557,0.9979420797894247,-0.06400842032331919,0.0038114975103508107,0.06398750479186746,0.9979362105692664,0.0053776263502890885,-0.004147844749844813,-0.00512267140913016,0.999978276574829,180,138,75,170,180,138,170,170,221213_032620
0,0,0,0,0.0030969048355597856,-0.007374140088387937,0.00041333521203013035,0.9990082898024949,-0.044491714532162385,0.0017100420706301577,0.04449825907684335,0.9990014486256507,-0.004001322654014173,-0.0015303088004968344,0.0040734483966259295,0.9999905325417512,180,180,116,50,180,180,50,50,221213_032620
0,0,0,0,0.0025339002126662236,-0.007313357397279369,0.0013789305839611021,0.9982606853590833,-0.05773079341902588,0.01194820311274291,0.058024580083432704,0.9979789487504116,-0.02590687084854696,-0.010428430972820688,0.02655510011714819,0.9995929543995462,180,180,180,180,180,180,180,180,221213_032621
0,0,0,0,0.0028816623043479567,-0.006707163660526372,0.000135270564281198,0.9975068116282587,-0.07007114989161349,0.008378228219170163,0.070089746647358,0.9975387901751426,-0.0019466665923477298,-0.008221202474980899,0.002529041079071412,0.9999630072063095,0,130,180,180,0,130,180,180,221213_032621
0,0,0,0,0.002967513148120285,-0.00720653788075748,-0.0003681231908556626,0.9979129635775136,-0.0645733266679322,-5.105859522817149e-05,0.06457318565905878,0.9979083937541561,0.00302346966931466,-0.0001442836938757923,-0.0030204565941415427,0.9999954280016378,169,78,172,180,169,78,180,180,221213_032621
0,0,0,0,0.0015558578978717985,-0.008945950169668482,-0.00024505366936811157,0.9969393925879722,-0.07740658437371602,0.010957563685457833,0.07749276259900932,0.9969634029876896,-0.00767103956317141,-0.01033050100912761,0.008496693403967246,0.9999105394734568,180,141,65,170,180,141,170,170,221213_032621
0,0,0,0,0.0033073272198339,-0.00868783349194674,0.0002884882783850129,0.9991016296872172,-0.04059361134685693,0.012169316914564394,0.04064653714636922,0.999165037187057,-0.0041337006418412465,-0.011991354150202624,0.004624627639916526,0.9999174067115927,180,120,120,80,180,120,80,80,221213_032621
0,0,0,0,0.0035621065999105195,-0.007179421168142547,-0.0007881134975527004,0.9993429528449547,-0.03399519066563929,0.012569391820379491,0.03404713383418024,0.999412454752654,-0.003941822288174441,-0.012428003733696789,0.00436718409057695,0.9999132324488531,180,180,180,180,180,180,180,180,221213_032622
0,0,0,0,0.004298178195610056,-0.007424494032748807,0.000747577665369481,0.9986991157936156,-0.05082140390973841,0.004154638094278998,0.05084342161355821,0.998692157825557,-0.005377766855993439,-0.0038758988218389094,0.00558200702030377,0.9999769090363777,97,117,180,180,97,117,180,180,221213_032622
0,0,0,0,0.003649904746195712,-0.008358975032448951,0.0008649445449055992,0.9986394308681067,-0.052038396802264415,0.0033604127237711924,0.05205215360827869,0.9986357656851839,-0.004144972750956494,-0.0031401305966726545,0.00431424994826384,0.9999857633122681,173,87,130,180,173,87,180,180,221213_032622
0,0,0,0,0.003746378851349985,-0.008282950513303411,3.286117192213833e-05,0.9986594268949951,-0.051195448254299204,0.007640363329194041,0.05122710704165389,0.9986789912993534,-0.004006974101406488,-0.007425131507495259,0.004392996169795502,0.9999627838108519,180,144,43,170,180,144,170,170,221213_032622
0,0,0,0,0.005199884703027027,-0.007464494323399101,-0.0003078157078677535,0.9995408884581178,-0.028664500689723323,0.009816246765709058,0.028647987166249094,0.9995879075018494,0.0018187928403225022,-0.009864336352682733,-0.0015367421001724391,0.9999501654042758,180,120,124,78,180,120,78,78,221213_032623
0,0,0,0,0.004432195993881297,-0.006770897934615855,-0.0004371998105618946,0.9994369555111398,-0.02792429019604039,0.018601235864090293,0.02802737678926395,0.9995930818291593,-0.005304423587489561,-0.01844554441963731,0.005822780807330787,0.9998129110562299,180,180,180,180,180,180,180,180,221213_032623
0,0,0,0,0.005282586345783116,-0.006423191830587538,0.00025623519277662155,0.999275337033967,-0.03612707951641808,0.0119847787324395,0.03621937092436063,0.9993151528806257,-0.007575116699739523,-0.011702904147890663,0.008003708439560293,0.9998994862913572,46,120,180,180,46,120,180,180,221213_032623
0,0,0,0,0.0049853711332566025,-0.005758655300642901,-0.0008070459447329092,0.9992814966602759,-0.034685297123785305,0.015278108385351987,0.03473543957650582,0.9993919527673052,-0.003028858098321141,-0.015163761730741535,0.003557373664324632,0.9998786953539843,173,86,180,180,173,86,180,180,221213_032623
0,0,0,0,0.004855672077839865,-0.007207113233185847,0.0008180276864651059,0.9988489297995086,-0.047919928549100065,0.0021203504959521583,0.047943585204170365,0.9987648733347674,-0.013043788957049366,-0.0014926741596835442,0.013130431844944696,0.9999126780291459,180,171,50,168,180,171,168,168,221213_032624
0,0,0,0,0.006676782764263589,-0.006029880616251843,-0.0008137685423400542,0.9998021304145992,-0.01904657394640622,0.005738295856227685,0.019029095322442662,0.9998141699008013,0.0030853195588411556,-0.005795994275265288,-0.0029755144891027573,0.9999787761567174,173,180,125,55,173,180,55,55,221213_032624
0,0,0,0,0.00497335057257231,-0.006111881224478283,0.0018996364661153509,0.9989964725828204,-0.03159256593465224,0.03174834711835476,0.032696919065506945,0.99885617017399,-0.034889293328645266,-0.0306097901120957,0.03589235410241643,0.9988867701928383,180,180,180,180,180,180,180,180,221213_032624
0,0,0,0,0.005361178832801156,-0.004949501100168313,-0.0004250488219758042,0.9991682344320915,-0.04005666752751679,0.007635619715940158,0.04006898856733211,0.9991958379971777,-0.001467475488044113,-0.0075706972629672395,0.0017722064515637377,0.9999697714567404,0,120,180,175,0,120,175,175,221213_032624
0,0,0,0,0.004201097344500027,-0.006125439272975097,0.00011112113047750949,0.9993794694318217,-0.03520592603045277,-0.0011040156294383147,0.03521365698073517,0.9993476943393911,0.00801150301667473,0.0008212430911960223,-0.008045408061832234,0.9999672979497398,173,86,180,170,173,86,170,170,221213_032625
0,0,0,0,0.003429644127872472,-0.007054780171624725,0.0006835743185289456,0.9986379762753043,-0.05216791659531264,-0.0008371492519388712,0.05215011003281838,0.9985319883383895,-0.014636744465446357,0.0015994887715747618,0.014573151446629571,0.9998925266710333,180,180,107,167,180,180,167,167,221213_032625
0,0,0,0,0.005971860086308095,-0.0058620601121563976,2.1352218182557614e-05,0.999772253576439,-0.021130310294491864,-0.0029918164294324688,0.021120642170464065,0.9997717262162285,-0.003227062585410022,0.0030593223099452406,0.0031631385492019155,0.9999903175038858,180,130,126,69,180,130,69,69,221213_032625
0,0,0,0,0.004496231267871076,-0.006645734322215491,0.0008610645648990944,0.9995503173820037,-0.02474960973050224,0.016929850552310347,0.02504462875569381,0.9995341676291959,-0.01744174051808039,-0.016490287809047023,0.017857899092513774,0.9997045392754683,180,180,180,180,180,180,180,180,221213_032625
0,0,0,0,0.006088000238633692,-0.005802320095076419,0.0011839474845795062,0.9996097781645477,-0.026333697377891298,0.009318142531316792,0.026520998240709505,0.999436329542122,-0.020582998899279486,-0.008770863705506468,0.020822093405349767,0.9997447236050202,86,108,180,180,86,108,180,180,221213_032626
0,0,0,0,0.005176280469382816,-0.005341248473449106,9.405603894419023e-05,0.999799968776264,-0.018299234482276844,0.008072202446942471,0.018293516599254617,0.9998323541105194,0.0007816164341436693,-0.008085152157786796,-0.0006337911169960771,0.9999671137709507,176,86,180,170,176,86,170,170,221213_032626
0,0,0,0,0.005319608534274101,-0.006142308880836639,2.0374791154020855e-05,0.9993864580586549,-0.0323537003880201,0.013414377368295823,0.03234647835124085,0.9994764305550912,0.0007550517382378386,-0.013431782727899702,-0.0003206806151894764,0.9999097381147428,160,180,88,159,160,180,159,159,221213_032626
0,0,0,0,0.0073007510955102745,-0.004615024377277205,-0.0014558451540092054,0.9999512397187221,-0.000721435054244862,0.009848741871575922,0.0006916599085387492,0.9999951815005147,0.003026314974237129,-0.009850877705125875,-0.00301935543036564,0.9999469204418922,180,180,129,78,180,180,78,78,221213_032626
0,0,0,0,0.005958347976478998,-0.004346534098267407,0.000385940263427198,0.9996982910959618,-0.02324466177472041,0.007938039984343816,0.02335518287827622,0.9996274222277421,-0.01412629332280183,-0.0076067215366712945,0.014307425669854722,0.9998687090604272,180,180,180,180,180,180,180,180,221213_032627
0,0,0,0,0.006837164119242595,-0.004908788841899464,1.1296892674317327e-05,0.9995491485607292,-0.025164688561433883,0.01637797487868827,0.025303255666147433,0.9996452896320793,-0.008309041406190012,-0.01616307100196248,0.008719711348562247,0.9998313466629175,99,109,180,176,99,109,176,176,221213_032627
0,0,0,0,0.005451407592182045,-0.005572614666532721,0.0003138899114534244,0.9994952029746236,-0.025304052592255318,0.019210521937837354,0.025213524282675436,0.9996698821075443,0.0049401417323056375,-0.01932918580702971,-0.004453283002091775,0.9998032560691832,180,91,74,170,180,91,170,170,221213_032627
0,0,0,0,0.006934567250808751,-0.004746409187967093,-0.0005068564007708609,0.9999475662368398,-0.0017741948438709818,0.010085485098793921,0.0017443616303389681,0.9999940798220317,0.00296606193295248,-0.010090687762715305,-0.0029483136779339617,0.9999447412066987,160,95,84,157,160,95,157,157,221213_032627
0,0,0,0,0.0068411631243106424,-0.004498891059027149,0.0001399639827430743,0.9999409409500919,-0.00943074870778143,0.005401443386379776,0.009450681537287483,0.9999485818537628,-0.003676719615407878,-0.005366491435411978,0.0037275497931271405,0.9999786528432562,180,130,129,79,180,130,79,79,221213_032628
0,0,0,0,0.005803313804675525,-0.004015505531406671,-0.0005769561806431289,0.9997202955210446,-0.01865594220183638,0.0145356989469771,0.018790282743078784,0.9997814767793932,-0.009161002305964755,-0.014361615429698493,0.009431569825669886,0.9998523838511727,180,180,180,107,180,180,107,107,221213_032628
0,0,0,0,0.00663599624474627,-0.0039266177175374395,0.00039126548147216944,0.9998001146087693,-0.019779752072059547,0.0029141441728074992,0.019810392853899735,0.9997444424399872,-0.010890277559915845,-0.0026979924511021172,0.010945831093421166,0.9999364527900801,74,107,100,0,74,107,0,0,221213_032628
0,0,0,0,0.00618972978375594,-0.0037760449909947924,-0.0003698025806052607,0.9994552767341627,-0.02442395321263209,0.022195051649099448,0.02504851098254369,0.9992852669150288,-0.028311259670241003,-0.02148771522978654,0.028851790863403868,0.9993527166412157,180,93,164,170,180,93,170,170,221213_032628
0,0,0,0,0.005849572921888271,-0.004349827334517026,-0.0016045894619133305,0.9995910951293193,-0.007625642774941522,0.027558884419319064,0.007772039794371262,0.9999562301765407,-0.005208946971756302,-0.027517956602973105,0.005421005754363695,0.9996066100026589,180,155,78,160,180,155,160,160,221213_032628
0,0,0,0,0.009149274097242421,-0.0028000315812789778,2.3220472429641426e-05,0.9998002723975328,0.019927685252140295,-0.0015174565267721714,-0.019925282344722954,0.9998002194550735,0.0015824983631758532,0.001548688897773787,-0.0015519465448300888,0.9999975965094215,180,180,132,75,180,180,75,75,221213_032629
0,0,0,0,0.007677045780961261,-0.002385444282635041,0.0004636566699610656,0.9997685783515174,-0.014786185230554551,0.01562557094360127,0.015137164603564096,0.9996302662200808,-0.02258754312745981,-0.015285810045607173,0.022818842720392,0.9996227510556929,180,180,180,111,180,180,111,111,221213_032629
0,0,0,0,0.008086976625381992,-0.0028280660349479514,0.0009292027814539194,0.9998495259750944,-0.01733324578649733,0.0006956995652827187,0.017342438192625983,0.9997105857529469,-0.016672869310178723,-0.0004065032781974308,0.016682425603138373,0.9998607560210974,56,110,180,180,56,110,180,180,221213_032629
0,0,0,0,0.007058211100085768,-0.0020651591122496926,-0.000543746584743876,0.9998080156703889,-0.017468815977605395,0.008875374334642848,0.017450036582094985,0.999845340386461,0.0021889565470196385,-0.008912240151781086,-0.002033660694845121,0.9999582172269276,170,105,174,170,170,105,170,170,221213_032630
0,0,0,0,0.007397656306299724,-0.002563120164403049,0.00040577499941873985,0.9989990467064507,-0.03815583510304187,0.023346025940031382,0.03828101008013557,0.999254810842217,-0.0049383474898502325,-0.02314020196211937,0.005827113889007217,0.9997152473564044,180,156,59,156,180,156,156,156,221213_032630
0,0,0,0,0.009393678792389296,-0.0017190603664845039,0.0011163137404661683,0.9999208044110561,-0.009858327829270529,0.007822932848800746,0.009921881926725832,0.9999177483798185,-0.00812728331404141,-0.007742167976628217,0.008204257885099521,0.9999363724695569,180,180,134,69,180,180,69,69,221213_032630
0,0,0,0,0.008247552656546947,-0.0014552883333362465,0.0008290904427746826,0.9995259831846881,-0.028857106858335747,0.010727363257073705,0.029020781011629415,0.9994597299832875,-0.015428623114471612,-0.010276342158456315,0.01573262614759388,0.9998234250438136,180,180,180,116,180,180,116,116,221213_032630
0,0,0,0,0.00947971507739636,-0.0012854990285680046,0.0007146889016118596,0.9995081580566544,-0.028260185418863534,0.013594259754981323,0.02843728097735062,0.9995108426172887,-0.01301524264443763,-0.013219796852056374,0.013395424986534009,0.9998228840952884,89,101,180,174,89,101,174,174,221213_032631
0,0,0,0,0.007287434143527172,-0.0024205916038012865,0.0014601934236783132,0.9992799700853903,-0.03342755414291355,0.017948259251632338,0.03354133582138107,0.9994188605079791,-0.006076187311833431,-0.01773471672901943,0.0066738208661701465,0.9998204538503839,170,180,152,180,170,180,180,180,221213_032631
0,0,0,0,0.006355438311188982,-0.0017529361539788124,-0.0005365969150981087,0.9991693698596729,-0.0376694167602471,0.015543016926199174,0.03768398462837933,0.9992894980095565,-0.0006453451300626728,-0.015507663807077183,0.0012305318978723832,0.9998789917557499,180,148,31,160,180,148,160,160,221213_032631
0,0,0,0,0.006329114527794805,-0.0019314148140397447,-2.3371295248209023e-05,0.9992884732091217,-0.03693119163681227,0.007657309949867589,0.03693471278858905,0.9993176298349299,-0.00031889233478942305,-0.007640307756085463,0.0006014859780813104,0.9999706315247515,180,140,140,90,180,140,90,90,221213_032631
0,0,0,0,0.006420966241986084,-0.0017895662834377934,-0.00042501686251650295,0.9993040184325538,-0.03623065398441601,0.008877975918680796,0.03622756689583661,0.9993434369521857,0.0005083477144937729,-0.008890564737900864,-0.00018636644736127567,0.9999604607814193,171,180,180,121,171,180,121,121,221213_032632
0,0,0,0,0.0064660588489900556,-0.0016925294203876395,-0.0007206355248676743,0.9992577155627569,-0.03658385211167946,0.012068125495359981,0.03657268629809789,0.9993303399151493,0.0011447017139912582,-0.012101921551633416,-0.0007024882517756647,0.9999265223030211,89,99,180,174,89,99,174,174,221213_032632
0,0,0,0,0.006439462915873065,-0.0017881064106442801,-0.0003603392800677341,0.9992612893940066,-0.036871600772498986,0.010833308594368391,0.036884238174664935,0.9993190751830396,-0.000968994111818377,-0.010790203561654822,0.0013678566400051847,0.9999408484882044,170,180,152,180,170,180,180,180,221213_032632
0,0,0,0,0.0064399493972022576,-0.0015643019178416262,-0.0005110135593344722,0.9991499250021676,-0.03860996301127235,0.01444638793716506,0.038635586882358276,0.9992522430097778,-0.0014987548776323907,-0.014377718679213232,0.002055625499865563,0.9998945222419141,150,180,39,156,150,180,156,156,221213_032632
0,0,0,0,0.006623261839654712,-0.001600284841084404,-0.0009076376771200989,0.9992401181336548,-0.03725518933121504,0.011455879718940533,0.03725883871780315,0.9993056428663395,-0.00010522781253437652,-0.011444004965056483,0.0005319806266463372,0.999934373720082,180,180,138,78,180,180,78,78,221213_032633
0,0,0,0,0.006620409323531695,-0.0016084051253267562,-0.0009697573651138436,0.9992464133583587,-0.03652292631323355,0.013140823565306844,0.03650938913968489,0.9993325047240545,0.0012686633100215893,-0.013178387424243106,-0.00078794382113674,0.9999128508272265,157,180,180,127,157,180,127,127,221213_032633
0,0,0,0,0.0066490737986912435,-0.0015950432150581562,-0.0009598440975054912,0.9992285445146787,-0.03761166830940146,0.011299479371227956,0.03760884027772554,0.9992924301758165,0.0004627378040885284,-0.01130888854139755,-3.742050757727093e-05,0.9999360517751442,50,100,0,0,50,100,0,0,221213_032633
0,0,0,0,0.006589860309623455,-0.0017914288790221167,-0.00040551189951787414,0.9992138451031846,-0.03754980379678248,0.012716288331587122,0.037574251984114085,0.9992924109562891,-0.0016890805193947205,-0.012643865783186747,0.0021655576625470335,0.9999177181238799,180,92,157,180,180,92,180,180,221213_032633
0,0,0,0,0.006651258077540037,-0.001593667283346617,-0.0009754619828266087,0.9991948326245379,-0.03786770123458049,0.01325608010050198,0.037860562948173436,0.9992827202860644,0.0007891203523912522,-0.013276453956902086,-0.00028660232333707256,0.9999118229271212,180,180,39,156,180,180,156,156,221213_032633
0,0,0,0,0.006610893775666565,-0.0018004064140730025,-0.0003356906066889209,0.9991614026904376,-0.03826189417173689,0.014578025520219536,0.03830396407314324,0.9992627056060488,-0.0026175410525256203,-0.014467125144986727,0.0031737421554251383,0.9998903088093064,173,180,141,81,173,180,81,81,221213_032634
