0,0,0,0,0.2256767761920858,0.31834298261455474,-0.16671049935827997,0.9856099822886839,-0.11561658427182504,-0.1233116712003202,0.1496882234754963,0.9358716249277106,0.31896353617289236,0.07852641953922272,-0.3328319502338708,0.9397108567734376,180,180,81,97,180,180,81,97,230302_174439
0,0,0,0,0.22513545278322364,0.32000483294819915,-0.1662414355036279,0.9919029285315706,-0.12639906727115918,-0.012322993283908056,0.1267841174579963,0.9799233381251716,0.15387020165716897,-0.007373461255830108,-0.15418666346543036,0.9880142230142777,118,168,150,180,120,170,150,180,230302_174439
0,0,0,0,0.23157419203303825,0.31657882975764134,-0.16251716919615755,0.9903093936621322,-0.13868162060815087,0.007396818913333699,0.1378045210266447,0.9878663275664372,0.07162424760522848,-0.017240035068321516,-0.06991085012996748,0.9974042581746623,115,95,180,180,95,95,180,172,230302_174439
0,0,0,0,0.2252843617436358,0.3131321233651915,-0.17774835289587276,0.9811340532391533,-0.1913421974330351,0.02764295671611429,0.1909744109430232,0.981474086011365,0.015407558311496867,-0.0300789617419994,-0.009837782761094099,0.9994991116008403,180,83,180,180,150,180,83,180,230302_174439
0,0,0,0,0.2236682994303965,0.3088732174616768,-0.17361193987222512,0.9881622897774786,-0.14841575238360433,0.03883366459836449,0.1464512789919453,0.9879876099565597,0.04932043647361126,-0.04568710915951159,-0.043049355590213674,0.998027775685584,171,171,0,0,159,179,117,107,230302_174440
0,0,0,0,0.2264898564807047,0.3059903368286953,-0.16753208733217462,0.9860912874408729,-0.1587090325887756,-0.04934993219788416,0.1627251289741307,0.9823451892237509,0.09229551240068763,0.03383053699771132,-0.09904227472997441,0.9945079801503649,110,170,180,108,77,172,170,180,230302_174440
0,0,0,0,0.2329919090047714,0.30311314586216315,-0.15954447887875078,0.9788104991095498,-0.20246452641209822,-0.03062878348283718,0.2046875676529076,0.9716145089536271,0.11860963552400598,0.00574512673924436,-0.1223656877377236,0.9924684538982708,119,89,180,110,109,89,180,180,230302_174440
0,0,0,0,0.23405852973171043,0.2964388716737318,-0.1678825259545531,0.9724998367673825,-0.23289072243329675,0.002445177276062139,0.2328615370149212,0.9724702110195127,0.008785969423613541,-0.004424032827974475,-0.007974966091529614,0.9999584130599513,180,180,85,180,175,103,180,180,230302_174440
0,0,0,0,0.2387447218276187,0.29243575219123163,-0.17335638116923335,0.9826117526127311,-0.18483442284594545,-0.017617597978842034,0.18472037569370112,0.9827592954440708,-0.007908857177328763,0.01877568722884629,0.0045170066947064985,0.9998135177219822,180,175,117,127,180,173,93,122,230302_174441
0,0,0,0,0.24018370149140345,0.2882085763900992,-0.16852085773145586,0.9758378756334446,-0.20246510212466132,-0.0821481764913665,0.21181139999407197,0.9688639915097116,0.1282127013537287,0.053631812497408234,-0.14251473038784432,0.9883385959835439,180,180,180,129,180,180,180,0,230302_174441
0,0,0,0,0.2427040085902485,0.2900815452305264,-0.1662109398433287,0.9784088312503325,-0.20623081608703744,-0.013601817063642406,0.206595536676255,0.9777628109491316,0.03603012281832173,0.005868829253624186,-0.03806226505251556,0.9992581352294629,118,88,106,110,0,0,180,100,230302_174441
0,0,0,0,0.2358257521911169,0.28819231811467394,-0.1629590059770789,0.9728703245349763,-0.2301862502877375,0.023186673277575745,0.22927716624471844,0.9726842176325433,0.0362959199822661,-0.03090813287796176,-0.029995048708718035,0.9990720616526918,180,87,180,180,160,180,180,180,230302_174441
0,0,0,0,0.23611113276136192,0.28205173427422414,-0.16759707866005802,0.96502685450372,-0.2605501391866992,0.028927410123406078,0.26043612044969283,0.9654603129395559,0.00770787284328378,-0.0299365537724255,9.543818232825146e-05,0.9995517963766479,180,180,149,110,180,173,80,115,230302_174441
0,0,0,0,0.2410430572012828,0.27767213151330206,-0.16926035442107912,0.9593591228991993,-0.28069366187692274,-0.029002439418138074,0.28204557599855895,0.9570621745151168,0.06694988552667806,0.008964729205042144,-0.07240899318812777,0.9973347338460453,96,166,180,113,63,170,180,180,230302_174442
0,0,0,0,0.23857861276736037,0.2679449611431748,-0.164764561940135,0.9415744755729013,-0.3291157129678995,0.07155665187281438,0.32922662777226286,0.9441916821271241,0.01057804176851336,-0.07104459525762609,0.013598341059984198,0.9973804442664277,164,69,180,180,138,78,180,179,230302_174442
0,0,0,0,0.2549205741553463,0.2632707644637728,-0.16703950419372782,0.9412910083911368,-0.3375960550436299,-0.000375687336797373,0.3372691697236409,0.9403294414550943,0.045056061597476486,-0.014857478787538413,-0.04253757341137916,0.9989843893536822,180,100,151,170,180,180,104,170,230302_174442
0,0,0,0,0.24776988983534637,0.26440010975559924,-0.1658277744577561,0.9608241919587027,-0.27657880632842874,-0.017917478529291257,0.2771529672831208,0.9583839552822283,0.0684574830369499,-0.0017620650010217321,-0.07074148816312865,0.9974931262817794,161,180,180,180,180,180,180,0,230302_174442
0,0,0,0,0.24729329672199807,0.2579180322055903,-0.1680091960337866,0.9493230981970103,-0.27670307940997974,-0.14906730384180222,0.3064026231749916,0.9204173491145994,0.2427948433561514,0.07002205182022139,-0.2761653658478711,0.9585559988675663,93,142,150,180,103,132,180,149,230302_174443
0,0,0,0,0.24850374752800974,0.2546093083485616,-0.1674119269945613,0.9454757105759142,-0.3175722912991911,0.07227392690280303,0.31588426535239844,0.9481882855691294,0.03400155896794343,-0.07932724383051176,-0.009317451822080281,0.9968050829915533,171,82,180,180,148,88,180,160,230302_174443
0,0,0,0,0.2542783024607946,0.24900428776389888,-0.1720894576586991,0.9313639459620282,-0.3640872318000149,0.0012991544335414983,0.36318429563223426,0.9292938004450183,0.06715802156535162,-0.02565867432580531,-0.0620767274802456,0.9977415057705006,160,95,106,158,180,180,62,160,230302_174443
0,0,0,0,0.2474445792831121,0.25310299156738975,-0.1662741581200038,0.9428763101786842,-0.3317785570591075,0.0301206371049105,0.33168188641142,0.9433548061529291,0.008296742416736192,-0.03116712900462139,0.0021676678584753883,0.9995118364910265,122,176,170,180,79,180,180,0,230302_174443
0,0,0,0,0.24493878250115447,0.24040993783651293,-0.1750736822285197,0.922948910670921,-0.36983133011795805,0.10672439062624092,0.36962906597366396,0.9289092709231355,0.022403570708374704,-0.10742281824080735,0.018771085643352475,0.994036208829926,140,71,180,180,114,46,173,180,230302_174443
0,0,0,0,0.2478758252807965,0.2451617239102173,-0.17354529756909165,0.915498335297637,-0.38379536107012296,0.12068106267476167,0.386825714201289,0.9221510250023508,-0.0018313710099963716,-0.11058329394586949,0.04835915537069921,0.9926896429357536,180,159,180,180,179,109,121,180,230302_174444
0,0,0,0,0.2514667445470381,0.24026146266991177,-0.17250033785328278,0.9185663787156515,-0.3825252775402843,-0.09955008757375768,0.39500851078284044,0.8974780817797008,0.1962176575493411,0.014285807724331084,-0.21956207497597752,0.97549393177503,180,180,170,95,180,180,150,111,230302_174444
0,0,0,0,0.2597644818026666,0.2344740462965167,-0.1669812837668303,0.9179799308992845,-0.39609801086448954,-0.020474673509970526,0.39658330696819394,0.9158905998777852,0.062177887465578646,-0.005875976541523065,-0.06519796656879354,0.9978550486192763,100,110,180,180,100,120,180,180,230302_174444
0,0,0,0,0.25639515516354766,0.2286595997337491,-0.16945365150262015,0.9185837508762874,-0.39228884223419397,0.04809736879088643,0.3880214185279802,0.918266074871872,0.07891004057114563,-0.07512171050758011,-0.053822671783939804,0.9957207683946607,178,86,180,180,159,86,166,180,230302_174444
0,0,0,0,0.2530909001042093,0.23330379719719288,-0.16509117833669906,0.9211999559094898,-0.3756801114130181,0.10126744353964785,0.3709133511225991,0.9265211273149223,0.06310219170590563,-0.11753266435913504,-0.020568289374363054,0.9928559907060316,180,177,89,154,180,168,94,142,230302_174445
0,0,0,0,0.2610367651020312,0.22971296624406354,-0.17175877213146862,0.9216849553451429,-0.38172429942980596,0.06916214510297478,0.3765144830700331,0.9231583121082625,0.07756013682252601,-0.0934541980273076,-0.04544546193237192,0.9945858549470861,126,180,180,120,180,180,180,0,230302_174445
0,0,0,0,0.26687800666182304,0.21999694436406494,-0.16692282656764146,0.9088187262287534,-0.416530671598068,0.023467476941703026,0.41649623923394935,0.9091137054160348,0.006569119324890571,-0.024070844603441468,0.0038039772332370226,0.9997030179994886,158,77,180,150,131,73,152,180,230302_174445
0,0,0,0,0.26215452419305746,0.21831610787957179,-0.16606879765378024,0.9050270925429048,-0.42353379015717396,0.039307637405920186,0.4177097528469167,0.9024004524694238,0.10579218193962311,-0.08027779356649237,-0.07932560732876395,0.9936110526166758,170,180,75,170,180,129,118,170,230302_174445
0,0,0,0,0.26983644030975973,0.2144561945960065,-0.16610161006302593,0.9136039661101578,-0.40647878092657924,-0.010138725966868404,0.40614927049075716,0.9111152699221181,0.070083771263911,-0.01925001786012209,-0.0681466475418155,0.9974895845276763,149,180,180,108,180,180,180,0,230302_174445
0,0,0,0,0.27158057046671424,0.2163979605835608,-0.16866677851799872,0.9006415874135312,-0.4321394478870821,0.04582825112397816,0.4329771037679817,0.9013520491900838,-0.009762736989577823,-0.037088524288852495,0.02863531038220601,0.9989016269710396,147,76,180,140,118,77,180,175,230302_174446
0,0,0,0,0.26613296426657496,0.20810606109443175,-0.16487469896559248,0.8942751359365545,-0.4443491007624785,0.05315879886936165,0.43769367970577316,0.8932040179160969,0.10300885944500801,-0.09325354680266536,-0.06885099149698401,0.9932589375276748,180,92,124,180,160,180,114,180,230302_174446
0,0,0,0,0.2771856017655317,0.20292945216419322,-0.16779403620949362,0.9038106202965003,-0.4274462274872861,0.020398167715315173,0.42730384796805826,0.9040398021730176,0.011111147495246778,-0.023190173585943635,-0.0013261575536329102,0.9997301921794683,180,170,180,107,180,180,180,0,230302_174446
0,0,0,0,0.2786256928488751,0.20005242418479124,-0.1648964312418726,0.9123976785390865,-0.4093035218704255,-0.00105032421281813,0.40927741177171995,0.9123037445510015,0.013924004153380489,-0.0047409292261704865,-0.013134103040856342,0.9999025047110267,134,79,180,180,111,81,180,180,230302_174446
0,0,0,0,0.27499648590885,0.1878501964035384,-0.16713545226105064,0.9059276722548986,-0.4217382498694421,0.037840470925722014,0.4151358983802989,0.9022273690902668,0.1168244851922669,-0.08341006245533612,-0.09012559603972406,0.9924314275654925,170,180,117,170,160,180,114,180,230302_174447
0,0,0,0,0.28745891955215847,0.1848494423425381,-0.1666789264087274,0.9197585350737869,-0.3920877908719685,0.01764656930002456,0.3868561860167298,0.9132388518254542,0.12781662981441422,-0.06623087270684663,-0.11073375170048676,0.9916408158879022,180,170,170,167,175,180,180,0,230302_174447
0,0,0,0,0.28109580341802204,0.1744101791220321,-0.1693203744659808,0.9202148441690318,-0.39077977129747454,0.02226681197788448,0.38943412135427785,0.9197924022987208,0.04819752896747533,-0.03931546382768568,-0.03568062525016934,0.9985895990274338,67,120,120,0,89,123,180,180,230302_174447
0,0,0,0,0.28948610142813,0.18062605431149986,-0.16264672509827105,0.9191360378036889,-0.39390732734422496,-0.005095240432533506,0.3918833355484474,0.9129403098019176,0.11387467698396676,-0.040204419283948904,-0.10666305922534067,0.9934820564392354,175,91,127,180,160,140,180,170,230302_174447
0,0,0,0,0.28205312166804486,0.18028266320208397,-0.16926895559616928,0.91150703647166,-0.4046388698793305,0.07363631879331317,0.404806255830056,0.9143056530880758,0.013306688996089036,-0.07271050614253516,0.01767930185175434,0.9971963821547544,140,0,100,147,110,0,91,141,230302_174447
0,0,0,0,0.28733940439867034,0.1721474961095999,-0.1784993132983117,0.920349148518474,-0.3869026479404766,-0.057129553104917366,0.3910847832893759,0.9116360653127003,0.1263818685598548,0.003183881408166755,-0.13865794401269152,0.9903352146931623,180,180,180,0,83,180,180,0,230302_174448
0,0,0,0,0.2897243177650042,0.17577640898243324,-0.16907038854889067,0.921694853871538,-0.3873340909024108,0.021234367697851402,0.38102732183818033,0.9142405288178342,0.13777675957762678,-0.07277895547167605,-0.11889725603095523,0.9902356619253627,74,130,180,180,93,127,180,180,230302_174448
0,0,0,0,0.28480658497153244,0.16846309053895853,-0.17268995760850792,0.9209497622445041,-0.3896093760193087,0.007487959644442103,0.38967010144070396,0.920899042796914,-0.010107671290587157,-0.002957611364534721,0.012226491466145534,0.9999208795907029,180,80,177,170,162,92,180,170,230302_174448
0,0,0,0,0.2824606141792335,0.16526920136550502,-0.16790694753740554,0.9214682634418125,-0.3837295482410059,0.06039762641266829,0.3790224833544272,0.9222150839656251,0.07655910147147507,-0.08507759153486978,-0.04765472393194319,0.9952340582524275,180,159,115,125,0,80,91,125,230302_174448
0,0,0,0,0.2989894160096541,0.16387070426581185,-0.16085590696160268,0.9211714949852636,-0.3889195540440818,0.01358886708917409,0.3880305051118245,0.9205999517259461,0.04390963430556401,-0.02958722577866266,-0.03517540851700293,0.9989430848183417,99,176,170,180,101,175,180,180,230302_174449
0,0,0,0,0.29826030963845473,0.1551388909027951,-0.16556465594086767,0.9061446654427211,-0.42240002726617676,-0.021910323028933892,0.4228609469704066,0.9058641169544916,0.02447082224915828,0.009511299437522642,-0.03143912498451431,0.9994604127243949,150,123,180,180,131,82,180,140,230302_174449
0,0,0,0,0.29488112584227183,0.16225725544606484,-0.16766324582693093,0.8920891083771656,-0.4504391297946161,-0.035799623806712845,0.45175682802107364,0.8907717763328965,0.04941063473660705,0.009632811176998149,-0.060251413581797884,0.9981367522089462,180,180,123,180,160,180,177,180,230302_174449
0,0,0,0,0.29058068431004624,0.15907159042106256,-0.16724542204588055,0.892144366712462,-0.44980277878973673,0.04190333084912655,0.4456906535996992,0.8915244496419304,0.08089497502642083,-0.0737446285304417,-0.05349407335101496,0.9958414100042353,169,170,180,77,180,180,180,0,230302_174449
