0,0,0,0,-0.23604654483432308,0.08246177857526216,0.40715546155458937,-0.38653723020307623,-0.9214534448479804,0.038891112670160426,0.9215393933070938,-0.38420336554165746,0.05615087256362441,-0.03679831857743625,0.05754409512932679,0.9976645532771127,180,180,81,97,180,180,81,97,230223_164239
0,0,0,0,-0.15223600550351335,-0.21279225154167425,-0.4044848639226366,-0.38520511800867985,0.9220388810770934,-0.038227200290118474,-0.9219568931082532,-0.3827074237404667,0.059418137501196976,0.04015599967744647,0.05813200147970909,0.9975009604475916,75,170,180,92,75,170,180,92,230223_164239
0,0,0,0,-0.15111631827220684,-0.21227575074809868,-0.3994247996967222,-0.3831289512118238,0.922971328452917,-0.036553161247507404,-0.9225521571990232,-0.38038744383205814,0.0648298528637959,0.045931731850184454,0.05856039129625463,0.9972266325066095,86,137,180,180,86,137,180,180,230223_164239
0,0,0,0,-0.1517691814376637,-0.21204380188574143,-0.3990474247136202,-0.38540607567317636,0.9220306623396038,-0.03635401683163077,-0.9216398487980717,-0.382715318066665,0.0641012825503514,0.04519010889200011,0.05821033432925506,0.9972810090619422,147,84,166,180,147,84,166,180,230223_164240
0,0,0,0,-0.151632112241469,-0.2099120491001655,-0.408728984046308,-0.38600874210903635,0.9213423293480845,-0.046103830283896405,-0.9219873747900156,-0.38365622618026735,0.05241355588902756,0.030602806133037428,0.06273924022939922,0.997560652788702,180,106,75,170,180,106,75,170,230223_164240
0,0,0,0,-0.15237105135224605,-0.20975150846298599,-0.40807178228610463,-0.38420930719586294,0.9222220635495251,-0.04347037803528383,-0.9226673291629894,-0.38187582282423366,0.053440206189265274,0.03268345084767183,0.060640922195902454,0.9976244135925695,180,180,81,97,180,180,81,97,230223_164240
0,0,0,0,-0.1521065866288781,-0.21011103080536417,-0.40375244090345586,-0.3850638266282036,0.9221839857752973,-0.036090799409700454,-0.9220348549057763,-0.38272974281482786,0.058048861347822986,0.039718707951396835,0.0556294916791594,0.997661156853463,75,170,180,92,75,170,180,92,230223_164240
0,0,0,0,-0.14933893412127075,-0.21277036167292804,-0.3990552984594695,-0.38266642681399443,0.9231314034792566,-0.037347258263860296,-0.9227938068912975,-0.37993585551910974,0.06403386333829772,0.04492210761390882,0.05896742830902217,0.9972486383275462,86,137,180,180,86,137,180,180,230223_164241
0,0,0,0,-0.1511514314283039,-0.21131820453152045,-0.3987653735933958,-0.38601444625228315,0.9217301902203422,-0.0375007162720402,-0.9215564645516645,-0.3834728530772622,0.06068157542304478,0.04155153339627291,0.05798299224045916,0.997452476403393,147,84,166,180,147,84,166,180,230223_164241
0,0,0,0,-0.15154087609336298,-0.2114447752104727,-0.40048996432597406,-0.38541078636812043,0.922041650866261,-0.036023878454802975,-0.9215951873259245,-0.3826886294124235,0.06489779361530905,0.04605254009064918,0.05821174268359276,0.9972414735483771,180,106,75,170,180,106,75,170,230223_164241
0,0,0,0,-0.1529478254372345,-0.2116771163009949,-0.40335549534128057,-0.38510954111147166,0.9220520084355986,-0.03886817573272637,-0.9220798130288278,-0.3826945780493683,0.05756455798786636,0.038202876195835254,0.05800822072339584,0.9975848768795925,180,180,81,97,180,180,81,97,230223_164241
0,0,0,0,-0.1534241382949536,-0.21105292261843303,-0.4052276627592364,-0.38565642750445783,0.9217743256247913,-0.04001515392273609,-0.9219007061399286,-0.3832450590989817,0.05676541812511158,0.03698929498111017,0.058781947017595655,0.9975853220459998,75,170,180,92,75,170,180,92,230223_164241
0,0,0,0,-0.14984087785622646,-0.2130051355620688,-0.4012032536300867,-0.3825798025459904,0.922996145191362,-0.04136194683228902,-0.9228558393840866,-0.3796045095263042,0.06509620620272782,0.04438236585137567,0.06307560787800472,0.9970214006189911,86,137,180,180,86,137,180,180,230223_164242
0,0,0,0,-0.4309503700172252,-0.9375855631654139,0.7677946984099586,-0.877246848692786,0.47863074418988955,0.03675019965670835,-0.4751470528251985,-0.8766600217335109,0.07551479646882454,0.06836113406098236,0.04878336817433086,0.9964672289340298,147,84,166,180,147,84,166,180,230223_164242
0,0,0,0,-0.15343463942121816,-0.2107893074803529,-0.40271748430356924,-0.3866283579893721,0.921585249652495,-0.0346286069802174,-0.9213492626016796,-0.3843385647083345,0.05830440790608087,0.04042337321134068,0.05444717899841727,0.9976980783770865,180,106,75,170,180,106,75,170,230223_164242
0,0,0,0,-0.24071549443869866,0.08617460450876746,0.41345211966430817,-0.3871565401970296,-0.921570525975449,0.028593339014536614,0.9208685171703861,-0.3849441942195757,0.06179920243058181,-0.04594548364181658,0.05025667109922637,0.9976789461259287,180,180,81,97,180,180,81,97,230223_164242
0,0,0,0,-0.1530070164183296,-0.20999008679667838,-0.4069884033887601,-0.3860748725615872,0.9215658371696456,-0.04077499893764726,-0.9218338911069293,-0.3837946769461079,0.05407331277526112,0.034182890211517374,0.058464123269264055,0.9977041025810928,75,170,180,92,75,170,180,92,230223_164243
0,0,0,0,-0.427604111245387,-1.0193016966417223,0.6528496653292377,-0.8726427225498294,0.4874532947947513,0.029731535018602838,-0.48830813429587167,-0.8718131336186918,-0.038691420630962224,0.007060082245009844,-0.04828193703340984,0.9988087954133141,86,137,180,180,86,137,180,180,230223_164243
0,0,0,0,-0.1520465780061735,-0.21281882900769486,-0.39982431792379214,-0.3855123754275467,0.9220032551471542,-0.035919436107243505,-0.9215760545174043,-0.38282668743472176,0.06435295741372783,0.04558271747434408,0.057911353686557386,0.9972805477807358,147,84,166,180,147,84,166,180,230223_164243
0,0,0,0,-0.39244774879802247,-0.9849857556453271,0.7257441296333695,-0.8777236074484117,0.4674502929075212,0.10531615540086442,-0.4705645848488022,-0.8823488732388663,-0.005425622561419686,0.09038938219626072,-0.054320249951342436,0.994423989066737,180,106,75,170,180,106,75,170,230223_164243
0,0,0,0,-0.15074870284873132,-0.21259534074366443,-0.4009548665191738,-0.3853172778535528,0.9218957720702269,-0.04048185799303204,-0.9219172203713729,-0.38268352821662255,0.06018268866042816,0.03999042598232972,0.060510351764948844,0.9973661630309272,180,180,81,97,180,180,81,97,230223_164244
0,0,0,0,-0.15103139205459537,-0.2122740632190054,-0.4023714993173477,-0.3847475301038001,0.9218730104779035,-0.046037926011420274,-0.9222566808623549,-0.3819196060571992,0.05983334449842516,0.037575958853752596,0.06547951635069799,0.9971461679486614,75,170,180,92,75,170,180,92,230223_164244
0,0,0,0,-0.14973805600530854,-0.21237836041774663,-0.40351086414782933,-0.3820746968079115,0.9232158817563809,-0.041126168456715774,-0.9232052301365986,-0.37932165390446926,0.06170239807015688,0.04136458760306785,0.06154281884969508,0.9972469364908882,86,137,180,180,86,137,180,180,230223_164244
0,0,0,0,-0.15339895436474005,-0.20991036206262828,-0.4075092935493163,-0.38717442301388816,0.9209784396839839,-0.04352791978854048,-0.9214394196313671,-0.3848493408431857,0.053295223068996825,0.0323320601457997,0.06074288838884876,0.9976296604436479,147,84,166,180,147,84,166,180,230223_164244
0,0,0,0,-0.15225622371781522,-0.20904580958028948,-0.41093500354496704,-0.386338755343307,0.9212469314922153,-0.04523778659440138,-0.9218430873960126,-0.38402187215973277,0.05227354898150586,0.030784547097075805,0.06189743871203729,0.9976076476956848,180,106,75,170,180,106,75,170,230223_164245
0,0,0,0,-0.15274903201790158,-0.21388229009306467,-0.39919253649743425,-0.38489240458739366,0.922164727072246,-0.03834127064540815,-0.9218548578276797,-0.3820654660276516,0.0648814362401294,0.04518249650520407,0.060317458607302386,0.9971561292980722,180,180,81,97,180,180,81,97,230223_164245
0,0,0,0,-0.15327921754927498,-0.20906241795318106,-0.4050890422590212,-0.3874056842175945,0.921126984783665,-0.03797253927842382,-0.921328784669274,-0.38537163900405164,0.0514001010813007,0.03271248042772221,0.054897884792451355,0.997955968903228,75,170,180,92,75,170,180,92,230223_164245
0,0,0,0,0.6654329091663631,-0.5229592596159058,-0.2883149575325683,-0.09803901110339991,0.994994867870316,0.019327835202131046,-0.9809554044225474,-0.09989145760835058,0.16657788337914356,0.16767482469370265,-0.0026286134391301217,0.9858388527316843,86,137,180,180,86,137,180,180,230223_164245
0,0,0,0,-0.23717474502435038,0.08115438731672409,0.406223878277143,-0.3872929825855245,-0.9211847809990393,0.03771929076429175,0.9210812169017104,-0.3848187493421316,0.059362631559109334,-0.04016886245431784,0.05773326086849627,0.9975236002614756,147,84,166,180,147,84,166,180,230223_164246
0,0,0,0,-0.15084501781193904,-0.2149415515939617,-0.3966187267742729,-0.382129000985356,0.923327193444378,-0.038004216240588584,-0.9227484226439093,-0.3790127778696267,0.06989036213760727,0.05012758835322468,0.06177546485196985,0.996830485503033,180,106,75,170,180,106,75,170,230223_164246
0,0,0,0,-0.15289681416736123,-0.21200049826811873,-0.40562682803283967,-0.38454371372937696,0.9221904794112362,-0.04111996977738991,-0.9222952823907833,-0.38195688260187294,0.05899450747963181,0.03869811766641632,0.06061072113359143,0.9974110467468977,180,180,81,97,180,180,81,97,230223_164246
0,0,0,0,-0.15250124474942017,-0.2115828470898572,-0.40092160048273895,-0.38373766944054066,0.9227662021376252,-0.03532615525138285,-0.9225162854698499,-0.3813596962836288,0.05940105296514508,0.04134131221008718,0.055383375149595876,0.9976089302235557,75,170,180,92,75,170,180,92,230223_164246
0,0,0,0,-0.1523327581060112,-0.21164821258067829,-0.4085788880783643,-0.38458747490397166,0.9220327005593436,-0.04413811557181015,-0.9223778219893737,-0.3819758031312518,0.05756421913284445,0.03621640027840422,0.0628504965889611,0.9973656237455727,86,137,180,180,86,137,180,180,230223_164247
0,0,0,0,-0.14997901114684642,-0.21075198885415314,-0.40287480839760126,-0.38481697229426925,0.9220050751241613,-0.04269120845749145,-0.9222066779347365,-0.3821689845707205,0.05900602007221392,0.03808859418316292,0.06207663551992674,0.9973443489164996,147,84,166,180,147,84,166,180,230223_164247
0,0,0,0,-0.15221048546081561,-0.21130096486618696,-0.404471595347067,-0.3875094193937597,0.920991027815185,-0.040149427954080295,-0.9210463595067735,-0.38496176261554754,0.05897495199870337,0.038859407103428355,0.05983283386117754,0.9974517424275274,180,106,75,170,180,106,75,170,230223_164247
0,0,0,0,-0.15346268251258266,-0.2106237727460709,-0.40827673644587903,-0.3857280438599589,0.9216069146591984,-0.0430647307239063,-0.9220203142797307,-0.38338813343173983,0.05377805499674392,0.033051720612942925,0.0604502605129154,0.9976238518441932,180,180,81,97,180,180,81,97,230223_164247
0,0,0,0,0.6646339881004626,-0.526326674212618,-0.27610224661374194,-0.09994703415293373,0.9948583756115339,0.01635245668435117,-0.9936302936623398,-0.10065646385427328,0.050666712946928684,0.052052184205134244,-0.011184308648048938,0.9985817349418826,75,170,180,92,75,170,180,92,230223_164248
0,0,0,0,-0.15224680943894575,-0.21246257815046254,-0.4046332959571808,-0.38536032432180894,0.9217809473039763,-0.04262986776866398,-0.9219434412068953,-0.3826552504468889,0.059960407945700026,0.03895781890938439,0.06240868924126,0.9972900500120372,86,137,180,180,86,137,180,180,230223_164248
0,0,0,0,-0.1533998174311415,-0.2093388357616029,-0.4068125238741578,-0.38630119569256716,0.9214679014888469,-0.04084473934588958,-0.9218495652647366,-0.3842121858149142,0.05073830202659083,0.031060670110425313,0.05725297194964242,0.9978764111728589,147,84,166,180,147,84,166,180,230223_164248
0,0,0,0,-0.15136060358965175,-0.21111275591643866,-0.39882190277784835,-0.3818138266341123,0.9236062857112652,-0.03419986528711689,-0.9232486026675617,-0.3794305676406963,0.06036937975707601,0.042781064308999694,0.054624841734326614,0.9975900496707497,180,106,75,170,180,106,75,170,230223_164248
0,0,0,0,-0.15112570190442987,-0.2130480393295107,-0.39732547918773564,-0.38474867375509514,0.9223538042911416,-0.03509868592061455,-0.9218950363114823,-0.38212327098272925,0.06396364434357187,0.04558508602543836,0.0569672316610021,0.9973348156205795,180,180,81,97,180,180,81,97,230223_164249
0,0,0,0,-0.449354785892992,-0.694741249734383,0.3428442534178231,-0.09393181279215768,-0.9943680675987595,0.04908116426377025,0.9947775729485504,-0.0917648595160015,0.044685466503102976,-0.03992987483289294,0.05302222833790221,0.9977946925083903,75,170,180,92,75,170,180,92,230223_164249
0,0,0,0,-0.15016930065230516,-0.2140133298907488,-0.3976488970247709,-0.3804834940969029,0.9240677912584571,-0.03648325476884587,-0.9233524906954907,-0.3774002375397664,0.07063454276316772,0.05150231690172519,0.060562181793959134,0.9968348576821086,86,137,180,180,86,137,180,180,230223_164249
0,0,0,0,-0.15199195877078386,-0.20870712916324077,-0.40874288361518163,-0.3861520464377265,0.9212994800321159,-0.04575877101178117,-0.921981619559722,-0.3839316414843388,0.050461746513307426,0.02892214075736346,0.061674652489439936,0.997677175750913,147,84,166,180,147,84,166,180,230223_164249
0,0,0,0,0.662832010178675,-0.526774668509963,-0.2689906417711785,-0.07105283741035745,0.9840358793204363,0.16317132868857112,-0.9820159940681432,-0.09769584140029818,0.1615552845543748,0.174917356743962,-0.1487578931793007,0.9732805389642605,180,106,75,170,180,106,75,170,230223_164250
0,0,0,0,-0.1537276171888703,-0.2099790021980545,-0.40278552745678664,-0.3861150816511487,0.9217786344520371,-0.035203590573486286,-0.9216171116573308,-0.38386320089752685,0.05719215415689373,0.039205142799487426,0.05452698473639768,0.9977423338285434,180,180,81,97,180,180,81,97,230223_164250
0,0,0,0,-0.15209068604324594,-0.21167606196001695,-0.40887569142003155,-0.3853950148686825,0.9216401482509048,-0.0452782469450611,-0.9221033385101559,-0.3828212014878095,0.05633259092084263,0.03458490455087296,0.06346152238545767,0.9973848402465957,75,170,180,92,75,170,180,92,230223_164250
0,0,0,0,-0.15030776366486553,-0.21181341633877335,-0.4012069012205306,-0.3836064537282584,0.922716959245334,-0.03794076671698972,-0.922551227656815,-0.3810316427695138,0.06094357683357883,0.041777039231304755,0.05838065029964448,0.9974198607726119,86,137,180,180,86,137,180,180,230223_164250
0,0,0,0,-0.15167187634929458,-0.21256895189918237,-0.4033127481461256,-0.38498001338544047,0.921981397812591,-0.041721593705018226,-0.9221268261579249,-0.38237431920075354,0.0589236497144569,0.03837324293902767,0.06115702824124955,0.9973902506657267,147,84,166,180,147,84,166,180,230223_164251
0,0,0,0,-0.15011694394792774,-0.21342042272040163,-0.39604865551706236,-0.38410445504276286,0.922576297724439,-0.036286946597498634,-0.9219117138087204,-0.38108849331149874,0.06964447004492733,0.05042379952531407,0.06020411233993436,0.9969116838009231,180,106,75,170,180,106,75,170,230223_164251
0,0,0,0,-0.15131334538948726,-0.21251230561426032,-0.40143219979948097,-0.3861705856185557,0.9216011798276087,-0.039032603594692565,-0.9215076862432551,-0.3835508999294439,0.060928575873038265,0.04118085717447448,0.0594976680523911,0.9973786465022715,180,180,81,97,180,180,81,97,230223_164251
0,0,0,0,-0.15295966791857818,-0.21241064866705417,-0.3985881739236603,-0.3865080693300814,0.9217591515973607,-0.031170158633647065,-0.9211619965822817,-0.3841484237928368,0.06237439017756867,0.04552019766299026,0.05282097068393003,0.9975659660697781,75,170,180,92,75,170,180,92,230223_164251
0,0,0,0,-0.15098984048664188,-0.21100396387922227,-0.4067533144290274,-0.38544227245414614,0.9215518961856174,-0.046651444158535824,-0.9221198031825121,-0.3828526687775089,0.05584713590314676,0.033605404089660396,0.06454406747821338,0.9973488558018897,86,137,180,180,86,137,180,180,230223_164252
0,0,0,0,-0.1512539229147808,-0.2124622082908553,-0.40414609255258904,-0.3838601968293834,0.9224151732733352,-0.042445228297521696,-0.9225491938558369,-0.3811421893025884,0.0602794861422516,0.03942504541596706,0.062296706564244464,0.9972786903093825,147,84,166,180,147,84,166,180,230223_164252
0,0,0,0,-0.15030162298733118,-0.21336883058066786,-0.39810018702901373,-0.3836299676361358,0.9226904270498665,-0.03834610491345404,-0.9222934467362982,-0.3806934165083071,0.0666882353531113,0.046934486667875475,0.060949966839766306,0.9970367372887794,180,106,75,170,180,106,75,170,230223_164252
0,0,0,0,-0.23773139214101668,0.083909800351613,0.4107285507712781,-0.38699767100369015,-0.9214093807506394,0.035178909909801194,0.9211481294000177,-0.3846093787542288,0.05968039441168557,-0.04145993657216553,0.055501160699649055,0.9975974613141433,180,180,81,97,180,180,81,97,230223_164252
0,0,0,0,-0.1511597172399598,-0.2115255300775499,-0.40302400184937426,-0.3847869345583306,0.9220799066653156,-0.041323851675339085,-0.9222692043378592,-0.3823066557642544,0.05710635418553864,0.036858238200100965,0.060085494775646384,0.9975125079889225,75,170,180,92,75,170,180,92,230223_164253
0,0,0,0,-0.15351211100654383,-0.20963623230236725,-0.4050246658210426,-0.38779636481840724,0.9209487743994414,-0.03830580068075708,-0.9210386341735314,-0.3855376533871992,0.05521369558766318,0.03608065677594543,0.056692792777013994,0.9977395018008252,86,137,180,180,86,137,180,180,230223_164253
0,0,0,0,-0.15195633180126145,-0.2115239210421691,-0.40400491352520396,-0.3858771643348633,0.9216704030687407,-0.040280046573823204,-0.9218035408702401,-0.3834409452943722,0.05701993958999313,0.03710857157009611,0.05913298215770018,0.9975601457241384,147,84,166,180,147,84,166,180,230223_164253
0,0,0,0,0.6573198871892831,-0.5303257987549206,-0.28361732559661545,-0.06550322417660814,0.9969070473543075,0.04342426231711982,-0.992416443283918,-0.0696208702393771,0.10130418316540367,0.10401408905608336,-0.036459201341072285,0.9939073376906945,180,106,75,170,180,106,75,170,230223_164253
0,0,0,0,-0.15409653768869636,-0.21006255941411012,-0.40361818492884716,-0.3883038908284889,0.9207750773795649,-0.03732754002226545,-0.9207067027506599,-0.385924734627845,0.057976432387947904,0.038977633040800784,0.05688019056828834,0.9976198614920675,180,180,81,97,180,180,81,97,230223_164254
0,0,0,0,-0.15313678821194399,-0.21290562180126982,-0.4051673286393327,-0.3829273418107295,0.9226960411923446,-0.044706447652913706,-0.922933577772241,-0.3800594916123322,0.06122412805344844,0.03950015081361036,0.06470547429197784,0.9971223293469825,75,170,180,92,75,170,180,92,230223_164254
