0,0,0,0,0.203300754249357,0.004035013369478924,-0.16577355266102706,0.9502609260690851,0.22091086772061547,0.2195508162345326,-0.21413532361033072,0.97528229800952,-0.05450231528631678,-0.22616417834976357,0.004777835513590989,0.9740774798337047,180,180,81,97,180,180,81,97,230221_165932
0,0,0,0,0.2012614751989613,0.00511002032251312,-0.1655252950786676,0.9457892924321288,0.22726266559172373,0.23202218675996455,-0.2181960050882873,0.9737794665396209,-0.06437432647665135,-0.2405683222792299,0.010258234446273782,0.9705779983812748,75,170,180,92,75,170,180,92,230221_165932
0,0,0,0,0.20308637988383887,0.004602372438489405,-0.16517860781256366,0.9485222523102316,0.22638658636264886,0.22148284445390531,-0.21932157532178692,0.9740254617940781,-0.05632447403397295,-0.22848103525390387,0.00484905061851273,0.9735362875812095,86,137,180,180,86,137,180,180,230221_165933
0,0,0,0,0.20368388878051197,0.004300066042628309,-0.16500590576225643,0.9490423372956418,0.22714448972339368,0.21845828619836063,-0.21979150579599946,0.9738375527307518,-0.057724473763796934,-0.2258546789427949,0.006767693822803444,0.9741374966194288,147,84,166,180,147,84,166,180,230221_165933
0,0,0,0,0.2033422259314837,0.004656928457707293,-0.16578726224799817,0.9492284607221465,0.22600753291773962,0.21882852743529946,-0.2191757420028953,0.974114852436532,-0.05533758559996739,-0.22567082991061305,0.004566106327104131,0.9741929106703994,180,106,75,170,180,106,75,170,230221_165933
0,0,0,0,0.20340826741539178,0.004468526738690748,-0.16547557512258404,0.9493733952155952,0.22471521418180385,0.21952956286577965,-0.21775195077020018,0.9744110458689018,-0.05574227860829796,-0.22643816902763303,0.005117245733660614,0.974012099207969,180,180,81,97,180,180,81,97,230221_165933
0,0,0,0,0.201430686172135,0.00524057040541237,-0.16566306840186978,0.9451349882292729,0.22846539160795132,0.2335025029036671,-0.21826262277188538,0.9734477593185583,-0.06899918389674661,-0.24306641381644872,0.014248674152527258,0.9699049921303148,75,170,180,92,75,170,180,92,230221_165934
0,0,0,0,0.20496739294915947,0.0037158059317446424,-0.16439969216669215,0.9486275852595377,0.2314398586037626,0.21573431886032415,-0.22272111209295473,0.9727639046302309,-0.0642315504765739,-0.22472429933751084,0.012883233212881087,0.9743372165678816,86,137,180,180,86,137,180,180,230221_165934
0,0,0,0,0.20414164994551187,0.004505959926313585,-0.1656392857569417,0.9480403780561508,0.23144593796042062,0.21829388304937114,-0.22474844854663684,0.9728416723872649,-0.05538244615967361,-0.22518342845562853,0.0034435836523243474,0.974310302357826,147,84,166,180,147,84,166,180,230221_165934
0,0,0,0,0.20399532469721782,0.004696636139947363,-0.16577595424100583,0.9478504494175736,0.23133967555103027,0.21922928648984755,-0.22453470199891976,0.9728660674110865,-0.055819194533287,-0.2261939281615666,0.0036836661130695866,0.9740753243290826,180,106,75,170,180,106,75,170,230221_165934
0,0,0,0,0.2036338683328699,0.004723886435862246,-0.1659008786834243,0.9474002922168269,0.2306912167748668,0.22184284710218322,-0.22396143092647522,0.973023017643735,-0.05538487693265786,-0.22863500118056532,0.002787407112584771,0.973508226260442,180,180,81,97,180,180,81,97,230221_165934
0,0,0,0,0.2016016986143276,0.005633020996235499,-0.1657234826635547,0.9434241424355244,0.2335283769061904,0.23540472520609332,-0.22276531640469385,0.9722309433321522,-0.0717119699533477,-0.245614537999917,0.015214795661903594,0.9692481667333985,75,170,180,92,75,170,180,92,230221_165935
0,0,0,0,0.20400190665007567,0.004815037757244567,-0.16541312064193264,0.9462770361475847,0.23330317813800205,0.22389595335881052,-0.2256289666741052,0.9723860311058625,-0.05964038822614081,-0.23162758958577964,0.005918917206461796,0.9727865265112304,86,137,180,180,86,137,180,180,230221_165935
0,0,0,0,0.20456287497991346,0.004683483559823537,-0.16556391813929078,0.9480769646301728,0.23205696217889954,0.21748479358782535,-0.22534236082265308,0.9726953632384682,-0.05553873200980586,-0.22443459973121682,0.0036464556331574456,0.9744823311916968,147,84,166,180,147,84,166,180,230221_165935
0,0,0,0,0.20448176085295622,0.0049375889798541905,-0.16531583610829903,0.9474570533846552,0.232741732796802,0.2194457058281345,-0.22551122974026655,0.9725242502948714,-0.0578037010011518,-0.22686960407401166,0.005279053242755334,0.9739108349043875,180,106,75,170,180,106,75,170,230221_165935
0,0,0,0,0.20414279116935752,0.004970497655677392,-0.16563058763672867,0.9473045880082694,0.2296750557459354,0.22330111129724464,-0.22161436143669905,0.9732330735627694,-0.060864269720170734,-0.23130303141871544,0.008170268763446436,0.9728474466044744,180,180,81,97,180,180,81,97,230221_165936
0,0,0,0,0.2019763422518622,0.005810035595756768,-0.1656197978397817,0.9430477588523546,0.23331411186261558,0.23711906234908509,-0.22242124470033528,0.972281968611688,-0.07208719316587354,-0.2473655481862906,0.015241348967173912,0.9688023466384444,75,170,180,92,75,170,180,92,230221_165936
0,0,0,0,0.2046387003959814,0.004849279138656015,-0.1650781041833858,0.9468169107384248,0.23188274349608295,0.22308771998582888,-0.22388060284663178,0.9727132940956089,-0.0608795791599843,-0.23111731481819858,0.0076968018292037,0.9728954445534358,86,137,180,180,86,137,180,180,230221_165936
0,0,0,0,0.20476016647916223,0.004999257783110084,-0.16598860404652444,0.9472419697790603,0.23354165325100648,0.21952436513032428,-0.22684703270572792,0.972342594565122,-0.05559048971697574,-0.2264355856346162,0.002859194144068098,0.9740219456291295,147,84,166,180,147,84,166,180,230221_165936
0,0,0,0,0.20507270258214727,0.0050841092389527776,-0.16553055447942594,0.9469206708443293,0.23514546678107143,0.219198203870462,-0.22811812070945636,0.9719512458824648,-0.057209253023535724,-0.22650246385350956,0.004169541921731664,0.9740016677544513,180,106,75,170,180,106,75,170,230221_165936
0,0,0,0,0.2048580783834864,0.005104805120604239,-0.16510517762998578,0.9459982702872056,0.2342351662727664,0.2241007797728175,-0.2253135625855353,0.9721181742444975,-0.06496194130842368,-0.2330688120032999,0.010960939043457754,0.972398471145783,180,180,81,97,180,180,81,97,230221_165937
0,0,0,0,0.20213653559414962,0.0063358567415033595,-0.16591975314144397,0.9421881617498716,0.236755151901352,0.23712542231183306,-0.22593530076607057,0.9714616039592656,-0.07221905496914001,-0.24745647642796223,0.014468935035381294,0.9687909692977114,75,170,180,92,75,170,180,92,230221_165937
0,0,0,0,0.2058353510817503,0.004570601132914909,-0.16493909262793327,0.9465859349201434,0.23606574274856892,0.21965434872072118,-0.22734435182871993,0.9716729903948202,-0.06454568481910404,-0.22866922290272643,0.011160861873280596,0.9734401993236712,86,137,180,180,86,137,180,180,230221_165937
0,0,0,0,0.20518397805955998,0.005419745445762542,-0.1660103733986562,0.9461676669874609,0.2387068116439814,0.21859964323454534,-0.23201497637669563,0.9710886307104127,-0.05617759377098822,-0.2256896025173229,0.0024350317742482122,0.9741962194218531,147,84,166,180,147,84,166,180,230221_165937
0,0,0,0,0.20502862720397927,0.005717664015786217,-0.16593441395105063,0.9460797342044044,0.23866147580347397,0.21902930510557708,-0.23208954156255918,0.9711011287760498,-0.05565107714288813,-0.22598137362403442,0.0018159452608133547,0.9741299303059138,180,106,75,170,180,106,75,170,230221_165938
0,0,0,0,0.20508010866638537,0.005570174941743361,-0.16561574438144105,0.9455007761849323,0.2381456203331876,0.22206968669724367,-0.23040447970290415,0.9712105196569577,-0.06053017628006297,-0.23009141219638057,0.006065478034144845,0.9731501179210187,180,180,81,97,180,180,81,97,230221_165938
0,0,0,0,0.20257628616592838,0.006582018975841153,-0.16578447910969435,0.9411962482466104,0.24144238173796873,0.2363370444665863,-0.22993825462876813,0.9702708729350036,-0.07551709867455188,-0.24754397860739835,0.016733482442188946,0.9687321452396307,75,170,180,92,75,170,180,92,230221_165938
0,0,0,0,0.20643345336571176,0.0049720427212398555,-0.1647271008070469,0.9456819525925418,0.24005106045042826,0.21922849476603898,-0.2316693259199739,0.9707154651903073,-0.06356735851166243,-0.22806790210054362,0.009325986113560407,0.9736005638938726,86,137,180,180,86,137,180,180,230221_165938
0,0,0,0,0.20578260372715157,0.005872925090336489,-0.16608648157183276,0.9457510254510753,0.24049109401427354,0.21844686209249287,-0.23400501577047034,0.9706503853281049,-0.05549308116031277,-0.22538112266225976,0.0013649770038427563,0.9742697195260039,147,84,166,180,147,84,166,180,230221_165938
0,0,0,0,0.2054963069203216,0.006151612911240167,-0.16573255528764202,0.9449800205427149,0.24079675754929827,0.22142647160815096,-0.23366447376448932,0.9705698785771738,-0.05826683875973833,-0.22894032950848814,0.0033214985222901707,0.9734347914329502,180,106,75,170,180,106,75,170,230221_165939
0,0,0,0,0.20525288167666425,0.006342152590635641,-0.16607986615173864,0.944834349466632,0.24002940647201923,0.22287650413773083,-0.2328919292105063,0.9707607825503114,-0.058179484106648145,-0.23032455660778825,0.0030638359938796886,0.9731090440091636,180,180,81,97,180,180,81,97,230221_165939
0,0,0,0,0.20237999687211045,0.0075468072537071,-0.16661671600742017,0.9409340671614108,0.24205455411761018,0.23675445948495077,-0.23165420643181464,0.9701860890032481,-0.07124100888551724,-0.24694009374245524,0.012187925808151987,0.9689540982765709,75,170,180,92,75,170,180,92,230221_165939
0,0,0,0,0.20721750618599097,0.005749612842574303,-0.16577003992100564,0.9465154748836899,0.24016399879488443,0.21547554266912447,-0.23320201188068723,0.9707230906317388,-0.057563034745957836,-0.22299165334268156,0.004234973106793731,0.9748111548101418,86,137,180,180,86,137,180,180,230221_165939
0,0,0,0,0.20642981696216436,0.006288201358684881,-0.16598864566142357,0.9458046147886118,0.24085301020226316,0.21781519258554066,-0.234071742730509,0.9705576985414973,-0.0568170137981178,-0.22508676082717574,0.0027534121270892807,0.9743348340390937,147,84,166,180,147,84,166,180,230221_165940
0,0,0,0,0.20615137946780504,0.0064282188487943814,-0.16576953610166922,0.9450512139227762,0.24196642761490852,0.2198418771989687,-0.23500976560827896,0.9702804676893746,-0.057673426196385096,-0.22726331233137684,0.002839353406565548,0.9738292072742548,180,106,75,170,180,106,75,170,230221_165940
0,0,0,0,0.2060749161430928,0.006631672198701616,-0.16556233234078332,0.9452110646313614,0.2404792180016764,0.2207844854326326,-0.23329881628425736,0.9706471034772532,-0.058445383321376866,-0.22835872135483387,0.0037344638866244357,0.9735698989598359,180,180,81,97,180,180,81,97,230221_165940
0,0,0,0,0.20333440298660782,0.007805528676170931,-0.1658848983844055,0.939880375085998,0.2449849443258128,0.23792279752449777,-0.23335050824333334,0.9693909046893749,-0.07634667123125549,-0.24934398093955026,0.016237332268382455,0.9682788483747972,75,170,180,92,75,170,180,92,230221_165940
0,0,0,0,0.20643727738182735,0.006803156065564281,-0.16590896722825982,0.9445904347927356,0.2405046746892265,0.22339743049260688,-0.23334938306628095,0.9706435196035144,-0.05830285819999616,-0.23086137814856741,0.002942669592751636,0.9729822016743226,86,137,180,180,86,137,180,180,230221_165940
0,0,0,0,0.20721148685259125,0.006526719271149811,-0.16603699019847934,0.9455475967942546,0.2423883662978988,0.2172271209587897,-0.23563284257338724,0.9701758112159727,-0.056886367718591735,-0.22453709203023475,0.0026029242911162673,0.9744620665206731,147,84,166,180,147,84,166,180,230221_165941
0,0,0,0,0.20661682481529497,0.007339951570567077,-0.16587100378801706,0.9447886746759054,0.24304694125063117,0.21977839874031904,-0.23625680313885272,0.9700124493962623,-0.05708389428614994,-0.2270618487874087,0.0020080749425871354,0.9738782698367742,180,106,75,170,180,106,75,170,230221_165941
0,0,0,0,0.20647316965259344,0.007151984928605415,-0.165925059055671,0.9440654690040299,0.24213388031015753,0.2238561463086224,-0.2343581530889902,0.9702288466486109,-0.06109207159381166,-0.231984150999413,0.005212402215131802,0.9727056001423191,180,180,81,97,180,180,81,97,230221_165941
0,0,0,0,0.2037856733061222,0.00814889452457962,-0.16636817259867454,0.9396009213463492,0.24345883455273107,0.2405782710124059,-0.23173496472436708,0.9697797739587842,-0.07632886835690585,-0.2518908786147075,0.015968277886963943,0.9676238935516399,75,170,180,92,75,170,180,92,230221_165941
0,0,0,0,0.20758390386695708,0.006690205151276052,-0.1656443690944852,0.9448390944292209,0.24088594948503755,0.221930270533027,-0.23287243469339194,0.9705289082954558,-0.062000542923448254,-0.23032480282883655,0.0068990943987216466,0.9730893523712687,86,137,180,180,86,137,180,180,230221_165942
0,0,0,0,0.2077308487718075,0.0071833936034259305,-0.16624383402984155,0.9451762443710999,0.24321185829505995,0.21792168102602022,-0.23666659036921078,0.9699721613866609,-0.05606185100317202,-0.2250128709197655,0.0014135485677153193,0.974354765884014,147,84,166,180,147,84,166,180,230221_165942
0,0,0,0,0.20733410929596754,0.007687689289999605,-0.16633989701531138,0.944323227674198,0.2446614258685445,0.21998733683318128,-0.2381239102855579,0.969608341205254,-0.05618423280165935,-0.22704767126156677,0.00067183120363818,0.9738834137706286,180,106,75,170,180,106,75,170,230221_165942
0,0,0,0,0.20728509186284408,0.00782399497144362,-0.16624580807225453,0.944345430960157,0.24313160112855434,0.22158233584232498,-0.2354912393142154,0.9699797414570979,-0.06068918659098684,-0.2296858359388546,0.005130857188238861,0.973251299035138,180,180,81,97,180,180,81,97,230221_165942
0,0,0,0,0.20435076127675014,0.008716071896396616,-0.1664285843065469,0.9383722285194518,0.24748799944113897,0.24126178909238827,-0.23563540585657491,0.9687643288645325,-0.0772763264296355,-0.2528507786229749,0.0156641390531054,0.967378477379707,75,170,180,92,75,170,180,92,230221_165942
0,0,0,0,0.208922580088935,0.0072071137522588535,-0.16610460967537594,0.9451877608450995,0.24406351259834252,0.21691726203044964,-0.23672592565255182,0.9697464232962305,-0.05960461918435519,-0.22490205173046007,0.004987616898710326,0.9743686113607629,86,137,180,180,86,137,180,180,230221_165943
0,0,0,0,0.2083624002731927,0.007584488299055753,-0.1669153886293831,0.9439491320573211,0.24736963715419333,0.2185595998862392,-0.24116927239393826,0.9689208927525466,-0.05504258025006616,-0.22538282574590357,-0.0007524638260298491,0.9742699911508012,147,84,166,180,147,84,166,180,230221_165943
