0,0,0,0,-0.06156632158026192,-0.19724880498041264,-0.09634782334824055,0.9890537098906772,-0.03684598531768773,-0.1428815324576853,0.02911942145759769,0.9980174494344286,-0.05579632531244685,0.14465413317794495,0.051024934986399886,0.9881657946742394,162,162,83,96,162,162,83,96,230216_163358
0,0,0,0,-0.06223336436651481,-0.19482023953646288,-0.1064524994820828,0.9994397881353894,-0.029122280988924325,-0.01649250259633172,0.028144096898356834,0.997993180333449,-0.05672320352117439,0.01811131418930631,0.05622725991839553,0.9982537130110788,151,162,136,85,151,162,136,85,230216_163358
0,0,0,0,-0.061037838532471723,-0.19601548529020357,-0.10540622692663748,0.9994425003555016,-0.033043318876720094,0.004777819665376858,0.03328693362227127,0.9972611928779982,-0.06604614469881824,-0.002582350318988658,0.06616836296268874,0.9978051308796061,78,154,162,92,78,154,162,92,230216_163358
0,0,0,0,-0.06082754662122161,-0.1970640839061317,-0.09975015513630792,0.9993615679901464,-0.03351760942541191,-0.012370379245689745,0.032868669512148244,0.9982388948638379,-0.04938379638631282,0.014003820506484388,0.048945670282765204,0.9987032664269168,78,154,162,103,78,154,162,103,230216_163358
0,0,0,0,-0.06498480825540398,-0.1942735535555944,-0.10263236835226608,0.9995085359132087,-0.020908041253227913,0.0233568073072328,0.020701615650048924,0.9997447824773137,0.009045054939987238,-0.023539960622556963,-0.008557085972634602,0.9996862740547883,87,128,162,162,87,128,162,162,230216_163358
0,0,0,0,-0.058655949074337244,-0.19593877154377104,-0.10395155410532331,0.9993123592645351,-0.03394595131894553,-0.014915797337103968,0.03289344852927391,0.9972840301952718,-0.06589828648249238,0.017112266506859534,0.06536234012432852,0.9977148564737671,83,96,162,162,83,96,162,162,230216_163359
0,0,0,0,-0.06205767871665406,-0.19492393158268512,-0.10621241382647395,0.9995507045198554,-0.029134879163420817,-0.007039027631317375,0.028646294507616084,0.9976859565960053,-0.06166134787772154,0.008819234935327604,0.06143200165424646,0.9980723071340614,136,85,151,162,136,85,151,162,230216_163359
0,0,0,0,-0.06072710511236458,-0.19712839919197547,-0.09930776387450169,0.9965159716551778,-0.021197322613442475,-0.08066344742297382,0.02685111498735117,0.9972090212703282,0.069664808339723,0.07896161003977357,-0.0715879976748612,0.9943038885214273,162,92,78,154,162,92,78,154,230216_163359
0,0,0,0,-0.06586524471533658,-0.19478964585098918,-0.10157752602657255,0.9996056063026229,-0.01976179868489382,0.019952522675185526,0.01927682108715641,0.9995209491165564,0.02421314613826573,-0.020421459721083394,-0.023818975416188163,0.9995076890114368,162,103,78,154,162,103,78,154,230216_163359
0,0,0,0,-0.061772686445860245,-0.19827756459412807,-0.09553896991747923,0.9994929237000947,-0.031035271788082144,0.0071209113515472875,0.03128879166359079,0.9987574128704699,-0.038789711941675506,-0.005908213746060032,0.03899284730980317,0.9992220228102487,162,162,87,128,162,162,87,128,230216_163359
0,0,0,0,-0.0627743317506234,-0.19557298727665365,-0.10497305602378626,0.9996500038615996,-0.026426610322273107,0.0012263956869115267,0.026439768384071423,0.9995739402400142,-0.012364329373235039,-0.000899125854816876,0.012392427523609632,0.9999228066769801,162,162,83,96,162,162,83,96,230216_163359
0,0,0,0,-0.06340960805552891,-0.19703513467369269,-0.09676292126576502,0.9977161174987936,-0.022512940154998617,-0.06368450681846287,0.025817029728563107,0.9983369556997472,0.051544193272912604,0.06241818532389328,-0.05307061719763894,0.996638088641576,151,162,136,85,151,162,136,85,230216_163359
0,0,0,0,-0.06409263511146295,-0.1963791558903592,-0.09782631341129633,0.9994911168902809,-0.025191318291945968,-0.019567951863470223,0.02533137880476764,0.9996549982875792,0.0069430286265461565,0.019386296842527434,-0.0074351786376348405,0.9997844215696501,78,154,162,92,78,154,162,92,230216_163359
0,0,0,0,-0.0618764398840286,-0.198240188959947,-0.09425666941433153,0.9994577227486795,-0.03188769466737297,-0.008211903970647041,0.031587884634558826,0.9989101031659668,-0.0343629355159225,0.00929870863811443,0.034084904602448736,0.9993756817613211,78,154,162,103,78,154,162,103,230216_163400
0,0,0,0,-0.06608133095223215,-0.19567244212978094,-0.09871909897473985,0.9995104577602797,-0.02100286366515818,-0.023188888410141585,0.02111123169586186,0.9997672812889816,0.004438373612206233,0.02309027336604871,-0.004925746836843346,0.9997212492960128,87,128,162,162,87,128,162,162,230216_163400
0,0,0,0,-0.06053398153803002,-0.196967021092466,-0.09969519930606885,0.9972713754520953,-0.020895600879949332,-0.07080379628064727,0.02666289198664902,0.9963154586784134,0.08151439743586038,0.06883962445273673,-0.08317980922248487,0.9941540250096647,83,96,162,162,83,96,162,162,230216_163400
0,0,0,0,-0.062024902567616856,-0.19642478088687654,-0.10105993584195172,0.9983150467750461,-0.02253780383515883,-0.05347069085794453,0.02417020819197722,0.9992551823282594,0.030081250407430003,0.052752899621674336,-0.03132296263775073,0.9981162274971285,136,85,151,162,136,85,151,162,230216_163400
0,0,0,0,-0.062192617913515054,-0.19829062002765646,-0.09376692745809989,0.9994996819566152,-0.029437887289661395,-0.011567046319011853,0.029162911761580822,0.9993039527532026,-0.023262299744645543,0.012243788066249128,0.02291333244520928,0.9996624774642909,162,92,78,154,162,92,78,154,230216_163400
0,0,0,0,-0.07046920577658655,-0.19404610312986273,-0.10338639925785675,0.9979832068907571,-0.01841603062727131,0.06074840392943799,0.017308001154134726,0.9996750242709818,0.018715740563997753,-0.061073331824023,-0.017626561342071356,0.9979776312499028,162,103,78,154,162,103,78,154,230216_163400
0,0,0,0,-0.0631669720673456,-0.19736240081988163,-0.09653776076295562,0.9986694833386321,-0.021396216932698126,-0.04691977140948942,0.02475751507676199,0.9970778021213681,0.07226978596928486,0.04523636253473222,-0.07333524676300789,0.9962808906562621,162,162,87,128,162,162,87,128,230216_163400
0,0,0,0,-0.060971854494779654,-0.19464025101543683,-0.10780464561264047,0.9995563370768589,-0.02934626851275154,0.005091712272989988,0.02959654006490847,0.9978062551175837,-0.05921758239248972,-0.003342727281682399,0.05934200681307058,0.9982321134895018,162,162,83,96,162,162,83,96,230216_163400
0,0,0,0,-0.05983918675723,-0.19421816640046352,-0.11014054834257192,0.9994043127425423,-0.034507660473350986,-0.0004909585144609926,0.034308841545134784,0.994983191930552,-0.09397526891433063,0.003731362142411473,0.09390244482624434,0.9955744109770078,151,162,136,85,151,162,136,85,230216_163401
0,0,0,0,-0.057826160104000726,-0.19614429379517218,-0.10504478859829702,0.99870644025115,-0.02310406197294312,-0.04529512690374039,0.02542287860308709,0.9983594275951093,0.051304293928468456,0.04403547938206471,-0.05238946127148466,0.997655361787464,78,154,162,92,78,154,162,92,230216_163401
0,0,0,0,-0.059699542355071904,-0.1971814836715633,-0.09688253144717829,0.9976732994897151,-0.019650260008136917,-0.0652828826486458,0.02481983846529493,0.996538199393254,0.07934477152659761,0.06349774093509879,-0.08078047060808646,0.9947072697354107,78,154,162,103,78,154,162,103,230216_163401
0,0,0,0,-0.06056255960230038,-0.198678897828,-0.09466091563366263,0.9994418724816182,-0.03299887833600222,-0.005197841763893182,0.03285192752137692,0.9991169505807076,-0.02619293646079177,0.006057589336274324,0.02600755834127075,0.9996433926758875,87,128,162,162,87,128,162,162,230216_163401
0,0,0,0,-0.06468105143892897,-0.1946070951429898,-0.10648535487619282,0.9995755112954113,-0.02736710064294584,0.009991947803852399,0.027938525178647727,0.9976593189389511,-0.062412515933184816,-0.008260510235941996,0.06266518281044794,0.998000420257414,83,96,162,162,83,96,162,162,230216_163401
0,0,0,0,-0.06385886181336525,-0.19699042807413614,-0.09750067706647703,0.9990471702092016,-0.02164925085230826,-0.037895403870654834,0.023936537511435933,0.997851730748012,0.06098332243458225,0.03649375109453439,-0.06183230046448571,0.9974191559972766,136,85,151,162,136,85,151,162,230216_163401
0,0,0,0,-0.0675297407058557,-0.19740661452633487,-0.08770739939064542,0.9998343692441085,-0.01655445020826699,0.007562027277090247,0.016067148269101567,0.9980389096017485,0.060499435265548365,-0.008548732346737692,-0.06036791448487821,0.9981395864687517,162,92,78,154,162,92,78,154,230216_163401
0,0,0,0,-0.06223693429098363,-0.1982679054532826,-0.09431959050078098,0.9995135149379235,-0.031113695976700145,-0.0021613373423100073,0.030996525650120337,0.998648102741449,-0.04172747642174456,0.0034567114515431877,0.041640182679417666,0.9991266918326052,162,103,78,154,162,103,78,154,230216_163402
0,0,0,0,-0.07186224270152143,-0.19317589343338515,-0.10616479851235505,0.9972075246585758,-0.018041975628118344,0.07246819909277552,0.021122396309099244,0.9988956464658513,-0.041968224238472705,-0.07163097890212806,0.04338173102820771,0.9964873447638555,162,162,87,128,162,162,87,128,230216_163402
0,0,0,0,-0.062279932204460126,-0.19710444440993927,-0.09938539206336672,0.9992751209574359,-0.02957079310616082,-0.023975004287251724,0.0299985837565593,0.9993934920209077,0.017684260766501862,0.023437525639491138,-0.018390657990663993,0.9995561345370098,162,162,83,96,162,162,83,96,230216_163402
0,0,0,0,-0.06389953201633143,-0.19572503333755176,-0.10304690799600502,0.9996362417988778,-0.02318562895377148,-0.013777180126332835,0.023381759375653097,0.9996250516245304,0.014249543612138331,0.013441629764074325,-0.014566494934376131,0.999803550611125,151,162,136,85,151,162,136,85,230216_163402
0,0,0,0,-0.06204945819662982,-0.1981813399288884,-0.095642167665979,0.999523620323515,-0.030422123472303348,0.005198732423391901,0.03057904026901843,0.9989747921142978,-0.033380937920020726,-0.0041778836268916465,0.0335240081677364,0.9994291801647426,78,154,162,92,78,154,162,92,230216_163402
0,0,0,0,-0.06702830526779643,-0.19621237955283824,-0.10117359676369997,0.9980316442317835,-0.023048319925635215,0.058323340615977555,0.02087909735588436,0.999077241518647,0.03753303575643269,-0.05913459567465783,-0.036241418682161436,0.9975919301830277,78,154,162,103,78,154,162,103,230216_163402
0,0,0,0,-0.06433310780874646,-0.19700160764217953,-0.09642945331717079,0.9972640371619498,-0.021767212722031148,-0.07064438147343322,0.02564385120694992,0.9981876609073926,0.05444066960925376,0.06933132826310136,-0.05610331596743594,0.9960148517259831,87,128,162,162,87,128,162,162,230216_163402
0,0,0,0,-0.060667412095326584,-0.1952799381814932,-0.10408968197010127,0.9994146930635049,-0.031644590425446935,-0.012995814156316053,0.030865800737328034,0.997937065579517,-0.056293121137369374,0.014750377406132937,0.055859046172922505,0.9983297017153341,83,96,162,162,83,96,162,162,230216_163402
0,0,0,0,-0.06031566125448602,-0.19650249711690154,-0.10160065251751993,0.9994312321363786,-0.03027602897499709,0.014851744000821256,0.030864083910140422,0.9986778872988624,-0.04110821991607297,-0.01358751466415418,0.041543224354707295,0.9990443133092074,136,85,151,162,136,85,151,162,230216_163403
0,0,0,0,-0.06326985985606087,-0.197305115594385,-0.09669204378471818,0.9995430591633842,-0.02094056550682866,-0.02179829338633848,0.022575175073352504,0.9967241461667571,0.07766168887266546,0.02010060568018175,-0.0781183023650759,0.9967414391339855,162,92,78,154,162,92,78,154,230216_163403
0,0,0,0,-0.06069199173210046,-0.1968954404009379,-0.09750565229141683,0.98753508439385,-0.03746804407607201,-0.15287446733953083,0.028053212783850517,0.9976011476683804,-0.06328481194752647,0.15487890219050418,0.05820735214595581,0.9862172325671565,162,103,78,154,162,103,78,154,230216_163403
0,0,0,0,-0.0613561659214334,-0.198493040930555,-0.09461858110473509,0.9995043362866796,-0.0314152944944183,-0.0020398568463805672,0.03134930866159066,0.9991479552461624,-0.02684370268519997,0.0028814216222321685,0.026766449133945203,0.9996375616243094,162,162,87,128,162,162,87,128,230216_163403
0,0,0,0,-0.0658794691991958,-0.19688340540723556,-0.09514018838320404,0.9997319882006196,-0.022991290794435588,0.0027115154509037213,0.022897607030231207,0.9992689469231372,0.03061488702274401,-0.003413408959368988,-0.030544594656534085,0.9995275765963357,162,162,83,96,162,162,83,96,230216_163403
0,0,0,0,-0.06339656652744363,-0.19708964324868425,-0.09821219376811985,0.9985199800747849,-0.022471883542352033,-0.04952639540195703,0.025553564227930887,0.9977181077533194,0.06249474230992738,0.04800900693308522,-0.06366782477196929,0.9968157017935184,151,162,136,85,151,162,136,85,230216_163403
0,0,0,0,-0.0654460131172768,-0.19715532380983378,-0.096470541714758,0.9991138642511679,-0.02639649608769695,0.03278278901176424,0.026786075947664665,0.9995750167992152,-0.011501822732689144,-0.03246524905839451,0.01236975283263439,0.9993963161921481,78,154,162,92,78,154,162,92,230216_163403
0,0,0,0,-0.061495066735666244,-0.1982471391151206,-0.0961501089686635,0.9994065506830029,-0.03192015101579808,0.012947988686666885,0.03249087406479285,0.9983866620308249,-0.04656625582387071,-0.011440697286755997,0.046959312580967735,0.998831283754927,78,154,162,103,78,154,162,103,230216_163403
0,0,0,0,-0.06317657231875766,-0.19572468500367968,-0.10452881448499451,0.9996026690054032,-0.027844094512787347,-0.004382980496999773,0.027643136485187954,0.9987901786590299,-0.04066984164618373,0.0055100927882738866,0.040532522929461835,0.9991630264688727,87,128,162,162,87,128,162,162,230216_163404
0,0,0,0,-0.06067640406726897,-0.19713090780644169,-0.09970819562069477,0.9967495767387469,-0.03182199511369984,-0.07401109307469336,0.03217564162885347,0.9994757804578582,0.0035905938127120678,0.07385803515460504,-0.00596027727039258,0.9972509542426927,83,96,162,162,83,96,162,162,230216_163404
0,0,0,0,-0.06782474755250652,-0.19407606181540588,-0.10255739308675671,0.9995536962764721,-0.018404118414144063,0.02353076040929948,0.01776881152823337,0.9994794176880835,0.026928849859656292,-0.024014112453218266,-0.02649871776686478,0.9993603656138241,136,85,151,162,136,85,151,162,230216_163404
0,0,0,0,-0.061606072417514667,-0.1984641365043954,-0.09448125681376951,0.9994934684551504,-0.031152888694798157,0.0065041557071472845,0.031365404360094065,0.9988727020295544,-0.035630556401819516,-0.005386828827899538,0.03581651387481723,0.9993438644475855,162,92,78,154,162,92,78,154,230216_163404
0,0,0,0,-0.06395823487662133,-0.1967018194679413,-0.09583678565670206,0.9995735155787048,-0.025011202947570817,-0.015074039960944778,0.02495949747371027,0.9996819503296841,-0.0036085552370698913,0.015159499974886746,0.0032307757821540854,0.9998798686084028,162,103,78,154,162,103,78,154,230216_163404
0,0,0,0,-0.06283469135565664,-0.19737940894661782,-0.09998378811887632,0.9995604087440693,-0.028791275598770205,0.007074724078367063,0.02860339910339966,0.9992691185329053,0.02535890979914075,-0.007799668654564796,-0.02514540108777311,0.9996533769127247,162,162,87,128,162,162,87,128,230216_163404
0,0,0,0,-0.06529090505380478,-0.19671322408729672,-0.09557438429211818,0.9995235978688659,-0.023266206298916174,-0.020279569712735663,0.02356236159166164,0.9996173674682214,0.014489091487236231,0.019934703898007226,-0.01496002340766829,0.9996893543897228,162,162,83,96,162,162,83,96,230216_163404
