0,0,0,0,0.15774025778766584,-0.3823188088845881,-0.01752502158072844,-0.03156295523011024,-0.9974559445962514,0.0639172781549823,0.995488503391067,-0.0370968084370964,-0.08732964227565602,0.08947859785085319,0.06087253398192578,0.9941268103885261,162,162,83,96,162,162,83,96,230213_173027
0,0,0,0,-0.1524560312823898,-0.01302624773396216,0.004069926078721697,0.9981755063719133,-0.022084504133202208,-0.05619549053407367,0.020931999814755013,0.9995600028361163,-0.021015520788661323,0.05663488203333421,0.019800894107442183,0.9981985848164763,151,162,136,85,151,162,136,85,230213_173027
0,0,0,0,-0.1523553224974659,-0.012720847388428602,0.0006966178433051029,0.9978046249202938,-0.021177021266776012,-0.06274921718985758,0.02066170113610318,0.9997473539653782,-0.008849991264799989,0.06292078030218443,0.007534056642420368,0.9979900868228467,78,154,162,92,78,154,162,92,230213_173027
0,0,0,0,-0.15218422157695496,-0.012599255505043427,0.0005903878197583978,0.9989525221411466,-0.021957534825262415,-0.04014629711741339,0.021564820637217423,0.9997155294189803,-0.010189148610812104,0.040358605262408295,0.009312728006656267,0.9991418598369038,78,154,162,103,78,154,162,103,230213_173027
0,0,0,0,-0.1523714045617762,-0.013311189836336751,-0.0017307242836437364,0.9967935837996705,-0.02570798708645992,-0.07577368075903912,0.022978187172856355,0.9990628479152429,-0.03668008764619027,0.07664564051568462,0.03482133419967452,0.9964501595536502,87,128,162,162,87,128,162,162,230213_173028
0,0,0,0,0.15980635539847698,-0.3811748400648401,-0.004789095165616208,-0.03907870757791191,-0.9982355212979798,0.04470680745692419,0.9974248446596357,-0.04166148219000697,-0.0583780794256989,0.06013762441052609,0.04231034058811382,0.9972929866441337,100,92,162,162,100,92,162,162,230213_173028
0,0,0,0,-0.15190779903802795,-0.012012216485696892,-0.009853966133522185,0.9961190803958758,-0.019978435412463465,-0.08571837486644401,0.022994495794354856,0.9991455143489589,0.03434376682191151,0.08495899501781781,-0.036181532234338294,0.9957273049840192,130,156,151,162,130,156,151,162,230213_173028
0,0,0,0,0.15811400754554344,-0.382419893164906,-0.016071994639840326,-0.03188765516157962,-0.997303733056563,0.06609418642921895,0.9956105900330682,-0.03751604572228497,-0.08574438364913234,0.08799278642196963,0.06306988461070458,0.9941224568396441,162,107,78,154,162,107,78,154,230213_173028
0,0,0,0,-0.15234071235978397,-0.013479568602612124,-0.0008141020598474435,0.9970691442824606,-0.025283531914742884,-0.07220709476054361,0.022355638044453435,0.9989060224202225,-0.04107290859234866,0.07316657001300067,0.03933829414865654,0.9965436024810989,162,103,78,154,162,103,78,154,230213_173028
0,0,0,0,0.15873795932198378,-0.3813286218189914,-0.006636477459454393,-0.0367145467357951,-0.9977895953928786,0.05538921721510002,0.9980046509110704,-0.03945876550922869,-0.04929221626544786,0.0513688506573498,0.053468955013204714,0.9972473675231932,162,146,87,128,162,146,87,128,230213_173028
0,0,0,0,-0.15264794002955928,-0.012627900901503536,0.0014475708413251853,0.9977036356520464,-0.021311679520280243,-0.06429049480842451,0.021303730989033695,0.999772722266373,-0.0008092329900743079,0.06429312912461238,-0.0005622527102638183,0.9979308981183295,162,90,100,92,162,90,100,92,230213_173028
0,0,0,0,-0.15218190003815002,-0.012251693964410393,-0.006507918144770808,0.9954200956152418,-0.021538916371739717,-0.09313918792256388,0.018193025820449668,0.9991634726283686,-0.03662470172869769,0.09385013083016946,0.03476248044588903,0.9949792575206828,152,162,130,156,152,162,130,156,230213_173028
0,0,0,0,-0.15236601030317012,-0.013098472606248773,0.004298652666928637,0.9986296531400213,-0.02271618290243376,-0.04714648347207357,0.02184601624918735,0.9995828605601487,-0.018890644468372925,0.04755594014925547,0.017834794889019772,0.9987093434266984,129,154,162,107,129,154,162,107,230213_173028
0,0,0,0,0.1587650945459499,-0.3818702660954923,-0.008729358026372647,-0.03433913327741092,-0.9982186946616146,0.0487879242622552,0.9971541040475381,-0.037499066791182346,-0.06540269696993554,0.06711569642719158,0.04640320697811548,0.9966655535711261,116,154,162,103,116,154,162,103,230213_173029
0,0,0,0,-0.1522213937846489,-0.012710657738943504,0.0018467822321326377,0.9992791713201903,-0.02365807835362216,-0.029688938920863123,0.023155161420383374,0.9995844186714943,-0.017170569261600217,0.030082823425151672,0.01647074004971531,0.9994116961777993,77,128,162,146,77,128,162,146,230213_173029
0,0,0,0,-0.15210681684143548,-0.012623503611168235,0.002499498911604836,0.9994565263200216,-0.02372811298371298,-0.022882933608871003,0.023472634219350065,0.999659828891178,-0.011369342288184375,0.0231449225343367,0.010826040619425393,0.9996735014020258,140,82,162,90,140,82,162,90,230213_173029
0,0,0,0,0.1589171052767085,-0.3824757634589348,-0.011185164061983444,-0.03092898454323172,-0.9980827273402038,0.05361219357817639,0.9942700375905023,-0.03621333474320082,-0.10057677036252391,0.10232541358286099,0.05019426034833223,0.9934837925015085,137,81,152,162,137,81,152,162,230213_173029
0,0,0,0,0.15974978456217814,-0.3809006742717822,-0.002094867200953421,-0.036437116589449633,-0.9987137246418046,0.03525950576426987,0.9973265233300399,-0.03857756705715005,-0.062061076226304475,0.06334147454127462,0.03290391362809021,0.997449342107604,162,108,129,154,162,108,129,154,230213_173029
0,0,0,0,0.1585873767167999,-0.3814809200211049,-0.00832388503133008,-0.03595994343503392,-0.9984954836555084,0.041396275046210046,0.9976552358994283,-0.03828172217510946,-0.05673217808055011,0.05823154429177269,0.03925912463186148,0.9975308558548629,162,120,116,154,162,120,116,154,230213_173029
0,0,0,0,0.15901047237005894,-0.3810248638484992,-0.001267410222244414,-0.037899288311974366,-0.9982954193864223,0.04438355075399857,0.9984368677092925,-0.03965572660853102,-0.03938584194867237,0.04107876756065362,0.04282147801321619,0.998237875396672,162,143,77,128,162,143,77,128,230213_173029
0,0,0,0,-0.15214169120651375,-0.01273767733281339,-0.004183753155949876,0.9975494368710657,-0.025613645745818547,-0.06510808052636906,0.024156166602194225,0.9994418526132196,-0.023075156773954105,0.06566277951250225,0.02144584800522542,0.997611384753617,162,90,140,82,162,90,140,82,230213_173029
0,0,0,0,0.1593434314130713,-0.38082978431105985,-0.00768425129999839,-0.03698881685441859,-0.9981993652677011,0.04722133635199359,0.9971500356224358,-0.03997668956471657,-0.06398180014364689,0.06575434499624802,0.0447201461380001,0.9968332230837363,162,162,137,81,162,162,137,81,230213_173030
0,0,0,0,-0.15187518642717227,-0.013143245414623084,-0.0003221931055343852,0.9993460085702023,-0.02511119922911626,-0.02601889367516983,0.03269273764914048,0.934905483646968,0.3533877778755735,0.01545121547997543,-0.3540072941622913,0.935115017321444,132,154,162,108,132,154,162,108,230213_173030
0,0,0,0,0.15781386241663092,-0.3831891247946262,-0.01805737325463308,-0.024948819287634948,-0.9960815919199885,0.08484703091031255,0.991814825483728,-0.035294454735791,-0.12270963049241944,0.12522343377673295,0.08109108275911622,0.9888090452307353,128,154,162,120,128,154,162,120,230213_173030
0,0,0,0,0.15929563349797105,-0.38067949699600867,-0.00020786270716099953,-0.03927705189026543,-0.998730250381933,0.03154679328951403,0.9984086122677001,-0.04050383447721709,-0.03923878619842253,0.04046672885831905,0.02995540626805327,0.9987317545221155,69,128,162,143,69,128,162,143,230213_173030
0,0,0,0,0.16055725281629274,-0.38031143509405796,0.005244472347940676,-0.03854553865961002,-0.9985315228700526,0.03806624862332645,0.997739808748643,-0.04055740728399757,-0.05357584112843845,0.055041034580213824,0.03591510196577876,0.9978379577682578,18,82,162,90,18,82,162,90,230213_173030
0,0,0,0,0.15779240345330597,-0.3820353065846355,-0.025791052585625862,-0.03071116413654857,-0.9978104181973695,0.05857639229388671,0.9932073711045465,-0.03704483146673579,-0.11030321140019193,0.11223164607619482,0.05479096456890012,0.9921703522181244,140,92,162,162,140,92,162,162,230213_173030
0,0,0,0,0.15894387362286216,-0.38096657890315977,0.0022720417092854106,-0.03655182043005436,-0.9984569964438915,0.04180419447247828,0.9984740235299704,-0.03822130091382198,-0.039859208375565315,0.04139551617169064,0.04028347562833695,0.9983304326885866,162,110,132,154,162,110,132,154,230213_173030
0,0,0,0,-0.15259608861527615,-0.012791635930410244,0.0014505847771866254,0.9968204783072868,-0.020740269893664877,-0.07693357675274266,0.01951647171299108,0.9996713014760943,-0.01662517178763051,0.07725309934952923,0.01507083971881254,0.9968976017781673,162,122,128,154,162,122,128,154,230213_173030
0,0,0,0,0.1584812311319804,-0.3808706630755653,0.002576053066132289,-0.03219085080889237,-0.9984434311506486,0.04554628323276455,0.9979840704167104,-0.03460296190721965,-0.05320178776829617,0.054695011826445095,0.04374185432017111,0.9975445382848517,162,136,69,128,162,136,69,128,230213_173031
0,0,0,0,-0.15237232103738382,-0.01247256221292245,-0.00018661466428215867,0.999053583471014,-0.02411161116509862,-0.03620176184592228,0.023856614811686966,0.9996875612799166,-0.007459339913145826,0.03637030771732046,0.006588628782694105,0.9993166618681544,162,162,18,82,162,162,18,82,230213_173031
0,0,0,0,0.15816235046362306,-0.3820765467516936,-0.010971382453187628,-0.028849261504161568,-0.9981567463348339,0.05339316301665664,0.9952719066369778,-0.03363985719198146,-0.09111636443196164,0.0927445522381743,0.05051207533216066,0.9944078530843261,162,138,140,92,162,138,140,92,230213_173031
0,0,0,0,-0.15230639349963865,-0.012458738866834601,-0.0001457032230947064,0.998957564464728,-0.022565003603610467,-0.03968129296115066,0.0223619351582153,0.9997345134083859,-0.005553967597801303,0.03979608340879032,0.004660827444424198,0.9991969517731999,135,154,162,110,135,154,162,110,230213_173031
0,0,0,0,-0.1516377062021329,-0.013396678826789741,-0.011336000601725127,0.9982763219303239,-0.02119637702132812,-0.05472749468441607,0.03231022847254915,0.9769553907563537,0.2109839178898543,0.048994226285499605,-0.2123885073945172,0.9759562939586047,111,154,162,122,111,154,162,122,230213_173031
0,0,0,0,-0.1522797331235191,-0.013403544795208527,-0.0013270431270906435,0.9958239527771843,-0.022122568550578203,-0.08857339914415213,0.018803646996881515,0.9990957941712214,-0.038131573911814064,0.08933687891817683,0.03630683172765749,0.9953395079243357,53,130,162,136,53,130,162,136,230213_173031
0,0,0,0,-0.15210912977276508,-0.012825835513028988,-0.008147047974855548,0.9914855245920969,-0.02085800806886775,-0.12853559049435132,0.017886131265062475,0.9995463395042806,-0.024232240754055133,0.12898271524782481,0.021726911492262066,0.9914087958477602,82,162,162,162,82,162,162,162,230213_173031
0,0,0,0,-0.15225190968678368,-0.012369765172719066,-0.00295669077265015,0.998489254918408,-0.023566894592380323,-0.049636773583241305,0.024071840014128022,0.9996641405046041,0.00959962017612567,0.04939386936469493,-0.010779966069672723,0.9987212013373502,138,90,162,138,138,90,162,138,230213_173031
0,0,0,0,0.15905073251657348,-0.38240336488242777,-0.0121800193726459,-0.03121962841811582,-0.9976750145888537,0.06057970011947024,0.994032323095274,-0.0373295287264293,-0.10249998500914603,0.10452308569520526,0.05701816859732404,0.9928866264617325,162,112,135,154,162,112,135,154,230213_173032
0,0,0,0,-0.15223715714490943,-0.013297986683204144,-0.0016545225112915007,0.9976089999406147,-0.026020890226281037,-0.06402496785878806,0.02339128743506397,0.9988653226679818,-0.041483910658459154,0.06503176846447614,0.03988709619940561,0.9970856977447636,162,124,111,154,162,124,111,154,230213_173032
0,0,0,0,0.1577405587059988,-0.38180353762760194,-0.018880342027056574,-0.033089534961408595,-0.9978370761066055,0.05680010759725332,0.9964044923379876,-0.03737027212330501,-0.07603650708776018,0.07799468138735206,0.05407986971556043,0.995485910179965,162,162,53,130,162,162,53,130,230213_173032
0,0,0,0,0.15911721770731527,-0.38104515782104637,-0.007747320170030325,-0.03650653579183112,-0.9988939626086076,0.029633162311057684,0.9972032365870742,-0.03834780062696718,-0.06414944370248249,0.06521485861936155,0.02720841140434606,0.9975002378767178,162,162,82,162,162,162,82,162,230213_173032
0,0,0,0,0.15906462875398977,-0.38101666539212464,0.0021323538349369286,-0.03475681944556634,-0.9984192721946455,0.044169224719728784,0.9980548847578378,-0.036964940109887864,-0.050200002128390375,0.05175336233566211,0.0423385180773485,0.9977620153994476,162,162,138,90,162,162,138,90,230213_173032
0,0,0,0,-0.15234891713827373,-0.012256190332965516,-0.007620790229876939,0.9917834118676693,-0.01935695275860263,-0.12645541634910804,0.01698255764195488,0.999659166892914,-0.019827828496889657,0.12679612249616587,0.017517374999286094,0.991774109811842,137,154,162,112,137,154,162,112,230213_173032
0,0,0,0,-0.15229062103593935,-0.012476818088828001,9.55774401057985e-05,0.9991211198640694,-0.02440681288569591,-0.03407778347148313,0.023904618139277058,0.9996006939834753,-0.01506724325714459,0.03443191939439351,0.01423938455542389,0.9993056003317006,82,156,162,124,82,156,162,124,230213_173032
0,0,0,0,0.1599698787069872,-0.38018210766875127,0.002569333692934439,-0.039429584150794846,-0.9991080725234981,0.015111826894032341,0.9983794379989115,-0.04001288418964405,-0.04046562590400462,0.041034201279811874,0.013491794439804337,0.999066647330458,102,126,162,162,102,126,162,162,230213_173032
0,0,0,0,-0.15240657613556116,-0.013120298606892455,0.005014640280860849,0.998789769692447,-0.023068572132156878,-0.04343773633019106,0.02246961284436316,0.9996462904734892,-0.014227102347898769,0.04375057092578507,0.013233855159273776,0.9989548301206072,58,162,162,162,58,162,162,162,230213_173033
0,0,0,0,0.1577999291853383,-0.38253439579046433,-0.017600062466399002,-0.030178089526922053,-0.997983084190516,0.05584842506366347,0.9945553879632241,-0.03555617253244147,-0.09795580058457592,0.09974398821897498,0.05258823313660417,0.9936224708357511,141,86,162,162,141,86,162,162,230213_173033
0,0,0,0,0.15819503252337005,-0.38167156840862354,-0.007048724924454075,-0.03525461892505886,-0.997891956860046,0.05448627605624143,0.9980812023362322,-0.037933410505799785,-0.0489384297915154,0.050902115746886974,0.0526564222239467,0.9973145320364403,162,112,137,154,162,112,137,154,230213_173033
0,0,0,0,-0.15230137037105174,-0.012660579327793908,0.001417665693848269,0.9990310078741728,-0.02358160722560218,-0.03716117741099261,0.023378205227871988,0.9997092906078513,-0.0058986263375154025,0.03728947339715783,0.005024148983017611,0.9992918758304599,162,125,82,156,162,125,82,156,230213_173033
0,0,0,0,0.15950452093873102,-0.382182395256624,-0.00983238280484755,-0.03438114017557705,-0.998688685484682,0.0379321326200615,0.9948256631792306,-0.037829512755051364,-0.09429118646363538,0.09560249515693596,0.03449402049042745,0.9948217556276974,162,162,102,126,162,162,102,126,230213_173033
0,0,0,0,-0.151907805397952,-0.011965905642854158,-0.00802793533148538,0.9956999223498406,-0.020384766126179267,-0.09036661962528969,0.018033503746369264,0.9994792175677442,-0.026759790597089946,0.09086505035023366,0.02501509464606107,0.9955489880787878,162,162,58,162,162,162,58,162,230213_173033
0,0,0,0,-0.15216725695267677,-0.01212970605459765,-0.0018084750906554037,0.9992394005817955,-0.023442126177097473,-0.0311622695776822,0.02407582518077935,0.9995076857516596,0.020118170026806836,0.030675315268137795,-0.020853125512977674,0.9993118493190902,152,162,141,86,152,162,141,86,230213_173033
0,0,0,0,-0.1522040989023664,-0.012237310608562979,-0.0013984535618930538,0.998599078432545,-0.021331413227874386,-0.04842366532360568,0.022244392909278706,0.9995833370161085,0.018394002931345806,0.04801111889727768,-0.01944538941349316,0.9986575034979657,124,162,162,112,124,162,162,112,230213_173033
0,0,0,0,0.15861339682158418,-0.38264478799275203,-0.01565965643160605,-0.029888659548240007,-0.9976295480190508,0.061983489331552157,0.9929411989623621,-0.03675462957856088,-0.11276911193996626,0.11477997836554607,0.058175442618411156,0.991686026140611,80,156,162,125,80,156,162,125,230213_173034
0,0,0,0,-0.15186088375665602,-0.011774020421870257,-0.009021281756057653,0.9954223074827145,-0.019462069417423285,-0.09357167103231827,0.017858020630519878,0.9996794032015329,-0.017949426558711574,0.09389100523984673,0.016196254771336814,0.9954507323149815,88,120,162,162,88,120,162,162,230213_173034
0,0,0,0,-0.15202848665593116,-0.012018633663591266,-0.002351424256782364,0.9991488958667448,-0.022442742882205397,-0.034609351051237525,0.02312911576634765,0.9995411043278838,0.019560796580431705,0.03415447104159962,-0.020344631992674576,0.9992094715608691,114,98,162,162,114,98,162,162,230213_173034
0,0,0,0,0.1591059619635462,-0.3808652271826317,-0.005298419675073163,-0.03806821845175827,-0.9987368805431857,0.03279411817346213,0.9978725526995333,-0.03973249484257665,-0.05168846508168696,0.05292616850694334,0.030756662635117074,0.9981246657560989,138,156,152,162,138,156,152,162,230213_173034
0,0,0,0,-0.15235679756131315,-0.013379577127403064,-0.001620388234715442,0.9969243006127343,-0.025813336681124538,-0.07399736817750616,0.023117886675234883,0.9990458147021967,-0.03705433094384981,0.07488325689686241,0.03522970018907706,0.99656979989417,154,128,124,162,154,128,124,162,230213_173034
0,0,0,0,-0.15243321781912322,-0.012922468850312313,0.003373184781647276,0.9983614118683358,-0.022000350030557416,-0.0528249551897233,0.021223397172924926,0.9996588356916393,-0.015224310692993312,0.053141873364641615,0.014078239313545548,0.9984877287544033,162,143,80,156,162,143,80,156,230213_173034
0,0,0,0,0.15984591593568992,-0.3806174471058446,0.005115315514792607,-0.036923161859596806,-0.9982885354217353,0.0453506357597755,0.9980065933006448,-0.03916098321628894,-0.049489969912841277,0.051181245068192646,0.04343290732911353,0.997744487689213,162,151,88,120,162,151,88,120,230213_173034
0,0,0,0,-0.15210372205292674,-0.012440945565430822,0.0011760981268927884,0.9994652367123826,-0.02398477772593958,-0.022225459295535065,0.024260312957676135,0.9996310881163978,0.01221167009150858,0.02192436586667504,-0.012744336336800905,0.9996784003231634,162,162,114,98,162,162,114,98,230213_173034
0,0,0,0,-0.15226308238158526,-0.012879757032414674,-0.003967516060169984,0.9971326034189105,-0.02552460538668389,-0.07123949549849522,0.02431768903449402,0.9995465489860418,-0.01775799566717469,0.07166045770889067,0.015974696552604986,0.9973011520453611,160,162,138,156,160,162,138,156,230213_173035
0,0,0,0,-0.15216915933280445,-0.012301286205331385,0.0006015783051238621,0.9995832129440065,-0.025307065687652976,-0.01389074608569837,0.025429753698151075,0.9996385100900471,0.00872793055666246,0.013664846409231927,-0.009077531119823698,0.9998654261456292,123,162,154,128,123,162,154,128,230213_173035
0,0,0,0,0.1585164271564936,-0.38085855762016785,-0.0034559859202579757,-0.03524246424317746,-0.9986636451828617,0.03780069449292873,0.9982978808842633,-0.036937875885863516,-0.045132409054123045,0.04646837350345373,0.03614577589594578,0.9982655824723318,79,156,162,143,79,156,162,143,230213_173035
0,0,0,0,0.15882903222609915,-0.38143079543945047,-0.013606238512886004,-0.03753230677487871,-0.9983042616874617,0.04449637114201987,0.9969459316760874,-0.04045853734099641,-0.06679757533567798,0.06848456222138487,0.04185340909506914,0.9967738744993602,72,122,162,151,72,122,162,151,230213_173035
0,0,0,0,-0.15217452006028787,-0.012312997659319702,-0.0061514976208657535,0.9956016068006336,-0.021707614978108865,-0.09113846601715489,0.017996438208665505,0.9989827828239148,-0.04134643676530912,0.09194329093413836,0.03952441110691223,0.9949795234972688,108,85,162,162,108,85,162,162,230213_173035
0,0,0,0,0.1584157510080845,-0.3814501662362456,-0.00449322580531164,-0.03662245992550741,-0.9983997822966487,0.04308909536077522,0.998236326343667,-0.03856434076778919,-0.04513345088785373,0.04672293009759837,0.041360202261971915,0.9980512519264447,145,86,160,162,145,86,160,162,230213_173035
0,0,0,0,0.15927390541104564,-0.3808106933247756,-0.000865450532363643,-0.038524431771876665,-0.9981819671804851,0.04635330141803055,0.9981298572707791,-0.04064282478578149,-0.045661239777815395,0.047462155253095155,0.04450754081196846,0.997880966162599,154,127,123,162,154,127,123,162,230213_173035
0,0,0,0,-0.152153905893048,-0.013061049197347963,-0.005110176327447591,0.994123469987368,-0.020819055663477505,-0.10623131996523505,0.017730087800492445,0.9993944406855979,-0.0299398716314377,0.1067903104540012,0.027880438447075356,0.9938905929452885,162,162,79,156,162,162,79,156,230213_173035
0,0,0,0,-0.1520139097744838,-0.012939879161258216,-0.006936681665089761,0.9993506915108689,-0.025460998779152085,-0.02549378194611832,0.02981479898356453,0.9816501002563357,0.18834584791891704,0.020230500199398257,-0.18898364534502493,0.981771821073404,162,152,72,122,162,152,72,122,230213_173035
0,0,0,0,-0.15234812148457658,-0.012384161336970234,-0.0010478602056610553,0.9981387807235889,-0.022055263661191964,-0.05685542859272155,0.021467044543157822,0.999709742571945,-0.010936023286257092,0.05708012275923057,0.00969515093078914,0.9983225248556802,162,162,108,85,162,162,108,85,230213_173036
0,0,0,0,0.15836381599621635,-0.3818189421131798,-0.017137707483243725,-0.03332522336109809,-0.9989622766084058,0.031045118799644757,0.994857327091322,-0.036128931014133094,-0.09462345944048786,0.09564689341867076,0.02773211598719309,0.9950289450675444,160,162,145,86,160,162,145,86,230213_173036
0,0,0,0,-0.15199268782369635,-0.01261099353042211,-0.004740789392103428,0.9977101331567849,-0.024586712792471484,-0.06300780705857395,0.023469763180300866,0.9995550864886398,-0.018406501322855366,0.06343232939543168,0.016885574575601733,0.9978432827647441,123,162,154,127,123,162,154,127,230213_173036
0,0,0,0,0.15933130834635967,-0.3813426984710463,-0.011437132518610671,-0.036912743411467705,-0.9987890197541855,0.032526041755991705,0.996301755344821,-0.03930896302664333,-0.07640430434601385,0.07759034521554495,0.02958546001405733,0.9965462552662014,105,153,162,162,105,153,162,162,230213_173036
0,0,0,0,0.15850717517137308,-0.38067252726386197,-0.0020205999568679855,-0.03748646642479467,-0.9983317803007594,0.043913793692859346,0.998737892052605,-0.038899282169424246,-0.03177213913198714,0.03342735127558855,0.04266734451802421,0.9985299744616977,70,120,162,152,70,120,162,152,230213_173036
0,0,0,0,0.1577424043603992,-0.3824434919543185,-0.017282132390241567,-0.03029037646592533,-0.9970774311058852,0.07013622083374102,0.9951637192923322,-0.03664317188603468,-0.09113972656521391,0.09344337803078398,0.06703636575335238,0.9933652202331118,112,88,162,162,112,88,162,162,230213_173036
0,0,0,0,-0.1522412101913235,-0.012722683093810444,-0.0016768600525036703,0.996810530454044,-0.020024651081178596,-0.07725140597428698,0.01706670765669327,0.9991027196613641,-0.0387618763094047,0.07795828285492196,0.03731981932354003,0.9962578668296528,138,147,160,162,138,147,160,162,230213_173036
0,0,0,0,-0.15209284182874955,-0.012394270598237694,2.509538396266997e-05,0.9995413572473532,-0.025904737549325346,-0.015685015926677533,0.025913159401885454,0.9996641419387503,0.00033390369236614237,0.01567109830012023,-0.0007401988677866532,0.9998769268183479,154,162,123,162,154,162,123,162,230213_173036
0,0,0,0,0.15889947018765793,-0.38071398507267057,0.0002142267514522178,-0.039407292757434265,-0.9983306394229484,0.04222558071710241,0.9989030226358995,-0.04042921401805086,-0.023626891940056464,0.025294597177941698,0.041248188363239645,0.9988286991823756,162,162,105,153,162,162,105,153,230213_173037
0,0,0,0,-0.15242663873706044,-0.013451651283263782,-0.0008105554856306929,0.9966985905689012,-0.025689144253267064,-0.0770193964238849,0.02257828028196802,0.9989042971459231,-0.04099300431681507,0.07798808125267341,0.03911870410614801,0.996186521777715,162,146,70,120,162,146,70,120,230213_173037
0,0,0,0,-0.1526747836222157,-0.013477051167716442,-0.0012138992205346089,0.9943345460837789,-0.023918018033952732,-0.103569970926387,0.020301344421709347,0.9991515059776084,-0.03583466920938583,0.10433918668954761,0.03352903989085403,0.9939764270871624,162,106,112,88,162,106,112,88,230213_173037
0,0,0,0,0.1600342077586273,-0.38002084115865686,0.004914028397941195,-0.03988618178782656,-0.9990305494350215,0.0186293799668146,0.9985247305261438,-0.04053959751258954,-0.036123448910771565,0.03684365657857979,0.017161070161174397,0.9991736799179824,124,162,138,147,124,162,138,147,230213_173037
0,0,0,0,0.15874789394893862,-0.38194926927866574,-0.008543870660124298,-0.034380114684122394,-0.9971779759109165,0.06673898465301176,0.9971619727562911,-0.03870156322235294,-0.06457700126926023,0.06697766645002187,0.064329412886755,0.9956785218304928,122,162,154,162,122,162,154,162,230213_173037
0,0,0,0,-0.15229241411200045,-0.01276247275693454,0.0027505101970562995,0.9994029219371814,-0.024384689145322408,-0.024478287495509385,0.024130575717354108,0.9996523681684398,-0.010623470750168682,0.024728828095481197,0.010026452538991195,0.9996439142567254,97,149,162,162,97,149,162,162,230213_173037
0,0,0,0,-0.15156826080885866,-0.011461865911822328,-0.012509124156240725,0.9955674702555161,-0.01796518260790371,-0.09231827762093074,0.01986014911633573,0.999609672381062,0.019648851348195592,0.09192924804493653,-0.021395211989864743,0.9955356639808548,44,122,162,146,44,122,162,146,230213_173037
0,0,0,0,-0.15202548433421548,-0.012731977071771455,0.0030240444186575566,0.999632615253743,-0.024322868355748834,-0.011959623569024974,0.024269576934482315,0.9996949541020649,-0.004581089203699302,0.01206740056454196,0.004289151177088711,0.9999179871498437,111,80,162,106,111,80,162,106,230213_173037
0,0,0,0,0.16001879630350296,-0.3801547350113905,0.0025318671766300094,-0.04050889010918615,-0.9983929790600289,0.03962939799898519,0.998727848391435,-0.0416507023236367,-0.02842364936744352,0.030028564227040335,0.038427572907846534,0.9988100955491362,146,90,124,162,146,90,124,162,230213_173038
0,0,0,0,-0.1523235707569502,-0.0126757769826647,0.0005155023526535185,0.9990814962926272,-0.024266535793797155,-0.03531712058271394,0.023774915819316716,0.9996154257831089,-0.014274239532714141,0.03564992487327288,0.013421467021948717,0.9992742101543043,154,162,122,162,154,162,122,162,230213_173038
0,0,0,0,0.1593175231067052,-0.38166184084890853,-0.00841687614010067,-0.034276930021266874,-0.9988189743236301,0.03443470051283539,0.9961485552510276,-0.03692699481699949,-0.07952642909797711,0.08070407635062478,0.03157615532133023,0.9962378222470354,146,162,97,149,146,162,97,149,230213_173038
0,0,0,0,-0.15230075451941094,-0.012393094293793872,-0.0004630170394309685,0.9992017127801969,-0.02492830572117829,-0.03121725085576304,0.024618623161957058,0.9996442064235647,-0.010265668873092116,0.031462049690535364,0.009488948185857687,0.9994599037938423,114,18,44,122,114,18,44,122,230213_173038
0,0,0,0,-0.1521600706969043,-0.01224603232653454,-0.0004784457988884494,0.9995475221223695,-0.025261159712572142,-0.01632865055685776,0.025360913905962554,0.9996607649451971,0.005931195076631982,0.016173282440074047,-0.006342620843044919,0.9998490866605595,162,162,111,80,162,162,111,80,230213_173038
0,0,0,0,0.15867659714572288,-0.38189920700885926,-0.008090976279298667,-0.03365087675653483,-0.9979378936498198,0.05465874963149964,0.9972270228285055,-0.03715851647538896,-0.06447875304271394,0.06637682904531904,0.0523374155944936,0.996421051310528,162,162,146,90,162,162,146,90,230213_173038
0,0,0,0,-0.15225139600416382,-0.012653416863874223,0.001233014430949364,0.9991022832805655,-0.022799896637116363,-0.03570423303892182,0.022726477572862912,0.9997386915461317,-0.0024608621983309405,0.03575101062474998,0.0016472215897759563,0.9993593707472518,120,162,154,162,120,162,154,162,230213_173038
0,0,0,0,0.1574363375576769,-0.38194198814744024,-0.01895851562508799,-0.03230464425010504,-0.9962278032981566,0.08053926927656828,0.9966681728310995,-0.03814719578358395,-0.07209261209975469,0.07489301185952472,0.07794200016408583,0.9941408760256418,96,148,146,162,96,148,146,162,230213_173038
0,0,0,0,0.1591466471879958,-0.381858284511449,-0.009528667176328498,-0.035974311492536194,-0.9985410766600685,0.040268686782536874,0.99678604539426,-0.03873886783063484,-0.07012046653063024,0.07157812948038376,0.03761672954621015,0.996725415065923,100,116,114,18,100,116,114,18,230213_173039
0,0,0,0,-0.15203362209703192,-0.01303463650669225,-0.006655940067354038,0.9992576316709306,-0.026195864631254045,-0.028248225141106503,0.03142894766375344,0.9783635487290983,0.20449202372453065,0.02228018842269246,-0.20522802731212406,0.9784605510747091,114,90,162,162,114,90,162,162,230213_173039
0,0,0,0,-0.15231436166574344,-0.012387693885647394,-6.927844005844008e-05,0.9994172512545282,-0.025318977821971376,-0.022893388934224247,0.025256751262637434,0.9996764862648508,-0.003003219076002843,0.022962021045639755,0.0024232563239834077,0.9997334011716763,148,92,162,162,148,92,162,162,230213_173039
0,0,0,0,-0.15211518456780568,-0.01224600074907195,-0.007151273563549387,0.9940152589531547,-0.02006277623788158,-0.10738319225056457,0.01773729161540186,0.9995879631333427,-0.022567508614925166,0.1077917132920857,0.02052776092425133,0.9939615473331922,154,162,120,162,154,162,120,162,230213_173039
0,0,0,0,0.15828652685725186,-0.38170655551981714,-0.020671659568113676,-0.03378655322418417,-0.9984155871710526,0.04499760121507835,0.995262991351141,-0.03771824126930067,-0.089604198128926,0.09115945846705306,0.04175703017975138,0.9949604532656365,146,162,96,148,146,162,96,148,230213_173039
0,0,0,0,0.15836944180983065,-0.3816543217409026,-0.009149004220941559,-0.03583324037473929,-0.9982862358901637,0.04626629568588907,0.9979359982733093,-0.03821254993117818,-0.05160953766514546,0.05328904422579735,0.04432146500292148,0.997595050862571,162,162,100,116,162,162,100,116,230213_173039
0,0,0,0,0.15971616107481618,-0.3806645917371855,-0.0007396592969940441,-0.03889009270797739,-0.9988436175550623,0.028266382129319007,0.9983460375071369,-0.04003825142158111,-0.0412568517570254,0.04234087957239237,0.026615147803798155,0.9987486589850412,158,162,114,90,158,162,114,90,230213_173039
0,0,0,0,-0.1520453220283477,-0.012577384753136328,0.002657923249182792,0.9996668351716221,-0.02512400602082864,-0.005916331584486445,0.025131842781244217,0.9996833588656052,0.0012539878790776933,0.005882953031518064,-0.0014022584096441983,0.9999817121002672,162,146,148,92,162,146,148,92,230213_173039
0,0,0,0,-0.15230047478248765,-0.013685724226444596,0.00037668299902970936,0.9981993834979398,-0.027789403168126746,-0.05315768858681279,0.024625023530116388,0.9979373800506837,-0.0592840089207706,0.054695511703196226,0.0578682518237427,0.9968247922430449,120,162,154,162,120,162,154,162,230213_173040
0,0,0,0,-0.1521657903046327,-0.012471335527977745,0.0005687620255238057,0.9993924164365162,-0.023846134063445944,-0.025419674651901186,0.02430906223119579,0.9995413360957925,0.01806064587100584,0.024977338981969195,-0.018667600972438535,0.9995137083658803,93,148,146,162,93,148,146,162,230213_173040
0,0,0,0,-0.15172697829540976,-0.013067958484507966,-0.009861694549861966,0.999473109323005,-0.029426873230094176,-0.013695359509846393,0.03138439547131602,0.9837902405264062,0.17655532381068095,0.008277889894412267,-0.1768921190355702,0.9841954352474926,88,112,162,162,88,112,162,162,230213_173040
0,0,0,0,0.15916463443986933,-0.3816969700583573,-0.01574665441802492,-0.036821220570665295,-0.9981551832513038,0.04827450532364293,0.9952404674289032,-0.040989520409233586,-0.08840967825142018,0.09022532741744428,0.04478938897972435,0.9949137153176841,117,93,158,162,117,93,158,162,230213_173040
0,0,0,0,-0.15256402608820216,-0.013443058132023372,-0.0006093790542531785,0.996886856763294,-0.025416428947092642,-0.07463645189971631,0.020962026330862867,0.9979860690615072,-0.059869853943898904,0.07600781712893415,0.05811893924304678,0.9954119753331068,151,89,162,146,151,89,162,146,230213_173040
0,0,0,0,-0.15212469257403596,-0.012538502137565743,0.0018191192356570296,0.9994882440256747,-0.023334278803767396,-0.021880618985347204,0.0232738643475281,0.9997245904358182,-0.0030117297802695958,0.02194486939598285,0.0025009419514565707,0.9997560542435082,154,162,120,162,154,162,120,162,230213_173040
0,0,0,0,-0.15174239612073603,-0.01368693581877703,-0.00879351020913699,0.9987867452910626,-0.022074976496405302,-0.04401968699988597,0.03268495937638511,0.9657821600693137,0.25728682967150646,0.036833827678491755,-0.25841345689521256,0.9653319400258221,146,93,93,148,146,93,93,148,230213_173040
0,0,0,0,0.1577318279219098,-0.38210076484695665,-0.018183692864629397,-0.028024923567847932,-0.9972462949544375,0.0686617131934803,0.9946151244924808,-0.03467531802460127,-0.09766461206956878,0.09977653927563776,0.06555493512726727,0.9928480209431033,162,137,88,112,162,137,88,112,230213_173040
0,0,0,0,-0.15233527369174324,-0.01295109278690848,-0.007005691327326535,0.9922165821807616,-0.023644796563055136,-0.12225865057745496,0.019118394397343294,0.9990923681081914,-0.0380647735266395,0.12304771855339752,0.035431110389860195,0.99176806531333,156,162,117,93,156,162,117,93,230213_173041
0,0,0,0,-0.1521754005744942,-0.013057408887141658,-0.00310907191508758,0.997415012908951,-0.025147245141424048,-0.06731202036510961,0.023319891029408766,0.9993415359086674,-0.02779707340858937,0.06796671763600406,0.026155509352775556,0.9973446819551827,162,146,151,89,162,146,151,89,230213_173041
0,0,0,0,0.15833095974373096,-0.3809696003386382,-0.0005761707703340058,-0.03722343456862115,-0.9984579531014237,0.04118412081653092,0.9988923409393674,-0.038363458278243986,-0.02724584888754615,0.028783799811441156,0.04012431877862216,0.998780021782057,119,162,154,162,119,162,154,162,230213_173041
0,0,0,0,0.15964776282072857,-0.38176493939754186,-0.011618246004334143,-0.0348638377478556,-0.9981678593104197,0.04945136456302595,0.9950210247585171,-0.03929165139613409,-0.09159326623216224,0.09336848025968028,0.04601185467049492,0.9945678640111889,85,147,146,93,85,147,146,93,230213_173041
0,0,0,0,-0.15282941730636188,-0.013968750045761757,0.0023990749242066567,0.9937752897992727,-0.022342928363170048,-0.10913966710838797,0.016539419286846692,0.9984150750044783,-0.05379391799689025,0.11016860257816372,0.05165395973166544,0.9925697695628323,70,112,162,137,70,112,162,137,230213_173041
0,0,0,0,-0.15204986566185547,-0.012768751715281246,0.0036653593600014522,0.9996085105745168,-0.024535565779982813,-0.013447364011249493,0.02449049642384531,0.9996939147495573,-0.0035060515708728304,0.01352927093041346,0.0031753463685299894,0.9999034333392056,117,86,156,162,117,86,156,162,230213_173041
0,0,0,0,0.15925407047421705,-0.3808214059527453,-0.00034192866261040233,-0.0378492778353305,-0.998525105298038,0.038923595117676214,0.9983051586372422,-0.03950668436213412,-0.04273209717507687,0.044206814017903134,0.03724024678021773,0.9983280631206032,151,89,162,146,151,89,162,146,230213_173041
