0,0,0,0,-0.07387903301878523,0.12372331375905506,-0.2235160158155255,0.8850079604165627,-0.45707406641528875,0.08856753248175903,0.4629168102336018,0.8841870796260464,-0.06261976545397649,-0.04968839706071085,0.09641839053290407,0.9940998728319915,162,162,83,96,162,162,83,96,230201_154559
0,0,0,0,-0.07234754987837648,0.12245117327640863,-0.22702232634659836,0.8863535160079408,-0.4587246814808024,0.06284195462187707,0.45913356309504055,0.8883253630216214,0.008626740529168382,-0.05978140095392749,0.02120650873768266,0.9979862063611623,162,162,144,104,106,122,146,112,230201_154559
0,0,0,0,-0.07437830665312785,0.12544862164670972,-0.22265592024005054,0.8885655652569786,-0.4539668423330934,0.0660707371055134,0.45540076741795044,0.8902533569792799,-0.007687744940126021,-0.055329714211147546,0.036919729809995014,0.9977853257470113,109,85,162,162,96,72,162,162,230201_154559
0,0,0,0,-0.07562634415873082,0.12417179337028283,-0.22302550088478956,0.8897448741999683,-0.4500829298499761,0.07602246439404926,0.4546326856502553,0.8886896589984585,-0.059496311882672535,-0.04078210359114887,0.08749883568862807,0.9953294800114257,130,162,90,136,162,162,117,141,230201_154559
0,0,0,0,-0.07387974374934603,0.12207727455973241,-0.22989134563952884,0.8847754850688376,-0.44692336268065025,0.13202972737767577,0.4553099619306778,0.8894108959296455,-0.04051045258089578,-0.09932361042515656,0.09595710547866751,0.9904176161197192,80,141,138,162,18,146,162,141,230201_154559
0,0,0,0,-0.07160439276499664,0.12008851316733792,-0.2292127201510643,0.8894038235556663,-0.453415023112312,0.05810039122607333,0.4537438255074288,0.8910947805974773,0.008162892000812329,-0.05547413323743703,0.01910258642160232,0.9982773721434139,137,80,161,162,145,88,128,138,230201_154559
0,0,0,0,-0.07317273972643784,0.1258604564878521,-0.22297727007620616,0.8858970898869142,-0.4516168503935188,0.10596493085231055,0.46064964565613753,0.8833834645152314,-0.08622968501590351,-0.05466488897612345,0.12520333486654814,0.9906239825743788,162,162,89,136,162,147,115,136,230201_154600
0,0,0,0,-0.07583485891797759,0.12462291570012161,-0.22307548209351757,0.8877562196090918,-0.44654113297320447,0.11175827087236838,0.4552447227901491,0.887642526106503,-0.06959158152383013,-0.06812589021139558,0.11265772237301103,0.9912956676353583,86,154,162,123,89,153,162,100,230201_154600
0,0,0,0,-0.07681847990057133,0.12124434806618777,-0.22825517841753862,0.8841546564477392,-0.44845749834288134,0.13098250135733527,0.4577666153862094,0.8876074905789658,-0.05101635527911314,-0.0933823822764976,0.10506576439618706,0.9900711670542736,140,92,162,162,132,84,162,162,230201_154600
0,0,0,0,-0.07239069538497132,0.12638959411002326,-0.2226816661189106,0.8865488930556463,-0.4509193815453294,0.10345420034288762,0.45993222108408643,0.883186537044968,-0.09189065671316676,-0.04993407884869594,0.12904748013539674,0.9903803994628713,138,162,98,146,122,27,112,145,230201_154600
0,0,0,0,-0.07368753798136293,0.12317671105544932,-0.22586493919325368,0.885166413909179,-0.44611996915441915,0.13212642736721744,0.45798164507064043,0.8855043979851044,-0.07832479765328061,-0.08205627621062285,0.12984195882186128,0.9881335098374856,162,162,162,162,162,162,162,52,230201_154600
0,0,0,0,-0.0757817756866701,0.1258315514549354,-0.22282447296745433,0.8913900491245931,-0.4324793953127837,0.13559259917688654,0.443658810609834,0.8937691662462693,-0.06590551749070184,-0.09268570596333552,0.118904373751932,0.9885702351440382,136,87,162,162,127,68,162,162,230201_154600
0,0,0,0,-0.07463569192965586,0.12326909202157989,-0.2248712740313461,0.8886337425675507,-0.45056834777960497,0.08554668637384555,0.45414160899460615,0.8905137118588218,-0.02721631810540593,-0.06391768573859874,0.06303564841089107,0.9959623669994967,130,162,100,136,162,162,162,138,230201_154600
0,0,0,0,-0.0751095826090803,0.1261513301511949,-0.22165149823233732,0.8906318820439371,-0.4372872907322868,0.12471838697999628,0.4470149707733989,0.892248478944228,-0.06379864987733076,-0.08338145232204355,0.1125720977228777,0.9901389075392087,162,162,162,18,162,162,162,18,230201_154600
0,0,0,0,-0.07626549857181139,0.12377108277393548,-0.22572202583241519,0.8884110475986154,-0.44024035378531645,0.1300547630950503,0.4491188011059973,0.8921893083909465,-0.047859591368883535,-0.09496374570246335,0.10092902898504497,0.9903510580144264,135,84,162,138,135,87,162,162,230201_154601
0,0,0,0,-0.07585644393224086,0.12260752083599394,-0.22154664185628636,0.896167527911292,-0.4361101445828125,0.08180283435995363,0.44168738624013326,0.8943878455619084,-0.07058777902362043,-0.04237941426828581,0.09938975552382891,0.9941456944247108,138,162,115,138,162,162,121,147,230201_154601
0,0,0,0,-0.07433030138396765,0.12466408243247754,-0.22277507087775794,0.893276447106852,-0.4389282351648632,0.09694943743631462,0.44619922134180495,0.8919523087625274,-0.07298858655408587,-0.054437523071186274,0.10845774876999448,0.9926094261156395,162,162,162,18,162,162,162,18,230201_154601
0,0,0,0,-0.0746167812684829,0.12519433574900657,-0.2195898987732745,0.8982086270516831,-0.43772403075423233,0.04023599371454148,0.43948783412648285,0.8925084923535741,-0.1013855745733218,0.00846793627405499,0.1087486274718801,0.9940332137701641,138,162,162,162,136,99,162,162,230201_154601
0,0,0,0,-0.07320974422526508,0.12507688530975444,-0.22019117313295855,0.8985521744484447,-0.43224665029236276,0.07593960169110017,0.4370424117952647,0.8970801022697676,-0.06512465281167648,-0.03997399262207734,0.09170672506798204,0.9949833950831319,162,162,77,133,162,162,104,140,230201_154601
0,0,0,0,-0.07420828806322367,0.125743498677804,-0.22165585898743945,0.8948951114586685,-0.43597852037170315,0.09531772795171983,0.4428388126920815,0.8939700261114361,-0.06863948126104508,-0.05528585226661007,0.10363552570821451,0.9930776164783578,71,162,162,125,101,162,162,118,230201_154601
0,0,0,0,-0.07799716208957631,0.12313251757067686,-0.22502530399630016,0.8888189401124633,-0.4391681337107541,0.13089019073395033,0.4461253633502201,0.8945297905439721,-0.028082272076706397,-0.1047523358832164,0.08335348920333131,0.9909990635538664,139,83,162,146,146,48,162,162,230201_154601
0,0,0,0,-0.07178045868447434,0.12640343512487717,-0.22159665743836,0.897903089882889,-0.43410108945368614,0.07298140389087518,0.4379613049630155,0.8976611622432425,-0.048931923681816106,-0.044271170459485525,0.07589915635389699,0.9961322108690762,162,162,96,135,162,128,109,143,230201_154602
0,0,0,0,-0.07477091905814919,0.12423152160502225,-0.2225496042759324,0.8970061993539633,-0.43171399915697956,0.09488361951594192,0.4381212695819728,0.8968128977740472,-0.06145225403511133,-0.05856305542267352,0.09669358467862675,0.9935898143708792,162,162,162,28,162,162,162,32,230201_154602
0,0,0,0,-0.07443468002351733,0.12516147894717092,-0.22118866923139302,0.8970154216253305,-0.433303110109361,0.08724533303211654,0.43967370854548493,0.8949618968705746,-0.07569830357202949,-0.045280938375765065,0.1062620248225029,0.9933066086060397,138,162,154,162,139,91,162,138,230201_154602
0,0,0,0,-0.07417414904053529,0.12154028259481921,-0.22565770533620055,0.8982714279997104,-0.4311885087007165,0.08476385788656174,0.43440760729468075,0.9004176649216822,-0.023196107895425193,-0.06632097981688193,0.057658465652826625,0.9961310300230038,162,162,101,129,162,155,108,142,230201_154602
0,0,0,0,-0.07608539061168118,0.12455557264729394,-0.22320181652463167,0.894265900767729,-0.43779430581252843,0.09286896425722148,0.4425476904320156,0.8959456881878333,-0.037853210047733,-0.06663362827710453,0.07494978062513277,0.9949585368078777,151,162,162,160,136,162,162,162,230201_154602
0,0,0,0,-0.0753586367213254,0.12500461287449516,-0.22154120472091932,0.8962740747516297,-0.43594186370209514,0.08153204523409584,0.4411271341003481,0.8952775459838338,-0.0623295051927836,-0.045821768718852754,0.09183031704784567,0.9947198391418401,146,47,162,146,154,94,162,146,230201_154602
0,0,0,0,-0.0719268543427285,0.1267493898939358,-0.21769759158976143,0.9007085666275864,-0.4343013135453628,0.010317318278092005,0.4323431656656637,0.8938201408632156,-0.11901656560938721,0.04246722390115989,0.11165986226049977,0.9928386626507325,162,162,75,114,162,162,108,113,230201_154602
0,0,0,0,-0.07341731380228049,0.12362806076395426,-0.22041177712696813,0.897630859250635,-0.43925379142519766,-0.03626220125083899,0.4317211118823014,0.8928316857065818,-0.12832950772699372,0.08874526509102906,0.09953736844488036,0.9910684084395945,162,82,114,18,119,140,162,144,230201_154602
0,0,0,0,-0.07346580417636069,0.11968054581679122,-0.2325421605521676,0.8889891045427234,-0.44281259943144324,0.11668493385649395,0.44801224324337013,0.8937695057558308,-0.021473250453113386,-0.09478080981068475,0.07136576466168705,0.9929368185971772,146,40,152,154,162,98,162,162,230201_154603
0,0,0,0,-0.07405879391894454,0.12332582065835934,-0.22270444454814908,0.9021882807011334,-0.427501475046128,0.05743513731956273,0.4296731314999988,0.9023974419878503,-0.03255544133888093,-0.037911821804244974,0.054049472959220565,0.9978182942000581,162,162,70,106,162,162,120,128,230201_154603
0,0,0,0,-0.06777231581225653,0.12961696620665086,-0.22019064019314283,0.8994099689984169,-0.43137600733033715,0.07054394351042938,0.4353131539906606,0.8985812451946672,-0.055264850919039786,-0.039549533865382194,0.08041446439625974,0.995976580189963,52,126,162,132,105,129,162,144,230201_154603
0,0,0,0,-0.07001075964950285,0.12760544554892647,-0.2221930241538379,0.8978167692477625,-0.4349924765467833,0.06860462233118862,0.43860074818957656,0.8972410513986648,-0.05087120376560218,-0.03942629256032866,0.07576305849630025,0.9963460876734718,162,94,162,162,162,102,162,162,230201_154603
0,0,0,0,-0.07168159385054448,0.12777054414133338,-0.2197194123811409,0.9016636191692832,-0.42947107825794517,0.05056986065344975,0.4323793747903747,0.8972828351839747,-0.08905947417368847,-0.00712699953952635,0.10216705253733614,0.9947417248981751,136,152,114,162,156,162,96,21,230201_154603
0,0,0,0,-0.07354875541606223,0.12212302431967327,-0.22614647858589743,0.9020048810497684,-0.42613589515384387,0.06924877922263468,0.43030499486092544,0.9003982880754647,-0.06419138749482792,-0.03499722789210032,0.08769904042921307,0.9955320549071555,100,116,114,18,99,120,162,148,230201_154603
0,0,0,0,-0.07506885036205879,0.13004559790440773,-0.21816689217071183,0.8925567531117959,-0.4343128024980429,0.12130470749655187,0.4439397565030424,0.8935189378146907,-0.06738991291378162,-0.07911975145655716,0.11400130417150364,0.9903250817669161,162,103,156,154,159,92,144,162,230201_154603
0,0,0,0,-0.07517041946858155,0.12402785504193348,-0.22232277343326678,0.9075141215231491,-0.41285994786515373,0.07723200557314264,0.41692352587992354,0.907752705288336,-0.04647364424660114,-0.050920455653108675,0.0743753285067661,0.9959294240585477,162,122,101,69,100,106,74,19,230201_154604
0,0,0,0,-0.08150208586712315,0.12465539913089281,-0.220579449520787,0.8944952265447215,-0.4313396082689408,0.11757734487180495,0.43794092631938225,0.8982672271827431,-0.036383150275196334,-0.0899223817702121,0.0840364855751542,0.9923970144800665,68,127,162,139,19,130,162,162,230201_154604
0,0,0,0,-0.0748217571049316,0.12573171557153673,-0.22186339600837657,0.8977970281872308,-0.43350972606370575,0.0776518743260375,0.4382034958112589,0.896930359883679,-0.059106901269868915,-0.04402490700691964,0.08709332309141059,0.9952268890237679,162,100,153,162,162,108,162,162,230201_154604
0,0,0,0,-0.06923375841493525,0.12727638467689595,-0.221661688741976,0.8940214628772385,-0.4388124674561432,0.09038386094814872,0.44530433391470253,0.8925194524784854,-0.0715057839918289,-0.049291724575492885,0.10417603060471313,0.9933366400852329,137,162,124,68,162,146,122,46,230201_154604
0,0,0,0,-0.07119916799850086,0.13101705963207783,-0.21833392482642344,0.8908699698424731,-0.44245342946480987,0.10288663464074757,0.4517404605212021,0.8867232816773029,-0.09824651678063054,-0.04776246602681537,0.13400292715557635,0.9898292591920965,111,95,162,162,78,93,162,160,230201_154604
0,0,0,0,-0.07288285554771039,0.12212318155091283,-0.2281917494042447,0.8873042530234456,-0.44650619213777215,0.11542695936882766,0.4527994148060219,0.8909540043693136,-0.034258605482560434,-0.08754343217986278,0.0826630660023718,0.9927250198324092,162,146,137,154,162,120,136,162,230201_154604
0,0,0,0,-0.07907224084103967,0.12254635252166309,-0.22324670274945424,0.8953526636872947,-0.4412150093098214,0.060604646585895046,0.4433684113483664,0.8959095115472921,-0.027759663858171312,-0.04204829897264496,0.051724874855595064,0.9977757653274006,149,162,133,28,162,162,146,67,230201_154604
0,0,0,0,-0.06976565906990387,0.12935865586727874,-0.21735628744842916,0.8980814912962721,-0.4398288955467804,0.00042146549314554436,0.4385788619682826,0.8954560398440767,-0.07620408480763621,0.033139354635672816,0.06862232398325221,0.9970921521230968,128,104,162,82,146,116,162,162,230201_154604
0,0,0,0,-0.06843971585359729,0.12802927527500169,-0.2228661195731224,0.8954826927721481,-0.43721760795512854,0.08337571732547658,0.44199909336110627,0.8955705428854295,-0.05089404860943122,-0.05241706223647153,0.08242673116104261,0.9952177076281365,162,113,162,154,162,108,162,154,230201_154605
0,0,0,0,-0.07496143509384645,0.11916058654750873,-0.2304822250555818,0.8926271005466511,-0.44367835311790527,0.07978958794392992,0.44553155906315683,0.8952449342431982,-0.00617556399403794,-0.06869126034970638,0.041061255295904375,0.9967925983197775,162,162,154,18,162,146,128,18,230201_154605
0,0,0,0,-0.07372238572996015,0.11660305079654085,-0.23543784343043994,0.8939292050900004,-0.44400758158675363,0.061219635580763286,0.44050394021575295,0.8955456128573769,0.06288349502295024,-0.08274572461194268,-0.0292459020272482,0.996141466998065,53,86,162,154,134,102,162,153,230201_154605
0,0,0,0,-0.0732570672573839,0.12568666622906466,-0.21939639783007125,0.9014475288768404,-0.43103078691956537,0.04006012243289538,0.43286945718793113,0.8984053755256073,-0.07410677607694088,-0.00404792732941135,0.08414417361999718,0.9964453684623877,162,162,162,146,162,129,132,159,230201_154605
0,0,0,0,-0.07186442860090456,0.12391610697316018,-0.22090922483171804,0.9006603535284942,-0.43125473718414603,0.053200368778440026,0.43406436235561796,0.8985679423217693,-0.06452737686000108,-0.01997640895506006,0.0812096342058922,0.9964968331095716,162,162,162,18,162,162,162,18,230201_154605
0,0,0,0,-0.0732584889183325,0.11894463621922552,-0.2309679866177643,0.8934677606379239,-0.441549249966638,0.08215607436186857,0.443821299738404,0.8960498477102019,-0.01083163501222358,-0.06883323760486068,0.046140332383108246,0.9965606128722975,18,82,162,162,118,76,162,153,230201_154605
0,0,0,0,-0.07415994450408053,0.12657360100964093,-0.2215084901315807,0.8962314183040395,-0.4331029431365218,0.09587014911436709,0.43876843600710097,0.8973131722544965,-0.04807629834391672,-0.06520356131846455,0.08515228443825507,0.99423215802263,162,134,162,154,162,112,78,154,230201_154605
0,0,0,0,-0.06767842583318022,0.1298068080770327,-0.22257557551875784,0.8977750034447636,-0.4326416161428394,0.08259101144233304,0.43870739528758956,0.895036956763204,-0.08027868551515013,-0.03919010729424346,0.1083054846689384,0.9933448834523143,162,162,162,73,162,162,162,36,230201_154605
0,0,0,0,-0.0750084476130514,0.12766730800948606,-0.21817285508416906,0.8993461715476101,-0.4366793766655605,0.022081343202662713,0.4358779614359469,0.8914269558288358,-0.12396929118203569,0.034450928247281375,0.12111607827497888,0.9920403364411096,136,100,162,159,77,105,18,18,230201_154606
0,0,0,0,-0.07432467487849767,0.12021038461006937,-0.22718612601225874,0.8954630385397941,-0.442595125267549,0.047492122488695436,0.4448070783673843,0.893794228671808,-0.057258534972865545,-0.017105836528818832,0.0723977339588018,0.9972291404056942,162,160,125,146,146,162,162,146,230201_154606
0,0,0,0,-0.07655084179611102,0.1277786353531385,-0.22123202755000915,0.8944726367439196,-0.4425179735790131,0.06400425904504115,0.4442332607601791,0.8957875821503147,-0.014880110875671267,-0.050749503945946746,0.04174267270812134,0.9978386829164436,162,162,162,18,162,162,162,18,230201_154606
0,0,0,0,-0.07480229228297232,0.12704147768556123,-0.21918469808244467,0.8972305871857297,-0.43501740898487473,0.07574382680083841,0.4399683038467911,0.8953029769990993,-0.06971707815685976,-0.037485530922301516,0.09587717797598272,0.9946870873369348,124,80,162,160,119,88,156,162,230201_154606
0,0,0,0,-0.07391014053999928,0.11773455555993775,-0.22917287542638443,0.8948809830351929,-0.43871411449916964,0.08196311329601612,0.4430485891711405,0.8953866242889259,-0.044617717085752316,-0.05381425308808033,0.07624118823635846,0.9956361320185604,162,162,112,160,162,156,152,162,230201_154606
0,0,0,0,-0.07207610129647012,0.1283788260541258,-0.2184118199962808,0.9004092389856472,-0.4332061976233077,0.03994487063495484,0.43491453947352854,0.8941000829623894,-0.10693168380408101,0.010608755997588742,0.1136548810540175,0.9934636492135889,140,162,162,18,162,162,162,18,230201_154606
0,0,0,0,-0.07148894123971847,0.1278367984891267,-0.22230990634698977,0.8966097351327846,-0.43637693855537324,0.07527383584060841,0.4393039826352565,0.8979254618205292,-0.027237398098773676,-0.05570452141362426,0.05748941216805946,0.9967908375294438,91,91,162,82,162,82,162,161,230201_154606
0,0,0,0,-0.07820380666197005,0.12498275553483074,-0.2184917380852277,0.8987945494166291,-0.4301113979885177,0.0846908688072197,0.43647806423183305,0.8959857105930902,-0.08183218106239222,-0.040684854471787844,0.1105160247808402,0.99304126343433,162,103,155,162,162,107,147,162,230201_154606
0,0,0,0,-0.06940690521191413,0.12080838723141915,-0.2318690965644684,0.8946426700512086,-0.43463752829781627,0.10346357774023467,0.4393209709047748,0.8979341759157783,-0.026670212705129388,-0.08131160708614128,0.06931402973147213,0.9942756095949723,162,162,162,72,152,154,136,37,230201_154607
0,0,0,0,-0.07492331771282318,0.1266804653842463,-0.22196348588688875,0.8962677678587121,-0.43300928402901223,0.09595336493444909,0.43898368144633537,0.8969454345023117,-0.052746705577525976,-0.06322511938607467,0.08939713345595812,0.993987292075947,113,97,162,106,108,84,162,106,230201_154607
0,0,0,0,-0.06823643963582332,0.12915607417439823,-0.21772004394732114,0.8981376230831887,-0.4396413241682769,0.00801973104557074,0.43909236414444947,0.8957479448384451,-0.06952348572776806,0.02338173972392323,0.06596306088459791,0.9975480784634982,162,152,162,146,162,133,129,161,230201_154607
0,0,0,0,-0.07892694800915447,0.12525323512151726,-0.2216704559440753,0.8945020975206376,-0.43371092155453744,0.10844737920066824,0.43989844942605527,0.8971332035090699,-0.040513816829632385,-0.0797204598815868,0.08394552808736648,0.993276294185259,162,162,162,18,162,162,162,18,230201_154607
0,0,0,0,-0.07930712699997633,0.1240568047582264,-0.22020535995685564,0.8972984798523255,-0.4365678088618136,0.06529920612306017,0.43928159331896904,0.897676550336057,-0.03476338228516991,-0.043440992459369616,0.05987786938720985,0.9972600066842112,117,85,162,114,127,95,162,161,230201_154607
0,0,0,0,-0.08011198141514818,0.12298170942220964,-0.21900800082009564,0.89635355776816,-0.4312132128475727,0.10298283615261619,0.43803915462448706,0.8972245738817415,-0.05576524938160875,-0.06835201893307462,0.09509589417215769,0.9931187101345792,146,162,136,162,146,162,113,154,230201_154607
0,0,0,0,-0.0782386094509338,0.12768760529714993,-0.2174517377648978,0.8953385679361808,-0.4318853594086634,0.10882961496963031,0.4395693230987252,0.8962217438695771,-0.05971093707104598,-0.07174718779517994,0.10129966507261304,0.9922654478009699,162,162,162,18,162,162,162,18,230201_154607
0,0,0,0,-0.07816057196452333,0.12097663570371814,-0.22167299119367556,0.8996888034290329,-0.43531307121467194,0.032597346733858265,0.4365109371796354,0.897864870676543,-0.05741842672479246,-0.004273020827710212,0.06588781400717207,0.9978178878224033,128,91,154,162,127,100,162,162,230201_154608
