0,0,0,0,0.009249361481317046,0.16493952301462406,-0.10207687425943779,0.998185463004957,0.03903452431747626,0.045848526223737085,-0.040589468248314005,0.998614566855139,0.03348793711236958,-0.044477820460308785,-0.03528813931098187,0.9983869343651635,162,162,83,96,162,162,83,96,230208_173418
0,0,0,0,0.007346232800671728,0.1652940112531869,-0.1050567250356933,0.9957847067676143,0.035902473228147325,0.08440278540331325,-0.04017910709760685,0.9979642031069099,0.049528665134738525,-0.08245275690099524,-0.05271111584184307,0.9952000206722933,140,162,146,98,123,162,143,103,230208_173418
0,0,0,0,0.008295768203105902,0.16600600352569236,-0.10401153235519134,0.9978970042752808,0.06007790766333923,-0.02433544470965756,-0.058644671448527995,0.9967151955013872,0.05585357255649871,0.0276110733061165,-0.05430896857265032,0.9981423568627168,92,101,162,154,64,108,162,162,230208_173418
0,0,0,0,0.00508954912479951,0.16699420907425971,-0.10358965437415779,0.9877425911410866,0.07227300505906958,0.13835167648288527,-0.04648794571531387,0.9823350837992688,-0.1812640450841098,-0.14900820295897563,0.1726105323461342,0.9736540245765539,162,161,134,154,161,145,109,154,230208_173419
0,0,0,0,0.009006609242584736,0.16457026493586127,-0.10877765099278025,0.9981124406885743,0.05881110750500199,0.0176864178603846,-0.056446025981686125,0.991980977893447,-0.11308220747949323,-0.024195079945555864,0.1118704301037386,0.9934282082641065,162,162,138,130,125,162,144,80,230208_173419
0,0,0,0,0.00910736960126883,0.16587740016255043,-0.10273301734098828,0.9977028638543889,0.06352024514766066,-0.023540898732454026,-0.06310861570791813,0.9978472862993742,0.0178352417535071,0.0246231208456782,-0.016308638243483966,0.999563769970912,58,102,162,161,100,100,18,90,230208_173419
0,0,0,0,0.007682793943058104,0.16612305608772004,-0.102585766821773,0.998113397605955,0.060178372228793055,0.01217411333067609,-0.06079664438894208,0.9963935744567115,0.059191323793460884,-0.008568170781435536,-0.059819798539201316,0.9981724190500304,162,116,107,146,146,89,120,162,230208_173419
0,0,0,0,0.0013882764411935686,0.16438167923231964,-0.10284811097973967,0.9978650410739084,0.0650333716955197,-0.006001697133315314,-0.06482828025741987,0.9974555041943703,0.029661612080574756,0.007915420483657266,-0.029209206053322313,0.9995419793086741,162,162,162,82,140,154,162,162,230208_173419
0,0,0,0,0.009313084559030363,0.1638018299576468,-0.10626267055086636,0.996409693492517,0.07832566657899226,-0.032137402961420404,-0.07575839670978092,0.9943359471981926,0.0745432051728191,0.037794021248229594,-0.0718408940954251,0.9966998032975918,102,94,18,90,119,103,104,106,230208_173419
0,0,0,0,0.007922018219192643,0.16310398395282832,-0.10722711517232031,0.9970494367096993,0.07506683945272168,-0.016043390272950115,-0.07437152611538479,0.9964177484840095,0.04025601333125258,0.019007810503566966,-0.03894406399743955,0.999060590264286,162,121,92,143,162,124,111,154,230208_173419
0,0,0,0,0.007855602216012662,0.16368286696598403,-0.10480972463907678,0.9976583336488531,0.06793136382693485,0.007948528769789756,-0.0683698737708603,0.9936746291115974,0.08908586768105463,-0.0018465268880237678,-0.08942069821099785,0.9959922334385491,162,162,162,134,124,162,162,117,230208_173420
0,0,0,0,0.006176971170624004,0.1649580497659054,-0.10066522195161964,0.9976119281789467,0.06902899722436806,-0.002332015712222734,-0.0689203353796226,0.9971155188122934,0.03179039972777792,0.004519748471341724,-0.031553758665011054,0.9994918369791052,102,90,162,82,104,96,162,159,230208_173420
0,0,0,0,0.00828050537394031,0.16447238266513622,-0.10612374539543401,0.995440553579345,0.0718934755617074,-0.06268518534155137,-0.06970666432230352,0.9969030724815646,0.036403914980027124,0.065108257838036,-0.031868358107588694,0.9973692007039431,162,114,114,162,162,129,162,162,230208_173420
0,0,0,0,0.009598343927801298,0.16458392181440623,-0.10501770970120416,0.9971321690261141,0.06465664458965299,-0.03933135903683861,-0.06833477990795829,0.9925609083338436,-0.1007630939502521,0.03252376589831378,0.10316182219166016,0.9941327089950758,162,138,142,86,162,146,152,78,230208_173420
0,0,0,0,0.007263982674044288,0.1639837792107486,-0.10599981279856052,0.9975403612338813,0.06969376488234862,0.0074837721706157555,-0.07000492156293266,0.9959656884562081,0.056139632835619284,-0.003540997930729709,-0.05652545050217992,0.9983948791831718,106,18,157,162,121,88,162,162,230208_173420
0,0,0,0,0.008413525119594194,0.1643956346319294,-0.10534139966240141,0.996836051900157,0.07154176723701462,-0.034636125255474506,-0.069545710902438,0.9960191986299921,0.05575975300826492,0.038487396991516425,-0.05317453808988882,0.9978432686407943,130,162,103,138,130,162,83,156,230208_173420
0,0,0,0,0.006404419480531609,0.16535292016448289,-0.10366285714437518,0.9972883121695583,0.06560089753697804,-0.03335482952042837,-0.06341162881153889,0.9960015814325212,0.06292706186837149,0.037349534688688873,-0.06064133925187598,0.9974605958293677,162,162,162,162,123,162,162,131,230208_173420
0,0,0,0,0.008572869554445427,0.16279260396358694,-0.10840626749593629,0.9974683977502864,0.07084227566171239,0.006177982562718121,-0.07110761410949336,0.9927813294211876,0.09658643366620023,0.0007090170172064535,-0.09678121683348405,0.9953054271745428,162,18,160,159,117,93,162,162,230208_173421
0,0,0,0,0.00752991200794912,0.1637267628669844,-0.10483776443273352,0.9970644373309699,0.07175060823213186,-0.026727477026399302,-0.07116765078036427,0.997218183481606,0.02215987400797605,0.028243110527731947,-0.0201926905578328,0.9993971092392422,138,162,88,149,162,130,98,154,230208_173421
0,0,0,0,0.006746014731256158,0.1642980309298174,-0.10611289609631525,0.9973113429752489,0.06810582611964415,-0.02704961407238315,-0.06617738732609414,0.995574221420298,0.06672722870059042,0.03147441150516053,-0.06475774928091299,0.9974045294304985,162,162,162,136,133,162,162,18,230208_173421
0,0,0,0,0.0034664801605844286,0.16495899522359073,-0.10092920783721748,0.9977722572783925,0.062249954090344006,0.023988868696378143,-0.0633041082639164,0.9969324468439681,0.04602484444958169,-0.02105023711249727,-0.04744090687843038,0.9986522156747362,18,82,162,150,97,81,162,162,230208_173421
0,0,0,0,0.00642601859140084,0.16368425969613487,-0.10452211191735139,0.9973740577515614,0.07021098134904623,-0.017759702198774395,-0.06939517518190164,0.9966620666886542,0.04300040099084514,0.02071952184917526,-0.04165504677592113,0.9989171930107307,146,34,111,159,146,89,115,162,230208_173421
0,0,0,0,0.005427816856279209,0.16430803839618893,-0.1064110202896641,0.997865842382933,0.062359739553155505,-0.019365523185928664,-0.06096153238582927,0.9959613593368278,0.06591405219761139,0.02339769592446246,-0.06459282925217452,0.997637366097835,162,154,155,76,162,146,162,76,230208_173421
0,0,0,0,0.0017703025658033986,0.1638999206449866,-0.10918262309372373,0.9943054068005184,0.0431461139571466,0.09744316732153985,-0.051501686811016585,0.9950551906953484,0.08492787366856831,-0.09329702172565132,-0.08946273146199624,0.9916108538214384,104,112,162,157,64,106,162,162,230208_173421
0,0,0,0,0.006161856758143895,0.16418951367040086,-0.10030522440352918,0.9957893167149547,0.061628143731002664,0.06786463450600559,-0.06138474793268794,0.9980980846685742,-0.005667989252166975,-0.06808486937347538,0.0014782696618679575,0.9976784378151127,162,101,125,162,161,105,127,162,230208_173422
0,0,0,0,0.00944055593733503,0.16306593660997118,-0.106016781157252,0.9959136683680587,0.06337522337318222,0.06433930540559676,-0.05333965098918695,0.9876650237130602,-0.1472164480152674,-0.07287555687627456,0.1431830366917794,0.9870095091809873,162,156,111,95,162,114,120,80,230208_173422
0,0,0,0,0.004158680972022079,0.16457081659938527,-0.10082257866982092,0.997874268441619,0.06044910365605723,0.02434851636718853,-0.06141871847398005,0.997258671554893,0.04126600331488353,-0.021787276174822408,-0.04267373754136426,0.9988514738043555,114,98,162,162,108,86,162,106,230208_173422
0,0,0,0,0.0041268920055172326,0.16323045786866236,-0.10323156089908758,0.9968879743060971,0.06394328216451854,0.046104482969822544,-0.06532321913656534,0.9974406002014226,0.029071052809658292,-0.04412758463276845,-0.031992276190581606,0.9985135204585983,146,162,111,161,162,116,115,162,230208_173422
0,0,0,0,0.00692293989818861,0.1632211769779396,-0.10584882314587085,0.9969175069879974,0.06943267365339516,-0.036532014592380015,-0.06609711185004585,0.9941247294515102,0.08571577508279418,0.04226885456123983,-0.083036896150463,0.9956496461164328,152,162,158,72,162,162,162,76,230208_173422
0,0,0,0,0.004177356038981082,0.16334945904267073,-0.10408391298780484,0.9984704925199139,0.0519246855162405,0.018986906042918746,-0.05378114388706137,0.9918110122971096,0.11583826849699988,-0.012816556840364843,-0.11668223052471771,0.9930865989180069,36,122,162,162,95,110,162,154,230208_173422
0,0,0,0,0.005396078613149613,0.16431071827609883,-0.10661182639296252,0.9981074897814497,0.057625392995522384,-0.021465156050810293,-0.05491982336705959,0.9923687220098883,0.11039987580515029,0.027663185707814033,-0.10901208033320545,0.9936554304676857,146,162,113,161,162,109,85,162,230208_173422
0,0,0,0,0.004514396171453418,0.16228298150960344,-0.10639492631735992,0.9978474464757813,0.06539299299139242,0.004922400775022199,-0.06557561207810404,0.9956362598187277,0.06639485849638446,-0.0005591621806533331,-0.06657472945345387,0.9977812850198461,162,146,146,76,162,138,151,68,230208_173423
0,0,0,0,0.011681596090363025,0.16160385137331856,-0.10729615539421378,0.9957091829399021,0.06787971264606825,-0.06289330346101173,-0.0614489143617111,0.9931802250179226,0.09908113623246634,0.06918998433963387,-0.09479127198448546,0.9930898050139496,43,122,162,150,111,119,162,154,230208_173423
0,0,0,0,0.007676008943168569,0.1632196410165568,-0.1040440689900014,0.9961825997285254,0.06207645168340877,0.06137379037108104,-0.0663505620981526,0.9953205522241784,0.07024671685863751,-0.05672592799924199,-0.07405074251184661,0.9956398227401659,146,83,156,162,146,162,143,154,230208_173423
0,0,0,0,0.007345592904254825,0.16199697168204003,-0.10818697007331501,0.996723033651336,0.07012604357583754,-0.04031788934553741,-0.06802933333132923,0.9963678552160729,0.05121627571990573,0.04376304371697825,-0.04830564257436445,0.9978734192772666,162,162,118,49,162,114,130,64,230208_173423
0,0,0,0,0.008152380501298337,0.16382989004232804,-0.10101900884652104,0.9974928439676831,0.0701827411896391,-0.009077944281135928,-0.07013438937053788,0.9975221699481388,0.005539665114194447,0.009444239560973792,-0.00488910023048912,0.9999434499200699,92,120,162,162,87,120,162,162,230208_173423
0,0,0,0,0.008256864067755429,0.16347213991167797,-0.10643914795441578,0.9936721683638322,0.06834685150815974,-0.08913096941041761,-0.061136682346234435,0.9948161681834833,0.08125944617351846,0.09422275675660773,-0.07529607831522758,0.9926996387123006,160,110,137,162,162,101,162,162,230208_173423
0,0,0,0,0.007378510099468806,0.16388199908193712,-0.1026416252163983,0.997380535108727,0.05697914937898624,0.04455832943767694,-0.05940221709344964,0.9967127682610992,0.055091144385272815,-0.04127280933752927,-0.057593698625313876,0.9974866019591664,162,159,101,77,162,162,114,72,230208_173423
0,0,0,0,0.008787494267768297,0.1623979875896631,-0.10643411358017452,0.9973846621316934,0.06892733363817928,-0.021745308045163322,-0.06719519362558435,0.9951192549920607,0.07226668871386809,0.026620324905382995,-0.07061650672171485,0.9971482674509111,86,136,138,162,66,138,162,143,230208_173423
0,0,0,0,0.009643910064451474,0.16259408434415246,-0.10351371250202202,0.9976966827117758,0.06771169117308788,0.004056622289207256,-0.06746328471936726,0.9967176160629405,-0.0447515256129008,-0.007073508379191721,0.04437477558578654,0.9989899122468258,147,84,162,146,137,81,160,162,230208_173424
0,0,0,0,0.006026661708512751,0.1635127757772883,-0.10255938625644778,0.9973549693166781,0.07191379471730512,0.010557997380451928,-0.07240706420774182,0.9956916147018591,0.057926034433751356,-0.006346828510703843,-0.05853729188954245,0.9982650465813647,162,131,85,141,162,162,94,146,230208_173424
0,0,0,0,0.005045250390062497,0.16345212855240782,-0.10320294347998649,0.9974134492468436,0.0699291111107283,-0.016623197068509756,-0.06917105479814,0.9966998565136704,0.04248248113920052,0.019539100276824692,-0.041222753970267804,0.9989589121257585,162,162,162,88,112,162,162,162,230208_173424
0,0,0,0,0.006758705422355085,0.16276998417102576,-0.10638257785688932,0.9976144214017039,0.069032356081475,-5.018518019717594e-06,-0.068660431800651,0.9922471245739644,0.1035924170953081,0.007156208234338641,-0.10334494466852545,0.9946198324461293,120,87,149,162,129,89,162,162,230208_173424
0,0,0,0,0.010086041431009527,0.15895036140656818,-0.11557764283078842,0.9967637298598756,0.07472280442064991,-0.02964067029171182,-0.07265568630611735,0.9951993514165904,0.06556982680612446,0.034397937194194525,-0.063204061890921,0.9974076541100299,162,162,90,134,162,162,83,148,230208_173424
0,0,0,0,0.007492417595310462,0.16362156206663392,-0.10302827592256814,0.9974918678674607,0.06959365263196299,0.012911121238097662,-0.07030357990781588,0.9952932663283529,0.06669873052453114,-0.008208543745910447,-0.06743913933896512,0.9976896222246632,128,162,162,92,111,154,162,162,230208_173424
0,0,0,0,0.006537155592824445,0.16405250633781288,-0.09924773589017699,0.9972313153168093,0.07431287429873197,-0.0027019372615079474,-0.07433986301270454,0.9971625178990282,-0.011853171074516828,0.0018134273507885623,0.01202121502720502,0.9999260982045189,125,81,160,162,114,18,162,162,230208_173424
0,0,0,0,0.012917740566086137,0.16293343648596373,-0.1089107601536008,0.9934732725416637,0.07510438455362063,-0.08584980003575128,-0.06885523805538217,0.9949099990444817,0.07357343266184263,0.09093851185110313,-0.06718203050021594,0.9935878229125873,146,162,100,153,146,162,162,162,230208_173425
0,0,0,0,0.009557944696536003,0.16236472523062334,-0.10696458540442266,0.9962221966927453,0.07318819394303734,-0.04674209113890503,-0.07139614633316482,0.9966882727257084,0.03892399388318362,0.04943607089418291,-0.03543974151148877,0.99814833547732,145,162,162,83,162,162,162,112,230208_173425
0,0,0,0,0.005142203788946503,0.16276477526422325,-0.10283316190872072,0.9970740770517798,0.0759521268302913,-0.00863477279931256,-0.07566312821999101,0.996683875565809,0.02993899155089778,0.010880068901693908,-0.02919805844700759,0.9995144308531116,18,58,162,162,80,73,162,162,230208_173425
0,0,0,0,0.010430191681370823,0.16311807610447476,-0.10771534824543527,0.9934409855070517,0.07839431232991606,-0.08324265798914116,-0.07144135402735545,0.9939473469795915,0.083455403461787,0.08928124802843884,-0.07696105006138598,0.9930286277464175,162,121,112,160,162,114,162,162,230208_173425
0,0,0,0,0.0051743164572213216,0.16399056601052336,-0.10469483300771232,0.9972047203950208,0.07332245112574211,-0.014372326979393312,-0.07362598476414257,0.9970461077849664,-0.021869460861198193,0.012726350199475423,0.022866506330491063,0.999657522804104,162,162,138,105,152,162,149,73,230208_173425
0,0,0,0,0.006066553353991193,0.1635508714067573,-0.10138906097439748,0.997359555797999,0.06590834897225914,0.030495999642092347,-0.06535536014349945,0.9976851468274401,-0.01878895155195492,-0.03166375465627962,0.016746263334222945,0.9993582787496222,108,84,162,162,46,121,162,162,230208_173425
