0,0,0,0,-0.15169026215362422,-0.013563601058347335,0.00938518856406334,0.9983959121814654,-0.031161947825340024,0.04727087419405366,0.0314674748685089,0.9994883355608025,-0.005732809372176342,-0.04706804186217039,0.0072111084882102916,0.9988656563070092,162,162,83,96,162,162,83,96,230213_173408
0,0,0,0,-0.15242742635640655,-0.013777479881565052,0.00031610930613823474,0.9977217375489743,-0.02583683841112019,-0.06232007865185638,0.02230461534117374,0.9981407560763875,-0.05672332142726317,0.06366976171416211,0.05520406543159663,0.9964430102133717,151,162,136,85,151,162,136,85,230213_173409
0,0,0,0,-0.15258952899833658,-0.013652055986344142,6.208370241245209e-05,0.9969131946533883,-0.02642935098161278,-0.07392950515637843,0.02049148726664029,0.9965879305478851,-0.07995370933161931,0.07579037719643163,0.07819198228063205,0.9940532343046061,78,154,162,92,78,154,162,92,230213_173409
0,0,0,0,0.1586867741706035,-0.38059692495880504,-0.005246555968536293,-0.03417113898937257,-0.9979154245740849,0.05474612915350819,0.9982651876638446,-0.03670854488896409,-0.04603365975678735,0.047947349860422046,0.0530781323075572,0.9974386013745927,78,154,162,103,78,154,162,103,230213_173409
0,0,0,0,-0.1517246670369801,-0.014059246158556665,0.010985554963538369,0.9990801741425788,-0.030485917574257514,0.0301564995463676,0.030861089944953558,0.9994509899352567,-0.01205453627662447,-0.029772449725274163,0.012974110647383397,0.9994724977158028,87,128,162,162,87,128,162,162,230213_173409
0,0,0,0,-0.15199179437205415,-0.01343123099253532,-0.0008777542335166588,0.9987059113055307,-0.02682330066482755,-0.04320894889757966,0.025125250211183624,0.9989086264004708,-0.039373568603180045,0.04421792086037979,0.03823698006077582,0.9982898921809322,100,92,162,162,100,92,162,162,230213_173409
0,0,0,0,0.15772836714143018,-0.3819569301187864,-0.02076624570345742,-0.0326724867358502,-0.9970658066644785,0.06922633740859403,0.9963055949405866,-0.03799484126824336,-0.0770165795597598,0.0794208417267123,0.06645426410332018,0.9946236276511365,130,156,151,162,130,156,151,162,230213_173409
0,0,0,0,0.1580263133121692,-0.3817784887195702,-0.014637225288687716,-0.033765396950389895,-0.996455350513271,0.07704954511388291,0.9974249713715145,-0.03847800634789272,-0.06052164498775373,0.0632718298559061,0.07480760296230074,0.9951886746168889,162,107,78,154,162,107,78,154,230213_173409
0,0,0,0,0.15924613838925306,-0.3808008233785304,-0.0016808281813301962,-0.03854118490460902,-0.9983886543367481,0.041649393246548636,0.9979335920685194,-0.040601128004999765,-0.04980054443420877,0.05141131088944082,0.0396439566186136,0.997890391684503,162,103,78,154,162,103,78,154,230213_173409
0,0,0,0,0.15713202741046084,-0.3825942288527573,-0.023637928503549066,-0.028608406319777648,-0.9951849534618821,0.09374682656449482,0.9942665715470154,-0.03799742032586868,-0.09995089170549323,0.1030317610835924,0.09034990011975796,0.9905661773735075,162,146,87,128,162,146,87,128,230213_173410
0,0,0,0,-0.15196443977696578,-0.013491683909734153,-0.0004217370260504172,0.9988922669364438,-0.028195372945352522,-0.03767306729011267,0.026541411858096317,0.9986918835599053,-0.04370440673601663,0.038856048578719056,0.04265609752474736,0.9983339445460159,162,90,100,92,162,90,100,92,230213_173410
0,0,0,0,0.15914909106176917,-0.38046052511636336,-0.0013597812798250564,-0.03657717962224484,-0.9978596127787726,0.054206116959988525,0.9982952428403076,-0.03895425067059874,-0.04346463478628139,0.045483162305348795,0.0525238949402087,0.9975833410833479,152,162,130,156,152,162,130,156,230213_173410
0,0,0,0,0.1589234875762039,-0.38086298832226206,-0.0017266594674577584,-0.03997175613795766,-0.9988451353563462,0.026658099823677454,0.9987249738258045,-0.040761768907802136,-0.02978094780481222,0.030833186145671834,0.025433713265436718,0.9992009011513339,129,154,162,107,129,154,162,107,230213_173410
0,0,0,0,0.15868637170890826,-0.38075668752583763,-0.007619475243727858,-0.03652747042911365,-0.9975462097891088,0.05972690549019288,0.9980270432676657,-0.03946864147002978,-0.04882875430432308,0.051066278603907896,0.057825476010962905,0.9970197839128639,116,154,162,103,116,154,162,103,230213_173410
0,0,0,0,-0.1524640470129001,-0.013894984580820946,0.000823887180766425,0.9964949487110116,-0.025056473808235655,-0.07981221907537225,0.01949297835631107,0.9973747876111212,-0.06973920584915991,0.0813501136338383,0.06793898849679991,0.9943673631278299,77,128,162,146,77,128,162,146,230213_173410
0,0,0,0,0.15926623065611914,-0.38058457202827456,-0.001014666850698731,-0.03976922982175481,-0.9981168544457198,0.046702818231525174,0.9985198673033251,-0.04143383757424975,-0.035232253751654716,0.03710098327449976,0.045232532266645836,0.9982873008632396,140,82,162,90,140,82,162,90,230213_173410
0,0,0,0,0.15769297682127092,-0.38190658567741254,-0.018570624074941144,-0.03270971523059699,-0.9969704070891539,0.07056969546496768,0.9961983423457704,-0.03822533464548044,-0.07827954074200953,0.08073993582529128,0.0677409121559936,0.994430606720852,137,81,152,162,137,81,152,162,230213_173410
0,0,0,0,-0.15200169791731832,-0.012779568260489371,-0.0033249185748244203,0.998570006394291,-0.02642710773324859,-0.046470961971531166,0.025067670474813314,0.9992475333677734,-0.02959694165598105,0.04721815568899732,0.02838969945731456,0.9984810818127969,162,108,129,154,162,108,129,154,230213_173411
0,0,0,0,0.15851679239798705,-0.3812010095002857,-0.006755936347627833,-0.035690016910017795,-0.9969227425328944,0.06979447050917031,0.9977284557375073,-0.03953727939903599,-0.05454110513523417,0.057132751593221516,0.0676893563155639,0.9960692745672721,162,120,116,154,162,120,116,154,230213_173411
0,0,0,0,0.15802832192483587,-0.38159120785493705,-0.013714732286878362,-0.033446286417984646,-0.9970658708973333,0.06885488375263263,0.997075411622135,-0.038024630166304474,-0.06629291846995615,0.06871658797841046,0.06643625962122023,0.9954216463108219,162,143,77,128,162,143,77,128,230213_173411
0,0,0,0,0.15770188372244565,-0.38198140605961906,-0.016471800202556564,-0.028829004655645852,-0.9970058633570569,0.0717509367340592,0.995599467335814,-0.0350430777368242,-0.08691192865984647,0.08916607612319873,0.06892960999730906,0.993628763540192,162,90,140,82,162,90,140,82,230213_173411
0,0,0,0,0.15832975714109654,-0.38066514376361327,0.0002355644531847334,-0.03759949571041239,-0.9988010354933026,0.03134915341489198,0.9988772955473026,-0.038470030965120465,-0.027644260844713452,0.028817119259748003,0.030274547313716413,0.9991261308876468,162,162,137,81,162,162,137,81,230213_173411
0,0,0,0,-0.15203810154111216,-0.013422821096899323,-0.0012416834146025124,0.9984136627115201,-0.026428266644220298,-0.04971624315198773,0.024476057069417318,0.9989207681818774,-0.039474314753574734,0.05070582551640585,0.038194837571478915,0.9979830026817031,132,154,162,108,132,154,162,108,230213_173411
0,0,0,0,-0.15200794801566297,-0.012090795836401103,-0.007811699239432257,0.9959573517630159,-0.020716760169812724,-0.08740577393551346,0.019029581989447774,0.9996170160060132,-0.020092195513175055,0.08778854411884557,0.01834767449294955,0.9959701473248053,128,154,162,120,128,154,162,120,230213_173411
0,0,0,0,0.15784170431565497,-0.3817389201724408,-0.019736755198330846,-0.03325275474467631,-0.9969030780586112,0.0712636461258954,0.9961590666485542,-0.03883790966006164,-0.07847758092039973,0.08100227302842435,0.06838033145944326,0.994365507262659,69,128,162,143,69,128,162,143,230213_173411
0,0,0,0,0.1573330352099827,-0.3810424849542824,-0.008011087148676488,-0.03074191435824846,-0.9973992206650337,0.0651899479856666,0.9980522518832223,-0.034173237403220307,-0.05219092216287733,0.054282936659861024,0.06345852552783551,0.9965070889489018,18,82,162,90,18,82,162,90,230213_173412
0,0,0,0,-0.15187691677280152,-0.01335054500160257,0.003162173943514257,0.9994600775751405,-0.03035327975729341,0.01257901989310428,0.030389169918019657,0.9995345713884218,-0.002671881557903167,-0.012492064888934968,0.0030527049220672006,0.9999173112350187,140,92,162,162,140,92,162,162,230213_173412
0,0,0,0,-0.15206759261763803,-0.013299240512105931,-0.0009270659103929324,0.99932811975393,-0.030303144812524312,-0.02061621894399937,0.029539705876707515,0.9989013884187475,-0.036378867379510106,0.02169596381342279,0.03574542809324784,0.999125392292998,162,110,132,154,162,110,132,154,230213_173412
0,0,0,0,0.15743813525525388,-0.38197122827216917,-0.020930505145351885,-0.03192390982130503,-0.9965595647637828,0.07648462498790634,0.9961917087511565,-0.037937189613123194,-0.07850381557419506,0.08113534000157077,0.07368720053087505,0.9939754791144257,162,122,128,154,162,122,128,154,230213_173412
0,0,0,0,0.16027128563455428,-0.38050172228890267,-0.0019863263268049547,-0.04247401928872099,-0.9988116804066817,0.02389947214148815,0.9978787132188345,-0.04359129666971614,-0.04835155177835539,0.04933590366237898,0.021795089764284126,0.9985444119677318,162,136,69,128,162,136,69,128,230213_173412
0,0,0,0,0.15754167645059783,-0.3801446520950018,0.0016422540937387486,-0.035013572267632305,-0.9987165971727907,0.03659519488486625,0.9990679796638058,-0.03590384231813016,-0.023960094266839947,0.025243251920865132,0.03572215892687523,0.9990428947718224,162,162,18,82,162,162,18,82,230213_173412
0,0,0,0,0.15813197014447505,-0.38073075409563534,-0.004595408885002095,-0.032917570553701654,-0.9968696575973799,0.07188406854460083,0.9981268441503065,-0.03649951246153693,-0.049097745127660644,0.05156778582984419,0.07013323999183925,0.9962038406434972,162,138,140,92,162,138,140,92,230213_173412
0,0,0,0,0.15680579024876962,-0.38237406002640695,-0.024790758007985136,-0.026794467978299943,-0.9960924241278911,0.08415425765094783,0.9937002522724654,-0.03570495634305206,-0.10623071460826104,0.10882033412649006,0.08077771157666584,0.990773988451976,135,154,162,110,135,154,162,110,230213_173412
0,0,0,0,-0.15193504734337157,-0.013206185650246893,-0.0015164716035184211,0.99909315202281,-0.02628408107632586,-0.0334965768863083,0.02536191910833982,0.9992954942258281,-0.02766384425743333,0.03420009707982214,0.026789219882830305,0.9990558998663689,111,154,162,122,111,154,162,122,230213_173413
0,0,0,0,-0.15189941999111298,-0.013141986393896882,-0.0003265267030054808,0.9988896170623184,-0.02172788248331481,-0.04180229716039611,0.03547083860823394,0.9308081396512591,0.3637829390823479,0.031005685503201225,-0.36486176324980124,0.9305452923875994,53,130,162,136,53,130,162,136,230213_173413
0,0,0,0,-0.15183126674037736,-0.012847973007897417,-0.0033473715764871237,0.9987356213193862,-0.02453929281020248,-0.04387461471231148,0.023797092222071683,0.9995660790804682,-0.017359491740049107,0.04428156624999676,0.016293454516269974,0.9988862128542837,82,162,162,162,82,162,162,162,230213_173413
0,0,0,0,0.15707902560899856,-0.38188141456773805,-0.024147570563799903,-0.03170990236812958,-0.9969831285590584,0.07084577235372934,0.9960008564453936,-0.03744299915038055,-0.08111914554941677,0.08352709770994385,0.06799016975429163,0.9941833637538582,138,90,162,138,138,90,162,138,230213_173413
0,0,0,0,0.1582776973024715,-0.3816412645068348,-0.01489917626101267,-0.03342913716938882,-0.9980030833779049,0.05359420077121851,0.9966334054647381,-0.03730393115616474,-0.07300871065876223,0.07486219272682919,0.05097315262460845,0.9958902498828068,162,112,135,154,162,112,135,154,230213_173413
0,0,0,0,0.1581459020692218,-0.3802082224760454,0.0018919375979083997,-0.03654718600745953,-0.9984056760683865,0.04301638280195977,0.9990115178580995,-0.03759154503836539,-0.023724732421786684,0.025303959804602944,0.042106789666954594,0.998792635076045,162,124,111,154,162,124,111,154,230213_173413
0,0,0,0,-0.1522529927436637,-0.01298635978959714,-0.0017275404391496885,0.9986557931879962,-0.027004827822799355,-0.04424190328541134,0.025482644482705284,0.9990757561709652,-0.034616011635990776,0.04513581241345701,0.0334420798646849,0.9984209461605367,162,162,53,130,162,162,53,130,230213_173413
0,0,0,0,0.15692308046107617,-0.38204358040927916,-0.02040140916530142,-0.02867610229990419,-0.9967351854331288,0.07547616363111628,0.99578935390448,-0.0350626972507053,-0.0847004717342547,0.08707033827535846,0.07272948082511645,0.9935437478095888,162,162,82,162,162,162,82,162,230213_173413
0,0,0,0,0.15790549976504697,-0.3805018290366345,-0.008450957288623884,-0.03664640009423999,-0.9976656136838837,0.05762260522479497,0.9985860438933051,-0.038780235349286554,-0.036359404392422884,0.03850914568840362,0.05620868810970073,0.9976761143173348,162,162,138,90,162,162,138,90,230213_173413
0,0,0,0,-0.15190714155571278,-0.01201541947136786,-0.006753988303619063,0.997646832201077,-0.02176168428429155,-0.06501713079079904,0.019881322956072384,0.9993691221133715,-0.029429420039547217,0.0656165466683016,0.028067541101040074,0.9974500899493007,137,154,162,112,137,154,162,112,230213_173414
0,0,0,0,-0.1521187813091641,-0.013436915698530977,-0.0009971994489292868,0.9981501989506352,-0.02536535591560414,-0.0552519597306765,0.02349348757511951,0.9991364769483564,-0.03426888490720518,0.0560734908523027,0.03290743305850963,0.9978841939188818,82,156,162,124,82,156,162,124,230213_173414
0,0,0,0,-0.15141891442660105,-0.013591135563744694,0.008335169592318614,0.9983368545529107,-0.032153939078955675,0.047850277356634746,0.032256032119581134,0.9994787097765393,-0.0013627528481455948,-0.04778151560279991,0.0029039464752971746,0.9988535898026137,102,126,162,162,102,126,162,162,230213_173414
0,0,0,0,-0.15208659654301052,-0.01332326613108234,-0.0014651440984039255,0.9978643460816963,-0.023760635159792178,-0.060845534230139234,0.021266951148938455,0.998920075512926,-0.04130858901100284,0.06176134396025119,0.039926369156918495,0.9972920442067954,58,162,162,162,58,162,162,162,230213_173414
0,0,0,0,0.1598468007641502,-0.38037825480633203,-0.0013516247025830985,-0.04226547952542149,-0.9989804461849706,0.01586497338679215,0.9984214168890609,-0.042819081482378785,-0.036348322633186735,0.036990587150341064,0.014303649921711866,0.9992132415361547,141,86,162,162,141,86,162,162,230213_173414
0,0,0,0,0.15931011292334893,-0.3807770950573163,-0.0023071000601847524,-0.04031267637753344,-0.9987181414224228,0.030609836932286597,0.9982603622784054,-0.04157550999423134,-0.041805813860121985,0.04302484430033291,0.028871282660464858,0.9986567537499917,162,112,137,154,162,112,137,154,230213_173414
0,0,0,0,0.15702993734890824,-0.3818981983488613,-0.019912852508558343,-0.029697889895764867,-0.9969048347261513,0.07279275949820528,0.9962377510048879,-0.03545226467824601,-0.07907895043502564,0.08141485619013694,0.07017041704883976,0.9942070879664513,162,125,82,156,162,125,82,156,230213_173414
0,0,0,0,-0.15170323173129158,-0.012999686735033072,-0.0022020478994959625,0.9994150737323423,-0.02660366795264393,-0.02148849106014074,0.026204271619923378,0.9994824536916007,-0.018659070488246405,0.021973769486493776,0.0180850660513455,0.9995949598914917,162,162,102,126,162,162,102,126,230213_173414
0,0,0,0,0.1596289678568104,-0.3806030919079429,-0.0006476518008067256,-0.041097256941687005,-0.9988977756097471,0.022677066692310732,0.9984378814095406,-0.04191701157038105,-0.03694267325785306,0.037852509009271014,0.021123399889862855,0.9990600530192347,162,162,58,162,162,162,58,162,230213_173415
0,0,0,0,0.1579581225726282,-0.3813515119821378,-0.017140647817388555,-0.03450898984491491,-0.9974707441011601,0.062138911176174406,0.9969670832778669,-0.03869789551672793,-0.06752116514841737,0.06975503193538808,0.05962036183094945,0.9957809236849436,152,162,141,86,152,162,141,86,230213_173415
0,0,0,0,0.15986087880010297,-0.38038834192883264,0.0017678474521607423,-0.04150889603775585,-0.9988913316907825,0.022206283406799518,0.9982609229139722,-0.04239333618354491,-0.04096260282470866,0.04185858732294543,0.020467352546074156,0.9989138832487424,124,162,162,112,124,162,162,112,230213_173415
0,0,0,0,-0.15180364376915317,-0.012588315850933812,-0.004644452557157286,0.9988973334150795,-0.02430087205045941,-0.04016945249602385,0.024157948831546573,0.9996999923250384,-0.0040396600810598225,0.04025556861473323,0.0030647941048838265,0.9991847157721134,80,156,162,125,80,156,162,125,230213_173415
0,0,0,0,0.1580555658648802,-0.3819077510441055,-0.0159471602236696,-0.030792274271785162,-0.9974413230863197,0.06451854651945242,0.9957781537023866,-0.03619729895384592,-0.08435415910026013,0.08647372117722965,0.06164870272972083,0.994344876286646,88,120,162,162,88,120,162,162,230213_173415
0,0,0,0,-0.15158223731693174,-0.013764720013834858,0.010246068176236633,0.9987603752984249,-0.031576529025718565,0.03847902738424828,0.03115695256747271,0.9994488561294121,0.011455491622637011,-0.03881954456788537,-0.010242401881199412,0.9991937430564934,114,98,162,162,114,98,162,162,230213_173415
0,0,0,0,0.15726495638576748,-0.3811919575684142,-0.01875435026719352,-0.03150422589210584,-0.9981306528019811,0.052370637651543664,0.9968293866067851,-0.0352070954178656,-0.07135568953753915,0.07306611901613189,0.049956584844516864,0.9960751386730787,138,156,152,162,138,156,152,162,230213_173415
0,0,0,0,0.15895525277351727,-0.3806912103176523,-0.004346364414927195,-0.03603753611214765,-0.9980857877025139,0.050259888352621844,0.9985103368771545,-0.038023415879475324,-0.039132173391316215,0.040968318740670924,0.04877479093864818,0.9979692463340011,154,128,124,162,154,128,124,162,230213_173415
0,0,0,0,0.15931243958335856,-0.3812381099335749,-0.0047398861592099495,-0.03492127290835543,-0.9962210215107901,0.0795247194176714,0.9970790373891913,-0.04013840708672439,-0.06497923880427699,0.06792567922003438,0.07702327295395602,0.9947127814228373,162,143,80,156,162,143,80,156,230213_173416
0,0,0,0,0.1573873183532264,-0.38170533290554387,-0.019009418808155765,-0.031021385202119087,-0.9974713413498981,0.06394213670011654,0.9962135033424284,-0.03605371182846077,-0.0791124871407446,0.08121779003608713,0.06124584107533293,0.9948128555324509,162,151,88,120,162,151,88,120,230213_173416
0,0,0,0,0.16032594602662747,-0.38023743531404386,0.0038637570276015554,-0.043352540116486336,-0.998667553788663,0.027994182881764133,0.9983903697521388,-0.04433210068237144,-0.0353742057900287,0.03656811249757977,0.026415560922632433,0.9989819774598074,162,162,114,98,162,162,114,98,230213_173416
0,0,0,0,0.1607177511007101,-0.38019286098573835,0.002039817820552736,-0.04423220722909075,-0.9989260709497663,0.013791904165307532,0.9978068715722272,-0.04485472674324198,-0.0486775156723737,0.04924387156680383,0.011608542787591733,0.9987193213548343,160,162,138,156,160,162,138,156,230213_173416
0,0,0,0,0.15770732564680806,-0.38153644007190934,-0.02090558600739123,-0.035008242322395695,-0.9976387602704203,0.059087451930130604,0.9971703779760752,-0.038805142296267775,-0.064384766974941,0.06652563608525261,0.05666625925068183,0.996174319487301,123,162,154,128,123,162,154,128,230213_173416
0,0,0,0,0.15787203489013835,-0.38116119859234987,-0.00920224556827487,-0.031607984407256484,-0.9975642773499869,0.0621807677413982,0.9972659489991061,-0.03563374904161866,-0.06473687431558557,0.06679492711743633,0.05996456023717695,0.995963196723121,79,156,162,143,79,156,162,143,230213_173416
0,0,0,0,0.15948442942881175,-0.3805976381827389,-0.004897664662422474,-0.04021426859105357,-0.9990125566951896,0.018887142902684586,0.9977341985002997,-0.0411688395770236,-0.0532127408695076,0.053937758061034284,0.016704436932178147,0.9984045673183433,72,122,162,151,72,122,162,151,230213_173416
0,0,0,0,0.15778758759491335,-0.3814461906596406,-0.00807537509399825,-0.031666461625255805,-0.9957294486810268,0.08671851150426003,0.9975728961430631,-0.03686930309478874,-0.05906751535358543,0.06201251558256324,0.08463757746227668,0.9944802302672685,108,85,162,162,108,85,162,162,230213_173416
0,0,0,0,0.15811122996061866,-0.3817126377462686,-0.015107962121133856,-0.03133478771372175,-0.9977520235618739,0.059237070801328714,0.9962290611279953,-0.035974411442672855,-0.07895251411694697,0.08090604948314699,0.05653973115906115,0.9951168122172853,145,86,160,162,145,86,160,162,230213_173417
0,0,0,0,-0.15224782955481472,-0.013828817896967327,0.0009673747424810974,0.9984648929269989,-0.027972523790311368,-0.04780581036941044,0.025737667549708795,0.9985753865858571,-0.04674152087821107,0.04904518387544526,0.04543935758467582,0.9977624139648255,154,127,123,162,154,127,123,162,230213_173417
0,0,0,0,0.1594739194057574,-0.38069561689667175,-0.0007881704194434569,-0.037395815275432585,-0.9977869721129876,0.05497918953095601,0.9978216367969266,-0.04027602230142636,-0.052247709686420146,0.05434642711151472,0.05290557918754923,0.997119584378445,162,162,79,156,162,162,79,156,230213_173417
0,0,0,0,0.15975932653289776,-0.38048008002336176,0.0018637606831904963,-0.03904441384685058,-0.9983797586618749,0.041393130367405974,0.9979891336642797,-0.0410321680757975,-0.0483120095941019,0.049932182361448446,0.039423580218654934,0.9979742273663014,162,152,72,122,162,152,72,122,230213_173417
0,0,0,0,0.15721863737338204,-0.3818922589891045,-0.02289085908355104,-0.030378076944707597,-0.9966091328321202,0.07646835160215792,0.9956690062186667,-0.036896951802298884,-0.08533372723156844,0.08786582098105222,0.07354489311508083,0.9934136833162792,162,162,108,85,162,162,108,85,230213_173417
0,0,0,0,0.15774414928902686,-0.3817958790202049,-0.016829328375117747,-0.03270420115367136,-0.9970247327689824,0.06980055496798047,0.9968436727830657,-0.037593585221561754,-0.06992434756619142,0.07234035705792853,0.06729342164823396,0.9951072646421613,160,162,145,86,160,162,145,86,230213_173417
0,0,0,0,-0.1516826660384693,-0.013459495645578662,0.0067163299525565545,0.9987402324880531,-0.03198426340343346,0.03866464669758831,0.03200730813123818,0.999487634589366,2.3003155265664952e-05,-0.03864557200898322,0.0012145770839971615,0.9992522427128224,123,162,154,127,123,162,154,127,230213_173417
0,0,0,0,0.15780031428917385,-0.38161213856433956,-0.010197612425049685,-0.029242336523114944,-0.996464522779848,0.07876128868803241,0.9968221023635464,-0.03491229462194537,-0.07160187095146833,0.07409846148327985,0.07641718736881911,0.9943187775962243,105,153,162,162,105,153,162,162,230213_173417
0,0,0,0,0.15756568647630087,-0.3822074931796723,-0.019161304523253486,-0.03088028868780958,-0.9959219473374146,0.08476958524264033,0.9957799405472879,-0.03798673124455514,-0.08354231414674729,0.08642174364242718,0.0818320417746354,0.9928921387365279,70,120,162,152,70,120,162,152,230213_173418
0,0,0,0,0.15854147465374568,-0.38143096402733023,-0.010126833080848718,-0.03409608060231864,-0.9972610148367325,0.06563478936029657,0.9971056716086084,-0.038409071214214566,-0.06561267327587635,0.06795393243592095,0.06320768572944026,0.995684212755843,112,88,162,162,112,88,162,162,230213_173418
0,0,0,0,0.15980305535932113,-0.3801472542560493,0.004984240799298045,-0.04020333543960636,-0.9989412605792772,0.022361791784526127,0.9983921924273219,-0.04105611403013442,-0.03908229267722602,0.039959002986739996,0.02075459980410502,0.9989857479800585,138,147,160,162,138,147,160,162,230213_173418
0,0,0,0,0.1595762877339557,-0.3807741338963002,-0.0032546789425045297,-0.04106620071337761,-0.9986499173948785,0.03181052728535174,0.9981914171536371,-0.04240467263190658,-0.04261148272234463,0.043902868696526515,0.030003103609199257,0.9985851750822416,154,162,123,162,154,162,123,162,230213_173418
0,0,0,0,0.15798805465006927,-0.38189679061235815,-0.017354039166151414,-0.03244759918463627,-0.9968821273290603,0.0719248046159265,0.9961148977906007,-0.038149221255452975,-0.07937094756410468,0.08186735434087626,0.06906997270513773,0.994246989014167,162,162,105,153,162,162,105,153,230213_173418
0,0,0,0,0.15819565003415692,-0.38198395304551475,-0.014180731305532657,-0.030246570061934264,-0.9966787112799074,0.07560880557786293,0.9956478719656356,-0.03671343251151786,-0.08565885198579992,0.08815021298778279,0.0726888599074493,0.993451493327965,162,146,70,120,162,146,70,120,230213_173418
0,0,0,0,0.15871948100568362,-0.3807686579836347,-0.00531220698138557,-0.03773962553081764,-0.9985585612385004,0.03816438709176408,0.9980544512257084,-0.03956231411563011,-0.048188543144248246,0.04962895378045472,0.036271518842096555,0.9981088837734814,162,106,112,88,162,106,112,88,230213_173418
0,0,0,0,0.15835862710655974,-0.3805482178190185,-0.005605169312305147,-0.03654030433230272,-0.9974220039750206,0.061758822412331285,0.998658646549507,-0.03871446672068054,-0.0343816482798784,0.036683972402271274,0.060419666111197076,0.9974987469244264,124,162,138,147,124,162,138,147,230213_173418
0,0,0,0,0.15760970524798623,-0.38204246459260516,-0.018700952216640143,-0.028800206938951706,-0.9967594064967122,0.07510814629982095,0.9951664563906056,-0.03564917039274758,-0.09150333723571791,0.09388435522086844,0.07210979275126655,0.9929682299218496,122,162,154,162,122,162,154,162,230213_173418
0,0,0,0,0.1587833465862049,-0.3813798629851576,-0.011453696367604627,-0.033594853734760156,-0.9974314277218075,0.06326083144709288,0.9966271983146193,-0.03817500925586494,-0.07264224836738091,0.0748706443280254,0.06060705949930318,0.9953497731736087,97,149,162,162,97,149,162,162,230213_173419
0,0,0,0,0.157983747239044,-0.3814915366652738,-0.010436723653602487,-0.032326092059294494,-0.9963600427591831,0.07887768356825348,0.9970983288071956,-0.03759048791166673,-0.06619575445948074,0.06891985535439725,0.07650895641349677,0.9946840870982337,44,122,162,146,44,122,162,146,230213_173419
0,0,0,0,0.15823326257329198,-0.38153285309875795,-0.01138617565070521,-0.030998247928733746,-0.9971537124012259,0.06872832363590073,0.9967083378795409,-0.03599133631389211,-0.07264373965967873,0.07491059889462659,0.06625026456394466,0.9949870876641846,111,80,162,106,111,80,162,106,230213_173419
0,0,0,0,0.15817535410742406,-0.3818822511048686,-0.012914313222391338,-0.03405257810472745,-0.9955445953823796,0.08792826922756357,0.9970352914355777,-0.03991371914642114,-0.06578390879138786,0.06900035910337354,0.08542747584257683,0.9939522608328689,146,90,124,162,146,90,124,162,230213_173419
0,0,0,0,0.15817545887111595,-0.3816849646570437,-0.012657294761617255,-0.03396061851485157,-0.9956372855643529,0.08690841146941009,0.997275646870289,-0.03945682932566844,-0.062325298065968676,0.06548252094670375,0.08455503659518243,0.9942647963379031,154,162,122,162,154,162,122,162,230213_173419
0,0,0,0,0.15745086972705713,-0.38170102781644777,-0.016773315607600092,-0.0316068405659287,-0.9973061971449987,0.06619181796581973,0.9966783503116033,-0.03642141463762421,-0.07284055584586574,0.07505513739631953,0.06366969209894527,0.9951446611716536,146,162,97,149,146,162,97,149,230213_173419
0,0,0,0,0.15854284488661832,-0.38069572070011076,-0.006577326924747551,-0.0361867573319417,-0.9978236989043174,0.05512154296376285,0.998148175500214,-0.038787106963983235,-0.0468591514963707,0.04889517705658176,0.05332378679605668,0.997379484159532,114,18,44,122,114,18,44,122,230213_173419
0,0,0,0,0.15841214170784057,-0.3811493582941068,-0.005784233582415754,-0.031760132875620496,-0.9970528781481578,0.0698344623821086,0.9972692074802959,-0.0362727884269441,-0.06433049534518077,0.06667399621550474,0.06760061387450068,0.9954821621869703,162,162,111,80,162,162,111,80,230213_173419
0,0,0,0,0.15820681156341632,-0.3815873631013217,-0.012234520668902071,-0.03141451247725972,-0.9971252689039592,0.06895162448429457,0.9963858559655743,-0.03668885818616193,-0.07661040214452722,0.07891992421161195,0.06629574494794352,0.9946740771550401,162,162,146,90,162,162,146,90,230213_173420
0,0,0,0,0.15769370844728853,-0.3813766580251128,-0.012765378003733674,-0.03248594881793086,-0.9972112254135891,0.06718954560440946,0.9972199745010922,-0.03684988382844338,-0.0647642533954562,0.0670595674414875,0.06489882873333289,0.9956360562191396,120,162,154,162,120,162,154,162,230213_173420
0,0,0,0,0.15810411068701835,-0.3817218680295512,-0.015018064453528046,-0.03080659509631576,-0.9973850084448238,0.06537659082644806,0.9960866251446427,-0.03605577873770736,-0.08069334562138955,0.08283953709749473,0.06263486049425365,0.9945926228081216,96,148,146,162,96,148,146,162,230213_173420
0,0,0,0,0.15777883635599257,-0.3813803893171612,-0.013337939104335894,-0.035978213267948235,-0.9974672193007889,0.061357270069642894,0.9980047981630531,-0.039049518471749735,-0.04961409024308213,0.05188440048386622,0.059449823611829,0.9968820027761321,100,116,114,18,100,116,114,18,230213_173420
0,0,0,0,0.15949427902803626,-0.38050019976655397,-0.003981763350581313,-0.03726788755372156,-0.9986418004653429,0.03640959929223101,0.9979882756005644,-0.03906404765819782,-0.049933975851813535,0.05128846187101562,0.034475419415805536,0.99808864292457,114,90,162,162,114,90,162,162,230213_173420
0,0,0,0,0.1581106174795464,-0.3819150316046207,-0.01589787783201735,-0.031822779393279495,-0.9968145528657736,0.0731304171100866,0.9960751608190455,-0.03767511352065564,-0.08009282003099749,0.08259288535339297,0.07029461584086139,0.9941011428787249,148,92,162,162,148,92,162,162,230213_173420
0,0,0,0,-0.15218717474271173,-0.013120451597168986,-0.0019517629214446108,0.9981247001783128,-0.025411122734740638,-0.055689835116568734,0.023875132593690025,0.9993206513981485,-0.0280751443952418,0.05636542324496792,0.026692892884434754,0.9980533194834211,154,162,120,162,154,162,120,162,230213_173420
0,0,0,0,0.1588714422641998,-0.38042482901269065,0.0016251494146806156,-0.03916320540047381,-0.9988819761612202,0.026477179665072074,0.9987943438380703,-0.03991717727377786,-0.028574073485816774,0.02959902126488895,0.025326204981205084,0.9992409525642003,146,162,96,148,146,162,96,148,230213_173420
0,0,0,0,-0.15195084586160068,-0.013078833087694197,-0.001908425863442309,0.9991332222019634,-0.02674648860656765,-0.03189717290830198,0.025824092958928627,0.9992461391361716,-0.028987404925287775,0.03264843817354787,0.028138563727964812,0.9990707185760953,162,162,100,116,162,162,100,116,230213_173421
0,0,0,0,0.15835630791409444,-0.38196245150467845,-0.017125236876252337,-0.03107410623286432,-0.9966833427604334,0.07521113073020688,0.9955473798063377,-0.03756270201950655,-0.08645494767641364,0.08899333954047538,0.07218973390227565,0.9934127177747184,158,162,114,90,158,162,114,90,230213_173421
0,0,0,0,-0.15236190809472144,-0.013944087232820368,0.0016173681079956204,0.9982724081806565,-0.027402406773763585,-0.05197410093689203,0.024473931240169607,0.9981213317615438,-0.05616790695953061,0.05341559467837553,0.05479886117035856,0.9970676301332759,162,146,148,92,162,146,148,92,230213_173421
0,0,0,0,0.15858853947438806,-0.38094645198893706,-0.007218314110116086,-0.036540125107372645,-0.9971164050149242,0.06651085706297465,0.9983303932892911,-0.03940191682612267,-0.04223641539331302,0.04473527793572673,0.06485648618712866,0.9968913637440501,120,162,154,162,120,162,154,162,230213_173421
0,0,0,0,0.160216129493551,-0.3804785511883716,0.0013529852065538028,-0.042947705717042144,-0.997890802973031,0.048676893034394486,0.9983453055885385,-0.04473001737193992,-0.03613691125752193,0.038238009662774214,0.047044350221312245,0.9981606502609108,93,148,146,162,93,148,146,162,230213_173421
0,0,0,0,0.157802389624215,-0.38186649765086034,-0.01769330281873227,-0.033967547976779255,-0.9968424281575758,0.0717731085390146,0.9968367747718189,-0.03895514304221847,-0.06927439132231886,0.0718515841646004,0.06919299282057595,0.9950124017305356,88,112,162,162,88,112,162,162,230213_173421
0,0,0,0,0.15733177649649469,-0.3819191445036506,-0.019070169724388575,-0.030335222559586837,-0.99694025455809,0.0720409821831368,0.9960849714554295,-0.036139050350103494,-0.08067650637222919,0.08303314948197482,0.06931159990537944,0.9941334911397265,117,93,158,162,117,93,158,162,230213_173421
0,0,0,0,-0.15170085318579615,-0.013717188440331235,0.009765518843865784,0.9986593839627971,-0.030904320263541403,0.04152538756106546,0.031339502096125536,0.9994600639751855,-0.009869960845185561,-0.04119794207742861,0.011158113987902375,0.9990886977945541,151,89,162,146,151,89,162,146,230213_173421
0,0,0,0,-0.1517778364179368,-0.012804696655011605,-0.0032949946142279973,0.9990973053682423,-0.026814466502213117,-0.03294781923161668,0.025768502115747653,0.9991629482168406,-0.0317708547153016,0.033772158720287784,0.030893159385724532,0.9989519778240294,154,162,120,162,154,162,120,162,230213_173422
0,0,0,0,0.15737792486589325,-0.3817995553426778,-0.017907262287294112,-0.03167918274257315,-0.997072627666638,0.06958882481194972,0.9961449785337282,-0.03719453061836201,-0.07944651429810393,0.08180226844532959,0.06680375775377688,0.9944071836160342,146,93,93,148,146,93,93,148,230213_173422
0,0,0,0,-0.15214549907637828,-0.013774642563726458,0.0005900872963694459,0.9981825457549015,-0.025359425611996833,-0.05466721945456752,0.023042033554009737,0.9988259387479049,-0.04261230777678404,0.055683660439667,0.04127521795214511,0.9975949510412746,162,137,88,112,162,137,88,112,230213_173422
0,0,0,0,-0.15216759332444357,-0.013126398946230855,-0.0015751165594247718,0.9991397439842167,-0.028854388211303324,-0.029785840127563003,0.027873808763102415,0.9990722786744783,-0.0328273174235192,0.03070541932935192,0.031968832714659584,0.9990171024355243,156,162,117,93,156,162,117,93,230213_173422
0,0,0,0,0.1583533185705931,-0.38090783128139544,-0.004901917964411973,-0.035391510196993665,-0.996371853278757,0.07739877905904323,0.9984798828545897,-0.03852813437791472,-0.039414545488216754,0.04225357429450773,0.07588618355940571,0.9962208202020909,162,146,151,89,162,146,151,89,230213_173422
0,0,0,0,-0.15228895771451098,-0.012681418245723303,-0.0038160701628965343,0.9977970459310933,-0.025180345393924785,-0.06137593451040484,0.021968489007961344,0.9983815979204343,-0.05245541368198172,0.06259744900465138,0.050991520272329664,0.9967353832579773,119,162,154,162,119,162,154,162,230213_173422
0,0,0,0,0.15783338590630214,-0.381804744986468,-0.017052654192484917,-0.031513859514329855,-0.997382226618395,0.06508126215926513,0.9962392412451962,-0.03660227601130288,-0.07853437205447411,0.08071090918648638,0.06236158606485503,0.9947847916618783,85,147,146,93,85,147,146,93,230213_173422
0,0,0,0,-0.151724459130378,-0.014145526166551875,0.010519899305019509,0.9988979949024966,-0.03135162715143136,0.03492665536132171,0.03227181587862221,0.9991382462693515,-0.026101623353725914,-0.03407822882233195,0.02720000582281366,0.9990489647677794,70,112,162,137,70,112,162,137,230213_173422
0,0,0,0,0.15859444392532196,-0.38091295419468085,-0.007641830876014888,-0.034022164918534194,-0.9969105843215812,0.07079392037356075,0.9977966095981067,-0.03791862203314588,-0.05444358527531906,0.05695979431826986,0.06878564509190407,0.9960040747208372,117,86,156,162,117,86,156,162,230213_173423
0,0,0,0,0.1584210965114724,-0.38162561410948487,-0.016127822186385754,-0.03223323691947113,-0.9978425990685758,0.05719410740420339,0.996018192101572,-0.036827811552930176,-0.08118788886858067,0.08311906785093519,0.05434942299870518,0.9950564611012279,151,89,162,146,151,89,162,146,230213_173423
0,0,0,0,-0.15211247138936648,-0.01357008894797851,0.0003229593678268916,0.9987867938880148,-0.027967707277933934,-0.04053082412825163,0.02618692850258511,0.9986961517882351,-0.043820556579871404,0.04170353858487265,0.04270601541920075,0.9982169158637391,154,162,119,162,154,162,119,162,230213_173423
0,0,0,0,0.1579582521089259,-0.3808334885527852,-0.006183515217777269,-0.033050153397279555,-0.997537609660694,0.061857939448739525,0.9980554552834182,-0.036213335852747865,-0.05073364254046082,0.05284879884560751,0.06006089925104094,0.9967947094771986,162,135,85,147,162,135,85,147,230213_173423
0,0,0,0,-0.15209997885314547,-0.013045688643600312,-0.0019436733542537166,0.99863369123985,-0.025937541929732206,-0.04536512580513267,0.024383363638579358,0.9991077696481816,-0.03448356429237346,0.04621906855769531,0.033330294737383144,0.9983751244669401,162,154,70,112,162,154,70,112,230213_173423
0,0,0,0,0.1579817350559068,-0.38173261223775656,-0.01539638131667842,-0.031657816152378275,-0.9972746968184509,0.06664054143033411,0.9965140667568702,-0.03664184444319292,-0.07494724805811859,0.07718482643723795,0.06403557075147137,0.9949582645751462,160,162,117,86,160,162,117,86,230213_173423
0,0,0,0,-0.15210499266008526,-0.013009593850942858,-0.0011822606508017364,0.9984037037452865,-0.024987830113526083,-0.050652272346974864,0.02319066725194006,0.9990911905002271,-0.035762913992683706,0.05149987669989469,0.034531165793466184,0.9980758294282251,155,162,151,89,155,162,151,89,230213_173423
0,0,0,0,0.15712313490909458,-0.3814016160182966,-0.007849403959468648,-0.03449845434983212,-0.9973678808580375,0.0637743434322911,0.9985377035007358,-0.03705579260446367,-0.03936143953073173,0.041621044376000504,0.06232317760835253,0.9971878008669424,117,162,154,162,117,162,154,162,230213_173423
0,0,0,0,-0.15168681022899017,-0.013698555313589128,0.009118716260897552,0.9986435947906764,-0.03141280196647835,0.041523565070579464,0.03176190343058121,0.9994652276033347,-0.007774336131218482,-0.041257145732857735,0.009082658445056267,0.9991072781446185,77,147,162,135,77,147,162,135,230213_173424
0,0,0,0,0.15692549650468285,-0.38235793285596587,-0.02314735939251822,-0.02828448527200301,-0.9954569330712227,0.09091469789496079,0.9951273512254134,-0.03663535092440118,-0.09153909495805065,0.09445391858462443,0.08788256632051737,0.9916426331097957,64,112,162,154,64,112,162,154,230213_173424
0,0,0,0,-0.1519919464995285,-0.01309264425484477,-0.0020832663371914695,0.9986214063202108,-0.025815746620248367,-0.04570376423756634,0.02407452026038472,0.9989782647281885,-0.038247144663235026,0.04664444568516433,0.03709412119321919,0.9982225813212334,119,87,160,162,119,87,160,162,230213_173424
0,0,0,0,0.1585213584719509,-0.38023694036815103,0.0013656903518048935,-0.03756065425943597,-0.9989828633075686,0.02494866869025055,0.9986814129236291,-0.03840022095618534,-0.034071373781790634,0.03499475292762381,0.023636028607381104,0.9991079548373167,146,80,155,162,146,80,155,162,230213_173424
0,0,0,0,0.15804742706510902,-0.3814540834967817,-0.014720752550809624,-0.03206551749054362,-0.9979500052735631,0.05538582456332363,0.9966071478076747,-0.03612673361638397,-0.07395303953768897,0.0758023451267557,0.05282656616425556,0.9957225308189916,154,162,117,162,154,162,117,162,230213_173424
0,0,0,0,0.1570466415150184,-0.38170448444096494,-0.019410329085966627,-0.03106007813949302,-0.996981090016084,0.07116163078730772,0.9966926588885764,-0.03624262586589275,-0.07273386960670748,0.07509337696221417,0.06866715532687682,0.9948094322611368,162,136,77,147,162,136,77,147,230213_173424
0,0,0,0,-0.15159084299027556,-0.013693167099018994,0.009571514701353756,0.9988037642513986,-0.030454137832047427,0.03825684260552676,0.030362228443486423,0.9995345152296646,0.0029812662653184475,-0.038329826521690806,-0.0018161369733202509,0.9992634918004915,162,151,64,112,162,151,64,112,230213_173424
0,0,0,0,0.1610275272010109,-0.38028535607006964,-0.0001111604321932802,-0.0447358536092782,-0.998965085531632,0.008213482247463483,0.9975706066613695,-0.04510986765770918,-0.05308469238087127,0.053400263361869454,0.005818739441160318,0.9985562348431855,162,160,119,87,162,160,119,87,230213_173424
0,0,0,0,0.1601744963675624,-0.3802200549005421,-0.0029113028158139764,-0.042645459471270276,-0.9990359340268906,0.010419563786544283,0.9980886197023981,-0.043067269019829615,-0.04432062228504834,0.04472663643786067,0.008509574736214604,0.9989630199015197,149,162,146,80,149,162,146,80,230213_173424
0,0,0,0,0.1572036127753803,-0.382007892365705,-0.023991081646351442,-0.031103640798694297,-0.9964110278010152,0.07872501003868344,0.9954815660251795,-0.03795160805833238,-0.08704095099344157,0.08971630416552934,0.07566200580417981,0.9930892435448924,116,162,154,162,116,162,154,162,230213_173425
0,0,0,0,0.1579179820488032,-0.380679357622259,-0.0007384136152707166,-0.034633628549751744,-0.9974661970291199,0.06214255834566031,0.9989330580356061,-0.03645114726180732,-0.028355941651266862,0.030549260827551862,0.0610941866920581,0.9976643939799226,59,146,162,136,59,146,162,136,230213_173425
