0,0,0,0,-0.17200101224381892,0.07114144839932268,-0.21932871563798495,0.9332281720268035,-0.35846403547557265,0.02426343351788498,0.35709844212566,0.9328710342056382,0.04724760492902519,-0.039571221448623066,-0.035428361670702554,0.9985884786148866,162,162,83,96,162,162,83,96,230201_173300
0,0,0,0,-0.17295156903625503,0.07171418580235847,-0.21433322413015288,0.9333375907375023,-0.35883319269719244,0.010939905623580305,0.35887055963054043,0.9333859637094563,-0.0016013059144147355,-0.00963655263960167,0.005420569057633101,0.9999388752740418,155,162,151,89,155,162,151,89,230201_173300
0,0,0,0,-0.17326662331310716,0.07128798012061113,-0.21474319912795103,0.933314973754014,-0.3590247941643629,0.004935275248822195,0.35847195607834414,0.9324872396223791,0.044332884485456206,-0.020518685920654266,-0.03960738714775297,0.9990046238188377,107,115,162,151,107,115,162,151,230201_173300
0,0,0,0,-0.17318632242855472,0.0703798807000983,-0.21495230598362625,0.9335415263885221,-0.3584650017250897,-0.001749584641868947,0.35828554970008775,0.9328957152884367,0.03656568435817899,-0.011475338090599713,-0.03476243568433416,0.9993297202029965,154,162,120,162,154,162,120,162,230201_173300
0,0,0,0,-0.17453195552161016,0.0715594781410057,-0.212741891955035,0.9325441120724958,-0.36105552411158176,-0.000622533077184084,0.3609594522897929,0.9322533199658442,0.02473906253912821,-0.00835181666310071,-0.023294976307629854,0.9996937487237044,162,162,108,85,162,162,108,85,230201_173301
0,0,0,0,-0.17258638808981625,0.07153160699879156,-0.2173945310455433,0.9324011607575254,-0.36142395470756156,-0.0008946404685800952,0.36086876638706583,0.9308258976821859,0.057765748072971454,-0.02004517059790516,-0.05418369835752174,0.998329764140087,111,154,162,122,111,154,162,122,230201_173301
0,0,0,0,-0.17432455421588963,0.07138215218922758,-0.2141382230061626,0.9307836606104938,-0.36514165321084785,0.017701701358236153,0.364425792687521,0.9306096511353705,0.03405170829452544,-0.028907071186807225,-0.025243817147026153,0.999263294097831,140,92,162,162,140,92,162,162,230201_173301
0,0,0,0,-0.17289574556491266,0.07127681096837248,-0.2156482155607432,0.9310502735905017,-0.3648042163352003,-0.007954356737789306,0.3648159851298456,0.9301960654560689,0.0405533821498234,-0.007394933454182637,-0.04065911403498406,0.9991457107975285,162,143,77,128,162,143,77,128,230201_173301
0,0,0,0,-0.17618176990303402,0.07186868099938129,-0.2150716499530404,0.9327229415145408,-0.36052380189494093,0.007106520926565062,0.35905043510241735,0.9303718144945158,0.07410176682743526,-0.03332715747295094,-0.06656481849596244,0.9972253634527015,162,154,162,91,162,154,162,91,230201_173301
0,0,0,0,-0.1737400844462616,0.07317887320928325,-0.2184508778086185,0.9282706242393481,-0.3716435160560628,0.013955111886938668,0.36983124890652197,0.9264008738831423,0.07075498710898824,-0.039223660034882764,-0.060518739593930754,0.997396103186407,56,101,58,162,56,101,58,162,230201_173302
0,0,0,0,-0.17269654180661512,0.0731691519889818,-0.2180406904010106,0.9263959112429843,-0.3764090453229221,0.0103366450731468,0.3751163187310479,0.9249125880953538,0.06184215232688415,-0.03283843866490446,-0.05341287281022298,0.9980324152873044,154,150,112,162,154,150,112,162,230201_173302
0,0,0,0,-0.17501844846765316,0.07307726103371527,-0.2160865944178061,0.9253041811013172,-0.37808108746410124,0.029442549794219078,0.37594300768730254,0.9247189811559109,0.0596796519845684,-0.04978983237014715,-0.0441531107843707,0.9977832807782537,162,160,119,87,162,160,119,87,230201_173302
0,0,0,0,-0.17525558354827625,0.07068967267755398,-0.21923329690762883,0.9254557043376239,-0.37780803094097815,0.02815725600004857,0.37472704301160636,0.9237809834470485,0.07879300639892646,-0.055779768238393465,-0.0623681519535784,0.996493266950242,96,148,146,162,96,148,146,162,230201_173302
0,0,0,0,-0.17542194875624023,0.07279482766628441,-0.2164605092342906,0.9268112135684178,-0.37505890810498727,0.01875606181830818,0.3726029532630703,0.9246667321756102,0.07847594298456369,-0.04677620787831844,-0.06574381992836309,0.9967395530015609,146,90,124,162,146,90,124,162,230201_173302
0,0,0,0,-0.17688910102747504,0.07187451227380579,-0.2154861753760382,0.9252556106334441,-0.37916929589407583,0.011519550447961225,0.37703077331113427,0.9225373776032366,0.08229570402731252,-0.04183122001257372,-0.0718013368687088,0.9965413774932407,162,151,88,120,162,151,88,120,230201_173302
0,0,0,0,-0.17565911052075464,0.07383519176728745,-0.21789701731154199,0.9289221820828854,-0.3698519896722741,0.017694218542535733,0.36797613658273454,0.9274169764556892,0.0670172715606298,-0.04119638989057075,-0.055742779956208674,0.9975949077369721,137,154,162,112,137,154,162,112,230201_173303
0,0,0,0,-0.17499752368869928,0.07451957517183373,-0.21705916540356074,0.9274851425918148,-0.37382951169326106,0.0047756108111822225,0.3729269888483863,0.925996872158268,0.05878140642737637,-0.026396425135189167,-0.05273792696231656,0.9982594551517153,100,92,162,162,100,92,162,162,230201_173303
0,0,0,0,-0.17521627385116104,0.07426637656699295,-0.21618608977743137,0.9276539773390823,-0.37331227253630306,0.009800280647155582,0.37202929216793684,0.9261088151095281,0.06258329126412651,-0.0324392369824905,-0.05440964758392873,0.9979916262944225,162,139,108,154,162,139,108,154,230201_173303
0,0,0,0,-0.17461460840842577,0.07333406594911236,-0.21752659791230222,0.9271104235919594,-0.3747348936871934,0.006326288041628328,0.3733956173514221,0.9249875890254089,0.07052427306758868,-0.03227964389345551,-0.06302158044836041,0.997490002450101,162,122,124,85,162,122,124,85,230201_173303
0,0,0,0,-0.1753807502251658,0.07310615905686103,-0.21848306767479886,0.9277292908513056,-0.37318410256833356,0.007210304210025997,0.37186046445752596,0.9257613251961528,0.068452638696371,-0.03222045732088068,-0.060824290882264556,0.9976283114310174,64,145,162,132,64,145,162,132,230201_173303
0,0,0,0,-0.1743310774725679,0.07363860635857974,-0.21827109420265578,0.9282273084245339,-0.37199706055807885,0.0035001187256870243,0.3706854616859526,0.9256669514603677,0.075716467619288,-0.031406247620772126,-0.06898464981587808,0.9971232449903891,146,130,149,162,146,130,149,162,230201_173304
0,0,0,0,-0.17435678623902742,0.07384947713650224,-0.21718410578804592,0.927684304885581,-0.372520186820229,0.025110573079439747,0.37048523850418513,0.9267812980833641,0.06178279350604596,-0.04628734729332824,-0.04801183119123264,0.9977736945551388,162,154,70,112,162,154,70,112,230201_173304
0,0,0,0,-0.1751544118536805,0.07370318692236323,-0.21721413250981836,0.9258017665056386,-0.3779572516100345,0.006277347403842117,0.3769646881295059,0.924349615708498,0.05895262371579585,-0.028084035295232932,-0.052212104869856085,0.9982410445711974,122,162,154,162,122,162,154,162,230201_173304
0,0,0,0,-0.17437389391738684,0.07372878176691976,-0.21800200914674583,0.9253252564126141,-0.3791691975990672,0.0019721655633435217,0.378171204704548,0.9232428709691424,0.06789065574116755,-0.027562833258580756,-0.062075122204749984,0.9976908185535363,58,162,162,162,58,162,162,162,230201_173304
0,0,0,0,-0.17629557280357383,0.0748175299262197,-0.21572655949392505,0.9250421668226045,-0.3794322386855074,0.018115348361146293,0.3777138661443641,0.9238259356320238,0.06227259409960694,-0.04036365843700377,-0.050762357113524344,0.9978947630776804,162,124,111,154,162,124,111,154,230201_173304
0,0,0,0,-0.17445163384083381,0.07361777304457694,-0.21568527992020903,0.9240893675342463,-0.3818339287480404,0.0161768868140138,0.38046010497603505,0.9231218927435122,0.05564242679161658,-0.03617940480136816,-0.045263914926490414,0.9983197026372596,162,138,140,92,162,138,140,92,230201_173305
0,0,0,0,-0.17595701362898428,0.07435029770226774,-0.21631947949941865,0.9234964565523109,-0.38354185683180314,0.007066738522002793,0.3827538480070239,0.9225142258996007,0.04966885189610332,-0.025569250500195574,-0.043164187364916895,0.9987407403115108,87,128,162,162,87,128,162,162,230201_173305
0,0,0,0,-0.177141475703989,0.07400135452067917,-0.21654844611257917,0.9232590152219584,-0.3837210938600423,0.01873267034440598,0.3819110361943558,0.922008493337888,0.06359480046160457,-0.041674347557379116,-0.05156025930549859,0.9977999741511403,160,95,162,162,160,95,162,162,230201_173305
0,0,0,0,-0.17615114838898713,0.07501234912483594,-0.21669269714645123,0.9229585149448023,-0.3846352477873456,0.014258536055752809,0.3832420999088289,0.9217876076612019,0.058592654997955206,-0.03568014221324032,-0.04861411854395341,0.9981801415224795,162,158,42,106,162,158,42,106,230201_173305
0,0,0,0,-0.17732621048668565,0.07429786537946666,-0.2183427828608412,0.9239035538442756,-0.38231134808914174,0.015500203746450747,0.38049919181808245,0.9222799991602614,0.067970347760884,-0.040281363180811776,-0.05690023085377184,0.9975669278344602,116,162,154,162,116,162,154,162,230201_173305
0,0,0,0,-0.1792501659334422,0.07518039973173511,-0.21530286710897328,0.9223565439130905,-0.3854253290543126,0.02656542158660398,0.383534300864941,0.9217630666179416,0.05704637656441883,-0.0464741429263639,-0.04242834833532148,0.9980180305469419,114,90,162,162,114,90,162,162,230201_173306
0,0,0,0,-0.17694512003382296,0.07511001571073926,-0.21722511165225744,0.9211121440034473,-0.3890524138143459,0.013807153023129999,0.38769782328069186,0.919962185495312,0.05796529204707625,-0.035253595458995396,-0.04803953126249744,0.9982231150616043,162,143,80,156,162,143,80,156,230201_173306
0,0,0,0,-0.1789727083640519,0.07606977159000944,-0.21620928592202615,0.9216940990027508,-0.38731956088322006,0.021530109631331826,0.3854365158488946,0.9206547715338983,0.06191513467747411,-0.043802740939038305,-0.048768323829043184,0.9978491722084721,162,162,137,81,162,162,137,81,230201_173306
0,0,0,0,-0.17682917322279623,0.07635874577724514,-0.21719291265040241,0.919565749925195,-0.3928966181970447,0.005574851911840757,0.3919520557829127,0.9181738635291313,0.057709117993060395,-0.02779240061710525,-0.05088225369727887,0.9983178745903651,90,130,130,162,90,130,130,162,230201_173306
0,0,0,0,-0.17675081657290825,0.07646245379126636,-0.21863506313812509,0.9198965719221897,-0.3921492504774392,0.0030434052943431548,0.39093844124109384,0.9176133752229849,0.07178320675384618,-0.03094240012970155,-0.06484334169260952,0.9974156149330875,160,95,162,162,160,95,162,162,230201_173306
0,0,0,0,-0.17779320758581843,0.07625311974599433,-0.21769170631754908,0.9207516307690236,-0.38999206972004025,0.011073391154644875,0.38864932607620994,0.9193286806018524,0.06153436733536893,-0.03417800135602167,-0.0523542030627501,0.9980435369486503,162,162,84,107,162,162,84,107,230201_173306
0,0,0,0,-0.17969401135694277,0.07716918359062387,-0.21714993803757365,0.9190241507432275,-0.39386930249528024,0.01617352474167753,0.392043312007518,0.9175107768954521,0.06690303274799429,-0.041190434094145786,-0.05514478064680906,0.9976283883824434,117,162,154,162,117,162,154,162,230201_173307
0,0,0,0,-0.17790846457966558,0.07674810409946932,-0.21816083771483707,0.9186739415664983,-0.3949287349490507,0.008335670231944977,0.39388501975507456,0.9174342540395114,0.05629370060237296,-0.029879429365659568,-0.04843226018376491,0.9983794548538519,111,80,162,106,111,80,162,106,230201_173307
0,0,0,0,-0.1802601643267761,0.07457853254563315,-0.2172604110791465,0.9169504744357351,-0.3987700153466775,0.013575798042454165,0.3968678566681225,0.9150337004221332,0.07217500561432302,-0.04120354081544056,-0.06079310776878736,0.9972995870209127,162,125,82,156,162,125,82,156,230201_173307
0,0,0,0,-0.17893639074722,0.07748658759318425,-0.2176567311561659,0.916834809015685,-0.39896778722560594,0.015447903853798546,0.3973811969774536,0.9155775192648731,0.06169271031124531,-0.038757157609131024,-0.05042331775165546,0.9979756368574217,152,162,130,156,152,162,130,156,230201_173307
0,0,0,0,-0.17818509451521258,0.07685922438838214,-0.21956991375722357,0.9143295205296721,-0.4049219014534042,0.006307266550566198,0.4035896491626263,0.9123854859598719,0.06832364231037746,-0.033420397615357075,-0.059924775620170054,0.9976432720617645,44,138,162,128,44,138,162,128,230201_173307
0,0,0,0,-0.1788771913382594,0.07716704392572835,-0.2168851598472954,0.9124462865889693,-0.4088014185735277,0.01797704820800139,0.4073225524768877,0.9115904182809201,0.0555989886790305,-0.03911665033862941,-0.043408633596200306,0.9982913293200518,160,96,162,162,160,96,162,162,230201_173308
0,0,0,0,-0.17798648689240565,0.07785570315646752,-0.21775118942619254,0.9141197629096733,-0.4053092995486127,0.010460915704479238,0.40361318745918046,0.9121377862060849,0.07142166256887861,-0.03848966052076174,-0.061065789722851344,0.9973913551653238,162,158,42,106,162,158,42,106,230201_173308
0,0,0,0,-0.17968609665935673,0.07788828512150753,-0.2175437524471845,0.9119410043270821,-0.41025526370935944,0.007363642147538383,0.40893770478137687,0.9101920329420061,0.06572987735449787,-0.03366835658377879,-0.056930499450311,0.9978102825674257,115,162,154,162,115,162,154,162,230201_173308
0,0,0,0,-0.18099316403916382,0.07770398808013318,-0.2169240038535497,0.9097620247267612,-0.41432782786226624,0.025797469333255305,0.41181849346817667,0.9085939231157362,0.06973242656582043,-0.0523315086985417,-0.05281603862551829,0.9972321090203836,117,93,158,162,117,93,158,162,230201_173308
0,0,0,0,-0.1819135674634225,0.07539372865437108,-0.2175600369563192,0.9069208533128871,-0.4210822513325232,0.013575840267123312,0.41863033985675474,0.9043262982105802,0.0833221754166799,-0.04736247858424472,-0.06988335980391447,0.9964301840294049,162,162,105,153,162,162,105,153,230201_173308
0,0,0,0,-0.1814525717495915,0.0774188059291707,-0.21812807711675353,0.908145038378174,-0.4185404547402648,0.009822271372624472,0.41640271172139925,0.9054399793607496,0.08238461899086558,-0.04337477308494514,-0.07072716254040656,0.9965522051246549,162,162,138,90,162,162,138,90,230201_173309
0,0,0,0,-0.18022345492314978,0.0777241067311008,-0.21706845423132526,0.9091638063170308,-0.4164354829077343,0.0016315203124196288,0.4156343108004545,0.9076441434242078,0.058568153404104435,-0.02587069710229781,-0.05256992945722596,0.9982820791481252,77,128,162,146,77,128,162,146,230201_173309
0,0,0,0,-0.18063125838214494,0.07743358276850744,-0.21758856423179374,0.906807802763006,-0.4213563663752364,0.012586554857768705,0.41943384478605855,0.9048495954783925,0.07295518768788935,-0.04212907186391101,-0.06087710635081299,0.9972557942806033,160,95,162,154,160,95,162,154,230201_173309
0,0,0,0,-0.18154972050525975,0.07841379267121931,-0.21427821103855305,0.9064632614917675,-0.4218264575550273,0.019667111437227505,0.4204597890370352,0.905891736309789,0.05073192179058552,-0.03921634058194957,-0.03771739376217493,0.998518641207639,162,153,93,102,162,153,93,102,230201_173309
0,0,0,0,-0.18084912512825152,0.07913483322424932,-0.21770975887487076,0.9085899529969247,-0.41765967665548426,0.004969085336569766,0.416419980187284,0.90669160356424,0.06711733104742731,-0.03253763073530956,-0.0589129062442577,0.997732715743043,112,162,154,162,112,162,154,162,230201_173309
0,0,0,0,-0.18139582762479842,0.0784200665476988,-0.215656862274882,0.9104305532831134,-0.41359775229763246,0.007287451059883036,0.41253572821673834,0.9091100313591796,0.057734078556748954,-0.03050377998362507,-0.049556535153879,0.9983053987784766,119,87,160,162,119,87,160,162,230201_173309
0,0,0,0,-0.182663971684104,0.07848460467768593,-0.21346056895433452,0.908508034233591,-0.4170537218131405,0.02606424475838851,0.41599833958012644,0.9085761850821024,0.03787739917458361,-0.03947826236798489,-0.02356923892408235,0.9989424196503742,146,162,97,149,146,162,97,149,230201_173310
0,0,0,0,-0.18350793676190785,0.07901650823459688,-0.21539451094306505,0.9086196104833307,-0.41736736803941,0.01465890654098616,0.4157627219867068,0.9073219548244073,0.06251583239324797,-0.03939241616511863,-0.050708484393365,0.9979363141800193,152,162,141,86,152,162,141,86,230201_173310
0,0,0,0,-0.18132151714667408,0.07870465832606009,-0.21714080295581994,0.9082672650524112,-0.4181133686074999,0.015224527115877774,0.4166530636219581,0.907209315047846,0.05806447506742857,-0.03808936608359155,-0.04639471610117117,0.9981967393801894,77,128,162,146,77,128,162,146,230201_173310
