0,0,0,0,0.22767632650854208,0.15452833666052557,-0.21806382420356618,0.998868554762521,-0.0040094608351587775,-0.04738707134276382,0.001755470142799904,0.9988691364711182,-0.047511751493929,0.047523979538866466,0.04737480796007997,0.9977460092325776,162,162,83,96,162,162,83,96,230201_160458
0,0,0,0,0.22848486525497141,0.15243734980914794,-0.22176442834032817,0.9989904360837197,-0.0013525304130464985,-0.044902998505023814,-0.0004456768445278421,0.9991990862652304,-0.04001234033242347,0.044921152983985566,0.03999195754410146,0.9981897281310703,162,162,141,106,162,122,148,112,230201_160459
0,0,0,0,0.22904509493516922,0.15246617099770948,-0.2286401505414295,0.9994661048114074,-0.008533923428980128,0.03153850795489661,0.00932851482932015,0.9996405742784913,-0.025133664023526642,-0.031312683439653106,0.025414452720384666,0.9991864798168215,108,92,162,162,80,28,162,162,230201_160459
0,0,0,0,0.22952728420417853,0.15237996706527435,-0.22487253887712055,0.9999975515780072,0.002124564214457179,0.0006189223603881672,-0.0020905328346371545,0.9987173128401284,-0.05059010482160188,-0.0007256104029331355,0.05058868707816016,0.9987193090299452,130,162,103,144,162,158,132,148,230201_160459
0,0,0,0,0.2286602157190077,0.15258710637987857,-0.21787476134369022,0.9999686575158233,-0.001010856923311378,-0.007852525344259368,0.0003974492109406582,0.9969745158452658,-0.07772809523732967,0.007907339636462124,0.07772253806573264,0.9969436699515646,127,146,146,92,64,154,162,162,230201_160459
0,0,0,0,0.22778496723426372,0.1536678062874466,-0.22182690728000864,0.9999993176435804,-0.001094357724220642,-0.0004087707734557895,0.0010694063328535288,0.998389041073971,-0.05672899640828066,0.00047019407593627084,0.05672852055683197,0.9983895301298806,130,80,162,162,121,72,152,162,230201_160459
0,0,0,0,0.22846940338028562,0.15209657257101597,-0.22578522323113426,0.9999339402652598,-0.010020433764144958,0.00563080924632357,0.010235034257875052,0.9991682605521356,-0.03947190366526835,-0.005230600283927455,0.03952692768731826,0.9992048152447381,130,162,100,144,162,162,162,138,230201_160459
0,0,0,0,0.22843684032566672,0.1517162866708316,-0.22265099631532037,0.9999492273408104,0.009486287792185194,-0.0033989828539839587,-0.009673584317780058,0.9981429523549801,-0.0601420687250649,0.00282214580853614,0.060171895499539226,0.9981840403878575,160,162,162,162,162,162,162,162,230201_160459
0,0,0,0,0.22759089202017363,0.1548501878805268,-0.22078600666703707,0.9998101953184556,-0.007167827214955523,0.01811616930504624,0.008173590979959271,0.9983935267067628,-0.056067443677462483,-0.01768518441421761,0.056204875972193424,0.9982626138292396,132,92,162,162,122,67,162,130,230201_160500
0,0,0,0,0.22927168861058408,0.1506280628221561,-0.22055946788949699,0.9999750944330584,-0.002737930535090448,-0.006504940428742379,0.002501714585022482,0.9993469277669558,-0.036048015019999484,0.006599389193823409,0.036030843719402995,0.9993288879859005,138,162,105,147,138,162,123,154,230201_160500
0,0,0,0,0.22566846732540224,0.15445029708550645,-0.21900852100833468,0.9999733288802986,0.007180111937849519,0.0013369819043491092,-0.007071888605738799,0.9976341706420793,-0.06838164928426675,-0.0018248067296645926,0.06837037048201791,0.997658339573499,162,162,162,18,162,162,162,18,230201_160500
0,0,0,0,0.22632428120317397,0.1550742605754154,-0.21829654943449273,0.9991825286713786,-0.000865386292887983,-0.04041689627413854,-0.0018795348748508408,0.9976952707744263,-0.067827826317805,0.040382443543260364,0.06784834398058792,0.996878056972149,138,83,162,162,136,96,162,162,230201_160500
0,0,0,0,0.22691977928906334,0.15159747970771698,-0.22294859088695074,0.9999022155614705,0.009468646781284387,0.010290969021144283,-0.008807320115575354,0.9980053960379032,-0.06251128371430424,-0.01086233987889629,0.06241453522505577,0.997991200043866,162,162,89,136,162,148,110,144,230201_160500
0,0,0,0,0.22838107760562631,0.1526319372932156,-0.2195131761229312,0.9973066264009223,-0.005541421834818136,-0.07313539212214379,0.00037730763187626486,0.9975162269731148,-0.07043603171866634,0.07334405617200387,0.07021872662880357,0.9948316339234832,124,146,154,162,112,154,162,86,230201_160500
0,0,0,0,0.2289476742220181,0.15218831807579616,-0.2222002968540282,0.9999992229896795,-0.0006506053251785924,-0.0010633591810285264,0.0005884533545129507,0.998348850132415,-0.05743889937955471,0.0010989734694663096,0.057438229011659944,0.9983484572559411,152,91,138,146,144,88,162,146,230201_160500
0,0,0,0,0.22939460214165153,0.15206707985752757,-0.22274588165709652,0.9999841090567277,-0.0033320762088086585,-0.004547406091504488,0.0031758192678795196,0.9994185937182521,-0.033946851138347105,0.0046578756960792885,0.03393186995097713,0.9994132940859002,162,162,109,125,114,18,113,136,230201_160501
0,0,0,0,0.2255035798791384,0.1549207730131288,-0.22342519364659297,0.9999968775995222,-0.0014139428707548504,-0.0020604748882632968,0.001241972343026641,0.9966972911341113,-0.0811970895452825,0.0021684777854704663,0.08119427696262654,0.9966959351239525,64,146,162,125,88,144,146,162,230201_160501
0,0,0,0,0.22672844057397157,0.1516959501363906,-0.2222367530958832,0.9996906873771283,0.023707227179930748,0.007516445362173744,-0.02329858042769358,0.9984546998988607,-0.05045184238390098,-0.008700903487436566,0.05026111448540356,0.9986982099959864,146,162,162,162,159,92,158,154,230201_160501
0,0,0,0,0.22966488189250248,0.15175900874691522,-0.22070552191959047,0.9999331198829283,-0.005250423202423342,0.010304795844084483,0.0056544558401597,0.9992004494080626,-0.039578896294330694,-0.010088750683037488,0.03963451726615519,0.9991633110511686,117,157,122,51,148,162,112,37,230201_160501
0,0,0,0,0.22788548373011108,0.15500533998905588,-0.2210554506578587,0.9999833856125118,-0.0019388161163203465,0.0054285809386441855,0.0021977719344922543,0.9988396253699056,-0.048110005086586125,-0.005329005297827451,0.048121136551150585,0.9988272913369765,101,85,162,162,113,97,162,162,230201_160501
0,0,0,0,0.2248290238732839,0.15397061515102434,-0.22394044762119114,0.9996211490135662,0.0013769797465343118,0.027489313770548907,0.0007987704482358798,0.9968757666694154,-0.07898143954776325,-0.027512186582841443,0.0789734750029628,0.9964969994111308,162,125,162,154,162,108,161,162,230201_160501
0,0,0,0,0.22640300087244863,0.1556974683290171,-0.2235179722604097,0.9998088813643103,-0.013337476399983604,0.014293791250916314,0.014033241569028167,0.9986638481571342,-0.049735163768193924,-0.013611351002387247,0.04992624667711015,0.9986601529132051,162,162,162,18,162,162,162,38,230201_160501
0,0,0,0,0.22638662296522605,0.15476418267764114,-0.22481812490643982,0.9997513932156569,-0.014296704270894784,0.01711011427029838,0.015113050742745111,0.9987052626653744,-0.04857359387295003,-0.01639351885957677,0.04882010417315452,0.9986730445786165,125,81,145,162,124,72,144,162,230201_160502
0,0,0,0,0.22561044698039062,0.15417173724176053,-0.22509596142145627,0.999373742446479,-0.003791015463420037,0.03518168714366428,0.005199060143332086,0.9991854603940536,-0.040017315136671346,-0.03500132400559411,0.04017516569819918,0.9985794226695127,162,162,116,159,162,124,140,162,230201_160502
0,0,0,0,0.22568943515321951,0.1552324133912164,-0.22590354767654475,0.9997206589820309,-0.0059305763745694,0.022878642188709886,0.006370355459008642,0.9997954162301549,-0.019197506517648642,-0.022760109311237793,0.019337888949797037,0.9995539122404083,162,162,162,18,162,162,162,18,230201_160502
0,0,0,0,0.22686104288323586,0.1544615411028295,-0.2270549308244978,0.9994864997651309,-0.012795106850690187,0.029377236560384407,0.014074364246534014,0.998942916967237,-0.043760266361659986,-0.028786265098154858,0.04415126138251282,0.9986100425391444,130,44,162,162,134,77,162,162,230201_160502
0,0,0,0,0.22545310725034085,0.15435342615368985,-0.22496539952841,0.9991423017413721,-0.00860446931014261,0.04050461675963429,0.010540388369586056,0.9988000317304575,-0.047826737587419156,-0.04004448880897757,0.04821265106928234,0.9980340571307672,138,162,112,157,162,162,128,146,230201_160502
0,0,0,0,0.22573773688333998,0.15428015340118967,-0.2226147016614518,0.9998109772083352,-0.006980803752558364,-0.018146025258471896,0.00561611739900841,0.9972277297004464,-0.07419780550565269,0.018613679890698343,0.0740818702211437,0.9970784359444668,162,162,162,18,162,162,162,18,230201_160502
0,0,0,0,0.22723942728886526,0.15446848837971233,-0.2224359874116144,0.9997889748715677,-0.00884944499900126,-0.0185389602855459,0.008843655296909302,0.9999608163920902,-0.0003942606430544403,0.018541722850071007,0.00023022526982317782,0.9998280609735238,120,88,162,122,139,92,144,162,230201_160502
0,0,0,0,0.22559491712387825,0.15383535189306133,-0.22472832065529924,0.9996413629196194,-0.014170412709371307,0.022723224767899553,0.015269973428067081,0.9986835544906895,-0.04896923423282196,-0.021999396621555825,0.04929865508803404,0.9985417713620189,146,162,123,162,162,124,131,162,230201_160503
0,0,0,0,0.22646393223197864,0.15460192434117656,-0.22731822617101527,0.9995641388399306,-0.013658830866418661,0.026171906398886502,0.014088025784169405,0.9997681287478436,-0.016285461907477383,-0.025943397516402757,0.0166470741993265,0.9995247946128739,162,162,162,18,162,162,162,18,230201_160503
0,0,0,0,0.22594881031894803,0.1542505320740037,-0.22196729779185131,0.9997929693292865,-0.01792014573089034,-0.00963778276947718,0.017312869971473032,0.9980615748376488,-0.05977756574120747,0.010690323338367887,0.059598332271777216,0.9981651946333052,143,88,158,162,135,87,162,162,230201_160503
0,0,0,0,0.2253680532410166,0.15287219826384676,-0.224697707890413,0.9997120893836159,-0.0032187341897574697,-0.023777680510529035,0.003700246934880719,0.9997884150886813,0.020234456431626968,0.023707520175379214,-0.02031661400623119,0.9995124755011594,162,140,108,147,162,140,121,161,230201_160503
0,0,0,0,0.22858502055771215,0.15063352830042948,-0.2201567870712019,0.9999471313752317,-0.009877400600485208,-0.0028585681419031578,0.009706964616532874,0.9984664087855212,-0.054503260130737134,0.0033925348012584992,0.05447263059852129,0.9985095008177435,162,162,162,18,162,162,162,18,230201_160503
0,0,0,0,0.22828563044907407,0.15259303569478228,-0.21996421642284714,0.999735223825246,-0.012713510552969673,0.019179387177522534,0.013481888318693307,0.999089381840905,-0.04048018997142203,-0.01864727675689046,0.04072804613751643,0.9989962489055564,138,80,128,162,138,93,129,162,230201_160503
0,0,0,0,0.22907427975797923,0.14961473409535184,-0.22253141963289746,0.9995609255845507,-0.004337803762568861,0.029311081574612388,0.005515173861862101,0.9991761346643719,-0.04020739701148552,-0.02911252139251377,0.04035139868310919,0.9987613457290422,162,162,110,148,162,132,114,154,230201_160503
0,0,0,0,0.22676068579373762,0.15402738634538837,-0.2175680287280668,0.9997306927959869,-0.007189863986160728,-0.02206462638513458,0.005434407392145485,0.9968904107697686,-0.07861282421831002,0.022561229974255897,0.07847174504968796,0.9966610136505317,162,162,162,18,162,162,162,18,230201_160504
0,0,0,0,0.22928462495377477,0.15242701729746908,-0.2199314963901674,0.9994365995567108,-0.007398193694394531,-0.03273759607207499,0.007373410809629514,0.9999724308661319,-0.0008776791621513665,0.03274318676534949,0.000635796932563235,0.9994635958766632,134,82,162,162,138,162,162,162,230201_160504
0,0,0,0,0.22858916800516432,0.1502710450205387,-0.22388480107481623,0.9997930863619928,0.002776908998727174,-0.020151258997208064,-0.00286771517488963,0.9999858584873577,-0.004478731402790162,0.020138536998388926,0.004535592763401383,0.9997869111594976,162,162,93,142,162,162,120,152,230201_160504
0,0,0,0,0.23020390063314117,0.15144231111191464,-0.22226198029272926,0.9995031715644598,-0.004540044904503951,-0.0311897102399434,0.004582184787132753,0.9999886828606942,0.001279739469948155,0.031183547186988063,-0.0014220206747659503,0.9995126633725244,162,162,162,18,162,162,162,18,230201_160504
0,0,0,0,0.22696335933482048,0.15320653268642415,-0.21850777964336332,0.9989611255619897,-0.005241767376373302,-0.04526801840919145,0.002738116525328765,0.9984719405729813,-0.055193175359978794,0.045488155972919234,0.05501188747166957,0.9974490061667252,154,95,162,138,149,96,152,162,230201_160504
0,0,0,0,0.2268483898937016,0.1526317843292138,-0.21772332611897027,0.9995310125801183,-0.0029640357378142037,-0.03047899904372664,0.0005943986896065436,0.9969950140370282,-0.07746346671498053,0.030617014563153033,0.07740902064649874,0.9965291977367193,162,150,108,132,114,18,162,122,230201_160504
0,0,0,0,0.22877984046347905,0.15154843295875078,-0.22251686836116003,0.9999732557965018,-0.00565711527590779,-0.004635163265598596,0.0053375663221373205,0.9977874140935535,-0.06627055652592696,0.004999807746348791,0.06624404368133323,0.9977909242918804,88,146,146,39,63,153,162,117,230201_160504
0,0,0,0,0.2267919512200573,0.15134535924343237,-0.2152602413879957,0.9999575366914074,0.0038953206050433924,0.00835172386021541,-0.0034556277118654973,0.9986395433033496,-0.052030002767578624,-0.008543035243422217,0.05199893295310179,0.9986105985420786,146,136,156,162,146,119,162,162,230201_160505
0,0,0,0,0.22869182879785593,0.15011014984690663,-0.2210361917929924,0.9999483309256804,0.003921155280979042,-0.009378700347498504,-0.004168760086353131,0.9996393631378765,-0.02652857147762368,0.009271295394288087,0.02656629832256295,0.9996040590529573,162,162,114,122,162,162,134,128,230201_160505
0,0,0,0,0.23092350699419867,0.1510460482980919,-0.22497889255043435,0.9999708871121031,-0.0045398399174086885,0.006133089087759024,0.004549071981609589,0.9999885396099333,-0.001492177234600273,-0.006126244554392275,0.0015200336567415796,0.9999800791142502,64,125,162,162,103,127,162,162,230201_160505
0,0,0,0,0.22756924193430295,0.15354852883245132,-0.2240915294887167,0.9996061052776017,-0.004260215612276052,-0.027739590023695776,0.004851750759865013,0.99976152051746,0.021292313335584238,0.02764226485492728,-0.021418511982709495,0.9993883892352045,162,108,156,162,162,162,144,162,230201_160505
0,0,0,0,0.22848802547441338,0.153378975337681,-0.22303957942188501,0.9998851936335831,-0.012838103670365197,0.008048766767675925,0.013378951678169316,0.9973725884130618,-0.0711963730412128,-0.007113592926552864,0.07129588330597546,0.9974298440588673,145,161,127,79,160,162,138,18,230201_160505
0,0,0,0,0.22842732311512604,0.15322922720374188,-0.22385608005860702,0.9999230972431709,-0.004141841649576525,-0.011689514419895944,0.004311246775842821,0.9998855132315813,0.014504260782736969,0.01162810177375938,-0.014553541746450996,0.9998264757805593,33,82,162,160,124,93,162,162,230201_160505
0,0,0,0,0.23079537795854282,0.14990223148299303,-0.21780695124094984,0.9992359346403433,-0.00689751378519624,-0.03847039416256465,0.007695188599459839,0.9997576593948393,0.02062538614838484,0.03831880733867904,-0.02090566394387583,0.9990468568686891,146,162,120,146,162,101,77,154,230201_160505
0,0,0,0,0.22950274948830668,0.1482933481308735,-0.22121556612103332,0.999310857019073,0.002032247450189619,-0.037063202966101695,-0.001798717131342063,0.9999783278456253,0.006333123695959815,0.037075270201128246,-0.00626209305009987,0.9992928552382155,162,162,162,18,162,162,162,18,230201_160506
0,0,0,0,0.2291881798820511,0.15028381787425513,-0.21802678495615802,0.9993965542706125,-0.007298221628025299,-0.03395973016815618,0.005587086309533895,0.998722953330225,-0.05021202005421692,0.034282820458584995,0.049991983881653365,0.998161054023338,114,18,153,161,106,18,162,106,230201_160506
0,0,0,0,0.22580288111237878,0.15216664401252633,-0.2155872937087926,0.9992403681716385,-0.004962779367178482,-0.03865303917106399,0.001250667707812897,0.995431071675716,-0.09547469493441474,0.038950256051683854,0.09535382720943941,0.9946811173386276,154,162,116,159,162,128,162,138,230201_160506
0,0,0,0,0.23017906931510862,0.15013096473958765,-0.22420902759194572,0.9998995399383791,-0.011911859331126266,-0.0076822938172012726,0.011167633768858369,0.9958289314179508,-0.09055398007259462,0.008728916715320624,0.09045908997032118,0.9958619176646522,162,162,162,18,162,162,162,18,230201_160506
0,0,0,0,0.22799856915645886,0.15319279753849063,-0.22492410383639516,0.9995540641171976,-0.018592044457762132,0.023366830972000388,0.020527601078312547,0.9961245079811651,-0.08552533071114354,-0.021686182254216545,0.08596685688194854,0.9960619503911768,140,92,162,138,121,73,162,130,230201_160506
0,0,0,0,0.22535836655575245,0.15170286401771563,-0.22412651589580512,0.9999782730087562,-0.006057834818712034,0.0025992590742262654,0.0061732508532671895,0.998877299962431,-0.04696839994790498,-0.002311814077382375,0.04698342534418838,0.9988929938980445,162,140,109,153,138,162,131,156,230201_160506
0,0,0,0,0.230428734739784,0.15063144544907817,-0.2247772164827906,0.9998556751607113,-0.007037650250056646,0.015462869328708256,0.0075085898878033686,0.9995031331350974,-0.030612218655631875,-0.015239748253025908,0.03072390489637207,0.9994117228355405,162,162,162,18,162,162,162,18,230201_160506
0,0,0,0,0.2287274793489053,0.1543539856203877,-0.2081377086068369,0.9995682931211762,-0.01887168580936338,-0.02251858924378948,0.016550333058434286,0.9949340712268315,-0.0991578559049027,0.024275787576775655,0.09874235862442834,0.9948168840298259,162,103,162,162,137,91,162,130,230201_160507
0,0,0,0,0.22683869577092694,0.15043351593169962,-0.21467693898222107,0.9996489972084273,-0.0035664952837221047,-0.026251904532376705,0.002737790747148224,0.9994988692389168,-0.03153593017420635,0.026351221641712597,0.03145298875335662,0.9991578066634271,130,162,87,136,162,155,119,142,230201_160507
0,0,0,0,0.22834782954633995,0.15044987439038454,-0.21541843394788773,0.9989274824546402,-0.0017553387732043696,-0.04626881868630674,-0.000146958001499664,0.9991559079800084,-0.041078582643404,0.04630187037454142,0.04104132471590633,0.9980840377770714,108,162,162,110,162,162,162,60,230201_160507
0,0,0,0,0.22865567173498016,0.15287725703996313,-0.21651748857965492,0.9993204962705667,-0.003035839074282077,-0.03673321949766728,0.003511892617489734,0.9999105961825587,0.012902180129058936,0.036690766465038056,-0.013022416171913928,0.9992418147441856,151,89,162,146,154,162,162,162,230201_160507
0,0,0,0,0.2269029746093374,0.1523091890293103,-0.22315606748910488,0.9997747026452473,-0.016125245262230938,-0.013802913309913659,0.015234591515683859,0.9979371163059573,-0.06236520761049699,0.01478009377366556,0.062140875148190805,0.997957945238104,162,162,108,124,162,161,113,127,230201_160507
0,0,0,0,0.22702849562551122,0.15254452515524647,-0.22035300411638137,0.9991728869444209,-0.008751747918660853,-0.039710815951322934,0.005656670735463798,0.9969845649704594,-0.07739366438446356,0.040268400407045934,0.07710502006375883,0.9962094517768967,108,132,162,121,96,140,138,162,230201_160507
0,0,0,0,0.22914538591836303,0.15014122592155188,-0.21751471702860203,0.9997848909294996,-0.00986893066077326,-0.018242151098516752,0.008174299601197522,0.9958408186893879,-0.09074273887247478,0.019061812482503566,0.09057410247781167,0.9957072758924786,154,162,162,162,138,162,162,162,230201_160507
0,0,0,0,0.22862287475915927,0.15045338616756004,-0.22313369567160446,0.9994108936680659,-0.00866641291503708,-0.03320781391154787,0.006414314010990847,0.9977098412480057,-0.06733445813733636,0.033715310963512185,0.06708178563564308,0.997177673156879,162,159,117,40,162,162,138,18,230201_160508
0,0,0,0,0.22806832971124677,0.1520458655518095,-0.219618640680049,0.9994641679235232,-0.007371276530080511,-0.0318910852630893,0.005023687145378555,0.997313706547093,-0.07307621569816836,0.03234408144322391,0.07287684828268137,0.9968163448599632,120,94,162,160,18,82,162,158,230201_160508
