0,0,0,0,0,0,0,1,0,0,0,1,0,0,0,1,150,150,150,140,150,150,140,140,221208_153323
0,0,0,0,-1.4960700597199672e-05,-0.00012403839286620477,0.0005216844814325272,0.999994481286434,-0.0006838911609216915,-0.003251105897395575,0.0006830440779436889,0.9999997324935722,-0.00026165544405904503,0.0032512839715492514,0.00025943335142762625,0.9999946809092899,90,120,150,110,110,140,120,120,221208_153323
0,0,0,0,0.00018608332268789385,7.939822128577578e-05,-9.410931219033802e-05,0.9999987573684298,0.0015676889789612988,0.00016617118094853437,-0.0015689592828453745,0.9999672312547203,0.007941963456111376,-0.00015371520714598292,-0.007942214302993581,0.9999684483040455,150,100,120,150,150,110,150,150,221208_153323
0,0,0,0,8.551095288286681e-06,-0.00027794283012105847,0.0005511655591659004,0.9999838117295989,0.0014463767113784564,-0.0055031148589765695,-0.0014184616525286554,0.9999861256214427,0.0050731184843646705,0.005510376147107644,-0.005065230401953748,0.9999719892055439,70,120,140,100,110,140,70,70,221208_153323
0,0,0,0,-9.018450150913293e-05,-0.0003483971454121271,0.0006490402562326913,0.9999751704567275,0.0024834416753911357,-0.006594769706613603,-0.002438568837705921,0.9999738815051444,0.0068036526631190765,0.006611493935723427,-0.006787401931632256,0.9999551086538617,80,130,130,80,70,130,120,120,221208_153323
0,0,0,0,-0.0006925191851067936,-0.001460395276577181,0.000329658407302591,0.9999653938090934,0.002296862792366219,-0.007995974333223268,-0.0022338113805037262,0.9999664145959336,0.007885414819154881,0.008013817501094837,-0.007867280436520413,0.9999369403255349,150,70,70,150,150,100,150,150,221208_153324
0,0,0,0,-0.00047160684945968256,0.00012072212620042877,-8.707948917829889e-06,0.9999832338920663,-0.005786320068951431,0.00022457698961543283,0.005785490484189229,0.9999770198479594,0.0035338188763467107,-0.0002450196358863021,-0.0035324603399216788,0.9999937308250112,80,100,120,90,70,120,70,70,221208_153324
0,0,0,0,-0.0017036119847429337,-0.0009165396211753551,0.0005907057897854839,0.9999409612745507,0.006939063301454264,-0.008362019243301213,-0.006912718375175747,0.9999710653475701,0.003175341290595549,0.008383811185399957,-0.0031173495384159873,0.9999599961207762,80,150,150,70,100,150,70,70,221208_153324
0,0,0,0,0.00015415302949206566,-0.0011597400694297044,-0.0003175910152644068,0.9999372428966775,-0.01080181740224186,-0.002971701364410957,0.010893212751683697,0.9994064094312824,0.0326828197011462,0.002616903539905827,-0.03271313999725044,0.9994613560750526,150,110,120,150,150,110,150,150,221208_153324
0,0,0,0,-0.000262330879437625,-0.0010668684612283597,0.0006466285635396973,0.9998475080704863,-0.008739761798857222,-0.015118768763975323,0.00886396740455702,0.9999273549822896,0.008167915277077165,0.015046284826835812,-0.0083006820094371,0.9998523430942631,150,150,140,150,100,70,110,110,221208_153324
0,0,0,0,3.2457957569551055e-05,0.00028621384853838583,0.00028710949875587755,0.9999456362775069,-0.006875550631090875,-0.00783908751648095,0.006912856409404088,0.9999648631545746,0.004741821645363109,0.007806209440868305,-0.0047957543486690825,0.9999580310364994,90,150,150,70,90,150,70,70,221208_153324
0,0,0,0,0.000611960399374889,0.0005234696880854484,-0.00010734880197493801,0.9999252125881508,-0.007523112321332096,-0.009642199517860566,0.007593444884203466,0.9999446799115114,0.007278510249747302,0.009586909060389202,-0.007351183419404927,0.9999270229756779,150,120,70,140,150,100,130,130,221208_153324
0,0,0,0,-6.141514094837319e-05,-0.0016590991297085744,-0.0007439964855857628,0.999960280797226,-0.008837063071899257,-0.0011589409800108314,0.008861503625452568,0.9996933473429653,0.023123257376806605,0.0009542439038133575,-0.023132608899153924,0.9997319499866405,150,120,70,140,150,120,150,150,221208_153325
0,0,0,0,-9.501355940701173e-05,0.0006761566080521475,-0.00011610133611272833,0.9999991312288511,-0.0005509877767882477,-0.0011974781892190134,0.0005467935192612471,0.9999937251918916,-0.003500084811979352,0.0011993991792222615,0.00349942699789343,0.9999931577027391,90,150,150,70,90,150,70,70,221208_153325
0,0,0,0,-0.000446510899972441,-0.0003923407156034564,-8.49231099078196e-05,0.9999998060723505,0.00012353875293052858,0.0006104043231204048,-0.0001235805264645178,0.9999999900247425,6.839859904529738e-05,-0.0006103958671538987,-6.847401986850834e-05,0.9999998113640792,130,90,70,120,110,70,120,120,221208_153325
0,0,0,0,-3.4092700184479297e-06,-0.0008164093164826081,2.0364160875474546e-05,0.9999821715046814,-0.0019003325567486192,-0.005660866449249487,0.0019469192183260977,0.9999641924812364,0.008235487897305434,0.0056450135818959385,-0.008246362320630309,0.9999500644182874,150,90,90,150,150,80,150,150,221208_153325
0,0,0,0,0.00021218804377849676,-0.000324692481868033,-0.0005508806891181273,0.9999710168143238,-0.006315419632996373,-0.004252176641007292,0.006356767679014511,0.9999319525204553,0.00978170911985019,0.004190111693284558,-0.009808455713795435,0.9999431169624141,80,110,150,110,140,150,70,70,221208_153325
0,0,0,0,0.00020317967667983494,-0.000301691641745927,-0.0005139504241985504,0.9999661376958666,-0.006590030263291304,-0.004928992061268847,0.006630205224184187,0.9999445681125122,0.008179308098315345,0.0048748169500348465,-0.008211711357011394,0.9999544009385093,130,90,70,120,140,100,120,120,221208_153325
0,0,0,0,0.00020486486925845593,-0.00026104335449114724,-0.0005968250057161173,0.9999718695994306,-0.007419579006792643,-0.0010999350803886632,0.007429470503688598,0.9999293454183994,0.009279393254263517,0.0010310081735506143,-0.009287304156449636,0.9999563405487519,150,110,100,150,150,90,150,150,221208_153325
0,0,0,0,0.0002442269823744597,-0.0002620566789962864,-0.0005639042599261401,0.9999623040161727,-0.006410683879429057,-0.00585608050363297,0.006464200167905292,0.9999370988362231,0.0091658325964811,0.005796952894086339,-0.009203341957978539,0.999940845167327,110,130,150,130,80,130,70,70,221208_153326
0,0,0,0,0.0001892371955982547,-0.00037362676291763375,-0.0003057957773148212,0.9999641685224594,-0.007057254645688273,-0.004675128666838749,0.007089743297013499,0.9999505794653023,0.006969516983942435,0.004625711963367149,-0.007002412717979311,0.999964783882392,90,70,70,100,70,70,100,100,221208_153326
0,0,0,0,0.00023080098123830217,-0.00027373274720382534,-0.0005322407070670332,0.9999679121607915,-0.00634542638797272,-0.004889807025140228,0.006392030694925006,0.999933728821473,0.009574962599437466,0.00482872575152358,-0.009605911156174004,0.9999422032690071,150,70,70,150,150,90,150,150,221208_153326
0,0,0,0,0.000266223348389924,-0.00016478220472498917,-0.000796239090261941,0.9999626352293637,-0.006607605379199725,-0.005573840354657597,0.006658084367001106,0.9999365461575189,0.009087000117416226,0.005513443362213039,-0.009123771683070499,0.9999431777518996,90,120,130,80,120,150,70,70,221208_153326
0,0,0,0,0.00023537667618868385,-0.0007587552228682792,0.00019599316904872488,0.9999621974500285,-0.006410213943915605,-0.005874761961527284,0.0065061270790856855,0.9998434349200669,0.016455271425081484,0.005768360368611219,-0.016492871321742163,0.9998473439551772,120,120,70,70,90,90,80,80,221208_153326
0,0,0,0,-0.0006662209367554878,-0.0009443203388664889,-0.0008565765351222776,0.9999542626538105,-0.007643713051224853,0.0057485868928513605,0.007552097797988448,0.9998467565658091,0.015793327821614342,-0.005868425625646502,-0.015749191586297347,0.9998587522970704,150,80,80,150,150,70,150,150,221208_153326
0,0,0,0,-0.0008273645511416017,0.0004823126838087721,-0.0004977074192465958,0.9999857623878027,-0.004936117770225079,-0.0020272550513893497,0.0049261740129705025,0.9999759536340354,-0.004881082184806796,0.0020512998997828536,0.004871026078699559,0.9999860325392859,70,110,110,70,70,120,100,100,221208_153326
0,0,0,0,0.0002580789688580304,0.0007153772929600621,0.000277527964333224,0.9999472306380698,0.0002997399909395657,-0.010268694911881185,-0.0003442477586235713,0.9999905540263283,-0.004332822590131659,0.01026729919385551,0.00433612892505565,0.9999378883476759,150,150,150,90,90,140,70,70,221208_153326
0,0,0,0,0.0013019557370794466,0.0014476099561919475,-0.0001656052754900328,0.9999497247845895,-0.006150905580079112,-0.007919233786761857,0.006165936883120832,0.9999792324681945,0.0018750612450386,0.007907535999147241,-0.0019237964716226446,0.9999668843924573,150,80,110,150,150,70,150,150,221208_153327
0,0,0,0,0.0016492408689629534,0.00028562672208143347,-0.0005232923123101862,0.9999475268788993,-0.00880266420326605,-0.0052399037870492216,0.008853124680437698,0.9999138978158731,0.009686027981589199,0.005154189768103175,-0.00973190924701018,0.9999393602965343,140,120,90,90,80,70,110,110,221208_153327
0,0,0,0,0.0014725842086121266,0.0015655317046846806,0.0005165895594521075,0.999908094217064,-0.009011817831736305,-0.010128684937621427,0.008911117327421036,0.9999108539119586,-0.009943652097433154,0.010217392386266478,0.00985248031845034,0.9998992616880961,110,150,150,70,110,150,80,80,221208_153327
0,0,0,0,0.0018081436726550132,0.0022423933723055567,-0.0002312016016684515,0.9998647691411802,-0.016273748744306937,-0.0023682339542374906,0.01626894594445242,0.9998655844350228,-0.0020333372242069946,0.002401005645831731,0.0019945335840827884,0.9999951284919695,150,70,70,150,150,110,150,150,221208_153327
0,0,0,0,0.00046783278546955187,-9.280105318879017e-05,-0.00024165164612077739,0.9999226205051367,-0.011914430995975259,0.003577615991462283,0.011877304800620875,0.9998771796811771,0.010225222906501834,-0.0036990043002636044,-0.010181939248328276,0.9999413210185536,110,70,70,120,150,140,150,150,221208_153327
0,0,0,0,0.0004541233413444673,0.0013813761201600383,-6.495452355415043e-05,0.9998998116243673,-0.012444733331301564,0.006745022302987352,0.012421161214468722,0.9999166395375795,0.003525440392180102,-0.006788333200365217,-0.003441306174613143,0.999971037552675,90,150,150,70,80,150,70,70,221208_153327
0,0,0,0,0.0007752146469811871,0.0013484741425563718,3.285945317776928e-05,0.9999481764742624,-0.010027093995984216,-0.001761179091814265,0.010040288910184905,0.9999203300102056,0.007650243844568343,0.0016843290645723104,-0.007667530128863911,0.9999691855338969,150,90,110,150,150,90,150,150,221208_153327
0,0,0,0,0.0015600285328725844,0.0008710000964034514,-0.001178737180474898,0.9998452649809005,-0.017195725437009094,-0.0037085201857042036,0.01727235405299629,0.9996146882920206,0.02172879969797239,0.003333448775775281,-0.021789492365396193,0.9997570235520817,130,70,120,150,130,70,150,150,221208_153328
0,0,0,0,0.0012052523476075716,0.0015938010871027197,-0.000150657650688224,0.9998346176675666,-0.01756878883051331,-0.004698401066349491,0.017616494014721387,0.9997916335671464,0.010312545164318744,0.004516243148982148,-0.01039360900581022,0.9999357861581181,90,150,150,70,90,150,70,70,221208_153328
0,0,0,0,0.001083711230435755,0.0005693193996526014,0.0007703204865887603,0.9997742741644047,-0.013750678487009147,-0.016196282295185452,0.013802376372717095,0.9998999850987129,0.003084510667888046,0.016152248311126594,-0.0033073615982168324,0.999864073878922,150,110,120,150,140,70,150,150,221208_153328
0,0,0,0,0.0019275855025970706,6.612866275998441e-05,3.437889863677768e-05,0.9998348640822081,-0.01814203461604006,0.001054108961804741,0.018121396829808383,0.9996898938903525,0.01708013555076545,-0.0013636504865840754,-0.017058213080106507,0.9998535681907947,140,70,120,150,140,70,150,150,221208_153328
0,0,0,0,0.0017047446171303826,0.0014859177079904196,-5.3511448280141316e-05,0.9999141391869154,-0.005623737700292759,-0.011835870410228619,0.005603839957241268,0.9999828300730107,-0.001713632663913248,0.011845304209814347,0.0016471592064860362,0.9999284852601837,80,100,140,110,90,120,110,110,221208_153328
0,0,0,0,0.001401597958224643,0.00010660501323855875,0.000232050739555123,0.9998636884267401,-0.012699566491299542,-0.01055109362139063,0.012741359050840007,0.9999112073226532,0.003903234567960354,0.010500587374612078,-0.004037137784124625,0.9999367175893185,130,70,90,130,140,90,130,130,221208_153328
0,0,0,0,0.0025363765805902633,0.0006562459548027366,0.00015482353082829636,0.9998197214014818,-0.018967364954590945,-0.0008739355482485183,0.018973697315101918,0.9997886173940645,0.00791955424636329,0.0007235377378064562,-0.00793470830878794,0.9999682579448192,150,80,70,150,150,70,150,150,221208_153328
0,0,0,0,0.0011812610443087124,0.000420436720030698,-0.0003141027489359516,0.999913224221899,-0.012871376886518604,-0.0028056520118868214,0.01289545461572937,0.9998786549700529,0.008739713126380496,0.0026928194184297153,-0.008775134889160492,0.9999578719782434,70,130,130,80,70,140,90,90,221208_153328
0,0,0,0,0.0014774434840586492,0.0014165783629787043,3.103319531316817e-05,0.9999442326365492,-0.00632743993290714,-0.008455478744405626,0.006316210105479134,0.9999791356563487,-0.001354157260339152,0.008463870675115875,0.0013006751622670677,0.9999633348964938,150,140,150,150,150,130,150,150,221208_153329
0,0,0,0,0.002414726250339602,0.0018212936585322026,0.00036772249177352556,0.9997390651980863,-0.02076319597637527,-0.009523193251370847,0.020736338507091168,0.9997807430270782,-0.002910350072218003,0.009581533393755335,0.002712114501669704,0.9999504180971945,150,100,110,150,150,70,150,150,221208_153329
0,0,0,0,0.0014078537464189689,0.001770381967703738,0.00035520409443667855,0.9997953230430977,-0.02014021178240583,-0.0019193463750958872,0.02014803109324258,0.999788412953647,0.004145620182088664,0.001835446597828793,-0.00418344271960925,0.9999895649169537,110,130,150,130,70,140,110,110,221208_153329
0,0,0,0,0.001690733788514226,0.0025132417086562997,-0.0002500916825970423,0.999793589886619,-0.020082896219068714,-0.0030748822873585932,0.020093679532646055,0.9997919153190166,0.0035171160874390224,0.0030036085740843153,-0.003578175818391215,0.9999890874371311,150,150,90,90,80,70,90,90,221208_153329
0,0,0,0,0.002379155971704891,0.0019896092557563083,0.0005849581351127231,0.9996060342453917,-0.024383634398721186,-0.013900168118068995,0.024345429380992486,0.9996993673856156,-0.0029111710797060306,0.013966974205466973,0.0025716186166924566,0.9998991501192679,150,90,100,150,150,70,150,150,221208_153329
0,0,0,0,0.0015386339097007012,0.0023844181363109618,0.0001503481943075924,0.999829448262157,-0.01306183872225443,-0.013056138670554102,0.013014440594309317,0.9999084306347369,-0.003708730455941326,0.013103385967303047,0.0035381795843980714,0.9999078870383113,150,150,120,70,70,130,70,70,221208_153329
0,0,0,0,0.0010547257140476884,0.0018883967600899776,0.00048269605310358177,0.9997995135342441,-0.008490685163792637,-0.01813397369962163,0.008473198380079315,0.9999635600260387,-0.0010409271170538352,0.018142151082521558,0.0008870656686790686,0.9998350241257797,70,130,140,100,100,130,100,100,221208_153329
0,0,0,0,0.0019024161275128654,0.0005584001953665152,0.00022011724980430802,0.9997744182192243,-0.018161076704192237,-0.011013081646637675,0.018265222912589356,0.9997886974540586,0.009430910617341755,0.010839479063335159,-0.00962993956696023,0.9998948794536215,150,80,70,150,150,100,150,150,221208_153330
0,0,0,0,0.0014457259758208357,0.0016055871636798669,0.0004967705348901674,0.9997941483445181,-0.02023396386539157,-0.0014992139121859413,0.020239094048596962,0.9997890785145798,0.003489635376212902,0.0014282885396549624,-0.0035192597603613735,0.9999927873752823,140,120,140,140,80,80,150,150,221208_153330
0,0,0,0,0.0004492804290086444,0.0018483816399348374,-7.993461949307168e-05,0.999936371988516,-0.010648156451000743,0.003724075541688045,0.010658071161529906,0.9999396825509774,-0.0026526927765660718,-0.0036956046272500864,0.0026922154531337623,0.9999895471865659,110,150,150,100,70,150,70,70,221208_153330
0,0,0,0,0.0019157299976435005,0.001453198665708616,0.0005277030224322132,0.9998234636966297,-0.014292518309284026,-0.012196940684157054,0.014291215382717458,0.999897856550756,-0.00019397960879068423,0.012198467303675627,1.9636258020256602e-05,0.9999255957369321,150,70,70,150,150,110,150,150,221208_153330
0,0,0,0,0.003493758585441653,0.0019381509482459813,-0.001277763201621429,0.999754127209038,-0.018296068803092872,-0.012527529478987083,0.018445391975169735,0.9997589348141168,0.011909650466099198,0.012306609743416038,-0.012137797398820155,0.9998505994552028,120,70,110,130,120,80,140,140,221208_153330
0,0,0,0,0.001488927382316499,0.00047423479444891337,-0.00021572832633520722,0.9999334084150536,-0.011426545532264522,-0.0016164135154548482,0.01143744067287683,0.9999107849025933,0.00689979610816424,0.00153742847257233,-0.006917824273491427,0.9999748896952427,90,150,150,70,90,150,70,70,221208_153330
0,0,0,0,0.003313790534366187,-0.001045289873118721,0.0004076460142264926,0.9998107224833246,-0.012908251108212919,-0.014556656920459673,0.013087988798906462,0.9998384413760475,0.012320539595193242,0.0143952685481148,-0.012508724956778823,0.9998181374847045,150,70,120,150,150,80,150,150,221208_153330
0,0,0,0,0.002727578586100843,-0.0008710349103117354,0.0005712456049433712,0.9999051215227037,-0.013761726032303754,0.000602369720363867,0.013740992915758076,0.999555973870576,0.026439368625846678,-0.0009659535999644078,-0.026428582940750497,0.9996502373017208,150,130,120,150,140,90,140,140,221208_153330
0,0,0,0,0.0021079279149619906,-4.93708527441461e-05,0.0005965193099471966,0.9999210925934308,-0.004321792919589125,-0.011795367426242102,0.0043679547984542015,0.9999828919232725,0.003890608133387125,0.011778351227507354,-0.003941822767338183,0.9999228632627781,90,150,150,70,90,150,70,70,221208_153331
0,0,0,0,0.0028152326801293287,0.00031371530975529693,0.0007484142290458129,0.9999666981648152,-0.006571237674198831,-0.004839565764262089,0.006612280697599707,0.9999418920289479,0.00851412412075568,0.004783336213729642,-0.008545841152085221,0.9999520429968978,150,80,100,150,150,110,150,150,221208_153331
0,0,0,0,0.0023806672817399677,-0.0010477643473647547,-0.0003354104073653996,0.9999772137742147,-0.006740369513636892,-0.00037329770761524887,0.00674824412572436,0.99957518096086,0.0283534620158526,0.0001820263126640709,-0.028355335051527635,0.9995978900740723,140,100,120,150,130,70,140,140,221208_153331
0,0,0,0,0.0024830373452640747,8.13678206962043e-05,0.0002498681093866528,0.9999800183802929,-0.005008012826061873,-0.0038578034792032846,0.005038105450786667,0.9999566483648771,0.00783063754421327,0.0038184203038568176,-0.00784991709612821,0.9999618985081217,90,150,150,70,90,150,70,70,221208_153331
0,0,0,0,0.0032775512369333654,0.0005405687430812822,0.00023716546800200966,0.9998834215641548,-0.009147561024205301,-0.012225604625834623,0.009185635615747052,0.9999531235924969,0.0030618157918059488,0.012197023386609792,-0.0031737587993852776,0.9999205767837713,140,70,150,150,140,70,140,140,221208_153331
0,0,0,0,0.0032511224709273756,-0.0014057295152764826,-0.00032331334618207475,0.9998648266231648,-0.01496232733141066,-0.0068159550069147165,0.015104897134894208,0.9996575394001271,0.021369277082499992,0.006493886692330396,-0.021469342824411368,0.9997484167300866,150,130,70,150,150,100,150,150,221208_153331
0,0,0,0,0.0020555333280839333,-0.0008002572142464803,-8.639861901316159e-05,0.9999207323048022,-0.010925316073686443,-0.0062583205189611565,0.010962755638917457,0.999922027966304,0.005979630135318607,0.006192503195750689,-0.0060477645823790475,0.9999625380221635,130,140,150,110,70,130,70,70,221208_153331
0,0,0,0,0.002153063159805582,-0.0007779286051467216,7.783457794718895e-05,0.9999497760359967,-0.00962055773180717,-0.0028089632410394257,0.009640828518511228,0.9999269205370995,0.007294382130787979,0.002738581939107363,-0.007321096510923845,0.9999694503907809,130,70,110,140,140,90,150,150,221208_153332
0,0,0,0,0.0039047716134931465,-0.0010915426901923486,9.919640018662967e-05,0.9997762814782049,-0.02019959067242109,-0.006274036203268734,0.02025576225579989,0.999754120255829,0.009022368144229373,0.00609024540144284,-0.009147435059082545,0.9999396148482117,150,80,70,150,150,70,150,150,221208_153332
0,0,0,0,0.002266375164986456,-0.0010274206679775355,-0.0009004956408313891,0.999853949415029,-0.014164524228624858,-0.009562745031892592,0.014256772317996828,0.999851815784943,0.009648363313248745,0.009424663508109176,-0.009783288042797725,0.9999077272392842,90,120,130,70,70,140,70,70,221208_153332
0,0,0,0,0.0018724636366620473,0.0002819835723472941,-0.0009384968939980531,0.9999458029417734,-0.009888147564012338,-0.0032581769265419796,0.009869560554249378,0.9999352065268933,-0.005672259028374344,0.0033140539522367846,0.005639794834148525,0.9999786046514347,110,80,70,110,110,80,100,100,221208_153332
0,0,0,0,0.0037988262065594552,-0.0010926681567415275,-5.33037634875555e-06,0.999630474667851,-0.02185199273339296,-0.016168009429343023,0.022054751757058122,0.9996789850666651,0.012470554960301304,0.015890312780500036,-0.012822528208707148,0.9997915186327971,150,80,70,150,150,80,150,150,221208_153332
0,0,0,0,0.0017784319605471527,0.0007455329346201245,-0.001754571956505302,0.9998787972161712,-0.015556166947630994,-0.0006297201283997939,0.015556365239031525,0.999878943992774,0.0003112241089520191,0.0006248024427983847,-0.0003209825440391547,0.9999997532960266,120,140,150,120,80,130,70,70,221208_153332
0,0,0,0,0.0017843060331557692,0.00012581584145329727,-0.00075910767183196,0.9999462718473019,-0.009874875612885976,0.003152816250939713,0.00989025596675784,0.9999390818772848,-0.0049005480636375815,-0.0031042318847290316,0.00493146692598091,0.9999830220450564,90,90,70,80,90,90,120,120,221208_153332
0,0,0,0,0.0029426112965736106,-0.0012245251810724112,7.5532823548774e-05,0.9996736590825192,-0.02545131164787924,-0.0021922755233922996,0.02548761190119719,0.9995033958076691,0.018529528016455386,0.0017195860379417265,-0.018579356941002476,0.9998259101061129,150,70,70,150,150,70,150,150,221208_153332
0,0,0,0,0.0020046564051309362,0.0007549888207430966,-0.0003951546595984956,0.9997997501818922,-0.019767999946302437,0.0031121880325325714,0.019793387641256807,0.9997692250023054,-0.00834976310877898,-0.0029464117006605594,0.008409691814375612,0.9999602970826779,90,90,150,140,120,130,130,130,221208_153333
0,0,0,0,0.001212562574248205,0.00019567822167154691,-0.00012438898744349114,0.9998791119786886,-0.010461981341915843,-0.011502537768230861,0.010402793721586248,0.9999324026336898,-0.005193461851390418,0.011556094127961027,0.005073175496385722,0.9999203566179101,90,150,150,90,140,150,100,100,221208_153333
0,0,0,0,0.0024548506981662693,-0.00030130962830082764,0.000666191721661491,0.9997157245618862,-0.023435578223667625,-0.004386768403372032,0.023464314890259165,0.9997027690997138,0.0066181100848535495,0.004230365283663726,-0.006719161233877093,0.9999684779441199,150,100,100,150,150,100,150,150,221208_153333
0,0,0,0,0.0022636156985932077,0.0001469645767022132,4.723531675387971e-05,0.9996250302584242,-0.027382312991458914,8.84086094247019e-05,0.027380728309135818,0.9995930250301447,0.008005000209007306,-0.00030756805055324646,-0.007999577884032626,0.9999679555643629,100,70,70,110,140,120,110,110,221208_153333
0,0,0,0,0.0019526495416072043,0.0004323447995463192,-0.00014518663631490902,0.9998181860154808,-0.01881841066549173,-0.003076090495740954,0.018831295186772845,0.9998137918790849,0.0042147229986126,0.0029962033144808075,-0.004271883471176935,0.9999863867959938,70,150,150,70,80,150,80,80,221208_153333
0,0,0,0,0.0018061154987877442,-0.0003972818399778366,0.0004458932861136633,0.9997919369822625,-0.019841538060643354,-0.004732453131752674,0.019862618563870144,0.9997928161788086,0.0044498428099860755,0.004643180918551047,-0.0045429158736899925,0.9999789011705809,150,70,120,150,150,70,150,150,221208_153333
0,0,0,0,0.003501798798385816,-0.0008710109162369251,0.0005825622243025297,0.99962420508789,-0.023071934106554778,-0.014803190838011066,0.023232516150613534,0.9996720845873339,0.010769098853884279,0.014549872704434882,-0.0111089672515518,0.9998324319859248,120,80,130,140,110,70,150,150,221208_153333
0,0,0,0,0.002940008186929133,-0.00035395656724707125,-0.0001780076283882659,0.9995468928092612,-0.02684508236540075,-0.013614353754236632,0.02702544287131655,0.9995470411450679,0.013241524676156418,0.013252717191574597,-0.01360345878572424,0.9998196394330856,80,150,150,80,90,150,70,70,221208_153334
0,0,0,0,0.003547038805489802,0.00028133807888011675,-0.00026385303227549617,0.9995810634194245,-0.025834368268404042,-0.013049255513795405,0.02590881076565233,0.9996488024747334,0.005568234508497422,0.012900820826655028,-0.005903992463112028,0.9998993507823646,150,70,90,150,150,70,150,150,221208_153334
0,0,0,0,0.004154362971688988,-0.0008346605534309548,0.0004986354691250972,0.9996013267163254,-0.026803890150857972,-0.008873505493539184,0.02700813270851575,0.9993528365991674,0.023758551066894118,0.0082309412926061,-0.023988735981283853,0.9996783443445486,120,80,70,120,130,90,140,140,221208_153334
0,0,0,0,0.002282957909681249,0.0005412530798878101,-0.0008206131457232368,0.9997439679744742,-0.022611737978425434,-0.0008413110296662143,0.022615144997360236,0.9997350474370551,0.0042883729755945135,0.0007441205560747558,-0.004306301385699008,0.9999904509808949,90,150,150,80,90,150,70,70,221208_153334
0,0,0,0,0.0021667678176587463,0.0009539711447673072,0.0003822194774111276,0.9997876508401474,-0.019352976342304446,-0.007079232601987185,0.01932621147057373,0.9998058961210773,-0.0038298344251426033,0.007151977190504047,0.0036922064167048256,0.9999676078923972,150,70,100,150,150,90,150,150,221208_153334
0,0,0,0,0.002739429512992525,-0.0010831642957644105,-0.0003156502510756054,0.999613110329078,-0.02715810099519764,-0.0060055981019736865,0.027324328839003674,0.9991886490328273,0.029587576741789995,0.005197183056788453,-0.029740228551374148,0.9995441501474491,120,70,140,150,140,100,140,140,221208_153334
0,0,0,0,0.0015755382100137438,-0.00047842540431938807,0.00018516130775603212,0.9997254541291961,-0.023102197051762,-0.0039121423229741305,0.023154221655306957,0.9996363696501664,0.013820654549365648,0.003591432264508852,-0.013907442756220459,0.999896837003834,90,150,150,70,100,150,70,70,221208_153334
0,0,0,0,0.0023792810158925343,-0.0002641765966745202,0.0002950637998671013,0.9997505115236085,-0.02113190891085767,-0.007235822970917342,0.021219988726143526,0.9996989146752845,0.012320392669106141,0.006973290955179023,-0.012470862954977627,0.999897920185062,150,110,110,150,150,70,150,150,221208_153334
0,0,0,0,0.002852568629862662,-0.0008114514419670371,-0.0005338244616583943,0.9995465267666823,-0.02982215213068382,-0.004168941227265977,0.029887452718601912,0.9994155256239134,0.016593592494419735,0.0036716479481800515,-0.016710666778195393,0.9998536255958533,150,130,150,150,120,70,130,130,221208_153335
0,0,0,0,0.0027587116237735715,-1.0004590874745922e-05,0.00018686905298292977,0.9996193366983064,-0.02392115237605414,-0.013746278326868935,0.023974556607682322,0.9997055978214631,0.0037334059376360985,0.013652924020266893,-0.004061545694897974,0.9998985456096359,90,150,150,70,90,150,70,70,221208_153335
0,0,0,0,0.003096221078023334,-0.00019016684833914055,0.0002551541702535687,0.9996013054682206,-0.024953033898921832,-0.013212728918279635,0.025032046723149702,0.9996695394553611,0.00584880517346058,0.013062417198923577,-0.006177214934442973,0.9998956021868358,150,90,110,150,150,90,150,150,221208_153335
0,0,0,0,0.0030749754167117838,-0.0017674344395353092,-0.0002624239379831472,0.9995957835478039,-0.02806444791744175,-0.00454491766069663,0.02812856864605306,0.9994959395362515,0.014719051479992525,0.004129544693738506,-0.014840943825633085,0.9998813395833462,140,90,70,140,130,70,140,140,221208_153335
0,0,0,0,0.002938301312389577,-0.00012034853215756036,-0.0009249867525230604,0.9998028598079342,-0.018117965402398347,-0.008122859690583987,0.018142660075043296,0.9998309768971338,0.0029768309196654217,0.008067552620023658,-0.0031236143488497453,0.9999625781138626,90,150,150,70,90,150,70,70,221208_153335
0,0,0,0,0.0023434239091720682,-1.401410577828166e-05,-5.5594374222200926e-05,0.9997760162685996,-0.017257097909898825,-0.01225193314614703,0.017293328842791326,0.9998463762363867,0.002857394705181576,0.012200740617871037,-0.0030686314041095284,0.9999208595832377,140,70,80,140,140,70,140,140,221208_153335
0,0,0,0,0.0027597173400814162,-0.0021073028504305924,-0.0004256209553856749,0.9995615313445642,-0.02953549980847682,-0.0020974525439257027,0.02958887187053571,0.9990111135597657,0.03318574461279582,0.0011152208478905907,-0.033233254958552595,0.9994470006195028,150,70,80,150,150,90,150,150,221208_153335
0,0,0,0,0.0005631535881268496,-0.0008301202586765977,-9.860955375495806e-05,0.9997408785577442,-0.022383177891750698,-0.004143559829082437,0.02239439409587778,0.9997456204372499,0.002680583820147893,0.004082505807644772,-0.002772681735174628,0.9999878226170187,100,120,130,80,150,150,100,100,221208_153336
0,0,0,0,0.0009227070443294239,-0.0010421850926068399,-0.00014818084463563697,0.9997098190999407,-0.02399308043715174,-0.002147018001864387,0.024010365736923205,0.9996762167526109,0.008424013079706187,0.0019442048099785315,-0.00847311927947697,0.9999622124447167,150,110,100,130,150,130,150,150,221208_153336
0,0,0,0,0.0016745113840761772,-0.0007689073209413977,0.0006035949717533295,0.9994710018268042,-0.03171609790775491,-0.007197613551125959,0.03175334272743322,0.9994826180751503,0.00512068269644,0.007031481562217718,-0.005346522154556566,0.9999609857228886,150,70,130,150,150,110,150,150,221208_153336
0,0,0,0,0.0016931381424923203,-0.00034429162052199147,5.4309806596597454e-05,0.9996429520278933,-0.0255327317647562,-0.007877059704478733,0.025561576029373187,0.9996668280871414,0.003583106625234616,0.007782948789082678,-0.0037831773448042724,0.9999625559376332,70,120,130,80,120,150,90,90,221208_153336
0,0,0,0,0.0020191833451134455,-0.0019518302929020237,0.00024730556418028904,0.9994667486873088,-0.032287267107533664,-0.004873463978227455,0.03236065673699099,0.9993510907932617,0.015817244572588887,0.004359605942162899,-0.0159665185010768,0.9998630226800989,100,70,90,110,110,70,140,140,221208_153336
0,0,0,0,0.00245964313070883,-0.0021001523183431237,0.0003927226019024843,0.9995466865907118,-0.028335457918745054,-0.010174632674692858,0.02850363640163311,0.9994527835056688,0.016783213478169433,0.0096935049086175,-0.01706561945272854,0.9998073817467449,150,70,70,150,150,100,150,150,221208_153336
0,0,0,0,0.0024531616472363987,-0.0014705575280634653,-0.0003557841664830752,0.9994938385934583,-0.031547349928005064,-0.004102599935821903,0.031618485112332846,0.9993266305893265,0.018616035941784043,0.0035125507703930967,-0.01873633121783997,0.9998182894304248,70,130,150,140,90,130,120,120,221208_153336
0,0,0,0,0.002333449839225357,-0.001751526157145411,0.00035843779195077197,0.9994900397409364,-0.0306255592100766,-0.009040773292710863,0.030753473578185957,0.9994237559315127,0.014365929925507462,0.008595598963184951,-0.014636639054744582,0.999855931860008,90,90,120,110,80,70,130,130,221208_153336
0,0,0,0,0.0023416067315464445,-0.0016869884382736677,0.0002404011923724525,0.9994845820390692,-0.030490533459226043,-0.010044781508732815,0.03064690590782277,0.9994053884354192,0.015799896345404435,0.00955706149731214,-0.01609959426880989,0.9998247174579734,150,70,110,150,150,70,150,150,221208_153337
