0,0,0,0,0.16128233746249387,0.23879512703566907,0.19008355170027225,-0.9995769049941186,0.00789431153050023,0.027994478881353896,-0.0063942423351494556,-0.9985594134808786,0.053274866622862765,0.028374718806334312,0.05307332281084206,0.9981874061209537,162,162,83,96,162,162,83,96,230213_175938
0,0,0,0,0.16116308084283806,0.21542230211151897,-0.22025279021308664,-0.9994409297832259,-0.012421244004356293,0.031040949911736164,0.01662944881619611,-0.99012142562329,0.139222928980008,0.02900498760744758,0.13966128747468667,0.9897744366646397,151,162,136,85,151,162,136,85,230213_175938
0,0,0,0,0.15985171316206442,0.23908217422596045,0.19032187517130084,-0.9998753474114758,0.007362360747121545,0.013967293331613418,-0.00653556853958973,-0.9982751439856794,0.058344007783450585,0.014372751394441257,0.05824545084897415,0.9981988236181976,78,154,162,92,78,154,162,92,230213_175939
0,0,0,0,0.16820269670079377,0.2454981934316092,0.17769743972323715,-0.9977961660475171,0.013711580760674316,0.06492151857373064,-0.0062948472996948324,-0.993564131153606,0.11309594237838372,0.06605441634250711,0.1124380266547963,0.9914607930945258,78,154,162,103,78,154,162,103,230213_175939
0,0,0,0,0.16093922519592374,0.24668479216864075,0.1841301403593707,-0.9995657283445641,0.009916811660990182,0.027749082245765187,-0.0063458317225887845,-0.9920181938870152,0.12593503649458593,0.028776468489902975,0.12570425547142208,0.9916503189217584,87,128,162,162,87,128,162,162,230213_175939
0,0,0,0,0.15681730755700246,0.22396174313887113,-0.21199366417376153,-0.9985592433766525,-0.005792225071728564,0.05334686116133223,0.011925950670869863,-0.9932487707526612,0.11538912903268947,0.05231834446581803,0.11585909341542917,0.9918868187980476,100,92,162,162,100,92,162,162,230213_175939
0,0,0,0,0.1628064545818972,0.2331208041427861,0.19836733215056068,-0.9987837796166787,0.009401511230941134,0.04840013596258451,-0.0076960975619689365,-0.9993470464404219,0.03530227829930217,0.0487004276874324,0.034886850780476236,0.9982039751401924,130,156,151,162,130,156,151,162,230213_175939
0,0,0,0,0.1632441353545915,0.2385398206428405,0.18956272576137134,-0.9995033467402846,0.011175262486897035,0.029464781745682025,-0.009350180248698188,-0.9980714547999149,0.06136729782953141,0.030093753243631463,0.06106131854071373,0.9976802500770379,162,107,78,154,162,107,78,154,230213_175939
0,0,0,0,0.15582596124318304,0.2210086909574014,-0.21771261659682606,-0.9984487757089894,-0.0065227816687644805,0.055294625457843444,0.011974231021074132,-0.9950313581392154,0.09883933483731644,0.05437517886568744,0.0993481234796654,0.9935659466207533,162,103,78,154,162,103,78,154,230213_175939
0,0,0,0,0.16592862359978522,0.23873780966812252,0.19057916591680413,-0.998375062375144,0.012753210254827344,0.055539089438200503,-0.007769332413997825,-0.9959973381249382,0.08904459513007165,0.05645238968608036,0.08846840156933852,0.9944779885057773,162,146,87,128,162,146,87,128,230213_175939
0,0,0,0,0.15956611622991626,0.23363520603062937,0.20005374707390522,-0.9997254922974618,0.008314436333883126,0.021904570277638306,-0.007409464722131818,-0.9991285368401877,0.04107635212767345,0.02222700796620354,0.0409027752118966,0.9989158738836997,162,90,100,92,162,90,100,92,230213_175940
0,0,0,0,0.16355192066696284,0.23280770379171264,0.19929104119844754,-0.9989802122277508,0.010260652916608517,0.04396879096725516,-0.00863976126625023,-0.9992817117416696,0.03689735903696388,0.04431579969558811,0.03647985170426699,0.9983513060626381,152,162,130,156,152,162,130,156,230213_175940
0,0,0,0,0.1592427059159336,0.22182773620563256,-0.21249374043369607,-0.9994655155409087,-0.00818417303396878,0.03164968493201464,0.011365522051587265,-0.9947519563703013,0.1016826937386795,0.03065139724450779,0.10198806111113823,0.9943132943080617,129,154,162,107,129,154,162,107,230213_175940
0,0,0,0,0.16178747253609593,0.23491021963097014,0.19633840341861486,-0.9989147691294508,0.006724167217783576,0.04608762947129916,-0.00507505239118646,-0.9993458651883113,0.035806222563315615,0.04629824897642665,0.03553346741107971,0.9982954697059696,116,154,162,103,116,154,162,103,230213_175940
0,0,0,0,0.1563262740225793,0.2436822101073628,0.19124652445557644,-0.9999631196334778,0.0052589666417877,0.006789892690121659,-0.004544029440954368,-0.9948430226974667,0.10132478466104493,0.007287741030150833,0.10129019429356402,0.994830229421407,77,128,162,146,77,128,162,146,230213_175940
0,0,0,0,0.16107135765179675,0.23011870453919403,0.2027219859413797,-0.999680121796831,0.009323041241354977,0.02351031659261814,-0.008569787624478267,-0.9994530800221868,0.0319389977024113,0.023795226923576055,0.031727302693032235,0.9992132732502507,140,82,162,90,140,82,162,90,230213_175940
0,0,0,0,0.16523988016043423,0.24291314726596241,0.1864303803684929,-0.9985626476042457,0.013530687485909704,0.05186096128840822,-0.007381515482804898,-0.9931072409951364,0.11697658360632245,0.05308626977643316,0.11642563454492523,0.9917796729022204,137,81,152,162,137,81,152,162,230213_175940
0,0,0,0,0.15951745583797491,0.2397645612684321,0.18966298251119862,-0.9999250296950816,0.0055498009312778445,0.010914884283036141,-0.004860769181850837,-0.9980536470973159,0.062171460001405304,0.011238679292944065,0.06211374425494534,0.9980057990124014,162,108,129,154,162,108,129,154,230213_175940
0,0,0,0,0.15834057347824987,0.23705646779210734,0.1965498457665611,-0.9998594199736145,0.006994182503689603,0.015238822170151982,-0.006108764030133818,-0.9983329148416865,0.057394025348689454,0.015614842043792073,0.057292866526356886,0.9982352949846748,162,120,116,154,162,120,116,154,230213_175941
0,0,0,0,0.165519948920063,0.23790359526867252,0.19051628065537818,-0.9989644759777792,0.012399479477083423,0.04377474892148458,-0.008989952700592396,-0.9969717740698021,0.07724287966248164,0.044599960592838404,0.07676935988276115,0.9960508565822873,162,143,77,128,162,143,77,128,230213_175941
0,0,0,0,0.16259092778994005,0.23881530226068595,0.19046530438223686,-0.9990837617425254,0.009875228746617715,0.04164272901248612,-0.007309716513962342,-0.9980916392303484,0.0613159664603119,0.04216876885671299,0.06095538988209787,0.9972493346086677,162,90,140,82,162,90,140,82,230213_175941
0,0,0,0,0.16199309476477636,0.23945954825203647,0.19028436745499733,-0.9993787865596252,0.009551374066400924,0.033923623451143116,-0.006807702368132437,-0.9967642657321304,0.08009153355975934,0.03457883981683289,0.07981083769094781,0.9962100852852229,162,162,137,81,162,162,137,81,230213_175941
0,0,0,0,0.16547428042154,0.24200775476512995,0.18475944481408324,-0.9976156653955487,0.0074063511533631185,0.06861581537801459,-0.0017917314086471085,-0.9966693060184945,0.08152965190145496,0.06899111432609253,0.08121231681959473,0.9943061830949448,132,154,162,108,132,154,162,108,230213_175941
0,0,0,0,0.08904523370398745,0.12761932410328308,-0.3074820646699665,-0.9617319826906845,0.053967453594031545,0.2686244728657865,0.0630354475720624,-0.9105304541658376,0.40860839979856334,0.2666423181328039,0.40990463035824426,0.8722843963935362,128,154,162,120,128,154,162,120,230213_175941
0,0,0,0,0.1581437723263062,0.22201074436566598,-0.21415999953700704,-0.9970061544121899,-0.00996734150764846,0.0766771163221904,0.015132401763220673,-0.9976329734161975,0.06707802001873693,0.07582703001630277,0.06803750771469737,0.9947970441566859,69,128,162,143,69,128,162,143,230213_175941
0,0,0,0,0.16197322308875034,0.22603231601172238,0.20654641572227428,-0.9996939075669731,0.009784142611495416,0.022723594056284293,-0.00974331677478506,-0.9999507150141149,0.0019066517739159351,0.02274112907713844,0.0016846649870835197,0.9997399676676822,18,82,162,90,18,82,162,90,230213_175941
0,0,0,0,0.16187283948516315,0.23779889934333243,0.19308152261877976,-0.9994799828678339,0.007680730769422409,0.031317251178248684,-0.005745744221850142,-0.9980957797603242,0.06141498878911911,0.03172932822880037,0.061203111027775356,0.9976208843697444,140,92,162,162,140,92,162,162,230213_175942
0,0,0,0,0.15993708352232872,0.2242074749487228,-0.20797632952789746,-0.9994781769793438,-0.00789338695724262,0.03132200798785279,0.010669300518810463,-0.9959321543562061,0.08947239767573276,0.030488354637257666,0.08975989283498724,0.9954966709486097,162,110,132,154,162,110,132,154,230213_175942
0,0,0,0,0.16452439537519253,0.23441079652979835,0.19477072955154284,-0.9989316036024006,0.012767036031247974,0.04441457097972888,-0.010470642874242172,-0.9986151416017724,0.05155739133695535,0.045011298160979984,0.051037258494639894,0.9976819038567426,162,122,128,154,162,122,128,154,230213_175942
0,0,0,0,0.1612360507514341,0.23926781867360708,0.19201312777542423,-0.9989750890851173,0.00640499747180377,0.04480789433534022,-0.003514613173196318,-0.9979250732881957,0.0642899338698647,0.04512669810238304,0.06406655999923022,0.9969248000768369,162,136,69,128,162,136,69,128,230213_175942
0,0,0,0,0.16322763067211518,0.2415518776040153,0.18861313496877463,-0.9993331577565149,0.008644006500406339,0.03547563896553551,-0.005037856612383427,-0.9949233774451237,0.1005091688053401,0.03616434444511821,0.10026342386338205,0.9943034677733186,162,162,18,82,162,162,18,82,230213_175942
0,0,0,0,0.0874069097067795,0.12618863526458074,-0.3079068735200178,-0.9602240195884246,0.05384529606882012,0.2739899930594339,0.06292090859015034,-0.9142707439829305,0.40018741354406606,0.272049244563622,0.40150926612988724,0.8745167338274333,162,138,140,92,162,138,140,92,230213_175942
0,0,0,0,0.15538763457516006,0.22855899944101987,-0.20581787440483856,-0.9982689403121601,-0.0035076052840921426,0.058709620278188525,0.007499079485310412,-0.9976635949630255,0.0679051919393846,0.05833426621558782,0.06822791210804181,0.9959628835425877,135,154,162,110,135,154,162,110,230213_175942
0,0,0,0,0.16084779470409255,0.2433848178784797,0.18802604355614605,-0.9992661315163924,0.006150970873401778,0.037806930073437946,-0.0025396379517627085,-0.99548968067,0.09483588940172162,0.038219741539382915,0.09467027641692073,0.9947747434066703,111,154,162,122,111,154,162,122,230213_175942
0,0,0,0,0.1639924693146875,0.2290211179450293,0.2019166719728992,-0.9993728124964686,0.00853514423095065,0.03436761492820588,-0.007877215213157122,-0.9997839785729429,0.01923397175165776,0.034524355510018895,0.018951187345779476,0.9992241597233341,53,130,162,136,53,130,162,136,230213_175943
0,0,0,0,0.1632429966858036,0.24187094969651998,0.18365575045226035,-0.9995782734673534,0.00961282017129988,0.027401987161127146,-0.007342487293628434,-0.9966232545484109,0.08178127153374935,0.028095606282250475,0.08154558345911929,0.9962735340888789,82,162,162,162,82,162,162,162,230213_175943
0,0,0,0,0.15902616838477635,0.2392139001981719,0.19310184557086996,-0.9999408499739033,0.008133274531564968,0.0072212463510761965,-0.007514381213640893,-0.9966084310966637,0.08194613561372617,0.007863245414255874,0.08188702529974648,0.9966105982073007,138,90,162,138,138,90,162,138,230213_175943
0,0,0,0,0.16332491215451161,0.23427760471436615,0.19750123382307494,-0.9982116189535044,0.00857557335021905,0.05916099498772437,-0.005951980311769029,-0.9989969386895475,0.044381194432768105,0.05948224707079289,0.043949698868432106,0.997261393142632,162,112,135,154,162,112,135,154,230213_175943
0,0,0,0,0.16351388349148885,0.24115382486711845,0.18613257663689842,-0.9993022634660029,0.008009280841211806,0.03648064763856817,-0.00526721302512426,-0.9971958780734705,0.07465009859490236,0.036976245059101576,0.0744058611514394,0.9965422846661561,162,124,111,154,162,124,111,154,230213_175943
0,0,0,0,0.16378531365154209,0.23603390656485432,0.18893942042153122,-0.9995937093086689,0.009930642365140489,0.026717010550412708,-0.008897199032662092,-0.9992179981302458,0.03852573246489171,0.027078703069171928,0.038272373257989774,0.9989003800606407,162,162,53,130,162,162,53,130,230213_175943
0,0,0,0,0.16010007610003332,0.23503393057925098,0.19669073979730956,-0.9997184897674385,0.009506209925790895,0.02173874858309613,-0.008327658024964315,-0.9985236475579735,0.05367658129331537,0.022216915378411944,0.05348043792234166,0.9983217173991072,162,162,82,162,162,162,82,162,230213_175943
0,0,0,0,0.148036304600976,0.2229693846470706,-0.22269100701131728,-0.9988735578910086,-0.00042436643701033837,0.047449291451866535,0.0029759693876701882,-0.9985517291244428,0.05371766812500192,0.04735777604956428,0.05379836592045652,0.9974281813102776,162,162,138,90,162,162,138,90,230213_175943
0,0,0,0,0.15815294315027592,0.2250192168345528,-0.2090228369472824,-0.9997884519382852,-0.006689452447120118,0.019450002488554188,0.007523438843533066,-0.9990412974421867,0.04312637096952729,0.019142863913601413,0.043263578573569064,0.9988802798785217,137,154,162,112,137,154,162,112,230213_175944
0,0,0,0,0.16131205469026755,0.218961894382589,-0.21490363371555177,-0.9998388370934491,-0.010742393556015795,0.014384047424353898,0.01184443725754554,-0.9968152182089713,0.07886146113948327,0.013491076520072797,0.07901912254441851,0.9967818061775806,82,156,162,124,82,156,162,124,230213_175944
0,0,0,0,0.1630691100931364,0.24060877530041522,0.1904520635775987,-0.9987789244368586,0.007291534103694925,0.04886198554260864,-0.0032427926224807913,-0.9965913216784373,0.08243313563873275,0.04929649477152536,0.08217402926497387,0.9953980533020949,102,126,162,162,102,126,162,162,230213_175944
0,0,0,0,0.15789593242207098,0.233726044688053,0.20369032945574983,-0.9988865247507667,0.003626120414819652,0.04703787752517325,-0.0014764655716117537,-0.9989561761922318,0.04565498983473399,0.04715432875942373,0.04553470432682139,0.9978492170569243,58,162,162,162,58,162,162,162,230213_175944
0,0,0,0,0.1587848495269441,0.22126934140008478,-0.21412911745897423,-0.9995247944286361,-0.008297971739205772,0.02968718557573863,0.010264633613227358,-0.9977189763192936,0.06671942437676828,0.02906583250449233,0.06699244701752911,0.9973300303427268,141,86,162,162,141,86,162,162,230213_175944
0,0,0,0,0.15703215725251074,0.22259732378128666,-0.21401432677123455,-0.9988099527388186,-0.008468208658299203,0.048030904134720546,0.012150125116007774,-0.9969654537968758,0.07689121143053679,0.04723402131456269,0.07738328874963674,0.9958819075837986,162,112,137,154,162,112,137,154,230213_175944
0,0,0,0,0.16210046323763552,0.23500292338718903,0.19635038497797896,-0.999214881345592,0.008364065447055351,0.03872548652646406,-0.006287167394843166,-0.9985509594840644,0.05344579346969022,0.03911639584193814,0.053160358563998915,0.9978195647779633,162,125,82,156,162,125,82,156,230213_175944
0,0,0,0,0.16109186191090125,0.23322049935205968,0.19961823221018982,-0.999636678722917,0.008720104817072341,0.025504319708531665,-0.007529128023884819,-0.9988933593869501,0.04642594968175885,0.02588093473999106,0.04621705685818306,0.9985960949614973,162,162,102,126,162,162,102,126,230213_175944
0,0,0,0,0.16103675013615726,0.22294063087414137,-0.20950376017127836,-0.9999456830667927,-0.009281166520876424,0.00474245338386046,0.009504472744965268,-0.9987307989527571,0.049461664155484766,0.004277372315632431,0.049504052068507644,0.9987647635528958,162,162,58,162,162,162,58,162,230213_175945
0,0,0,0,0.1592779985021829,0.2205851012790846,-0.2157450674335707,-0.999349673032211,-0.011981070535919493,0.0340100714381298,0.012337637978388211,-0.9998709025192091,0.010293735208192992,0.0338823508559782,0.010706644863610594,0.999368477617859,152,162,141,86,152,162,141,86,230213_175945
0,0,0,0,0.15863825171856416,0.2353029438170916,0.19986704254115917,-0.9993551898903456,0.0047220116095538466,0.03559363771222577,-0.003029981772781211,-0.9988693835080824,0.04744232183020499,0.035777418152887375,0.04730388246796839,0.9982396100404803,124,162,162,112,124,162,162,112,230213_175945
0,0,0,0,0.16211418167365554,0.23429852866015627,0.1958594484791053,-0.9996867740026284,0.008950693175101478,0.02337175594392277,-0.007954932823257021,-0.9990709090318596,0.04235608303456803,0.023729157759907214,0.04215689525971934,0.998829176212863,80,156,162,125,80,156,162,125,230213_175945
0,0,0,0,0.1612282081135601,0.22834444159332778,0.20355341351885625,-0.9998974050573759,0.01007869147882823,0.010178375980543435,-0.009879852648960167,-0.999762980239456,0.01940030552224558,0.010371493198259531,0.019297754294120145,0.9997599856005652,88,120,162,162,88,120,162,162,230213_175945
0,0,0,0,0.15808239659431716,0.224763196495761,-0.21029660400829153,-0.999943002206043,-0.007909046514497935,0.00717212119240809,0.008044566839935145,-0.9997858314335863,0.019067674452079318,0.007019778025329333,0.01912428424501609,0.9997924707000904,114,98,162,162,114,98,162,162,230213_175945
0,0,0,0,0.1642148552181094,0.23331199654556464,0.1972764696083945,-0.998211715155549,0.008159200764989286,0.05921823341753684,-0.005593864027279159,-0.9990439717962672,0.04335724971424713,0.05951537962125075,0.04294845585601267,0.9973030380622143,138,156,152,162,138,156,152,162,230213_175945
0,0,0,0,0.15742712915403073,0.23162685565376645,0.20327507124091626,-0.9999491605067145,0.007787163849442839,0.006405972299226095,-0.007604236036085061,-0.999576166118726,0.028100955885804,0.006622083978931902,0.02805081472204199,0.9995845636049037,154,128,124,162,154,128,124,162,230213_175945
0,0,0,0,0.1623285433701093,0.23986922420309048,0.19245017628464778,-0.9988041344756782,0.010843678254225782,0.04767300699779679,-0.006347007221831775,-0.9956007600759782,0.09348177381426317,0.048476968279990124,0.0930674012641047,0.9944789803552044,162,143,80,156,162,143,80,156,230213_175946
0,0,0,0,0.16509668587028595,0.23726597435315297,0.19221086380445285,-0.9990545599689818,0.014170766866109174,0.04109958116100239,-0.0108579401996911,-0.9967568437982626,0.07973643756743715,0.04209621526697348,0.07921479475295162,0.9959683353161607,162,151,88,120,162,151,88,120,230213_175946
0,0,0,0,0.16135201821111553,0.2319793624834926,0.20278019756206633,-0.998980486799429,0.008129925248467935,0.044405982811238025,-0.006187637307256688,-0.9990254072390847,0.04370296140233925,0.04471800687118661,0.04338363754037727,0.9980571926774705,162,162,114,98,162,162,114,98,230213_175946
0,0,0,0,0.15729431417395573,0.22016489079271265,-0.2176798505572144,-0.9979026331928027,-0.009320872501417301,0.06405822353674534,0.014928537598174942,-0.9960414592799359,0.0876273368343223,0.06298788321614868,0.08839984576518344,0.9940915419802346,160,162,138,156,160,162,138,156,230213_175946
0,0,0,0,0.15954021454041264,0.21944223744869484,-0.21678877946628816,-0.999259065145694,-0.010907356672419304,0.036910029728699875,0.013369199926107639,-0.9976551309392437,0.06712305270126165,0.036091345465203206,0.06756677645870947,0.9970617561121728,123,162,154,128,123,162,154,128,230213_175946
0,0,0,0,0.16017503694957144,0.2302709434370328,0.20304493849558036,-0.9990382323831682,0.005684629784967421,0.04347752546917928,-0.005125052088620014,-0.9999027367064116,0.012971159089192285,0.043547032939159055,0.012735859265713679,0.9989701966580182,79,156,162,143,79,156,162,143,230213_175946
0,0,0,0,0.16161334634442853,0.23377504831534712,0.19859750351888572,-0.9995449820990389,0.009648256536725791,0.028578661732706092,-0.008428960607728877,-0.9990616768654613,0.042481977847628936,0.028961722733709533,0.042221759373273486,0.9986884106926049,72,122,162,151,72,122,162,151,230213_175946
0,0,0,0,0.16150868874497318,0.22404330683285661,-0.20775765401133828,-0.9999092390025084,-0.009749929304274546,0.009297990965090886,0.009876862543511758,-0.9998573013656915,0.013704907588681089,0.009163042274367072,0.01379549869629082,0.9998628520312166,108,85,162,162,108,85,162,162,230213_175946
0,0,0,0,0.1606645618657027,0.22418420864662292,-0.207437295545694,-0.9999533498823742,-0.009405084110705267,0.0022005571771262166,0.00950788613859366,-0.9985687076518597,0.052632083368114334,0.0017023983654781813,0.05265055072231591,0.9986115467730394,145,86,160,162,145,86,160,162,230213_175947
0,0,0,0,0.16064530718884173,0.23708853720858056,0.19398846392609148,-0.9998472086399384,0.008613373513869912,0.01521082416025907,-0.007714689019662373,-0.9982761122908421,0.05818322097316539,0.01568575622192493,0.05805698430157099,0.9981900338239975,154,127,123,162,154,127,123,162,230213_175947
0,0,0,0,0.16348886089360598,0.232868784961028,0.19788411655221905,-0.9993539604217271,0.008940584643304873,0.034809879856806884,-0.007565475071436004,-0.9991934307932299,0.03943667641418798,0.03513439022315473,0.039147845482092485,0.9986155520608305,162,162,79,156,162,162,79,156,230213_175947
0,0,0,0,0.15649980288955248,0.220071775396001,-0.21842153989803692,-0.9986618411827728,-0.009123477398749243,0.05090470632062403,0.013187736384073447,-0.9967007821911732,0.08008516959193838,0.050006105372230845,0.08064932076378484,0.9954873562661865,162,152,72,122,162,152,72,122,230213_175947
0,0,0,0,0.1582347133711211,0.22315367944191938,-0.21256331726188782,-0.9993449314987601,-0.010185748792054174,0.03472691188807664,0.010565697312626847,-0.9998861247674137,0.010775135168608107,0.03461320453288054,0.01113499075657424,0.9993387504008918,162,162,108,85,162,162,108,85,230213_175947
0,0,0,0,0.15964913491036745,0.23285376423584422,0.2013964263511644,-0.9995957282790786,0.007221465528179429,0.027499644394837496,-0.0060852731039254355,-0.9991332755860093,0.04117847821401425,0.02777317874258981,0.04099448807335836,0.9987732988472084,160,162,145,86,160,162,145,86,230213_175947
0,0,0,0,0.1568307754312481,0.2247935377350826,-0.21109127509297787,-0.9994874139666857,-0.0056379950998530284,0.03151384352059471,0.007136612814762324,-0.9988387927257535,0.04764593270878258,0.031208621881119118,0.047846412168643354,0.99836703809915,123,162,154,127,123,162,154,127,230213_175947
0,0,0,0,0.15881635603936645,0.22330332340469783,-0.21051114523003278,-0.9992960562391859,-0.007881573939696912,0.03667796037189343,0.010460355841608234,-0.997445833155412,0.07065685300501627,0.03602739153027912,0.07099077907121905,0.996826131452414,105,153,162,162,105,153,162,162,230213_175947
0,0,0,0,0.15917876079944188,0.2220767777048182,-0.21267070342518857,-0.9991199200646981,-0.010284051076875184,0.04066477128128005,0.01233865484203538,-0.9986426956298259,0.050601621138887706,0.04008918715314288,0.05105883624449968,0.9978907015874823,70,120,162,152,70,120,162,152,230213_175948
0,0,0,0,0.15473165939350678,0.2241909356288194,-0.21533563875130912,-0.9998533932727979,-0.00606566583290881,0.01601248446917864,0.006342371499749507,-0.9998304564829611,0.01728677566330772,0.01590491385174311,0.017385798430841336,0.9997223453180842,112,88,162,162,112,88,162,162,230213_175948
0,0,0,0,0.1627567064788724,0.2340760655865565,0.19552073954745774,-0.9993512447455273,0.00974104563829103,0.03467277974779512,-0.008022550893871947,-0.9987487428045104,0.04936180125933084,0.035110230741503476,0.049051613391234906,0.9981789473441098,138,147,160,162,138,147,160,162,230213_175948
0,0,0,0,0.16758778067919852,0.2422292603220465,0.18677925299525655,-0.9968418717259555,0.01434371557011996,0.07810595750349072,-0.0050231901592721956,-0.9929718365058103,0.11824423650605558,0.07925307776053489,0.11747846496239087,0.9899079552845118,154,162,123,162,154,162,123,162,230213_175948
0,0,0,0,0.1598353008936639,0.23104438993871784,0.2022100054865631,-0.9996464660898222,0.008390742058103551,0.025229710300415337,-0.007736623231090794,-0.999634255817132,0.025913302720992352,0.02543791451964288,0.025708948726931902,0.9993457672198585,162,162,105,153,162,162,105,153,230213_175948
0,0,0,0,0.1566811705367976,0.2184479342736334,-0.22066250707207857,-0.9991109453432103,-0.008679769093965714,0.04125506640247473,0.011915822450113878,-0.9968150006501342,0.07885345683107296,0.04043923924524948,0.07927493984449285,0.9960322042192801,162,146,70,120,162,146,70,120,230213_175948
0,0,0,0,0.15834449099065062,0.23213217865880886,0.20363997200168438,-0.9999489085176181,0.008732160413090967,0.0050921242074367665,-0.008473583288103886,-0.9987744246662631,0.048763172772431175,0.005511691272511955,0.048717532851063526,0.9987973884888877,162,106,112,88,162,106,112,88,230213_175948
0,0,0,0,0.15586215377104373,0.21884450726919988,-0.22038807123434034,-0.9980108066153633,-0.009358707866031437,0.06234456244155898,0.014234534721683862,-0.9968338004580648,0.07822884561073053,0.061415046203746694,0.07896067914733648,0.9949841221086813,124,162,138,147,124,162,138,147,230213_175948
0,0,0,0,0.15861460155927887,0.2315871632277119,0.20283312775260254,-0.9998333778172136,0.008813205437122796,0.01598574404101251,-0.008188067067967613,-0.9992150557814297,0.038758584306006684,0.016314783489588838,0.038621233921748724,0.9991207275049644,122,162,154,162,122,162,154,162,230213_175949
0,0,0,0,0.15971012529265108,0.2345433564095488,0.20149137803991102,-0.9992944935420174,0.008304928257211347,0.036627084831406316,-0.006330738853081316,-0.9985375801089018,0.05369006291516188,0.0370194127746315,0.05342030772002843,0.9978856817295851,97,149,162,162,97,149,162,162,230213_175949
0,0,0,0,0.1556550945151248,0.22313667169521179,-0.2148593822213818,-0.9997706430054304,-0.006718857496852842,0.020335150317703915,0.00829161760074994,-0.9968974387228327,0.078273531576248,0.019746150563326636,0.07842419028457959,0.9967245035194723,44,122,162,146,44,122,162,146,230213_175949
0,0,0,0,0.15515288797849022,0.21636772579514285,-0.22498550363096892,-0.999544859709947,-0.008258481974389496,0.0290150116819138,0.011151706405467608,-0.9948225574446417,0.10101345773484549,0.02803057030581364,0.10129104933202068,0.9944618697836277,111,80,162,106,111,80,162,106,230213_175949
0,0,0,0,0.09151151195684327,0.12843973444088552,-0.30802446671794304,-0.9638589561789093,0.04014567479712475,0.2633709121918892,0.060827630267977696,-0.9293065997128611,0.3642653471387348,0.25937600503841246,0.3671206457354372,0.8932785229059911,146,90,124,162,146,90,124,162,230213_175949
0,0,0,0,0.15893949435163535,0.2288514734273977,0.2056628345657211,-0.9999228597563143,0.007644097587729561,0.009789908519658363,-0.0075023936642421105,-0.9998677311247277,0.01443032725882465,0.009898920449258799,0.01435576635221206,0.9998479501136058,154,162,122,162,154,162,122,162,230213_175949
0,0,0,0,0.1579796787593563,0.22347923553693988,-0.21239139581150013,-0.9992004851912576,-0.009727747285814539,0.038778361573164354,0.010499401054885777,-0.9997499106814708,0.019745345524456167,0.03857658578781181,0.02013670839871365,0.9990527313429561,146,162,97,149,146,162,97,149,230213_175949
0,0,0,0,0.15917595682299804,0.21753832538055728,-0.21862439612467077,-0.9997896016353358,-0.00900231370061076,0.018431245478583737,0.010868586835989937,-0.9945388850381179,0.10379922912684576,0.017396157105653082,0.1039777115307635,0.9944274781112904,114,18,44,122,114,18,44,122,230213_175949
0,0,0,0,0.1603149560655668,0.223165330231138,-0.21040077820264924,-0.9999557916821631,-0.0082897797298569,-0.004437818532638536,0.008034537357801373,-0.9984686069720093,0.0547346974123439,-0.00488476107340685,0.05469662186465638,0.99849107089941,162,162,111,80,162,162,111,80,230213_175950
0,0,0,0,0.15542535949126846,0.22110836372753756,-0.21982052989704814,-0.999519367823326,-0.006776523616262197,0.030250819389512847,0.007940119171751006,-0.9992265901422822,0.038512024877509855,0.029966445461500433,0.038733709870160705,0.998800136096355,162,162,146,90,162,162,146,90,230213_175950
0,0,0,0,0.16470218899187927,0.2376971710200543,0.18966824485533262,-0.9992383303306099,0.01116869086554965,0.037390099524400436,-0.008453922472744485,-0.9973693080155049,0.07199301788020218,0.038095805450464065,0.0716220899794475,0.9967040613111078,120,162,154,162,120,162,154,162,230213_175950
0,0,0,0,0.15798316410462276,0.22499386207869654,-0.20973472281810412,-0.9995473125019253,-0.0071607766254945925,0.02922145356236404,0.008314979818765396,-0.9991822006376249,0.0395700775784733,0.028914203789680144,0.039795140495701764,0.9987894250602257,96,148,146,162,96,148,146,162,230213_175950
0,0,0,0,0.15973183035543612,0.22706575319796676,0.20928286887702297,-0.9995812151313236,0.007977148225788298,0.027816532184477313,-0.007615136455890892,-0.9998852455829582,0.013096005584303707,0.027917808892254124,0.012878694487010432,0.9995272558439642,100,116,114,18,100,116,114,18,230213_175950
0,0,0,0,0.15865468287777446,0.22133017387662673,-0.21433580513322192,-0.999575245960103,-0.009995006525512617,0.027375673660290242,0.010824326225913703,-0.9994817740656589,0.03031529766175687,0.027058485278277276,0.03059874433895748,0.9991654293555818,114,90,162,162,114,90,162,162,230213_175950
0,0,0,0,0.16058015124523817,0.21972531288948524,-0.2146417039426941,-0.9979479569305548,-0.011223083490901564,0.06303901692672229,0.015571460452256644,-0.9975008525246947,0.06891718821812133,0.06210800976939398,0.0697573767386963,0.9956286976142364,148,92,162,162,148,92,162,162,230213_175950
0,0,0,0,0.1605954544684111,0.22464973732169083,-0.20693982840541114,-0.9999352374763623,-0.008796745642808622,0.0072206730425302,0.00900555576980638,-0.999526741565669,0.029414160882022155,0.006958506906535459,0.029477282120512777,0.9995412292749206,154,162,120,162,154,162,120,162,230213_175950
0,0,0,0,0.15751307144912077,0.2229814770910435,-0.2135105250621192,-0.9994382281093684,-0.008332042585986117,0.03246236682608828,0.010368076366495296,-0.997955555727439,0.06306513922284204,0.031870537900461036,0.06336628329863794,0.9974813196019523,146,162,96,148,146,162,96,148,230213_175951
0,0,0,0,0.15967654628488276,0.2226486121708428,-0.21156115699035816,-0.9995204181736365,-0.009864453287217904,0.029353470243619582,0.010764133438523558,-0.9994721736415807,0.030651387366505134,0.029035617529448603,0.0309526521887574,0.9990990272426279,162,162,100,116,162,162,100,116,230213_175951
0,0,0,0,0.15959686312045113,0.2204843104677297,-0.21420465204059735,-0.999569680252629,-0.00935716688130446,0.02780103860672823,0.011741192500583681,-0.9961507303207349,0.08686694929678453,0.026881196370727434,0.087155986079106,0.9958319312877335,158,162,114,90,158,162,114,90,230213_175951
0,0,0,0,0.16046799572650647,0.2306672453832597,0.20257846105196742,-0.9997001336168535,0.009245964053649258,0.022674986111679143,-0.008471457677775174,-0.9993853077439375,0.034018246138949215,0.022975579454278913,0.03381595502532932,0.9991639524795043,162,146,148,92,162,146,148,92,230213_175951
0,0,0,0,0.15502562500132566,0.2203146423490112,-0.22087601795709577,-0.9994961758289937,-0.007482083112714696,0.03084498233929066,0.008523595821325093,-0.9993931480484533,0.03377401291046421,0.030573564029916657,0.03401990690898406,0.9989534038764836,120,162,154,162,120,162,154,162,230213_175951
0,0,0,0,0.16500219296822452,0.23128225164070226,0.19950573413025086,-0.9987363772221843,0.012430144296332943,0.04869435620151122,-0.010419268718786337,-0.9990910474848674,0.04133421917679539,0.049163885652712964,0.04077462873358849,0.9979580862937907,93,148,146,162,93,148,146,162,230213_175951
0,0,0,0,0.15660239573977267,0.22187227779643848,-0.21564855799187244,-0.9998550689079497,-0.007073625718944949,0.015485638451977925,0.008336221653184058,-0.996510576862388,0.08304924809978007,0.01484414320956529,0.08316630339613584,0.9964251188081299,88,112,162,162,88,112,162,162,230213_175951
0,0,0,0,0.15801021061635417,0.22600418686398768,-0.20837646106672314,-0.9997570262080896,-0.006359534219018947,0.021105564955118537,0.007083267575198265,-0.9993832008307927,0.034395424370972164,0.020873808181923643,0.034536563548191186,0.9991854231874411,117,93,158,162,117,93,158,162,230213_175951
0,0,0,0,0.1607240763912462,0.2202966946901737,-0.21300571621807152,-0.9999377460233604,-0.01087089117802879,0.002515512416438832,0.010952576129047497,-0.9993228043036884,0.03512796428417478,0.0021319366452174546,0.035153328769951434,0.9993796567483914,151,89,162,146,151,89,162,146,230213_175952
0,0,0,0,0.15909840913103535,0.21928546935653,-0.21690506210183946,-0.9999412258791501,-0.010235881366149923,-0.0035737263409765237,0.009995858063427775,-0.9980432514919368,0.06172318019170975,-0.004198524607274422,0.06168383000479598,0.9980869087945505,154,162,120,162,154,162,120,162,230213_175952
0,0,0,0,0.08932378122426349,0.12785756058766296,-0.3075362018844129,-0.9553842022453611,0.038804126727965536,0.29280585009332505,0.07337165690347812,-0.9290802811981026,0.3625278348652594,0.28610771758768244,0.3678370166768625,0.8847815002016217,146,93,93,148,146,93,93,148,230213_175952
0,0,0,0,0.15742304823833753,0.22204728561054232,-0.21528490576984793,-0.9999381128349736,-0.007933693329065896,0.0077991672755098876,0.00824216631895014,-0.9991516265014575,0.04034964626688383,0.007472428949264905,0.040411431175500626,0.9991551826598039,162,137,88,112,162,137,88,112,230213_175952
0,0,0,0,0.15883009328972908,0.2323765681988853,0.20355489564461293,-0.9997880652495448,0.0068572439407573365,0.019411408761594418,-0.006076319185496128,-0.9991809161751434,0.040007188061122065,0.01966984823857899,0.039880759232228315,0.9990108218199302,156,162,117,93,156,162,117,93,230213_175952
0,0,0,0,0.1579003126173308,0.22027843583181292,-0.21639241821372068,-0.9989958723871322,-0.010160007009015534,0.04363509150958727,0.012316553698153572,-0.9987010858835138,0.049441314303830926,0.04307608917338942,0.049929102862623635,0.9978233988180774,162,146,151,89,162,146,151,89,230213_175952
0,0,0,0,0.15709009342682628,0.21547783294594097,-0.22485216574028544,-0.9999168131861421,-0.009452279387127017,0.00877616784575323,0.01004774426950449,-0.9974619850417176,0.07048851843904837,0.008087616630613768,0.07057083541396625,0.9974739834432833,119,162,154,162,119,162,154,162,230213_175952
0,0,0,0,0.1551790677903757,0.2226689100915618,-0.21755119252612176,-0.9994278278760493,-0.006958740779045116,0.03309974008557452,0.007559428014119102,-0.999808374224489,0.018057405092741376,0.03296774052102882,0.018297288251379374,0.9992889158434531,85,147,146,93,85,147,146,93,230213_175952
