0,0,0,0,0.260852738516202,-0.02199944247127679,-0.14667880758836438,0.9971954791864902,-0.01967142499407899,0.07220949611185476,0.013164646585181409,0.9958994598747009,0.08950395466998841,-0.07367406850658453,-0.08830232646981837,0.9933654064691929,180,180,81,97,180,180,81,97,230221_170344
0,0,0,0,0.2545317849700864,-0.016899691771224495,-0.15485475426440976,0.9922844498720742,-0.020357781212772465,0.12229935112733853,0.013730540812455975,0.9984035357978331,0.05478915910453341,-0.12321949030519742,-0.05268719436900464,0.9909798266152798,75,170,180,92,75,170,180,92,230221_170344
0,0,0,0,0.2586712824292299,-0.015750732320019778,-0.14707716350418865,0.9966696057115707,-0.013577320537285572,0.08040742140977925,0.010353464427120545,0.9991309108853137,0.04037609054676221,-0.08088573931848783,-0.03940912686817341,0.9959439833115062,86,137,180,180,86,137,180,180,230221_170345
0,0,0,0,0.2603262653718038,-0.020639597085601563,-0.1453982651372847,0.9969840825973446,-0.0148143465407152,0.07617922409754037,0.00959553553766233,0.9976103101207716,0.06842218089539807,-0.07701080927556303,-0.06748484479724859,0.9947437514141088,147,84,166,180,147,84,166,180,230221_170345
0,0,0,0,0.25918370580112643,-0.019034699218517998,-0.14788637717702713,0.9971549799573873,-0.016025717497752622,0.0736554297038927,0.010874608570843247,0.9975009241943125,0.0698115256954354,-0.07459013899044431,-0.06881193653847932,0.9948372874773093,180,106,75,170,180,106,75,170,230221_170345
0,0,0,0,0.2589133225801315,-0.01687101915814422,-0.1456917082824608,0.9958215404072251,-0.019667943020663818,0.08917752899871721,0.01608366798514509,0.9990405444004611,0.04073458319626609,-0.08989313258044103,-0.039130073618200964,0.9951824265196353,180,180,81,97,180,180,81,97,230221_170345
0,0,0,0,0.25561969519022393,-0.01879776272982031,-0.15088721313385678,0.9943755668748154,-0.0175132429800911,0.10445342657237204,0.011828351245524707,0.9984273776634255,0.05479837259398853,-0.1052488579947646,-0.053254650993667774,0.9930189424368201,75,170,180,92,75,170,180,92,230221_170346
0,0,0,0,0.25937564276846914,-0.016867817260914422,-0.14611027700799317,0.9963552482417227,-0.013359711487230346,0.08424807066130834,0.010126399339028796,0.999199961773904,0.038689694072901994,-0.08469755213464766,-0.03769555013534349,0.9956934117299323,86,137,180,180,86,137,180,180,230221_170346
0,0,0,0,0.2589003383382503,-0.01630494069042858,-0.14919239105178983,0.99634521053416,-0.011974269475463496,0.08457445427650824,0.007569721728003819,0.9986074954799589,0.05220890043092247,-0.08508184740942562,-0.05137788280743336,0.9950484372127946,147,84,166,180,147,84,166,180,230221_170346
0,0,0,0,0.2595575051712876,-0.01985419631249928,-0.15029662084167006,0.9953016140391103,-0.01336438453562196,0.09589624766968324,0.006763114671126271,0.9976051185365504,0.06883522172276273,-0.09658652789642251,-0.06786324996388483,0.9930083695182297,180,106,75,170,180,106,75,170,230221_170346
0,0,0,0,0.2579378345500286,-0.013686412027470396,-0.1477921619810587,0.9945835744795243,-0.014195010558385991,0.10296608689650491,0.012480025883185699,0.9997727822664265,0.017280995145048085,-0.10318799508414872,-0.015902374492366506,0.9945347415530632,180,180,81,97,180,180,81,97,230221_170346
0,0,0,0,0.253857931783836,-0.015205502314766,-0.1531749050519977,0.993830154784648,-0.015145962615272856,0.10987366953542202,0.010285915601900664,0.998949032381026,0.04466576592024075,-0.11043470188737305,-0.043260033766375244,0.9929414615663801,75,170,180,92,75,170,180,92,230221_170347
0,0,0,0,0.2597865246314871,-0.019459984327560007,-0.1474976651389831,0.9960709382145585,-0.011354602047164772,0.08782800838412351,0.0060501140713219775,0.998154202301925,0.06042834224709952,-0.0883520354270073,-0.05965954608743785,0.994301089407301,86,137,180,180,86,137,180,180,230221_170347
0,0,0,0,0.2577530611920565,-0.014726323743606051,-0.15098647432555568,0.9950973728230503,-0.015108469725388419,0.09773920780945668,0.010542903337133,0.9988363926082395,0.04706068412787123,-0.0983364926661868,-0.04579950811871694,0.9940987573003984,147,84,166,180,147,84,166,180,230221_170347
0,0,0,0,0.26157498387338063,-0.01990764409856194,-0.14522529185948563,0.9977659220213303,-0.008388706678193714,0.06627815969978931,0.0035088485763126735,0.9972961885924185,0.07340299858114399,-0.06671471227991661,-0.07300645053214234,0.9950975858407586,180,106,75,170,180,106,75,170,230221_170347
0,0,0,0,0.2603516617232905,-0.018608902666820484,-0.14739993129119888,0.9965848627645919,-0.013662982722513784,0.08143668836344045,0.008042208800485432,0.9975875157610438,0.06895267417091511,-0.08218232283215911,-0.06806226047403388,0.9942904980502809,180,180,81,97,180,180,81,97,230221_170348
0,0,0,0,0.2570064435480059,-0.013676232414898182,-0.14822949608748637,0.9954461895891964,-0.012302424490769867,0.09452795345292127,0.009249908190957092,0.9994236241840152,0.032662801798781706,-0.094875301479403,-0.03163968670098585,0.9949862347764695,75,170,180,92,75,170,180,92,230221_170348
0,0,0,0,0.2609840192593921,-0.018919649419349233,-0.1481419529281942,0.9966909916210951,-0.012695909799126319,0.08028624474797429,0.006479136045580411,0.9969927077184354,0.077224099556839,-0.08102523074612028,-0.07644837886204127,0.9937759090216988,86,137,180,180,86,137,180,180,230221_170348
0,0,0,0,0.25860435131096604,-0.014816035858817495,-0.14978044419829462,0.9951333156589288,-0.012502093349480572,0.09774140232033234,0.008728948186977115,0.9992035755604168,0.03893610215246077,-0.09815034146254024,-0.03789343279723653,0.9944498972907726,147,84,166,180,147,84,166,180,230221_170348
0,0,0,0,0.2603514545502754,-0.017062781029275248,-0.1475141181686751,0.9970185822872498,-0.007933611126236782,0.07675287869794464,0.0032581764424885425,0.9981416102246321,0.060849899132598126,-0.07709300136973114,-0.060418405744238415,0.9951915822529506,180,106,75,170,180,106,75,170,230221_170349
0,0,0,0,0.26090340625790653,-0.015270619752074402,-0.1469540818277737,0.9961636425468164,-0.012547864751777384,0.08660570626712612,0.008721777771229977,0.998975046013389,0.04441607856460996,-0.08707426634985733,-0.04349032688678511,0.9952520603379401,180,180,81,97,180,180,81,97,230221_170349
0,0,0,0,0.254312528732417,-0.01252375412701659,-0.15240657037120497,0.9922829788357356,-0.012135128873680965,0.12339865704333386,0.009595942660367958,0.9997302470446827,0.02115067442039287,-0.12362203605077096,-0.01980332778089784,0.9921317555705312,75,170,180,92,75,170,180,92,230221_170349
0,0,0,0,0.26237114698255337,-0.017198617804738373,-0.14318623347232107,0.9971651972379918,-0.009223282671375274,0.07467596985699484,0.0054684486498445695,0.9987176263636188,0.05033089369346273,-0.07504442342161681,-0.04977985383046596,0.9959368959256076,86,137,180,180,86,137,180,180,230221_170349
0,0,0,0,0.25911054593287713,-0.01413132452481769,-0.14967907850681472,0.9951706406465324,-0.014472650842437146,0.09708727194006354,0.01042836404603287,0.999061711160325,0.04203506294424318,-0.0976045348254596,-0.04081959910381264,0.9943878092125374,147,84,166,180,147,84,166,180,230221_170349
0,0,0,0,0.25839310998431964,-0.017706896658291157,-0.15173883868654958,0.9958741318652052,-0.013031042265094148,0.08980481846320187,0.006474986212223328,0.9973173877509018,0.07291160842601326,-0.09051402120817982,-0.07202929978281138,0.9932869635395015,180,106,75,170,180,106,75,170,230221_170350
0,0,0,0,0.2578351280457155,-0.013777828479658152,-0.15220010455221278,0.9947247470218953,-0.01668474859740596,0.10121411377108977,0.012599954019306095,0.9990852742150156,0.04086387164007905,-0.10180333403645049,-0.03937301119989252,0.9940250737119843,180,180,81,97,180,180,81,97,230221_170350
0,0,0,0,0.255283952112972,-0.01557044244081314,-0.1522733729925575,0.9941720968457877,-0.013276979333721592,0.10698394119222972,0.007588949532869727,0.9985443701651749,0.05339989378660064,-0.10753720146181091,-0.052276788646632134,0.9928257086067812,75,170,180,92,75,170,180,92,230221_170350
0,0,0,0,0.2640604478952759,-0.017102082465066656,-0.14107919706508532,0.9977196374820516,-0.012321113896795476,0.06636049378225599,0.008697147112884463,0.9984690670215107,0.05462491952663994,-0.0669319401689469,-0.05392320793069738,0.996299354125899,86,137,180,180,86,137,180,180,230221_170350
0,0,0,0,0.25986934194917566,-0.01713550798855927,-0.15005350459355205,0.9962327530928152,-0.017883829602794547,0.0848555849891387,0.012579966620970068,0.9979573656477199,0.06263258568252558,-0.08580236654618573,-0.0613291528410578,0.9944227918279389,147,84,166,180,147,84,166,180,230221_170351
0,0,0,0,0.25949434539487776,-0.014594580803149196,-0.14900400470053188,0.9964316238698657,-0.013566716832296755,0.08330644120627315,0.009505873639730301,0.9987559729398472,0.04895043292276057,-0.08386690240140894,-0.04798385886287651,0.9953209994620931,180,106,75,170,180,106,75,170,230221_170351
0,0,0,0,0.2627551541740866,-0.016794947675373206,-0.14326894037636462,0.9973033118273809,-0.011919725538959935,0.0724156361652221,0.008380151944435569,0.9987642479560874,0.048987243830409595,-0.07291006289618826,-0.048248286475145286,0.9961707813325414,180,180,81,97,180,180,81,97,230221_170351
0,0,0,0,0.25474974760043617,-0.011037902333727895,-0.15310740076838714,0.9912571780223315,-0.022911986915407686,0.1299394007789433,0.018215275702473888,0.9991410859277287,0.03721953979083561,-0.13068056760775687,-0.034527253970551036,0.9908231214414445,75,170,180,92,75,170,180,92,230221_170351
0,0,0,0,0.26184006942321814,-0.015221366446889262,-0.14456288451394605,0.9970384528428031,-0.014696004382776698,0.07548742284653445,0.012704190131148105,0.9995601166776622,0.026798819012218176,-0.07584805274983476,-0.025760446473603527,0.9967865730895149,86,137,180,180,86,137,180,180,230221_170351
0,0,0,0,0.26157012347252634,-0.013768580181333728,-0.14685352946542474,0.9970495747731105,-0.02057096306127457,0.07395255860003239,0.01675458758464442,0.9985137685713922,0.05186075364112976,-0.07490947363069661,-0.0504686977451285,0.9959123863615127,147,84,166,180,147,84,166,180,230221_170352
0,0,0,0,0.25975222446953994,-0.013725731167073582,-0.14967301827732216,0.9972252014736791,-0.014100152001262802,0.07309639703379543,0.010544595906185093,0.9987528241181797,0.04880171936660167,-0.07369334463135895,-0.04789553245870171,0.996130166658726,180,106,75,170,180,106,75,170,230221_170352
0,0,0,0,0.2595945271629473,-0.01647810338455581,-0.14931757846126648,0.9952814084850753,-0.019015046746124437,0.09514907209851278,0.013912247985054083,0.99844355976295,0.054008400493709224,-0.096027950514252,-0.05242981942682293,0.9939968544995015,180,180,81,97,180,180,81,97,230221_170352
0,0,0,0,0.25789330234471175,-0.01592524586030372,-0.14868101147575752,0.9960122719620653,-0.01738443710088363,0.08750620233817147,0.01237647798074926,0.9982716433517221,0.05745040358991819,-0.08835370333922407,-0.056138288418314614,0.9945059656330407,75,170,180,92,75,170,180,92,230221_170352
0,0,0,0,0.26444942101532687,-0.018945130789381176,-0.14955670791735542,0.9981770366338003,-0.021782680017760375,0.05628604079350049,0.015159991043234542,0.9931898364240939,0.1155167671615252,-0.05841898842442228,-0.11445288845251939,0.9917095129705786,86,137,180,180,86,137,180,180,230221_170353
0,0,0,0,0.26183153530117526,-0.016893576078599246,-0.15086927576128506,0.9966273477414781,-0.023382217143361514,0.07865876718616914,0.01757964507219181,0.9971278009257333,0.07366888556335953,-0.08015538542682595,-0.07203763282113243,0.994175886674287,147,84,166,180,147,84,166,180,230221_170353
0,0,0,0,0.26513562049354256,-0.012830746671350812,-0.14428686826683457,0.9977292042461505,-0.01272831436068277,0.06613943610191189,0.013766319708041042,0.9997887544544638,-0.015262205217090742,-0.06593120229481067,0.016138044488977914,0.9976936604409354,180,106,75,170,180,106,75,170,230221_170353
0,0,0,0,0.26427426207285454,-0.012450942766624229,-0.14019303235452074,0.9971598090035466,-0.02025130937873853,0.07254102133591846,0.018851090205776282,0.9996235367775643,0.019935423706734845,-0.07291743074234894,-0.018511325958990014,0.997166174268449,180,180,81,97,180,180,81,97,230221_170353
0,0,0,0,0.2597317366507139,-0.012706609521944162,-0.1404335201434468,0.9964326499821384,-0.01979957217353386,0.0820362785072468,0.018849781298738655,0.9997462206603758,0.012336126632167592,-0.0822597094242574,-0.010745753442181951,0.9965529935675256,75,170,180,92,75,170,180,92,230221_170353
0,0,0,0,0.2610666035845879,-0.018219488002679043,-0.1487253795892387,0.9984757257224206,-0.022148711335874535,0.05055353330129929,0.017497745439724516,0.9957284521821554,0.09065692703514601,-0.0523455255739406,-0.08963416815639723,0.9945982414278132,86,137,180,180,86,137,180,180,230221_170354
0,0,0,0,0.2644377402275833,-0.013555078582104307,-0.14214825917464624,0.9983786496123861,-0.024825207868720903,0.051222856738211656,0.022330902660236046,0.9985635062035143,0.048705799089254306,-0.05235840700907183,-0.04748297729522154,0.9974988541761107,147,84,166,180,147,84,166,180,230221_170354
0,0,0,0,0.26112076695715314,-0.016862655436822513,-0.1477203292932847,0.9990217623362013,-0.018109373392658154,0.04034314035863818,0.014910341776825339,0.9968237267220426,0.07823132078699697,-0.041631719719100714,-0.07755326195141637,0.9961186131550425,180,106,75,170,180,106,75,170,230221_170354
0,0,0,0,0.25806439107575874,-0.011912965221840599,-0.15114674991087462,0.9955849788968926,-0.026870040933571357,0.08993637025754732,0.023216600591540112,0.9988718365052419,0.04142515773799305,-0.09094800301187125,-0.03915424800545796,0.9950856272760047,180,180,81,97,180,180,81,97,230221_170354
0,0,0,0,0.25970231358413,-0.01341916253117989,-0.14504921729067255,0.9958959074193459,-0.024194893345761984,0.08721209045416986,0.0205896293151226,0.9989052557899561,0.042004251211845686,-0.08813290390123854,-0.04003619726184299,0.9953038200261997,75,170,180,92,75,170,180,92,230221_170355
0,0,0,0,0.26214777638739484,-0.01175561816637613,-0.1458332500220041,0.9979814451089947,-0.027491314466353486,0.05724738288405996,0.02462871940416863,0.9984393426128192,0.05012290198494087,-0.05853598379349944,-0.0486117964263133,0.9971010138644599,86,137,180,180,86,137,180,180,230221_170355
0,0,0,0,0.26376375226256177,-0.017115816519569116,-0.147238373989115,0.9984475192321223,-0.023857203225959443,0.050332744743916205,0.019481736029863205,0.9961306956656246,0.08569771942112218,-0.0521824999447485,-0.08458410611311053,0.99504900165397,147,84,166,180,147,84,166,180,230221_170355
0,0,0,0,0.2619219195241824,-0.016544917785719093,-0.14907368700517032,0.9975122778644463,-0.026151263974765766,0.06546271383167254,0.020789676107899155,0.9964740986106811,0.08128443987233092,-0.06735758960216726,-0.07972127815427991,0.9945388242459084,180,106,75,170,180,106,75,170,230221_170355
0,0,0,0,0.25622871663486035,-0.01230884116543178,-0.15704238753161237,0.9939710508521644,-0.03323966084050988,0.10448289340869563,0.02767045611912831,0.9981407798713474,0.054307728878847716,-0.10609380719912159,-0.05108922102583774,0.9930427964438233,180,180,81,97,180,180,81,97,230221_170356
0,0,0,0,0.2643622471615861,-0.018501530818669065,-0.13973004705735104,0.9988220570013514,-0.02170836236875277,0.04339637601061363,0.018073592873099495,0.9964302829290332,0.08246233384171724,-0.045031585451159525,-0.08158086948073283,0.9956488929570115,75,170,180,92,75,170,180,92,230221_170356
0,0,0,0,0.2583900402840489,-0.01549799371554468,-0.1540355940711613,0.9959738429303037,-0.028616613016538575,0.08495406793146369,0.02174287743576494,0.996496282027989,0.08076142139171076,-0.08696753117948886,-0.0785891173373121,0.9931064389866208,86,137,180,180,86,137,180,180,230221_170356
0,0,0,0,0.26512494783052426,-0.01872271645851524,-0.14664955832903126,0.9986139642001174,-0.028926333541855698,0.043970646258074716,0.024157082546650305,0.9941395653166406,0.10537058429596889,-0.046760943824539644,-0.10416233436259442,0.9934604281161749,147,84,166,180,147,84,166,180,230221_170356
0,0,0,0,0.26425247098567434,-0.015641141006515744,-0.1480398349090002,0.9984700251476586,-0.026622787560017784,0.04846479200583644,0.022198011999377345,0.9957257844604187,0.08965160580803179,-0.050644418694564285,-0.08843861907118063,0.9947933220080803,180,106,75,170,180,106,75,170,230221_170356
0,0,0,0,0.2626946632770247,-0.016477395044138768,-0.14942115960289648,0.9965758992268748,-0.03198509487525086,0.07624585750037347,0.025067670100487494,0.9956248282808782,0.09001562767878428,-0.07879142717249882,-0.0877960990961078,0.9930175003430843,180,180,81,97,180,180,81,97,230221_170357
0,0,0,0,0.261525018765352,-0.018309896144526133,-0.14641742265737667,0.9968590904212792,-0.02818014524619356,0.07401238584428463,0.02181553781306472,0.9961047565411141,0.08543650452876798,-0.07613170268939598,-0.08355353619130007,0.993590846594081,75,170,180,92,75,170,180,92,230221_170357
0,0,0,0,0.26277896171377735,-0.013343603291666326,-0.1534022281013453,0.9966034357151078,-0.03641186472895716,0.07386317098394059,0.030318354246845588,0.9961707575806972,0.08200377513787015,-0.07656624136396858,-0.07948583426032423,0.9938911473774856,86,137,180,180,86,137,180,180,230221_170357
