0,0,0,0,-0.09073972527088614,-0.19853691515763328,-0.10350857589950169,0.9974994439087692,-0.0648068547731433,0.028194520320600866,0.06652913373711912,0.9956535528998232,-0.06517573906100022,-0.02384813967345397,0.066888520482754,0.9974754092516486,180,180,81,97,180,180,81,97,230216_163750
0,0,0,0,-0.08729638154618241,-0.20061152239844904,-0.10196941266443993,0.9972528750962807,-0.07021852105987703,0.023580975644914605,0.07172735373380153,0.994909128204196,-0.07078851137235302,-0.018490263344489482,0.07228544747133571,0.9972125772598941,166,180,147,84,166,180,147,84,230216_163750
0,0,0,0,-0.08349704474108077,-0.2019915057567608,-0.10109752872099598,0.9971461439410804,-0.07519564954268361,-0.006721749272924371,0.07493365778811627,0.9966367827287296,-0.03316730683403296,0.009193179750643097,0.03256896685471168,0.9994272098777824,75,170,180,92,75,170,180,92,230216_163751
0,0,0,0,-0.08544761003617704,-0.2017511126913234,-0.09737308208059348,0.997427711401563,-0.07122053997973912,0.008099087185269057,0.07130922026714957,0.9973908658306325,-0.011245259557334594,-0.007277062122267573,0.011793873096446026,0.9999039698512322,75,170,180,106,75,170,180,106,230216_163751
0,0,0,0,-0.07943432289932983,-0.20233868764461108,-0.10314263304264748,0.9963316084732284,-0.0791349566565997,-0.032572758435661806,0.07807997876496371,0.9964178945686623,-0.032479167160169124,0.03502631686621815,0.029816740571589347,0.9989414993424159,86,137,180,180,86,137,180,180,230216_163751
0,0,0,0,-0.0905053197531981,-0.19898602281466696,-0.10326273391780982,0.9962119191402573,-0.06417090968406419,0.058684806493705305,0.0673812588096694,0.996239451739394,-0.05446761202049367,-0.05496888323504756,0.058215540436470724,0.9967895328140146,81,97,180,180,81,97,180,180,230216_163751
0,0,0,0,-0.08238122365004044,-0.20008478143450362,-0.10664640215631283,0.9965676928270906,-0.07461952745859453,-0.03584354523686067,0.0732032700723798,0.99654154451681,-0.03932214773841062,0.03865378201419652,0.03656331732634837,0.9985835012466867,147,84,166,180,147,84,166,180,230216_163751
0,0,0,0,-0.08527624944535335,-0.1990566229460354,-0.10594447711396904,0.9975639369120336,-0.06881920070831807,0.011406550154767936,0.06937343735757873,0.9958588049155042,-0.058758547135357,-0.0073155971566986845,0.05940671920020587,0.9982070545493598,180,92,75,170,180,92,75,170,230216_163751
0,0,0,0,-0.07969312284211333,-0.2021140284565866,-0.10335287330314846,0.9966304446502682,-0.0789938939437384,-0.022084417941476725,0.07802065089591904,0.9960701642430062,-0.041916654669555804,0.025308789579621165,0.04005237351911963,0.9988770057146672,180,106,75,170,180,106,75,170,230216_163751
0,0,0,0,-0.09187456940665076,-0.1983113560932761,-0.10289692932808447,0.9971737887167771,-0.06411294649078587,0.03916586764645984,0.06744272824174007,0.9935983491035985,-0.09063001194920738,-0.03310458432817381,0.09301532535487006,0.995114182265325,180,180,86,137,180,180,86,137,230216_163751
0,0,0,0,-0.08407620296814246,-0.201399222866593,-0.10242876987210026,0.9971008024541028,-0.07457319033811538,-0.015127095827631866,0.07394449503157198,0.9965165889189993,-0.0385603379623333,0.017949969356769725,0.03732997846287549,0.9991417673724048,180,180,81,97,180,180,81,97,230216_163752
0,0,0,0,-0.08808986919578903,-0.19605473528806516,-0.11034701769605015,0.997721664294073,-0.0664941585864362,0.01140208192155418,0.06725915671775003,0.9935551308968832,-0.09123819214613084,-0.005261790178362123,0.09179721533009058,0.9957638197995345,166,180,147,84,166,180,147,84,230216_163752
0,0,0,0,-0.07830337801066925,-0.20226771054607853,-0.10335473304168086,0.9951020829248352,-0.08154877842502581,-0.05587165019972086,0.07904262574450903,0.9958236666215649,-0.045689039296041054,0.059364196904088735,0.04104901623386045,0.9973920344539376,75,170,180,92,75,170,180,92,230216_163752
0,0,0,0,-0.08514943127438003,-0.20233717860558775,-0.0946675903307671,0.997430976641673,-0.07163118411984856,-0.0006483033447193856,0.07159233499648243,0.9971174335444718,-0.025126903737580558,0.0024463044352332534,0.025015938584721797,0.9996840592964037,75,170,180,106,75,170,180,106,230216_163752
0,0,0,0,-0.0822788080389105,-0.20087013936099743,-0.10592334350654031,0.9970975468743454,-0.07472479186973173,-0.014583809419643295,0.0742363879925844,0.9967409847655698,-0.03156529718501038,0.016894990825024724,0.03039103105504693,0.9993952894207744,86,137,180,180,86,137,180,180,230216_163752
0,0,0,0,-0.09183165982249675,-0.19797863678869168,-0.10480421306833132,0.9964882138258826,-0.06277582764329595,0.05541150755755135,0.06703475958464652,0.9946435564543052,-0.07867996321402224,-0.050175499135833135,0.08211815309437051,0.99535874347837,81,97,180,180,81,97,180,180,230216_163752
0,0,0,0,-0.07784168286380282,-0.2019193057308359,-0.10457526491559044,0.9953118375308381,-0.07983031549558374,-0.05460280944111106,0.07773258416377568,0.9961905490223149,-0.03952259351104598,0.05754990382449183,0.03509288769100378,0.9977256625963363,147,84,166,180,147,84,166,180,230216_163752
0,0,0,0,-0.08462826352313607,-0.20211915635483443,-0.0962132442880631,0.9973553444626768,-0.07166099562717426,-0.012125121750189937,0.07156773957267519,0.9974039922848159,-0.007958318086687375,0.01266394583818869,0.007069503520987059,0.999894817766236,180,92,75,170,180,92,75,170,230216_163752
0,0,0,0,-0.08482073903076434,-0.2006436306746254,-0.10296818418973941,0.997144817588434,-0.07212658999872962,-0.022359959116296655,0.07155043390615415,0.9971089689041771,-0.02557810662834509,0.024140177388916596,0.023905211691283776,0.9994227297243276,180,106,75,170,180,106,75,170,230216_163753
0,0,0,0,-0.091718206980679,-0.19819599277437722,-0.10489648126953743,0.9959143103240872,-0.06291766011052037,0.06477695993109683,0.06788151311664568,0.9946773418111117,-0.07751829374137544,-0.059554904656901005,0.0815987361041611,0.9948843448348712,180,180,86,137,180,180,86,137,230216_163753
0,0,0,0,-0.08872084656441086,-0.20012596789693282,-0.10259029877769876,0.9968789406900856,-0.06828655254080249,0.03961469866988993,0.07045071220567148,0.9959374677072567,-0.05608259593289072,-0.03562407554348032,0.058698442559836986,0.9976399240621447,180,180,81,97,180,180,81,97,230216_163753
0,0,0,0,-0.08544663100824279,-0.20046667322059405,-0.10437041042758877,0.9973239109082603,-0.07084960618037023,0.018037461981656393,0.07136460124721684,0.9970074933981143,-0.02971786999154672,-0.015877985372174525,0.03092557860566534,0.9993955664142331,166,180,147,84,166,180,147,84,230216_163753
0,0,0,0,-0.08496015633762631,-0.20246157378551366,-0.09379178710287794,0.9973728537226053,-0.07243756306483819,0.0004360211620572448,0.07243853782188683,0.9973317655203067,-0.009055811524885589,0.00022112316307843435,0.009063605318788057,0.9999589002369907,75,170,180,92,75,170,180,92,230216_163753
0,0,0,0,-0.07813684503557436,-0.20204467169337167,-0.10420028902766199,0.9945544542340599,-0.07973759448884002,-0.06710703084122441,0.07749833735587304,0.9963659710499391,-0.03533920543516403,0.0696810251809416,0.029946080859550635,0.9971197455526022,75,170,180,106,75,170,180,106,230216_163753
0,0,0,0,-0.09072889243562535,-0.1986300511034003,-0.10383594482641156,0.9969031877385439,-0.06489085711578174,0.04442083902301048,0.06828373283461066,0.9944785132114339,-0.07968574898278606,-0.03900469339580181,0.08247219788240939,0.9958297899086692,86,137,180,180,86,137,180,180,230216_163753
0,0,0,0,-0.08549834022889072,-0.20194843266808976,-0.09897860221373367,0.9972786839316875,-0.0723635555645361,-0.01409760268766996,0.07203098618135649,0.9971412831137717,-0.022821010932092423,0.015708711125434708,0.021743443523961955,0.9996401647885592,81,97,180,180,81,97,180,180,230216_163753
0,0,0,0,-0.08578512884746191,-0.19905462298383678,-0.10548303712979512,0.9975047109625884,-0.06842855378311422,0.017374827613366253,0.06946794343809763,0.9952170603936564,-0.06868193019922357,-0.012591919707655212,0.06971754247362119,0.9974872970767672,147,84,166,180,147,84,166,180,230216_163754
0,0,0,0,-0.08007635846734024,-0.20226189513865955,-0.10199198397473586,0.9962849973833677,-0.07797196415510807,-0.036559223112878445,0.07705873515004719,0.9966937614872525,-0.025758438412816036,0.03844678563804222,0.022845538255565276,0.9989994624903038,180,92,75,170,180,92,75,170,230216_163754
0,0,0,0,-0.08931647655366556,-0.2016725386634254,-0.08955150406122636,0.9978351244911321,-0.06384484104330312,0.015776584038441583,0.06406549387576514,0.9978488858041035,-0.013900129278653346,-0.01485519526027672,0.01488077187730314,0.9997789184625343,180,106,75,170,180,106,75,170,230216_163754
0,0,0,0,-0.08527077431463317,-0.20101362231669775,-0.10331800438148986,0.9975199955693347,-0.07013863761073723,0.00586770427545347,0.07018348547452159,0.997503429024459,-0.007822240797473652,-0.005304413822668369,0.008214657543423268,0.9999521901548305,180,180,86,137,180,180,86,137,230216_163754
0,0,0,0,-0.08593102367737557,-0.198620231444063,-0.10448045053393618,0.9975382777331487,-0.0701209817263401,0.0006575552584001832,0.07000993067086285,0.9953361136906704,-0.06636738951181488,0.003999258011749939,0.06625004682931375,0.9977950376858311,180,180,81,97,180,180,81,97,230216_163754
0,0,0,0,-0.07922457487038806,-0.2017265667924684,-0.10436600444253208,0.9959953545513132,-0.07841416876054579,-0.04294731481474759,0.07690332542098031,0.996396670546674,-0.035770846547103566,0.045597502688186534,0.03232480566212725,0.9984367654926908,166,180,147,84,166,180,147,84,230216_163754
0,0,0,0,-0.08436506513668401,-0.2025442618382295,-0.09383668274698731,0.9973041771100782,-0.07258763055185893,-0.010743100560676514,0.0723550081352481,0.9971650481680435,-0.020654769661574847,0.012211925177389246,0.01982177093226951,0.9997289464052596,75,170,180,92,75,170,180,92,230216_163754
0,0,0,0,-0.0838457148853372,-0.20155728140973456,-0.10222622599181663,0.9972967253852428,-0.07335458608724992,-0.004283250616217402,0.07325169182314704,0.9971007024063325,-0.020600458874614657,0.005781970331967448,0.020231014822946123,0.999778612923038,75,170,180,106,75,170,180,106,230216_163754
0,0,0,0,-0.08631789099438143,-0.2015686402193866,-0.10035313655520528,0.9972532415715716,-0.07112924268377585,0.020654370245118472,0.07170523249740662,0.9970148440289941,-0.028631458543571253,-0.018556179765317666,0.030033841264012293,0.9993766239868958,86,137,180,180,86,137,180,180,230216_163755
0,0,0,0,-0.0912131096654582,-0.1984938800491075,-0.10345954816694392,0.9972176661756763,-0.06421765450669868,0.03785523896100219,0.06692889753850517,0.9949094129741195,-0.07533779031649619,-0.032824517382842824,0.07766178484396541,0.9964392596809065,81,97,180,180,81,97,180,180,230216_163755
0,0,0,0,-0.0856597414055446,-0.20180630326432766,-0.09917655299237904,0.9972852969956425,-0.07116169564852022,-0.01892219513531959,0.07087411195302738,0.9973654771655069,-0.015458499710194069,0.019972397231716496,0.014075440698170266,0.9997014480923645,147,84,166,180,147,84,166,180,230216_163755
0,0,0,0,-0.08708799409536191,-0.20259489581166704,-0.08845405955847796,0.9978615375032936,-0.06515494057492764,-0.005213989858234652,0.06512888551654969,0.9978642325062068,-0.005020135074883868,0.0055299405906645786,0.004669818355736476,0.9999738059337296,180,92,75,170,180,92,75,170,230216_163755
0,0,0,0,-0.08056391095504074,-0.20106862215494525,-0.10589703842087606,0.996451832552092,-0.07772149434295561,-0.03229728658379443,0.07619133573248649,0.9960233276461049,-0.04617803746457794,0.0357578769347028,0.04355341664988364,0.9984109745667084,180,106,75,170,180,106,75,170,230216_163755
0,0,0,0,-0.08810706635551585,-0.20207601942855488,-0.08942170963239482,0.9977272904364898,-0.06611803740509652,0.01298687983924347,0.06649880663998317,0.9972897755841872,-0.0314803467372911,-0.010870263737316307,0.03227241306348512,0.9994199961584425,180,180,86,137,180,180,86,137,230216_163755
0,0,0,0,-0.0829646150569029,-0.1998627851595003,-0.10848127065003299,0.9971105935844907,-0.07381764171451707,-0.017928188232291316,0.07296325565276993,0.9963469749156337,-0.04437419183506266,0.021138294305213412,0.04293787777910772,0.9988540990383393,180,180,81,97,180,180,81,97,230216_163755
0,0,0,0,-0.08479309579882038,-0.19889161890652113,-0.10517219065020877,0.9973387054675276,-0.07288007870804723,0.002000175958786203,0.07283120500377216,0.9946648187445447,-0.07305829131304638,0.0033349893636669395,0.07300953690712109,0.9973256666538528,166,180,147,84,166,180,147,84,230216_163756
0,0,0,0,-0.07950270274674073,-0.20193632761676156,-0.1037110744509192,0.9964188055190861,-0.0794936992798095,-0.028815200549853953,0.07828978487375766,0.9960976646759705,-0.04074496301995131,0.031941721812354266,0.03834311153111701,0.9987539898322181,75,170,180,92,75,170,180,92,230216_163756
0,0,0,0,-0.08540517592801561,-0.20220022887119868,-0.09597763420523642,0.9972818950479435,-0.07164479875265503,0.01720013433885667,0.07220053972876256,0.9968030252956871,-0.034217113031954335,-0.01469366776739337,0.03536596631024976,0.9992664031951058,75,170,180,106,75,170,180,106,230216_163756
0,0,0,0,-0.08315646094947855,-0.20182484216944663,-0.10125944675737952,0.9969306425636659,-0.07407901946759994,-0.025329682041326067,0.07364023815986243,0.9971253113435127,-0.0178389686322288,0.026578360396278266,0.01591893064316412,0.9995199739904269,86,137,180,180,86,137,180,180,230216_163756
0,0,0,0,-0.09095582338101439,-0.19857544888984163,-0.10453126205871166,0.9963489226852956,-0.06430142884240186,0.05616182433535521,0.06850384662788547,0.9947197349274898,-0.0764190548421662,-0.0509514205987715,0.0799873439652322,0.9954928314881804,81,97,180,180,81,97,180,180,230216_163756
0,0,0,0,-0.07793403267952342,-0.20169946703071176,-0.10528655975847467,0.9953716347909631,-0.08038838422027152,-0.052659437293045314,0.07795445115668277,0.9958601064471734,-0.04675202596555865,0.056199752654495824,0.04243060298272859,0.9975175345486893,147,84,166,180,147,84,166,180,230216_163756
0,0,0,0,-0.08598260773517981,-0.20237117293344742,-0.09436091128949664,0.9974677683704897,-0.07092165147024121,0.005307580873458601,0.07104658196227928,0.9970492985015629,-0.02907025195997581,-0.0032302095089647024,0.029373724828032625,0.9995632796557982,180,92,75,170,180,92,75,170,230216_163756
0,0,0,0,-0.08375901356878926,-0.20295473792653315,-0.09443944967359941,0.9973881524353113,-0.07222602676872131,0.000523869145230148,0.0722272678379812,0.9973837985838913,-0.0029631238630348795,-0.00030848393458001296,0.0029932222722539393,0.9999954727187973,180,106,75,170,180,106,75,170,230216_163756
0,0,0,0,-0.07822975315355839,-0.20225424100390563,-0.10322721217449826,0.9948691621935816,-0.07927764161266317,-0.06285225259746835,0.07713493396798267,0.9963770651746181,-0.03581823496167032,0.06546412817716873,0.030786353053725127,0.9973798917101019,180,180,86,137,180,180,86,137,230216_163757
