0,0,0,0,-0.07358638251090568,0.12644857919893077,-0.22359013750659462,0.8837283973243157,-0.4538746386945884,0.1141136806542165,0.4615398504593618,0.8855986628515166,-0.05192277721343286,-0.07749249125267266,0.09855364379596902,0.9921099198647253,162,162,83,96,162,162,83,96,230201_154344
0,0,0,0,-0.0744050085876347,0.12450304430215883,-0.22442828632821143,0.8839387482315753,-0.4542149461403628,0.11109037796993601,0.4610351353251431,0.8862492232333766,-0.044820958423088995,-0.07809541196845517,0.09083554932373554,0.992799078166641,156,162,145,97,155,162,140,96,230201_154344
0,0,0,0,-0.0730578838011608,0.12509451810269503,-0.22429685643702235,0.8840195046741055,-0.4558359768267973,0.1035522939683582,0.4619886284343869,0.885747666907164,-0.04491745502396863,-0.07124621079793356,0.0875478886031864,0.9936092514907762,45,105,162,162,64,112,162,160,230201_154345
0,0,0,0,-0.07144872597441379,0.1263134140095819,-0.22342389367258497,0.8853964713848561,-0.45476170717054165,0.09625423705261775,0.460641681501625,0.8861457108464925,-0.05054720973230081,-0.062308343924410196,0.0890930347429032,0.9940724829898959,162,124,102,154,162,128,98,162,230201_154345
0,0,0,0,-0.07672296368040754,0.12201300896820724,-0.22566421130584136,0.882661030857921,-0.4556248506764729,0.11539280762194097,0.46165486941826356,0.8865219750237482,-0.030879918108677847,-0.08822860163937049,0.08052815188512771,0.9928398312954245,135,162,154,102,162,154,162,86,230201_154345
0,0,0,0,-0.07412490564710303,0.12610447927737325,-0.22106172236602728,0.8853698921682961,-0.4558129672437238,0.09140400939986915,0.4624385000395169,0.8836693670278343,-0.07265730147637356,-0.04765278295232095,0.10659732017784967,0.9931597170686093,91,106,162,162,68,112,162,162,230201_154345
0,0,0,0,-0.0754682976258564,0.12445236021183316,-0.22423375791573552,0.8862061931280031,-0.45766935338479997,0.07195377845473265,0.4593086425140437,0.8882475131093637,-0.007205995207991528,-0.060614801603902965,0.039434989886772256,0.9973819365715171,146,142,139,162,146,162,162,162,230201_154345
0,0,0,0,-0.07286147854238353,0.12405571105022838,-0.22458734906383737,0.8845706252016412,-0.456366909649817,0.09624994964701444,0.4627078241002654,0.8846037130024437,-0.05811833152015194,-0.05861977948419203,0.09594537361938721,0.9936589992216952,158,162,116,70,162,162,120,80,230201_154345
0,0,0,0,-0.07349411673609062,0.12624960311793268,-0.22100138935653735,0.886321559274922,-0.4549694626207523,0.08623735644751325,0.4610345217370263,0.8844313782966152,-0.07230703182305448,-0.04337353261129395,0.10384567957759575,0.9936472268878349,88,128,162,162,56,136,162,123,230201_154345
0,0,0,0,-0.07210330823403213,0.1273510607387669,-0.22129152653257378,0.8858124550858172,-0.4547819433657787,0.09224791815147913,0.4614688620064543,0.8842280705317,-0.07202227906874498,-0.04881376663713227,0.10636777365458847,0.9931279438795698,140,84,162,162,137,88,162,146,230201_154346
0,0,0,0,-0.07646612898689582,0.1224573058708497,-0.22502430686838237,0.8833276626396043,-0.45491492862145777,0.11306921832659668,0.4625155055601158,0.8850611888393232,-0.052403235842786486,-0.076234162500316,0.0985854945093734,0.992204239428666,162,148,143,122,162,142,94,138,230201_154346
0,0,0,0,-0.07238443741695538,0.12599913197346313,-0.22445719315780643,0.8842331714801418,-0.45522092572954453,0.10442991540793309,0.46170042720349813,0.8857140383188907,-0.0484082414982231,-0.0704585975895001,0.09101950946241824,0.9933534290084982,80,154,162,144,64,154,154,162,230201_154346
0,0,0,0,-0.07410188213757954,0.12541128272354835,-0.2230643868793456,0.8837129719150526,-0.4547549690394014,0.11067656212151977,0.4619191930333154,0.8855251724363955,-0.0497576937663125,-0.07537932326915475,0.09509514769674116,0.9926101301659274,124,84,162,162,123,80,162,162,230201_154346
0,0,0,0,-0.07254299158616476,0.12761300621105182,-0.22078010305810591,0.8847410727963246,-0.45642588249360627,0.09438563395528467,0.46355513980125457,0.8827729773881462,-0.07634463148844271,-0.04847542130861272,0.1112981769086969,0.9926040748182293,138,162,100,146,130,162,108,154,230201_154346
0,0,0,0,-0.07188886325792815,0.12726582172760093,-0.22069130638561352,0.8865731047122817,-0.4550320292296718,0.0832705372623056,0.46088922751604494,0.8843023375411604,-0.0747696180203025,-0.03961375973685949,0.10466722598008096,0.9937180293449168,144,154,154,162,162,154,162,162,230201_154346
0,0,0,0,-0.07426448749551509,0.1240973542102949,-0.22445335409674072,0.8848336359343001,-0.45457112141481415,0.10214955846681724,0.460536253985995,0.886547509865305,-0.04404397252944383,-0.07053931870832468,0.08601516335684957,0.9937935380092083,114,98,162,162,115,99,162,162,230201_154346
0,0,0,0,-0.07462622141024117,0.12397095961321804,-0.22287383588225373,0.8858729974051077,-0.4556951911235744,0.08701106398234004,0.46154842298829124,0.8846608764175068,-0.06594078383845262,-0.04692638602653477,0.09857497919379464,0.9940225791054405,162,115,162,154,162,119,150,162,230201_154346
0,0,0,0,-0.07348336333239147,0.1260596655015606,-0.22410395385362658,0.8840041659631208,-0.4540896753934089,0.11108195740513316,0.46122650381414787,0.8859334024058068,-0.04890929033475576,-0.0762020126979953,0.09446995926102551,0.9926070118924178,128,162,138,82,162,138,151,76,230201_154347
0,0,0,0,-0.07605269970572641,0.12224660925951587,-0.2241444100520038,0.8845273731253518,-0.45615149286270945,0.0976582907442358,0.46241419193975053,0.8849810527175064,-0.054604500031778955,-0.06151781274290835,0.09345775457464568,0.993720889800146,56,114,162,154,64,112,162,154,230201_154347
0,0,0,0,-0.07454278765508678,0.12514813966272256,-0.22403457093752743,0.8832640194488507,-0.4552082532522944,0.11238379828986417,0.4620037449070064,0.8858352586248956,-0.04299342122775047,-0.07998257084492552,0.08989627772027127,0.9927343288176733,146,142,145,162,155,96,79,154,230201_154347
0,0,0,0,-0.07679071961230263,0.12303490403508208,-0.22411997960521002,0.8824989432967968,-0.4564449354633244,0.1133738769290347,0.46412507117100604,0.8841823574128458,-0.05300450122745813,-0.07604954563011493,0.09939607502182662,0.9921375342560671,162,132,110,110,128,128,99,120,230201_154347
0,0,0,0,-0.07468603880156019,0.12721604136380082,-0.22031890901254525,0.8836914705067989,-0.45594927654126893,0.10582836186498272,0.4642202536062403,0.8826665127177492,-0.07348049719786683,-0.05990777157673625,0.11406175760604884,0.9916657573782249,54,138,162,138,69,136,162,162,230201_154347
0,0,0,0,-0.07210402328394669,0.12631442578229732,-0.22268030287763496,0.8847450417635273,-0.4557434963590577,0.09759137565008295,0.4629048677596467,0.8836289012450319,-0.07013592723363916,-0.054270567338830816,0.1072279367092334,0.992752172049904,146,80,152,162,149,88,121,162,230201_154347
0,0,0,0,-0.07341920752318584,0.12748161297694946,-0.22218290149561293,0.8843262875998641,-0.45449022464730876,0.10679725071312374,0.4614754466388176,0.8856039108266152,-0.052403485362223765,-0.07076319106249386,0.09562608864030568,0.9928988981573147,162,162,100,125,162,148,76,140,230201_154347
0,0,0,0,-0.0722821637808466,0.12689206108249404,-0.22242751002108552,0.8863677461469263,-0.454979088300737,0.0857102549258118,0.4609488715415092,0.8845515443057529,-0.07137719027054472,-0.043340009402705895,0.10277448455399113,0.9937600560042826,112,154,154,162,99,154,162,115,230201_154347
0,0,0,0,-0.07269607431158384,0.12552239197249948,-0.223179530476585,0.8846797451107763,-0.455634517251044,0.09868604399883309,0.46275214752923227,0.8839327848574648,-0.0672553478261048,-0.05658797175915654,0.10516662276375933,0.9928432821491265,136,88,162,138,130,86,151,162,230201_154348
0,0,0,0,-0.0731958761050876,0.12543425766652083,-0.22222345568277757,0.8863310230668252,-0.4548653388220587,0.08668818309094212,0.46075105492660057,0.8849744154081542,-0.06729598395907192,-0.0461062136087945,0.09958819011955475,0.9939599637084844,162,159,98,138,162,130,94,146,230201_154348
0,0,0,0,-0.07237902343402265,0.12723540445650544,-0.2211889685150149,0.8849719562992128,-0.45583712694183676,0.09506392725611698,0.4629970105737232,0.8831464393714451,-0.07540646408189863,-0.04958230292897027,0.11074692016914416,0.9926110592318168,162,162,162,85,126,162,162,38,230201_154348
0,0,0,0,-0.0739730637275565,0.12446515844931429,-0.2247284570233652,0.8836421691378857,-0.4550786266007954,0.10990887376561248,0.4613214746109614,0.886382258573034,-0.038845704392305565,-0.0797434259613912,0.08502902620928833,0.9931822847382248,124,92,162,122,125,86,155,162,230201_154348
0,0,0,0,-0.0722422970216885,0.126154659148639,-0.22339996163927534,0.8842675535473516,-0.45606995071326195,0.10035483944376955,0.4624925583226471,0.885030023357598,-0.05312712350412828,-0.06458736129890219,0.09339195796241095,0.9935322918498383,162,126,101,146,138,162,105,154,230201_154348
0,0,0,0,-0.0761969886855067,0.12360796925144411,-0.22302939634334407,0.8848888548944747,-0.45582994099474144,0.09586855259299838,0.4623835083382779,0.8844787232084651,-0.062441007425488804,-0.05633121426288599,0.09958138924646152,0.9934336118812437,134,154,158,83,152,162,162,112,230201_154348
0,0,0,0,-0.07492526624634598,0.1257720026427284,-0.22357735161169257,0.8815670608671899,-0.4553745458955374,0.1243926852528636,0.46390310607887,0.8844879653011105,-0.04974884328181521,-0.0873694761593619,0.10156309461578697,0.9909851222130952,143,82,131,131,104,82,162,90,230201_154348
0,0,0,0,-0.07471757356403741,0.12531308365438973,-0.22384422973711804,0.8830936650661592,-0.45483927035756805,0.1151816689435184,0.46217340695900005,0.8855726687696728,-0.04644125566853106,-0.08087843111689264,0.09424588303344712,0.9922582289461327,162,104,76,154,162,130,162,162,230201_154349
0,0,0,0,-0.074684572970021,0.12369117119726403,-0.2234541496311867,0.8849015248594452,-0.45634097009932056,0.09328563828500286,0.46255174245093883,0.8844994542921412,-0.06088186029110257,-0.05472820896968605,0.09702388554225243,0.9937762267116548,161,162,115,83,160,162,130,43,230201_154349
0,0,0,0,-0.0746007564927179,0.12424352101378344,-0.22541413540366462,0.8837163902696876,-0.45364577187684496,0.11511235914086183,0.4602404698573897,0.886992819123474,-0.0377153646255976,-0.08499442025311099,0.08630905214202104,0.9926362355083476,69,120,162,145,100,116,162,152,230201_154349
0,0,0,0,-0.07529103882422074,0.12396606922672763,-0.22385461962018594,0.8840974652705959,-0.4547640445396643,0.10752365179826609,0.46213932351737064,0.8849791857239372,-0.05691297298774455,-0.06927422003181036,0.10000752286364681,0.9925722028193523,146,119,147,162,146,83,162,154,230201_154349
0,0,0,0,-0.07464215452195108,0.12416869954737211,-0.2252285357418694,0.8828352045913752,-0.4550643793460461,0.11626870681530213,0.4620894512947498,0.8858620025945265,-0.04149519684653167,-0.08411504345967048,0.09035996353260023,0.9923506116560642,161,147,108,116,18,18,125,122,230201_154349
0,0,0,0,-0.07053430684877177,0.12700971588352655,-0.22180342770850792,0.8875866731615883,-0.4545099875605866,0.07490373043861252,0.4594610687181067,0.8851607589882085,-0.07338908011300556,-0.032945772996845424,0.09955451750218977,0.9944865379111708,88,148,146,32,85,147,162,128,230201_154349
0,0,0,0,-0.07575124854084725,0.12420722983002325,-0.22348482853761276,0.8845230683282377,-0.4548261608885912,0.10369235731984,0.462157230037604,0.8846203282507308,-0.06210933560696862,-0.06347941649991026,0.10285931273791087,0.9926682857147777,148,92,162,146,138,162,157,146,230201_154349
0,0,0,0,-0.07362391445229452,0.12588547009135065,-0.22510748458489838,0.8830043708453588,-0.45438909084513607,0.11761732520731161,0.4617938715624193,0.8858691020077505,-0.044523637490376994,-0.08396249910158382,0.09362952648023777,0.9920603865267995,162,139,107,131,159,162,92,138,230201_154349
0,0,0,0,-0.07435725601458604,0.12438231145910729,-0.2243328313845535,0.8834745519860691,-0.4553297420040385,0.11021588832628004,0.46212976082458984,0.8856414219116283,-0.045556074837032744,-0.07686872025227713,0.09118167491818481,0.9928630832123287,162,162,162,90,109,162,162,162,230201_154350
0,0,0,0,-0.07423699736310332,0.12596085561892006,-0.22135968745570378,0.8856892493144537,-0.45473656624331205,0.09364405464331924,0.4615129546859072,0.8843012418115648,-0.07083153526226335,-0.05059986468245348,0.10595267364143113,0.9930829193185985,132,92,162,162,128,80,162,162,230201_154350
0,0,0,0,-0.07368103797275202,0.12629117313927607,-0.22158631483854108,0.8848164924343275,-0.454747117203742,0.10151272881318545,0.46240962837766825,0.8837868414473224,-0.0714013618090968,-0.05724605051739558,0.11011756571706746,0.9922686185810308,146,162,108,155,138,162,105,161,230201_154350
0,0,0,0,-0.07349116790734167,0.1264859934585444,-0.2230932332660357,0.8839257521658723,-0.4544393842180617,0.11027289208824702,0.4618372665953224,0.8853551788002822,-0.05340923661017205,-0.07335941549493083,0.09813793070484837,0.9924652853955207,162,162,149,73,162,146,162,75,230201_154350
0,0,0,0,-0.07306716239735878,0.1251119552084946,-0.2251855107272135,0.8839973294674534,-0.4548435711054578,0.10800947791024372,0.46137395751512383,0.8860801847280666,-0.04467636465859832,-0.0753843008937642,0.08932654732110659,0.993145495444876,24,90,162,162,76,96,162,140,230201_154350
0,0,0,0,-0.07459978726506701,0.12399597591539094,-0.22585342561323307,0.8826374385093168,-0.45464353929333456,0.11937505736351825,0.46149171590692345,0.8864016246635701,-0.03629815343881685,-0.08931152384209319,0.08712870923303284,0.992185486558027,162,108,162,154,162,111,124,162,230201_154350
0,0,0,0,-0.07522936739571101,0.12386679287717256,-0.2252091124341583,0.8828047550124531,-0.45455808106379714,0.11845976307169183,0.46147785719674916,0.8863368647926069,-0.03801512102714962,-0.08771517453952922,0.08822648723150042,0.9922308880025303,162,122,116,74,160,162,122,74,230201_154350
0,0,0,0,-0.07542470999444457,0.123787251533183,-0.22455026778010034,0.8827308469787966,-0.455944305108223,0.11358275587198564,0.4628421997759614,0.885402844456453,-0.04288241055457529,-0.08101450424858762,0.0904245191737386,0.9926026679560929,81,122,162,151,71,120,162,162,230201_154350
0,0,0,0,-0.07386842141703943,0.12388122879717879,-0.22483300450975519,0.8832913235801594,-0.45587649328167473,0.10942148126037153,0.46226522667972375,0.8857848284100408,-0.041183709902566555,-0.07814920275187882,0.08695895946823609,0.9931419039983396,146,42,118,162,146,145,79,154,230201_154351
0,0,0,0,-0.07338358960109302,0.12619189050516838,-0.2217478204222776,0.8847422913917611,-0.45535315725357134,0.09942122510842784,0.4627047140233126,0.8837456370782292,-0.06998568829268083,-0.05599486979590906,0.1079219677563385,0.9925811923626898,18,18,102,110,160,152,106,122,230201_154351
0,0,0,0,-0.07342458097159378,0.12726208318116913,-0.22187833487586006,0.8841282396397868,-0.45403319981410145,0.11032275077254212,0.4616289293368898,0.8853008008783949,-0.0560466195532779,-0.07222179359950073,0.10048057240402959,0.9923142985458939,90,146,146,162,78,146,162,128,230201_154351
