0,0,0,0,0.733169297422211,-0.43258012313489336,-0.2816974497445921,0.055228888451096726,0.9976847178906382,0.03968593665183575,-0.9916759603143004,0.05017944978537545,0.11857829714558983,0.11631233647024375,-0.045904536885956415,0.9921513059398342,180,180,81,97,180,180,81,97,230227_163501
0,0,0,0,-0.17516677183760476,-0.19190017666925036,-0.4030558355984539,-0.6914136234164378,0.7217125778705866,-0.032835290428809755,-0.7217817778604235,-0.6880839404919248,0.07464285622717585,0.03127725216188649,0.07530900198845356,0.9966695980698441,75,170,180,92,75,170,180,92,230227_163501
0,0,0,0,-0.17776907113707163,-0.19838971810606018,-0.39819711860840035,-0.6904681845335321,0.7227385558759345,-0.03004440043230963,-0.7218814761360814,-0.6858029649376751,0.09252798330390054,0.04626900213492097,0.08557612478409232,0.9952567037244091,86,137,180,180,86,137,180,180,230227_163501
0,0,0,0,-0.42553260967894846,-0.7027851350314063,0.340104863689205,0.04983429500862742,-0.9882721136466698,0.1443425523861082,0.9987081406625908,0.04787187421792177,-0.017039173487422465,0.009929391485085742,0.14500521731029808,0.9893810661911463,147,84,166,180,147,84,166,180,230227_163501
0,0,0,0,-0.9838754773097677,-0.4255339527384837,-0.6916557762695832,-0.745782089266607,-0.6660372374028234,-0.014264421542745608,0.6659541039098491,-0.7459168508381984,0.010638755625274318,-0.017725879802254825,-0.001565256668877548,0.9998416590424688,180,106,75,170,180,106,75,170,230227_163502
0,0,0,0,-0.42637379288352845,-0.6880161070408964,0.3488558266733921,0.048784394198326246,-0.9902103366452418,0.1307806257960966,0.9987749470031152,0.04944920556737887,0.0018388332387724382,-0.0082878297296209,0.13053070623294535,0.9914096260419814,180,180,81,97,180,180,81,97,230227_163502
0,0,0,0,-0.4441208903834257,-0.7321384597867073,0.22155781334561486,0.026648367966050225,-0.9987839073388326,0.041479765256325615,0.9930251567762891,0.021681696208618737,-0.11589194130284489,0.11485165429444562,0.04427878149284458,0.9923953279894752,75,170,180,92,75,170,180,92,230227_163502
0,0,0,0,0.7038591877832814,-0.4423557148733246,-0.27753166313753974,0.05203131602679376,0.9983978854627487,-0.022235207577903298,-0.9834059445026279,0.055099515568927095,0.17284904310109503,0.17379726830250977,0.012872672122838047,0.9846973158504105,86,137,180,180,86,137,180,180,230227_163502
0,0,0,0,-0.17559046017689184,-0.19937588033741505,-0.3938488363688619,-0.689856986450391,0.7234724661634954,-0.02617114725982845,-0.7222382378952493,-0.6852986992735394,0.09347524001553267,0.049691709243605345,0.08338635066547795,0.9952775746268692,147,84,166,180,147,84,166,180,230227_163503
0,0,0,0,0.6847173004685929,-0.4422380271460349,-0.3041245189638859,0.017910708745495708,0.9992661067262448,-0.033859333431220384,-0.9916912377649706,0.022069209074548488,0.12673373249062364,0.12738797216540934,0.03130811330943468,0.9913587174119107,180,106,75,170,180,106,75,170,230227_163503
0,0,0,0,-0.39176402615888534,-0.70805198516568,0.3009113721988166,0.02149859956353197,-0.984875462449978,0.17192479076837194,0.9954890101133574,0.005192915675546776,-0.0947347052051948,0.0924090956580324,0.17318590326792843,0.9805443396139395,180,180,81,97,180,180,81,97,230227_163503
0,0,0,0,-0.24347287055254696,0.023066893750121387,0.41115778423046745,-0.6928039226034939,-0.7201849772553917,0.03682829565515254,0.7207743763572568,-0.6899677841298304,0.06654889367809498,-0.022517175933466412,0.07265022641825032,0.9971032651583076,75,170,180,92,75,170,180,92,230227_163503
0,0,0,0,-0.436126990345117,-0.6570713246758217,0.33167735270483933,0.01235660097718467,-0.9987055037308057,0.04934198242965026,0.9989567479661734,0.0144991578618935,0.04330346538259198,-0.0439628264006773,0.04875542266346549,0.9978427624910503,86,137,180,180,86,137,180,180,230227_163504
