0,0,0,0,0.21992807091208771,0.16155221765583763,-0.22068597127380385,0.9963138236890031,-0.04961397121515449,-0.06998012994028313,0.04968648923734281,0.9987646147244736,-0.0007050968318772917,0.06992866017209609,-0.0027745692524670045,0.9975481363082178,162,162,83,96,162,162,83,96,230201_161508
0,0,0,0,0.2196419849318763,0.16085328822133485,-0.2248870263153444,0.9974815071590043,-0.04880982705563003,-0.05146108878172653,0.04954448430687993,0.9986860358784301,0.01309755000719285,0.05075418160670687,-0.015614177026826399,0.9985891099572478,146,162,146,130,146,162,146,130,230201_161508
0,0,0,0,0.2217017350932727,0.15874254003023086,-0.2281092201154158,0.9970506293588177,-0.04775172170481579,-0.0600817407322076,0.04911324062053662,0.9985641182637598,0.02139138405692496,0.058973995039641534,-0.024279101926294774,0.9979642243681468,102,126,162,162,102,126,162,162,230201_161508
0,0,0,0,0.22340617941333502,0.15633119945236912,-0.2247522341923709,0.9980722293550441,-0.03026685308471209,-0.05418249343284857,0.03274792433246036,0.9984272230953369,0.045504435322840806,0.05272000039992109,-0.04719107740329308,0.9974936610181284,146,130,149,162,146,130,149,162,230201_161508
0,0,0,0,0.22033615567670065,0.1601505846662472,-0.22512898226412337,0.9984750905027452,-0.0362105532321455,-0.041668807040247856,0.03760533961426784,0.9987413138022976,0.033190759812865164,0.040414503312932455,-0.034707116548075345,0.9985800338394952,130,162,59,136,130,162,59,136,230201_161508
0,0,0,0,0.2200063782163728,0.160490624987142,-0.22526303279952553,0.9980977217678503,-0.037685548607493076,-0.0487927989356885,0.039189403544177416,0.998774108970232,0.030240203381772402,0.04759336562671173,-0.0320948387886841,0.9983510368960662,119,162,157,100,119,162,157,100,230201_161509
0,0,0,0,0.22400813389370927,0.15860490756429918,-0.22346042772535768,0.9960539819816631,-0.038770959074488284,-0.07983281099219912,0.039916706026748995,0.9991209487002736,0.012805719356574133,0.07926614383484254,-0.015941850604919955,0.9967260084099565,53,130,162,136,53,130,162,136,230201_161509
0,0,0,0,0.22209805062022012,0.15760042211896225,-0.22635108672121307,0.9962905218868052,-0.05019923439618223,-0.06989444087017885,0.05009924663737606,0.9987391692787579,-0.0031839024393776295,0.0699661452767346,-0.00032956700877239103,0.9975493120145498,146,80,155,162,146,80,155,162,230201_161509
0,0,0,0,0.219743793763177,0.16050191759636084,-0.22423993379652263,0.9969719159936762,-0.052136091257637476,-0.0576959852006557,0.05295290345541263,0.998516007255081,0.012719012186999092,0.05694724519711855,-0.015735667883714624,0.9982531743103613,162,128,71,136,162,128,71,136,230201_161509
0,0,0,0,0.22062530628302185,0.16204478220901286,-0.22407987258364526,0.9981548559230421,-0.039389599551495555,-0.04620977217455494,0.03994948685838697,0.9991383042390525,0.011255554276079207,0.04572660163409291,-0.013080842842990234,0.9988683444045635,162,146,148,92,162,146,148,92,230201_161509
0,0,0,0,0.22160883178064866,0.16180392350682782,-0.22456392035050865,0.9967919872259516,-0.06295825651083012,-0.049416516866892427,0.06364902393265676,0.9978936817039303,0.0125300346287115,0.04852356081904357,-0.015635151182292615,0.9986996576012968,87,128,162,162,87,128,162,162,230201_161509
0,0,0,0,0.22063381738912072,0.16121382067392032,-0.22410383740674156,0.9967350472991819,-0.06463454769393567,-0.048390295823622594,0.06463778505760344,0.9979076650777295,-0.0014995739263590163,0.048385971400235685,-0.0016331636519031233,0.9988273777526033,146,80,155,162,146,80,155,162,230201_161509
0,0,0,0,0.22044304354271893,0.16147546829999876,-0.2233193126583881,0.9966820749573181,-0.06367018170195554,-0.050704530574853544,0.06404906482262412,0.9979294202971113,0.005881275441535184,0.05022508092699892,-0.00910933957605429,0.9986963808777743,162,162,44,138,162,162,44,138,230201_161510
0,0,0,0,0.22324414655104363,0.15996832505989922,-0.22729064655033338,0.9970966652468237,-0.05136022821711217,-0.056217142502535004,0.05145315649211618,0.9986753878481115,0.00020589662698168788,0.056132101694680824,-0.00309784827087155,0.9984185447473563,160,162,145,86,160,162,145,86,230201_161510
0,0,0,0,0.22493025568689318,0.15936732079326704,-0.22543228839359208,0.997064483271586,-0.0559863697101148,-0.05222970998433951,0.058228542008676804,0.9974006489407229,0.04244269534523723,0.049717734199273764,-0.04535936396497638,0.9977327673314047,104,144,138,162,104,144,138,162,230201_161510
0,0,0,0,0.22103111551091886,0.16194160717889336,-0.22413231467042816,0.9966548236423498,-0.07007747497928898,-0.04205127835111644,0.07070947971725143,0.9974024096248153,0.0137332717415156,0.040979653348357584,-0.0166607555392255,0.9990210644607603,140,92,162,162,140,92,162,162,230201_161510
0,0,0,0,0.2230946217522798,0.1592924629705961,-0.22696368527408495,0.9960792697027342,-0.06926507182364146,-0.05503124833885971,0.07130189594114072,0.9968066664985188,0.03595148479977642,0.05236533303308787,-0.03973436106665872,0.997837187344187,162,135,85,147,162,135,85,147,230201_161510
0,0,0,0,0.22403855547764367,0.16040419869604758,-0.22759680837778629,0.9964548454026839,-0.06855752655775574,-0.04876070780655517,0.0696923178630101,0.9973267013789872,0.021964324423680102,0.0471245361186167,-0.02528470424565237,0.9985689569713325,162,130,132,92,162,130,132,92,230201_161510
0,0,0,0,0.22369624294968837,0.1602946319158226,-0.22811193185381928,0.9960019004843588,-0.07676535134498132,-0.04568692443605412,0.07768808094271588,0.9968009426421606,0.018773460712904748,0.044099618036692594,-0.022247732032333496,0.9987793861050774,79,156,162,143,79,156,162,143,230201_161510
0,0,0,0,0.2236854988497931,0.16029689825858745,-0.22786045685113954,0.9962518632225577,-0.07543213659805591,-0.042334593346735,0.07595460106312167,0.9970520331221676,0.010869306523192998,0.04138989735337869,-0.014044074024488838,0.9990443635704429,124,92,152,162,124,92,152,162,230201_161511
0,0,0,0,0.22381929126271666,0.16053397669348496,-0.22651915239965548,0.9954302733936414,-0.0775884888501873,-0.055665044771430645,0.07820578826808366,0.9968966574572794,0.008994944795366073,0.05479439289588569,-0.013307169062139848,0.9984089812089647,162,120,116,154,162,120,116,154,230201_161511
0,0,0,0,0.22255338167735766,0.16425373780596625,-0.22194074984200096,0.9958170988472952,-0.0665116249054686,-0.06264590486051021,0.06635446203302095,0.9977855650758182,-0.004588190780514334,0.06281234760511836,0.00041216351641872875,0.9980252697750541,158,162,114,90,158,162,114,90,230201_161511
0,0,0,0,0.22398296110275956,0.16151767850297255,-0.2266572818953423,0.9961699897296976,-0.07348715993201038,-0.04738131369075299,0.07466813426239324,0.9969278600555125,0.02365399693310679,0.04549748660868678,-0.027101276174108933,0.9985967652371136,114,154,162,136,114,154,162,136,230201_161511
0,0,0,0,0.22382786820542722,0.16042292594329927,-0.22785786870310465,0.9957445178702685,-0.07527354643719764,-0.0531671735008832,0.07627293981120414,0.9969416634250137,0.01702229067792406,0.05172324220176462,-0.02100506924850175,0.998440530668704,108,85,162,162,108,85,162,162,230201_161511
0,0,0,0,0.22405580840836148,0.16100069179996332,-0.22650083110038022,0.9958249679049465,-0.07381043730141808,-0.05370896240373253,0.07524656961590814,0.9968458639979163,0.02522453550189658,0.05167772303566025,-0.02916063743510401,0.9982379827306853,154,162,114,162,154,162,114,162,230201_161511
0,0,0,0,0.22408105470384757,0.16168665622106623,-0.22737210009320064,0.9965993932424954,-0.0718066289472781,-0.040416054086439945,0.07226927160176025,0.9973339877664129,0.010102931658446399,0.03958284692693441,-0.012989414350622478,0.9991318598383232,162,90,140,82,162,90,140,82,230201_161511
0,0,0,0,0.22403054245225873,0.16095611615422759,-0.2275723852915824,0.9960767984290553,-0.07439549074749596,-0.04791996022287707,0.07646159505596421,0.9961522273730268,0.04282948028233937,0.044549254907580986,-0.046325488191672475,0.9979325192772217,120,162,154,162,120,162,154,162,230201_161512
0,0,0,0,0.2243056741363477,0.16124514448758273,-0.22666614212312242,0.9952732959932301,-0.07197836828591407,-0.0651934105693944,0.07324826835508168,0.99716368230179,0.01729976535437985,0.06376329246325231,-0.021993298916533153,0.9977226755652163,56,101,58,162,56,101,58,162,230201_161512
0,0,0,0,0.22366934939710809,0.16122513919712347,-0.22677207444661562,0.9962660461693638,-0.07283606809454664,-0.04635593203237734,0.07376236906417216,0.9971024999090972,0.018593482327663925,0.04486733957016716,-0.02194337848998756,0.9987519261459978,162,112,137,154,162,112,137,154,230201_161512
0,0,0,0,0.2231811419707635,0.16300991118384053,-0.2248844081473007,0.9960146201132993,-0.07013659607753507,-0.05509749913758766,0.0726900698200042,0.9963027342018447,0.04579318258749719,0.051682011088218266,-0.049615720417883806,0.9974303233897052,162,151,64,112,162,151,64,112,230201_161512
0,0,0,0,0.22367915701714813,0.1608177995842407,-0.22731186064210263,0.995375793626614,-0.07183150245605249,-0.06377511048280585,0.07274134465433535,0.9972779458867777,0.01205800255964091,0.062735366740517,-0.016641331159352415,0.9978914469305655,162,154,162,91,162,154,162,91,230201_161512
0,0,0,0,0.22291578666263354,0.16401868542998607,-0.2250995072615346,0.9959392996682928,-0.07676304338249346,-0.047035588089110285,0.07903921896384228,0.9956856219029223,0.04861012447398965,0.04310119768425015,-0.05213038947148207,0.9977097319620244,44,122,162,146,44,122,162,146,230201_161512
0,0,0,0,0.22352422602828456,0.16146437800978497,-0.22528439042897763,0.9950496768725785,-0.0830849177999506,-0.054525562720182046,0.08365657820753669,0.9964602193226467,0.008283008515658146,0.05364436110518356,-0.01280342694904928,0.998478019177176,160,93,119,162,160,93,119,162,230201_161512
0,0,0,0,0.22321590346725995,0.161574556638027,-0.22801500885540582,0.9955206729832495,-0.08791717102224125,-0.03477298811469594,0.08712610706357343,0.9959165599104703,-0.023648407219979496,0.03671009576295818,0.02051284318521456,0.9991154048124438,162,162,53,130,162,162,53,130,230201_161513
0,0,0,0,0.22214110760401484,0.16387519901532724,-0.2245961966477622,0.9957661935666865,-0.07468476369567013,-0.05358986677939632,0.07656956943858356,0.9964836127318097,0.034022207349780384,0.05086048353782582,-0.03798151693499679,0.9979832742013341,149,162,146,80,149,162,146,80,230201_161513
0,0,0,0,0.22491435534713525,0.16181851984348122,-0.22598017685046,0.9948167516696595,-0.08893016654325343,-0.049305740801814844,0.08862482824263357,0.9960300862121673,-0.00834908253331933,0.04985248656175781,0.003936094355282013,0.9987488356663231,90,130,130,162,90,130,130,162,230201_161513
0,0,0,0,0.22328582005484154,0.15998351635768465,-0.22226396146068228,0.9933631002530677,-0.08780677723270972,-0.07429482436630555,0.09147039688311798,0.9946775641478137,0.04743110661809789,0.06973462231675018,-0.05391208818973498,0.9961077096365444,146,90,124,162,146,90,124,162,230201_161513
0,0,0,0,0.22344169547836473,0.16041124281920566,-0.22672217541107242,0.9937562444053158,-0.09920685227460406,-0.05105415915677785,0.0992254188501107,0.9950625993375676,-0.0021770745473200645,0.051018065030544034,-0.0029023889004362903,0.9986935131356416,162,141,88,136,162,141,88,136,230201_161513
0,0,0,0,0.22244705902330847,0.16423422742803606,-0.22493970403245278,0.9953068159630144,-0.08645655490014952,-0.04346960101454519,0.08692888728719374,0.9961730291456468,0.009092005158122834,0.04251718067530649,-0.012828098751663217,0.9990133779033394,162,138,140,92,162,138,140,92,230201_161513
0,0,0,0,0.22384673984895215,0.16047696906537878,-0.22612866626973716,0.9941799905657305,-0.0956235606499805,-0.04962137651602506,0.097556481764955,0.9945000597998604,0.038109892727724276,0.045704258273924464,-0.04272897970574744,0.9980407582202924,85,147,146,93,85,147,146,93,230201_161513
0,0,0,0,0.22386413524317228,0.16127122061057714,-0.22877737803246878,0.9944851752088736,-0.09468089276794331,-0.0451083676765228,0.09653140103179277,0.9944942518009459,0.04077832450843752,0.04099908419238576,-0.044907813123569784,0.9981494694763124,132,92,141,162,132,92,141,162,230201_161514
0,0,0,0,0.2220250562649756,0.16393045098650563,-0.22416085049308188,0.9940729769216085,-0.09771172549678461,-0.04765852761734619,0.09870830242481797,0.994934621405556,0.019020256596434526,0.045558617040281295,-0.023611815453805043,0.9986825794937811,162,143,80,156,162,143,80,156,230201_161514
0,0,0,0,0.22262799442371345,0.1650026727110225,-0.22374372756091077,0.9941135021378222,-0.08439999279418568,-0.06793368887094917,0.08466583182215567,0.9964088611303152,0.0010384521412894851,0.06760208420704174,-0.006784001571986264,0.9976892980951211,162,162,120,85,162,162,120,85,230201_161514
0,0,0,0,0.2228882079427405,0.16491550382495918,-0.22572488610042285,0.9941445710744942,-0.09829009141538222,-0.04489576519747735,0.09959456356982323,0.9946396299255301,0.02780160946674957,0.04192248454526075,-0.03211019325947832,0.9986047470237618,103,154,162,139,103,154,162,139,230201_161514
0,0,0,0,0.22239812720491825,0.16446102606660767,-0.22493203152802976,0.9938457729532651,-0.0961393797537208,-0.05502544178373761,0.09760406258597219,0.9949218814034925,0.024574313240632927,0.05238345683170649,-0.029793784001113204,0.99818250029003,112,88,162,162,112,88,162,162,230201_161514
0,0,0,0,0.2224987451261582,0.16437669402683075,-0.2244745577106243,0.9937528590299669,-0.09475120744876427,-0.058970025070098214,0.09607563585446359,0.9951723160310758,0.020038303333988816,0.05678668298930023,-0.025578703883224457,0.9980586167869736,154,150,112,162,154,150,112,162,230201_161514
0,0,0,0,0.22238670768896962,0.16466140547207087,-0.22478067761621046,0.9941554512194,-0.09218146024396362,-0.05619178941840307,0.09343064211286396,0.9954245120950493,0.020018886949835467,0.05408931433406701,-0.025151920555356096,0.9982192779982001,162,90,100,92,162,90,100,92,230201_161514
0,0,0,0,0.2223876576625613,0.16409690353108886,-0.22537437156984697,0.9940729001217395,-0.09215209102877712,-0.057680684484300186,0.09432083737195553,0.9948880567437749,0.03607400984157462,0.05406152865954243,-0.04130068604298097,0.9976831182551765,120,162,154,162,120,162,154,162,230201_161515
0,0,0,0,0.22430792080415946,0.162282063795158,-0.2280129846356277,0.9948183767847243,-0.09252180048165773,-0.042143963352282744,0.09420905879493016,0.9947493551330902,0.03997966612260436,0.03822368967511694,-0.04374284967779105,0.9983113305225414,93,100,162,153,93,100,162,153,230201_161515
0,0,0,0,0.22424988773985566,0.1619426355165234,-0.227355620694222,0.9946141990813474,-0.09259588666502877,-0.04656819470933414,0.09428479625291974,0.9949128984145145,0.03547818715740177,0.04304616337508765,-0.03967778145445316,0.998284879920325,162,110,132,154,162,110,132,154,230201_161515
