0,0,0,0,0.19744721365485746,0.001820179391975707,-0.037408900670745815,0.9986838918011923,0.05102313792835576,0.005208037323907376,-0.04943396392765317,0.98465934952902,-0.16733872413607,-0.013666289446031252,0.16686103434005306,0.9858857072458983,180,180,81,97,180,180,81,97,230221_172456
0,0,0,0,0.19748015081342124,0.0019034053478362567,-0.037568521325679505,0.998717782143028,0.050207019630907554,0.0064843512468844506,-0.04843378288401419,0.984906298924542,-0.16617385779449467,-0.014729572527927543,0.16564672504623346,0.9860751503686735,75,170,180,92,75,170,180,92,230221_172456
0,0,0,0,0.1974495029383629,0.0018957176675548637,-0.03741679651258567,0.9987167283350231,0.050201124468694173,0.00668906913305706,-0.048405656054945914,0.9850368074925873,-0.16540671191551462,-0.014892582236751946,0.16487066138913378,0.9862027560331755,86,137,180,180,86,137,180,180,230221_172456
0,0,0,0,0.1974527432528238,0.0019191513544574434,-0.03737375862621706,0.998721558682638,0.050362732498526956,0.004340898271467485,-0.04892756459646459,0.9846847044781222,-0.16733835839248773,-0.012702033112073036,0.16691203654055542,0.9858899687149192,147,84,166,180,147,84,166,180,230221_172457
0,0,0,0,0.19747005444742616,0.001954339604595706,-0.037654075766150374,0.9987165747730682,0.050165744531263254,0.006971466787951435,-0.04830859094451944,0.9848708942276696,-0.16641995596725878,-0.015214575725485709,0.16586958666016263,0.986030322508735,180,106,75,170,180,106,75,170,230221_172457
0,0,0,0,0.19744844628658054,0.0020125934728942307,-0.03783079274162071,0.9987283391064332,0.05011019608276778,0.005538313303865429,-0.04852438012715574,0.9852550790765394,-0.16406649166467904,-0.013678055380079447,0.16358911150326422,0.9864337349252569,180,180,81,97,180,180,81,97,230221_172457
0,0,0,0,0.19743642109040432,0.0019691196741567774,-0.037519166802534865,0.9987380140491886,0.04988768990470755,0.005796351356993248,-0.04823344716302989,0.9849231192927284,-0.16613242807306758,-0.013996923513871747,0.16564319327594926,0.9860864154086564,75,170,180,92,75,170,180,92,230221_172457
0,0,0,0,0.19742503968980174,0.002023729350244502,-0.037687885117435316,0.9987421665549893,0.04962668477662191,0.007160789281126419,-0.04776164378128567,0.9850719173944867,-0.16538483287187883,-0.01526139339498413,0.16483479523095712,0.9862031130313937,86,137,180,180,86,137,180,180,230221_172458
0,0,0,0,0.19746879906191775,0.0019077643314084625,-0.03755886940347919,0.9987053009947494,0.05061561602795323,0.005077517020878095,-0.049060455001574105,0.9847589443917871,-0.1668618985730756,-0.013445948089481276,0.16639675734365636,0.9859672031185882,147,84,166,180,147,84,166,180,230221_172458
