0,0,0,0,-0.08718311827988875,0.17336179223548415,-0.13795224119947808,-0.9985084624520927,0.04716763828995672,0.02749662360554004,-0.04681195109872749,-0.9988133090146959,0.013439306881046862,0.028097893976014098,0.012132091050613239,0.9995315506380237,180,180,81,97,180,180,81,97,230221_173732
0,0,0,0,-0.08851642494621881,0.17330941887146806,-0.13879447566413522,-0.9983236904177838,0.04632022608306736,0.034702244973925295,-0.04594443875439056,-0.9988772272362365,0.011549608495183647,0.035198262715094984,0.009935872606948047,0.999330956559126,75,170,180,92,75,170,180,92,230221_173733
0,0,0,0,-0.08835009559609514,0.17299519156983223,-0.13753488163733035,-0.9983833539278621,0.04276685198406432,0.037438949920194885,-0.042267133527445155,-0.9990077031417909,0.014039176853984984,0.03800221076630672,0.012434043378464096,0.9992002935058295,86,137,180,180,86,137,180,180,230221_173733
0,0,0,0,-0.08808577863123149,0.1726922386025978,-0.13764564862197115,-0.9985707543244757,0.04324729204292688,0.031402553061832664,-0.0428394170320764,-0.998990113939029,0.013547568063618894,0.03195673569373533,0.012182938194062621,0.9994150004181249,147,84,166,180,147,84,166,180,230221_173733
0,0,0,0,-0.08834716223046557,0.1727293458096593,-0.13876771134606097,-0.9984935792733426,0.04704839075761894,0.02823156171782678,-0.04664552807708832,-0.9988024055677363,0.014763107481593528,0.028892332206290262,0.013423991925724386,0.9994923859542199,180,106,75,170,180,106,75,170,230221_173733
0,0,0,0,-0.08828424773905041,0.17315829173948105,-0.1378488807594886,-0.998297929416245,0.05011669190204786,0.029825514514149415,-0.04966393954139941,-0.9986420693210364,0.015732466158474023,0.030573472692298365,0.014224435840994237,0.9994313023877823,180,180,81,97,180,180,81,97,230221_173734
0,0,0,0,-0.08886446988349139,0.17345676412648328,-0.13863591924423563,-0.9979002996128219,0.054217759416865643,0.03543199961129546,-0.05401849386405349,-0.9985184006219548,0.006557891431804455,0.035735057762640125,0.004630138571031782,0.9993505728539478,75,170,180,92,75,170,180,92,230221_173734
0,0,0,0,-0.0882832099266008,0.173057529341333,-0.1389009228773605,-0.9977286900839903,0.05955961055957693,0.0314660733692081,-0.05918579029337317,-0.9981664276128114,0.012681680252501696,0.032163693983025106,0.010790531806606548,0.9994243649284807,86,137,180,180,86,137,180,180,230221_173734
0,0,0,0,-0.08829808371702713,0.17257369421276658,-0.1382579724947695,-0.9979650012545731,0.056116426431492644,0.030278754193632698,-0.05578527979760692,-0.9983745464976579,0.011673365560066502,0.03088460504624167,0.009960501501182346,0.9994733260977916,147,84,166,180,147,84,166,180,230221_173734
0,0,0,0,-0.0883942057670078,0.17361273574324854,-0.13798226566436594,-0.9978281194928535,0.059429676678001246,0.028410517054517873,-0.05917660604201501,-0.9982007137897654,0.00966769294886403,0.02893394626912896,0.007965457899814855,0.9995495876812424,180,106,75,170,180,106,75,170,230221_173735
0,0,0,0,-0.08835935754496488,0.17350213049724814,-0.13846769137969528,-0.9975328450636898,0.06452896470939073,0.02764481384771579,-0.064139604076923,-0.997831955970547,0.014747841633528104,0.028536541626417614,0.012938329008269167,0.9995090121827204,180,180,81,97,180,180,81,97,230221_173735
0,0,0,0,-0.08965525871624097,0.17333652907259728,-0.14013605429832238,-0.996968982543772,0.06874621118911807,0.03642535233566074,-0.06852447466996026,-0.9976227072884664,0.007302757947400985,0.03684079555115341,0.004784595027114878,0.9993096934552295,75,170,180,92,75,170,180,92,230221_173735
0,0,0,0,-0.08860928770438611,0.17365730974888244,-0.13797479305109644,-0.9965583308360364,0.07320065403849473,0.03889932505366003,-0.07269256035453318,-0.9972515685125343,0.014321339615854342,0.03984074435042944,0.011444358768698194,0.9991405015021547,86,137,180,180,86,137,180,180,230221_173735
0,0,0,0,-0.08832891836101989,0.1731827745072156,-0.137746484252098,-0.997031401533923,0.0703014940855011,0.03140197899252533,-0.0699204047340091,-0.997466885538764,0.013074756419536182,0.032241609096525514,0.010840303637078476,0.9994213157922552,147,84,166,180,147,84,166,180,230221_173735
0,0,0,0,-0.08862698968414157,0.17387757983406046,-0.13843648679957155,-0.9966414906003797,0.07632899378011397,0.029658454483831705,-0.07592035214513759,-0.9970059637125813,0.014669984720716792,0.030689401167380163,0.012369035130647089,0.9994524338986445,180,106,75,170,180,106,75,170,230221_173736
0,0,0,0,-0.08869758373355707,0.17363581672000553,-0.13868382831935105,-0.996258509550572,0.08197394010152088,0.027372528058349027,-0.08155565186099777,-0.9965393065770017,0.016065058249427295,0.028594716253192768,0.013772566618536049,0.9994962023995577,180,180,81,97,180,180,81,97,230221_173736
0,0,0,0,-0.08996856273242423,0.1736279851565469,-0.13939583907091052,-0.995587503475915,0.08487262836420462,0.04002698935900362,-0.08458316430679583,-0.9963769098683137,0.008873657482634219,0.04063509860261106,0.005448893082177027,0.9991591956869211,75,170,180,92,75,170,180,92,230221_173736
0,0,0,0,-0.08845436225717956,0.1743871773077467,-0.13811448529434162,-0.9957301955918648,0.08519440905558147,0.03554279466018998,-0.08479463929440666,-0.9963186518763876,0.012610038467340545,0.03648625403515296,0.009542357616779424,0.9992885952904675,86,137,180,180,86,137,180,180,230221_173736
0,0,0,0,-0.08846396329599296,0.17315759977234568,-0.13819615900494153,-0.9959719366092836,0.08452889231654578,0.029912670400543462,-0.08408800577089698,-0.9963345702355363,0.015704503782109133,0.031130511917205332,0.013125948244091055,0.9994291374131865,147,84,166,180,147,84,166,180,230221_173737
0,0,0,0,-0.08870843262867292,0.17439245665577577,-0.13824551388657813,-0.9958605269899597,0.08588000166504287,0.0297730767186055,-0.08556214121069625,-0.9962630406689701,0.011792955035084058,0.030674594939797368,0.009196690221533667,0.9994871135308592,180,106,75,170,180,106,75,170,230221_173737
0,0,0,0,-0.08870950182341775,0.17426975590193963,-0.1386480954838979,-0.9955611555724316,0.08968620328862371,0.02853717671661552,-0.08931512321891485,-0.9959046647284145,0.014025246399781872,0.02967817851004046,0.011414189058190655,0.9994943331547559,180,180,81,97,180,180,81,97,230221_173737
0,0,0,0,-0.08975130881434898,0.17474480941366258,-0.13869240175613584,-0.9945287480849305,0.09712909233274175,0.038451380407445175,-0.09691793767055779,-0.99526544040432,0.007322328487596902,0.03898054117513244,0.00355563769416029,0.9992336437742084,75,170,180,92,75,170,180,92,230221_173737
0,0,0,0,-0.08854328452150748,0.17423254921896683,-0.1392146432876733,-0.9942908197807203,0.10234599484992095,0.030183820797958626,-0.10195033475384713,-0.9946856616609095,0.014372325134712295,0.031494363676090494,0.011213020305846097,0.9994410303926184,86,137,180,180,86,137,180,180,230221_173738
0,0,0,0,-0.08848509829117193,0.17365277210386507,-0.138070517817295,-0.9943486885659781,0.10188904207032537,0.029821278529113912,-0.10152344811108471,-0.9947411224706912,0.013531029132492942,0.031043115674097267,0.01042700204948548,0.999463657467096,147,84,166,180,147,84,166,180,230221_173738
0,0,0,0,-0.08928452727979477,0.1747550570517614,-0.13798408318674538,-0.9938704129255931,0.10636829143453612,0.030122896414678555,-0.10597960919268247,-0.9942665777224604,0.014223039739562167,0.031463069565413296,0.010943445589236453,0.999445004115863,180,106,75,170,180,106,75,170,230221_173738
0,0,0,0,-0.08906171316067127,0.17433501302120807,-0.13871504470536555,-0.9936873921449233,0.10872741372548447,0.027635415625413814,-0.1082839210704675,-0.9939734101993061,0.01707197277311548,0.029325059758280494,0.013971732939354262,0.999472276528391,180,180,81,97,180,180,81,97,230221_173738
0,0,0,0,-0.09035131064262167,0.17433929439735854,-0.14000708180034227,-0.9928919855391436,0.11222909070673023,0.03962494481103239,-0.11200252951762792,-0.9936765261055003,0.007899040989747875,0.04026087969468325,0.003404800441333603,0.9991834010331461,75,170,180,92,75,170,180,92,230221_173738
0,0,0,0,-0.08822280086364528,0.17513593225468502,-0.13908260965157088,-0.9927762589986439,0.11695579929390024,0.026770143447187776,-0.11665095731080109,-0.9930919692444782,0.012684430637565969,0.028068732196729458,0.009470038735429044,0.9995611360188119,86,137,180,180,86,137,180,180,230221_173739
0,0,0,0,-0.0883940260098571,0.17419526480776223,-0.13787899707974782,-0.9926281806828824,0.11716960885185389,0.03099318756909632,-0.11679792739636995,-0.9930632775402153,0.013548836001507676,0.032365708243480076,0.00982901635906931,0.9994277619554657,147,84,166,180,147,84,166,180,230221_173739
0,0,0,0,-0.08889787838127633,0.17498427842878217,-0.13783486393775074,-0.9923873386856982,0.11936561742221873,0.030318631132200544,-0.11899857664460768,-0.9928007104085117,0.013641413743173127,0.03172867430062811,0.009929692329953558,0.9994471934211218,180,106,75,170,180,106,75,170,230221_173739
0,0,0,0,-0.08912900036727742,0.17453684389602478,-0.13887082466476336,-0.9915715243548802,0.12671896366163501,0.026985483821130876,-0.12622952749230323,-0.9918165033364517,0.01913452634700934,0.029189355553165625,0.015566886585820092,0.999452677000975,180,180,81,97,180,180,81,97,230221_173739
0,0,0,0,-0.09081396845377523,0.17486326202540955,-0.14005607421814276,-0.9904304076164867,0.130858309658622,0.04386012382482658,-0.13056351407395136,-0.9913941221729929,0.009532225002738409,0.044730039808856654,0.0037144736006669626,0.9989922052871925,75,170,180,92,75,170,180,92,230221_173740
0,0,0,0,-0.08914138205097552,0.1755165619851095,-0.1375160068841304,-0.9903167442670121,0.13209706176534733,0.04269791912198428,-0.13157778829915479,-0.9911959032453526,0.014763706036513653,0.044272244699003004,0.00900264753234835,0.998978939060639,86,137,180,180,86,137,180,180,230221_173740
0,0,0,0,-0.0886474088155717,0.17392991780335246,-0.13850427108404156,-0.9905098845107282,0.13405212525572763,0.03033473917749239,-0.13357798953954883,-0.9908897232271356,0.017160335469421015,0.03235876074752982,0.012945428431445775,0.9993924787017414,147,84,166,180,147,84,166,180,230221_173740
0,0,0,0,-0.088661858384436,0.1744912693182687,-0.1390462010630399,-0.9902818213358197,0.13620967287741373,0.028086283955683133,-0.13581830504824552,-0.9906139164994529,0.015409622040665955,0.029921603326578936,0.011445237098562685,0.9994867203730746,180,106,75,170,180,106,75,170,230221_173740
0,0,0,0,-0.08865215317742792,0.17526707277264142,-0.13896558290015637,-0.9895532173585191,0.14137741198231468,0.028228662677976683,-0.1409668373281313,-0.9898842040829248,0.01605033584758509,0.03021226223089293,0.01190335617794621,0.9994726255994172,180,180,81,97,180,180,81,97,230221_173740
0,0,0,0,-0.0901885111492341,0.17555243849418828,-0.14037497203399357,-0.9886211399234701,0.1450995380403281,0.039678278149413784,-0.14502133084047333,-0.9894166048194806,0.004857541430677353,0.039963174269278895,-0.0009519285562643046,0.99920069982679,75,170,180,92,75,170,180,92,230221_173741
0,0,0,0,-0.08858521608303468,0.17608971929698353,-0.1377449277235131,-0.9882085580702604,0.14779987552176763,0.03998803011459511,-0.14740342934344453,-0.9889948685440862,0.012703503896812487,0.04142553288116033,0.006659338496728506,0.9991194014912822,86,137,180,180,86,137,180,180,230221_173741
0,0,0,0,-0.0882746348977625,0.17504814294933108,-0.13788511438313344,-0.988630293950825,0.1473825736550087,0.02980803357370904,-0.14702395956105097,-0.9890353083769117,0.013896549887600829,0.031529306965042365,0.009356055077545982,0.9994590371974683,147,84,166,180,147,84,166,180,230221_173741
0,0,0,0,-0.08907317689998334,0.17556559127723262,-0.13888293225576231,-0.9874376675119071,0.1553007530932363,0.029129518830870598,-0.15489450419159423,-0.9878057267522489,0.015733364760879363,0.031217708914726704,0.01102371462494848,0.999451815930104,180,106,75,170,180,106,75,170,230221_173741
0,0,0,0,-0.08881064769725347,0.17570947676999388,-0.1386394586022346,-0.9869216541452951,0.15906360059156835,0.026161413302042594,-0.15862111396643377,-0.9871715499451288,0.018211896743054658,0.028722652787684558,0.013823962737872557,0.999491824514368,180,180,81,97,180,180,81,97,230221_173742
0,0,0,0,-0.09057723249045865,0.17550225551792842,-0.1400692707859807,-0.9860912655292219,0.16089913305480683,0.04165915300613811,-0.16067095623960828,-0.9869688792163437,0.008790635897586512,0.04253069324649238,0.001974953327429122,0.9990932087104422,75,170,180,92,75,170,180,92,230221_173742
0,0,0,0,-0.08864608257214837,0.176017233970508,-0.13902701419322883,-0.9857592464945942,0.1649591795905716,0.032667675448618504,-0.16458161360155035,-0.9862648684153691,0.013946389996113681,0.034519565679776536,0.008371284155942972,0.9993689614886285,86,137,180,180,86,137,180,180,230221_173742
0,0,0,0,-0.08856407246457665,0.17520043189036086,-0.1382246538901548,-0.9860151727462235,0.16393020168271336,0.030016130505115597,-0.163525891392901,-0.9864175977759175,0.01547920030708065,0.032145947775611416,0.010354311867745226,0.9994295504273191,147,84,166,180,147,84,166,180,230221_173742
0,0,0,0,-0.08905739647875502,0.17546310582580665,-0.13898587448230038,-0.9854885728701173,0.16736267904957514,0.028319717579260766,-0.16701238289745943,-0.9858506600785598,0.014329688816595909,0.03031726737904489,0.009392001065644555,0.9994961999000549,180,106,75,170,180,106,75,170,230221_173743
0,0,0,0,-0.08886698375964494,0.17586641073723683,-0.13915532253022356,-0.9844287970978776,0.17377903843717502,0.02647242422366002,-0.17334655312665362,-0.9846989977145114,0.01785655115484365,0.029170463889604304,0.012989599681601073,0.99949004714233,180,180,81,97,180,180,81,97,230221_173743
0,0,0,0,-0.0902394592395441,0.17608128877464652,-0.14008816176102235,-0.983564971534426,0.1759586978942268,0.04047818432008958,-0.17578925437418283,-0.9843974265652666,0.007735930341520256,0.04120782470662524,0.00049316026610046,0.9991504751417075,75,170,180,92,75,170,180,92,230221_173743
0,0,0,0,-0.08801105580039104,0.17708250345907994,-0.1378604974775971,-0.9830954401343562,0.18008558661462984,0.03305354868543665,-0.17967916566225337,-0.9836123525648952,0.014904271490697356,0.03519592325756656,0.008713287291052675,0.9993424466170899,86,137,180,180,86,137,180,180,230221_173743
0,0,0,0,-0.0887002940147642,0.17457503392753818,-0.1381904943566164,-0.9835638415535164,0.17723547211523352,0.03449285451481768,-0.17672972770911213,-0.9841087505213094,0.017221222118352093,0.03699693139103797,0.01084225859665906,0.9992565598964912,147,84,166,180,147,84,166,180,230221_173743
0,0,0,0,-0.08920522719022947,0.1761697378459385,-0.13919320116222816,-0.9824630330729023,0.18411669211126688,0.02945220418234032,-0.1837142763802037,-0.9828518243172204,0.015854213648377344,0.03186617798374118,0.010165388448809591,0.9994404492406704,180,106,75,170,180,106,75,170,230221_173744
0,0,0,0,-0.08867489563519329,0.17641560116599064,-0.13917262901212896,-0.9821670518852108,0.18603710915114943,0.027167558038893046,-0.18564372911300134,-0.982480756893415,0.01636973350914751,0.02973698088461397,0.011034326115591943,0.9994968512281781,180,180,81,97,180,180,81,97,230221_173744
0,0,0,0,-0.09038866119609582,0.17651093986703012,-0.14029523146064038,-0.9813157111257484,0.18789190697290145,0.0414259144962768,-0.18779023233937356,-0.9821885190623149,0.006367233315997133,0.04188440921978427,-0.001531116018735734,0.9991212899083108,75,170,180,92,75,170,180,92,230221_173744
0,0,0,0,-0.08796357155745421,0.17739017569822915,-0.1378815686114942,-0.9800746328754949,0.1959521000756531,0.032503668560713184,-0.19551463784526502,-0.9805675901641749,0.01616253407912585,0.03503912644742257,0.00948554666664692,0.9993409248210726,86,137,180,180,86,137,180,180,230221_173744
0,0,0,0,-0.0883853918651018,0.17610662393815862,-0.13812976696380236,-0.9803219129048546,0.19508795169278828,0.030160208601378042,-0.19473247288732293,-0.9807516490188124,0.0143341183917347,0.03237608811691842,0.008178878357846088,0.9994422919143723,147,84,166,180,147,84,166,180,230221_173745
0,0,0,0,-0.08905762663040181,0.1768679141429182,-0.13852089840361553,-0.9789345268844816,0.2015126604550768,0.032860915230307645,-0.20105798509952175,-0.9794381185265185,0.016633057594871357,0.035537004673676875,0.009675724962545866,0.9993215206555257,180,106,75,170,180,106,75,170,230221_173745
0,0,0,0,-0.08876075042449474,0.177177845034713,-0.13881680661448592,-0.9784931235302935,0.20445078821422333,0.027405882626039234,-0.20405428898963318,-0.9788190291761737,0.016587804783878893,0.0302167891885439,0.010638765022098571,0.9994867494519073,180,180,81,97,180,180,81,97,230221_173745
0,0,0,0,-0.09050342222204552,0.17740696792950555,-0.13996824334082342,-0.9777558599295435,0.20509666249899797,0.04391853145554072,-0.20504520793690154,-0.9787357789477006,0.0057216876663402794,0.04415813713860584,-0.003410870770133877,0.9990187309980918,75,170,180,92,75,170,180,92,230221_173745
0,0,0,0,-0.08806007088941753,0.1783115977012739,-0.1386347941394404,-0.9769754162214389,0.21133189284628284,0.02928936948712095,-0.21117199698823785,-0.9774120957968423,0.008484260605625326,0.03042077886816306,0.0021038193913903457,0.9995349669506429,86,137,180,180,86,137,180,180,230221_173746
0,0,0,0,-0.08828935929025566,0.17686414489550506,-0.13802222638974215,-0.9767832196380888,0.21183087255750652,0.03197222646258889,-0.21140606118601318,-0.9772645916329123,0.01616772199081026,0.03467014749413732,0.00903323707659372,0.9993579846584769,147,84,166,180,147,84,166,180,230221_173746
0,0,0,0,-0.08899522258916864,0.17767224782407995,-0.13805965406785303,-0.9755783513262686,0.21722556437254387,0.03255663690477741,-0.21685966003762294,-0.9760962779730175,0.014420262673993222,0.034910861803830684,0.007007874874047477,0.9993658596419348,180,106,75,170,180,106,75,170,230221_173746
0,0,0,0,-0.08887926142150529,0.17763617517387606,-0.13875157956143241,-0.9743476274632085,0.22342666989113397,0.02696709176339155,-0.22300302838441907,-0.9746543510208647,0.0178478392942702,0.03027127661983932,0.011376256741759766,0.9994769785214418,180,180,81,97,180,180,81,97,230221_173746
0,0,0,0,-0.09072240237886187,0.17802995051131415,-0.14015519930918396,-0.9724940317375013,0.22866139317334358,0.0443770831281835,-0.2284792014330948,-0.9735052919191904,0.009203321021575228,0.045305769471839286,-0.001189065749411341,0.9989724587671114,75,170,180,92,75,170,180,92,230221_173746
0,0,0,0,-0.08789696035123476,0.1786783001187281,-0.1387949391748422,-0.9723388435288766,0.23169249638094383,0.029593250678037034,-0.23129283909338902,-0.9727471478965604,0.01632816104854677,0.032569862588696284,0.009031798263571554,0.9994286521163377,86,137,180,180,86,137,180,180,230221_173747
0,0,0,0,-0.08819526830495297,0.1775913713506545,-0.1376522664751061,-0.9716034894319886,0.23448208835778747,0.03169873125147466,-0.23399379151267785,-0.97206440833103,0.018376386738553054,0.035122141977735465,0.010437255166655605,0.9993285239837207,147,84,166,180,147,84,166,180,230221_173747
0,0,0,0,-0.08873191272261599,0.17888108644487957,-0.13762810746636484,-0.9715308946828126,0.23470224367178738,0.03228896858437466,-0.23450065175191168,-0.9720650568439384,0.009948346139915,0.03372187724226374,0.002093341448493072,0.9994290634741606,180,106,75,170,180,106,75,170,230221_173747
0,0,0,0,-0.08864720028029277,0.1784658035748302,-0.13903030248484383,-0.9699552880986748,0.24161367817616142,0.028452936713170656,-0.24119425259985136,-0.97032082216032,0.017402143400161853,0.03181307281946131,0.010016616210434589,0.9994436431322561,180,180,81,97,180,180,81,97,230221_173747
