0,0,0,0,0,0,0,1,0,0,0,1,0,0,0,1,180,180,68,92,180,180,92,92,221213_023035
0,0,0,0,-1.9460017389449913e-05,-3.0235758995168782e-06,7.510611564931491e-05,0.999999862607386,-0.0004539557863375345,-0.000262124691515446,0.00045329451223971,0.9999967288098357,-0.002517318754734554,0.0002632665854705314,0.0025171995891896037,0.9999967971933377,180,180,180,84,180,180,84,84,221213_023035
0,0,0,0,4.396363172398665e-07,8.608682950472443e-06,-1.1141219055654794e-05,0.9999997363733727,0.0004616692062011679,-0.0005604593915270806,-0.0004623509637501658,0.9999991526843633,-0.0012169067925997938,0.0005598971082481052,0.0012171656007306695,0.9999991025111616,0,150,180,155,0,150,155,155,221213_023035
0,0,0,0,8.034754815514078e-05,1.3706580358763265e-05,-0.0002310183934188803,0.9999998527045928,-6.344609616615642e-05,0.0005390411719916316,6.471469760274393e-05,0.9999972278342502,-0.002353749311788379,-0.0005388903414749503,0.002353783848978279,0.9999970846451465,149,78,180,150,149,78,150,150,221213_023036
0,0,0,0,9.514539717020432e-05,1.1573643977930842e-06,-0.00028335560192971343,0.9999998067973289,-0.0003653806800679475,0.0005028938891647156,0.0003697392694797281,0.9999621347622635,-0.008694385232401416,-0.0004996980865790411,0.008694569492242213,0.9999620766624937,180,99,131,180,180,99,180,180,221213_023036
0,0,0,0,-7.764756525105443e-05,1.4487999231725668e-05,0.00025597973778057614,0.9999925443825416,-0.00020216918370944876,-0.0038562036968159182,0.00019002507061355287,0.9999950227395389,-0.003149347014923696,0.0038568212044009054,0.0031485907592174,0.9999876055764033,180,90,97,87,180,90,87,87,221213_023036
0,0,0,0,-1.0103277688883194e-05,4.934605208515089e-06,6.587749161113265e-05,0.9999969243798288,0.00042101481603374437,-0.0024441721313224773,-0.00041882375007641165,0.9999995100894694,0.0008968876670427115,0.002444548536892888,-0.000895861231219057,0.9999966108018092,180,180,180,83,180,180,83,83,221213_023036
0,0,0,0,-3.352943785034368e-06,2.1018578853140152e-05,3.616524555594136e-05,0.9999977429034667,7.408583970486893e-05,-0.002123369788803179,-7.920767383196816e-05,0.9999970876424279,-0.002412142783017053,0.0021231848991675557,0.0024123055257594945,0.999994836420636,34,145,180,180,34,145,180,180,221213_023037
0,0,0,0,1.1537588384291642e-05,1.2689699415863523e-05,-9.385149228335887e-05,0.9999986583237584,0.0004437711362594416,-0.0015768379313819405,-0.0004506274578748774,0.9999904351947196,-0.0043504544554400304,0.0015748922431172863,0.004351159185007253,0.9999892935067702,150,126,180,180,150,126,180,180,221213_023037
0,0,0,0,7.351972397262596e-07,2.1724786619903638e-05,-6.0001687190891495e-05,0.9999985054971912,0.0004028068990621632,-0.0016812941403963123,-0.0004057542780886605,0.9999983810548477,-0.0017530690656832309,0.0016805852701590612,0.001753748638006822,0.999997049995081,180,152,135,180,180,152,180,180,221213_023037
0,0,0,0,2.787350034949565e-07,1.2224798186718025e-05,-6.343509992334795e-05,0.9999983618455855,0.0002972869188089992,-0.0017854765844053182,-0.00030207126929985,0.9999963633807116,-0.0026799213234441266,0.001784673385753951,0.0026804562744973536,0.9999948150340915,144,144,129,80,144,144,80,80,221213_023037
0,0,0,0,8.737476570228053e-05,1.9111890099329787e-06,-0.00031772231862059463,0.9999997584257465,-0.00024691182034552105,0.0006497561095205613,0.0002505638285431404,0.9999841396364811,-0.005626516973595927,-0.0006483565506042808,0.005626678419752627,0.9999839599332302,180,180,180,82,180,180,82,82,221213_023037
0,0,0,0,-0.0001076966180625083,4.073915778397483e-05,0.00030781748001751374,0.9999897583020626,0.00030314968926571656,-0.004515682810895189,-0.000313362491299205,0.9999973946259539,-0.0022610938180246407,0.004514985595964052,0.0022624857062001863,0.9999872479504414,83,135,140,180,83,135,180,180,221213_023038
0,0,0,0,2.0775033126557707e-05,-1.3418491713945019e-05,-8.655603997842487e-05,0.9999999193157663,-0.00028828679403835016,-0.0002797484329259951,0.0002877183990285979,0.9999978987146053,-0.0020297252268799766,0.00028033298807321304,0.0020296445743418516,0.9999979009759559,154,62,180,180,154,62,180,180,221213_023038
0,0,0,0,8.516972116448529e-05,7.445190008595684e-06,-0.00027250112219612266,0.9999998685894937,-0.0002612690825184905,-0.0004410889494884841,0.00025819231772091845,0.9999757379880312,-0.006961089858527349,0.0004428969653437103,0.0069609750579890115,0.9999756740383839,180,150,140,180,180,150,180,180,221213_023038
0,0,0,0,0.000168405630765589,1.3281637340522776e-05,-0.0005250353542607389,0.9999989210605261,-0.00029307799759834143,0.0014394384567636826,0.0003012899385110808,0.9999836634938257,-0.005708061828619482,-0.0014377420340375468,0.005708489358290502,0.9999826728734302,180,180,0,80,180,180,80,80,221213_023038
0,0,0,0,3.5066365083324946e-06,1.574137992537382e-05,-1.3547085040199747e-05,0.9999962501846956,0.0008761537710915653,-0.002594604231369438,-0.0008740544267110415,0.9999992898485668,0.000810142716793868,0.002595312198404022,-0.0008078718535943114,0.9999963058420072,83,180,180,81,83,180,81,81,221213_023039
0,0,0,0,0.00012413012107867494,1.736471004909132e-06,-0.00043019833440949284,0.9999994677017292,-0.00016200176442892743,0.001018995429711196,0.000165017838080641,0.9999956042052566,-0.002960462679391506,-0.001018511350238956,0.002960629255965135,0.9999950986425075,79,132,180,136,79,132,136,136,221213_023039
0,0,0,0,3.7412853178958594e-05,1.6391339252531598e-05,-9.360647613843032e-05,0.9999952326693592,0.0004731529676830304,-0.0030513545882891796,-0.0004908971035634577,0.9999829603757155,-0.005817042053702702,0.0030485502436425863,0.005818512223069102,0.9999784253957292,150,130,180,180,150,130,180,180,221213_023039
0,0,0,0,4.854968926576442e-05,1.70972948437334e-05,-0.00014203095523279696,0.9999976622244862,0.0007757672913498411,-0.002018348501056151,-0.0007778222337692063,0.9999991797970832,-0.0010175449537100439,0.0020175574675082076,0.0010191124912580709,0.999997445432535,170,180,82,180,170,180,180,180,221213_023039
0,0,0,0,-3.152431560304869e-05,3.5901751005148336e-05,9.048519947485456e-05,0.9999951188821161,-0.0001818604587542019,-0.0031191567314974872,0.00016873991620603161,0.9999911397218423,-0.004206186473678628,0.0031198940339028742,0.004205639616541093,0.9999862893343254,180,180,0,0,180,180,0,0,221213_023040
0,0,0,0,-1.3716319842066449e-05,3.751843663615459e-05,8.03275506449097e-05,0.9999901639463366,5.5971885674366003e-05,-0.0044349608484049495,-6.880442336121378e-05,0.9999958117557152,-0.0028933954065932816,0.004434780324908635,0.0028936720919247576,0.9999859795943613,180,180,180,101,180,180,101,101,221213_023040
0,0,0,0,-5.882637638801591e-05,8.432443289651571e-05,0.00037721142995406076,0.9999964422687737,0.002147994567541883,-0.0015816349557509263,-0.002166553312222047,0.9999277090483902,-0.011827202711634111,0.0015561158506810847,0.011830587330077892,0.9999288053191011,61,133,180,166,61,133,166,166,221213_023040
0,0,0,0,0.0002603668503857459,1.2010787598470615e-05,-0.0002054995461939768,0.9999805278312067,0.006096194962685163,-0.0013343033382155164,-0.0061004597140336,0.9999762210580454,-0.0032158528804261447,0.0013146671437635087,0.0032239301245571284,0.9999939389440584,154,84,180,180,154,84,180,180,221213_023040
0,0,0,0,0.00029508385278861904,3.511833083523312e-05,0.00010533385365718573,0.9999804601017113,0.004814142853573548,-0.0039879121549737636,-0.0048239226862732305,0.9999853723629772,-0.0024463912184764327,0.003976076544440847,0.002465580796156173,0.9999890558034377,170,180,86,180,170,180,180,180,221213_023041
0,0,0,0,0.00020710525669354052,2.1617861640304062e-05,0.0003931426160466156,0.9999724525769499,0.004585735441650251,-0.0058365330204340655,-0.004589733204475814,0.9999892414958632,-0.000671745219912413,0.005833389782206529,0.0006985148444656448,0.9999827416714057,180,180,114,94,180,180,94,94,221213_023041
0,0,0,0,0.00020587497850615977,3.136701713727513e-05,0.0003849725723107378,0.9999638615592737,0.004740566556723028,-0.007057096016541281,-0.004752874345888841,0.9999872115315521,-0.0017282820377150113,0.007048812731062918,0.0017617610709106243,0.9999736048701543,180,180,180,99,180,180,99,99,221213_023041
0,0,0,0,0.0002903765402259839,4.047181039245479e-05,0.00013554546384098032,0.9999827463460461,0.004266809232008464,-0.004037492934522948,-0.004289542313266857,0.9999749022034844,-0.005638686892720866,0.00401333240105649,0.005655908601550667,0.999975951641303,0,140,180,152,0,140,152,152,221213_023041
0,0,0,0,0.0016962285745840133,0.0003444108141461011,-0.0003343046019363971,0.9999673113086772,0.0004081073994733,-0.00807525618456898,-0.0004395084394794044,0.9999923483886908,-0.0038871578823909745,0.008073608017952677,0.003890579959531068,0.9999598393141352,160,80,180,180,160,80,180,180,221213_023041
0,0,0,0,0.005234344444024347,-0.0008541783083791735,0.0004209629291027639,0.9997315680812177,-0.005932339814216971,-0.02239640877904148,0.005880235804142277,0.9999798513700667,-0.002391585412775672,0.022410145219452355,0.002259247270127675,0.9997463084167981,170,180,99,174,170,180,174,174,221213_023042
0,0,0,0,0.0006778655184428439,0.0005773545748607063,0.00012373826046119252,0.9999330044513554,0.008954284419635193,-0.007335352712585705,-0.008970380304335437,0.9999574230608094,-0.002164334258405709,0.007315660331190403,0.0022299901611428706,0.999970753701227,180,180,117,97,180,180,97,97,221213_023042
0,0,0,0,0.0006196183261963639,0.000556687299295958,0.0003415409340642439,0.9999198627201547,0.00864590275623906,-0.009247513354232666,-0.008656072389693669,0.9999619734107555,-0.001060256219844431,0.009237994830667276,0.0011402183988139308,0.99995667873839,180,180,180,96,180,180,96,96,221213_023042
0,0,0,0,0.0006240149088655167,0.0005436945064437489,0.0003047080260307755,0.9999440732996272,0.00836910878340667,-0.00646593312071418,-0.008397107386917308,0.9999554327083926,-0.004315227051195898,0.006429530346970728,0.004369280849556928,0.9999697848057086,36,133,180,180,36,133,180,180,221213_023042
0,0,0,0,0.0006226164360005337,0.0005613111657212424,0.0003292230761537951,0.9999216668090564,0.009235537947035733,-0.008447785782485945,-0.009230883120187798,0.9999572205292934,0.0005898373942321171,0.008452871856318482,-0.0005118106672044579,0.9999641428607436,160,81,144,160,160,81,160,160,221213_023043
0,0,0,0,0.00011471378195063164,0.0006709849017011923,0.0006696378500913314,0.9998096648649479,0.017978548539483313,-0.007576663847222099,-0.017915995464998224,0.9998055031589292,0.008244571524239377,0.007723415639373685,-0.008107258817478175,0.9999373086375606,180,171,96,173,180,171,173,173,221213_023043
0,0,0,0,0.000868174758906548,0.00024973077775437835,-5.6038225156540555e-05,0.9998707834709193,0.01550402080277508,-0.004247552259474984,-0.015539027059280223,0.9998445098700854,-0.008336349362853442,0.004117644873081403,0.008401274998219212,0.9999562308316817,108,110,110,80,108,110,80,80,221213_023043
0,0,0,0,0.001295786122729653,0.0002820915764207253,-0.00046027359951861246,0.9998765317489676,0.015525943498210472,-0.0024220520526109517,-0.015526518266033674,0.9998794324359299,-0.00021868273005830915,0.002418364775984017,0.0002562617651201454,0.999997042916487,180,180,180,95,180,180,95,95,221213_023043
0,0,0,0,0.0012740167700274196,0.00028804433751410813,-0.0004071729794788981,0.9998774654967789,0.01561682324988272,-0.00108112132501752,-0.015616683568006924,0.999878042704108,0.00013752286728461923,0.0010831371446953643,-0.00012062248635700579,0.9999994061318944,82,124,180,180,82,124,180,180,221213_023044
0,0,0,0,0.0012917799311633338,0.0002798590348434809,-0.00046385467741805186,0.9998863401294368,0.014981472265997173,-0.0016918366657735016,-0.014980779186519112,0.9998876929503545,0.000421593860389223,0.0016979627573161283,-0.0003962009105760996,0.9999984799725015,160,75,180,180,160,75,180,180,221213_023044
0,0,0,0,0.0013052367291454259,0.00027776607780445606,-0.0005122876749960037,0.9998846593961273,0.015075039310107879,-0.001846914748723687,-0.015078447173534348,0.9998846109025091,-0.001845348523319271,0.0018188829333677988,0.0018729842861788329,0.9999965917915613,180,173,99,170,180,173,170,170,221213_023044
0,0,0,0,0.0007163368268547909,0.00045881929039844754,-4.188812800476338e-05,0.9998228874718347,0.018715203246495386,0.001983646874990339,-0.018689244435121544,0.9997486470813994,-0.012383650566589953,-0.0022149108168462144,0.012344384405610481,0.9999213520791124,180,180,100,0,180,180,0,0,221213_023044
0,0,0,0,0.000503663702281193,-1.449203618513091e-05,0.0013263068827970015,0.9997298404380454,0.017717484682492176,-0.01504449647697175,-0.017843755428489573,0.9998063297586521,-0.008300805186323906,0.014894513416967004,0.00856701296011082,0.9998523689820479,180,180,180,94,180,180,94,94,221213_023045
0,0,0,0,0.0013646864998380637,-0.00011502343413266614,-0.0005973859660612924,0.9997894369433024,0.020469339237006577,-0.0014449663645848384,-0.02046085682564598,0.9997746367438711,0.0056594223751705456,0.0015604853587427821,-0.0056286654599924345,0.9999829413597937,35,130,180,172,35,130,172,172,221213_023045
0,0,0,0,0.0013879235727480566,-9.914624287444586e-05,-0.000714420190895404,0.9998118238977035,0.01938908220033527,0.000616673152178672,-0.01938994750827775,0.9998109752144319,0.0014296070763749082,-0.000588837816550318,-0.0014412953185379944,0.9999987879681809,160,96,174,160,160,96,160,160,221213_023045
0,0,0,0,0.0013477020823066121,-9.482417442995862e-05,-0.0005803987893502338,0.9998140370984315,0.019269945220937314,0.0007486201432838421,-0.01926996403852055,0.9998143168431014,1.7930882437881247e-05,-0.000748135610009922,-3.2353431198567975e-05,0.999999719623143,180,113,85,170,180,113,170,170,221213_023045
0,0,0,0,0.0013687151104106454,-8.876215811488668e-05,-0.0006754229488216135,0.9998214729609659,0.018872356487152277,0.0009254008790982005,-0.01887149666493595,0.9998214856411767,-0.0009292275805560437,-0.0009427723959114675,0.0009115979887039242,0.9999991400842886,179,180,115,85,179,180,85,85,221213_023045
0,0,0,0,0.0015519820955041952,0.00033857553392052306,0.0009159839070879139,0.9997514944563898,0.01736422306645749,-0.013979738535218495,-0.017454835970715635,0.9998272588477294,-0.006386013331541513,0.01386643549908115,0.006628440414872805,0.9998818858966375,180,180,180,180,180,180,180,180,221213_023046
0,0,0,0,0.0016751162223870297,-1.8236416929946764e-05,-0.0003583023262443419,0.9997302877199269,0.023034975458436188,-0.002956640164319897,-0.02302589297557649,0.9997301551699811,0.003070032000312355,0.003026560442041135,-0.0030011246949907776,0.9999909165499734,57,123,180,169,57,123,169,169,221213_023046
0,0,0,0,0.0016405294902474,4.696696939886051e-05,-0.00024322333207504876,0.9996982231874341,0.024439120011272665,-0.002488366725738977,-0.024420749855398202,0.9996761069250045,0.007162975622348021,0.002662617581860781,-0.007100046221038398,0.9999712494923401,167,79,172,180,167,79,180,180,221213_023046
0,0,0,0,0.0015457444801249276,5.81683654557949e-05,6.614137766702832e-05,0.9997055958557213,0.02417457630240551,-0.002076409246006686,-0.024163591055679563,0.9996946907969712,0.005161982142706685,0.0022005640303351297,-0.005110288929886317,0.9999845211127028,180,138,75,170,180,138,170,170,221213_023046
0,0,0,0,0.0016057219443856297,5.118343675872619e-05,-0.00015326691920058977,0.9997030306131267,0.02429692892298688,-0.0018734534529790347,-0.02428262906342371,0.9996783986632485,0.007311167611962286,0.002050489867656039,-0.00726350404373291,0.9999715180945451,180,180,116,50,180,180,50,50,221213_023047
0,0,0,0,0.001590998880672101,6.310382558242025e-05,-0.00014315232615813578,0.9997016177113921,0.02435725358150611,-0.001843839253199229,-0.02434093572545303,0.9996683578065128,0.008407927713724634,0.002048021785722906,-0.008360538164260743,0.9999629528179378,180,180,180,180,180,180,180,180,221213_023047
0,0,0,0,0.001463669777697657,0.0011166167509319251,0.000845648979857061,0.9997266453322198,0.02301197571192048,-0.004133229562943057,-0.02306646460988278,0.9996406281717658,-0.013658430318227312,0.003817436729932503,0.013750035715983499,0.9998981766633152,0,130,180,180,0,130,180,180,221213_023047
0,0,0,0,0.0018262965892164584,0.0006343011345534798,-8.877090254433284e-06,0.9996004851615313,0.028259797968033983,-0.0005038686703402634,-0.028259444453336245,0.9996003802361656,0.0006954357645168703,0.0005233201886661752,-0.0006809188789084902,0.9999996312426623,169,78,172,180,169,78,180,180,221213_023047
0,0,0,0,0.0018933888936618903,0.0007044161819051743,0.00030679232263242096,0.9995815757852748,0.02775379344390982,-0.008148637929119592,-0.02785009947707045,0.999540641692549,-0.01195314033905166,0.007813149796616282,0.012175079232620397,0.9998953555927417,180,141,65,170,180,141,170,170,221213_023047
0,0,0,0,0.0018350306994704135,0.0007003964687736612,0.0005236176861095343,0.9995930305546306,0.026911060472143564,-0.009464041994516293,-0.027038476590293917,0.9995418306848016,-0.013603289857648505,0.009093626904897376,0.013853647012238075,0.9998626817789406,180,120,120,80,180,120,80,80,221213_023048
0,0,0,0,0.0019875436096321586,0.0007019849368805064,5.3700739445106116e-05,0.9996158670167927,0.026915725785658068,-0.006607731357811866,-0.026999610288655676,0.9995515316792738,-0.012952087162996666,0.006256153173194851,0.013125518010669098,0.9998942850743898,180,180,180,180,180,180,180,180,221213_023048
0,0,0,0,0.0018718924047724794,0.0006975053843820099,0.00038357477394912465,0.9995930116372164,0.027523507954417256,-0.007501172969792587,-0.027601165787845355,0.9995643530050564,-0.01045370024123876,0.007210182604586904,0.010656486825635261,0.9999172228516436,97,117,180,180,97,117,180,180,221213_023048
0,0,0,0,0.0017019389229799842,0.0012932205957839477,0.0010313066100162693,0.9995660774869877,0.0293955960137915,-0.0018856490317235655,-0.02942316594569819,0.999425841473838,-0.01680073510422613,0.0013906987483961158,0.016848926651404996,0.9998570796007231,173,87,130,180,173,87,180,180,221213_023048
0,0,0,0,0.0021817760222760385,0.0008062586040599208,-3.788866022180759e-05,0.9994864988521649,0.0320359267853456,-0.000661821158338181,-0.03202963903810611,0.999455096441448,0.0079757394832284,0.000916970735777551,-0.007950446039039459,0.9999679742734016,180,144,43,170,180,144,170,170,221213_023049
0,0,0,0,0.0020968963236360216,0.0009186875670390976,0.0002209743726622193,0.9995652446753033,0.029423262036987346,-0.001895597083631195,-0.029402136858156687,0.9995141198824753,0.010345941413617799,0.0021990873959295302,-0.010285708855618386,0.9999446825739725,180,120,124,78,180,120,78,78,221213_023049
0,0,0,0,0.0021510927193259533,0.0009472737094275846,9.86023927113111e-05,0.9995966956942519,0.028349870640843353,-0.0016525107506807643,-0.028338761754885495,0.9995779051411792,0.006397353810105303,0.0018331773873489258,-0.006347943621307373,0.9999781712979776,180,180,180,180,180,180,180,180,221213_023049
0,0,0,0,0.0020978590113401308,0.0009821265447430491,0.00031987635620700505,0.999577350018555,0.028994328133375588,-0.00210956535273639,-0.028980440052806766,0.9995598701387546,0.006340355080117445,0.0022924712057054548,-0.0062765391969180125,0.9999776745665279,46,120,180,180,46,120,180,180,221213_023049
0,0,0,0,0.002111373024127755,0.0009134289950277381,0.0001790356341822008,0.9995780148055383,0.029045453678106174,-0.0003923494003819849,-0.029041554051743503,0.9995482843520858,0.007734040797782198,0.0006168108937548495,-0.0077193827107538415,0.9999700148878897,173,86,180,180,173,86,180,180,221213_023050
0,0,0,0,0.001569131365593307,0.0015526689139102288,0.00044112155302056255,0.9996125465702972,0.027454360839407176,-0.0045841913294362045,-0.02746725913481853,0.9996188524681276,-0.002774791149428361,0.0045062639587549235,0.0028996312182502037,0.999985642758901,180,171,50,168,180,171,168,168,221213_023050
0,0,0,0,0.0019855798093849075,0.0011513101228674098,0.0004194466207334546,0.9996248616826896,0.026747968845545533,-0.005889148368068806,-0.026790817012802365,0.9996142513465011,-0.007321245028091859,0.005691048203093458,0.0074762736448416205,0.9999558576770966,173,180,125,55,173,180,55,55,221213_023050
0,0,0,0,0.0022591365795970875,0.0013014753882739233,-9.535141317085216e-05,0.9996655338047457,0.025660840863040074,-0.0032158621044202132,-0.025675236781512595,0.9996601263483195,-0.004518186082492936,0.003098828663570971,0.004599242922972169,0.9999846219944832,180,180,180,180,180,180,180,180,221213_023050
0,0,0,0,0.0022954693832031026,0.0012657891659221022,-0.00023299737929682873,0.9996864357412688,0.024985256081952175,-0.001663482322395235,-0.02498755577123836,0.9996868148474108,-0.0013763272927804183,0.0016285734545674504,0.0014174620830384847,0.999997669272157,0,120,180,175,0,120,175,175,221213_023051
0,0,0,0,0.0022135992838623053,0.0012917616683868413,6.286040110214941e-06,0.9996948691264947,0.024692423314727128,-0.0006729583985074134,-0.02469423387712715,0.9996910454228181,-0.00282993191710194,0.000602872608080924,0.0028456866095862526,0.9999957692972199,173,86,180,170,173,86,170,170,221213_023051
0,0,0,0,0.00220087243653852,0.0012940736564453319,0.00011737958165802809,0.9996733236094354,0.025289603803947017,-0.003698919180555799,-0.025302232329009883,0.9996740377729504,-0.003408114125750444,0.003611523616663174,0.003500591687801882,0.999987351297506,180,180,107,167,180,180,167,167,221213_023051
0,0,0,0,0.00221474684852338,0.001292094043048874,0.00011587714811889249,0.9996462612216986,0.026066471190975292,-0.005281240870208179,-0.026069222521112028,0.9996600375250058,-0.0004527832246174097,0.005267642985610628,0.0005903009010657364,0.9999859516424331,180,130,126,69,180,130,69,69,221213_023051
0,0,0,0,0.0022276972509447657,0.0013021485809136084,2.4245965073443898e-05,0.9996617148940873,0.025715121299310438,-0.003897218440612065,-0.0257326491773722,0.9996586592015173,-0.0045161764511593115,0.003779754135706966,0.004614934450830125,0.9999822077610622,180,180,180,180,180,180,180,180,221213_023052
0,0,0,0,0.002215561277397138,0.0012966386233236975,9.495061309605646e-05,0.9996427197214158,0.026450168015314763,-0.003849872716336445,-0.02645282852223063,0.9996498566887874,-0.0006417828756102124,0.0038315494442664917,0.0007433936020433062,0.9999923832683971,86,108,180,180,86,108,180,180,221213_023052
