0,0,0,0,-0.07603093387079281,0.1456891455058975,-0.22546841841364362,-0.1421745303081081,0.9897884543908682,0.010257606260967927,-0.989560493966445,-0.14237347782782292,0.022356690097082296,0.023588804814049142,-0.006971970004720102,0.9996974341878136,162,162,83,96,162,162,83,96,230201_153710
0,0,0,0,-0.07379271645071528,0.14092090083077283,-0.23039331626458392,-0.13981911022940255,0.9901751202084674,-0.001961564377289705,-0.9888213075450526,-0.13952376405231437,0.052588411361880055,0.051798051696471475,0.009292501537381247,0.9986143456087677,158,162,144,96,156,162,139,100,230201_153710
0,0,0,0,-0.07238495208739518,0.14639472765281958,-0.2260009196154128,-0.1420084568948719,0.9898494203835035,0.005632329605128015,-0.9895705020234464,-0.1421027368975333,0.023601561204617573,0.024162361130534188,-0.002221965947930494,0.9997055782438766,80,105,162,162,78,114,162,162,230201_153710
0,0,0,0,-0.07127777980639505,0.1472136557618174,-0.22502844087840013,-0.13919207595972036,0.9902524769567068,-0.005059433874436601,-0.9900398421507863,-0.13904951248576586,0.022053209097897552,0.021134733120342867,0.008078673070329724,0.999743996279725,146,162,110,158,138,162,162,162,230201_153710
0,0,0,0,-0.07792246865914532,0.14704448847411442,-0.22444980564618822,-0.1375745821171237,0.9902052497679773,0.02380751325183534,-0.9903905516962811,-0.13786383474158057,0.010959844026328715,0.014134690164067945,-0.02207094022201074,0.9996564830638983,162,162,160,93,162,162,154,162,230201_153711
0,0,0,0,-0.10511242140681212,0.04427527447821389,-0.252370572927889,-0.10753536692604117,0.9864342728442465,0.12403052131763241,-0.8934682114455591,-0.15060267925122256,0.42312337224339935,0.4360627248416846,-0.06531660095714763,0.8975427798400754,79,123,162,141,100,113,162,137,230201_153711
0,0,0,0,-0.07687199433236082,0.14705061143487852,-0.2233653174275868,-0.13889218900391376,0.9901437206204687,0.018010340073311593,-0.9901939330636416,-0.13912872046380234,0.012616420493187647,0.014997825097554927,-0.016081407213313473,0.9997581975579809,162,124,86,142,162,162,95,148,230201_153711
0,0,0,0,-0.07633704968170574,0.1421095306877026,-0.22837286335100748,-0.13840693209300758,0.9903751211444768,0.0008003540876651493,-0.989834518179735,-0.13835799728578121,0.03293465055166064,0.0327283939186407,0.0037661658396733796,0.9994571867900968,137,154,154,162,127,162,162,99,230201_153711
0,0,0,0,-0.07784584963121002,0.14410747306191843,-0.22659567632235333,-0.13499608001359192,0.990467107947734,0.027403767161033418,-0.9904070023589865,-0.13570794687707396,0.026025426657346928,0.02949623805252947,-0.023627552307879673,0.999285600172787,109,85,162,162,18,18,104,106,230201_153711
0,0,0,0,-0.10641941331125634,0.045166681096537126,-0.25100089690461636,-0.10485744476140363,0.9869684378040292,0.12205826091167901,-0.8898629536400694,-0.14791476459097438,0.4315844600480514,0.4440144592432552,-0.06336028089166795,0.8937766134713127,130,18,162,146,162,141,78,154,230201_153711
0,0,0,0,-0.08010295379618303,0.14349439375474066,-0.22625067076752148,-0.1348076015170112,0.99052072303562,0.026374377911584524,-0.9904235613671879,-0.1354994004628691,0.026477944839801804,0.029800665461818587,-0.022552377063082222,0.9993014113003329,128,154,154,162,125,162,162,162,230201_153711
0,0,0,0,-0.06918638700853061,0.139227095226579,-0.23271156539547688,-0.14514110030297508,0.9888064746963333,-0.03458058127694758,-0.9878761954849362,-0.14288145248663037,0.060708425523309226,0.055087960545386026,0.04297262074764288,0.9975563495206821,120,85,156,162,106,18,162,162,230201_153711
0,0,0,0,-0.07738946270386847,0.14428440683996838,-0.22647644890245255,-0.14307427672200496,0.9895620644150298,0.01722416938895274,-0.9888976846262527,-0.14364071927133276,0.038061964059283,0.04013876781007519,-0.011587253249944878,0.9991269263115725,162,115,79,154,162,117,146,162,230201_153712
0,0,0,0,-0.0724938811299774,0.14095653769598268,-0.23204388434026813,-0.1481566533042182,0.9889638918106429,0.00016363508592654182,-0.9878926667361064,-0.14800386826490403,0.046507354124346145,0.046018312558330124,0.00672872003968968,0.9989179341847414,162,162,138,68,162,162,146,49,230201_153712
0,0,0,0,-0.07075847253397974,0.14507342895197503,-0.22706806710084249,-0.14338692913119566,0.9895877117605054,-0.012503970846561676,-0.9891977097148406,-0.14291861739220532,0.03259079467602025,0.03046439970259632,0.01704199329029985,0.9993905596989867,77,106,162,162,90,106,162,162,230201_153712
0,0,0,0,-0.07333240194720492,0.13977418734791622,-0.23184958800202815,-0.1446657676968248,0.9894248587442103,-0.010500693105066839,-0.988346438241949,-0.1439838532483649,0.049396032413613566,0.047361732138318,0.017524237579757258,0.998724069714006,160,96,161,162,146,160,162,162,230201_153712
0,0,0,0,-0.07621060641682839,0.14112619183112549,-0.22932150035969,-0.1425734001828469,0.9897767576673875,0.003846497333315236,-0.9888467470402069,-0.14260638671586406,0.04295962448446992,0.04306897291906344,0.0023213033577815867,0.99906940455727,162,162,102,94,18,162,96,72,230201_153712
0,0,0,0,-0.0750847183681099,0.13980762052454682,-0.23209092493454475,-0.14301592761095488,0.989714292169732,0.0034733736545696624,-0.9880240827305177,-0.14297531266122968,0.05802130568973657,0.0579211221757326,0.0048661940353799645,0.9983093026519957,54,138,162,142,70,136,162,141,230201_153712
0,0,0,0,-0.07732862346150174,0.14602918708519375,-0.22525116186895744,-0.1386180029864548,0.9902161567736216,0.016031597316727313,-0.9902048976508366,-0.13885328104381367,0.014629662048857779,0.016712567616717654,-0.01384663164261,0.9997644526966393,144,88,162,162,139,84,160,162,230201_153712
0,0,0,0,-0.07002835366446092,0.1417821893182021,-0.22999082425010708,-0.15259036011003507,0.9881198756192499,-0.01831101875073573,-0.9875983820983442,-0.1517646726536055,0.040210941434840226,0.03695426468246776,0.02421973452670485,0.999023416532983,162,162,80,140,162,162,95,148,230201_153712
0,0,0,0,-0.10613107133619107,0.04489598497420913,-0.25134677150212725,-0.12273654398768837,0.9832139086358026,0.13500426154408607,-0.8966994032135591,-0.16815859389337032,0.40945435347087356,0.4252833420749098,-0.07080322849214074,0.9022865297612975,162,162,162,18,121,162,162,18,230201_153713
0,0,0,0,-0.07294321086725325,0.1410226740247905,-0.2311334062197059,-0.1513625352640275,0.9884771391016405,-0.0015259069047369913,-0.9872448848707263,-0.15109639072660414,0.050173877725181844,0.04936517208553272,0.009100889123001334,0.9987393321593661,114,18,162,114,118,86,162,122,230201_153713
0,0,0,0,-0.07240269084073978,0.1439719639891185,-0.2268531100421648,-0.15986794897461604,0.9871044379544309,-0.00818947259070623,-0.9869054870576962,-0.15964451469393673,0.023047527927062755,0.02144291272333974,0.011766796454511388,0.9997008272454001,162,116,162,154,162,119,81,162,230201_153713
0,0,0,0,-0.07467553987505055,0.14498814248651928,-0.22632292157679956,-0.15407298464787816,0.9879731686703074,-0.013058843334945745,-0.987608745293703,-0.15359008611998304,0.032234324330653624,0.02984093867646057,0.01786346643874436,0.9993950244751569,162,162,138,76,158,162,146,58,230201_153713
0,0,0,0,-0.07356362475583733,0.14514097598721373,-0.22651870700526677,-0.14823758275386903,0.988934704456922,0.005811142743813272,-0.9885581580157612,-0.14834179468378564,0.02734008358578202,0.027899592824513805,-0.001691824663745618,0.9996092989010924,67,101,18,66,92,100,18,66,230201_153713
0,0,0,0,-0.07002978788110206,0.14082681599053187,-0.23189711141030167,-0.151918077044254,0.9883433535611031,-0.00991530830425607,-0.9879130432940565,-0.15152403355948432,0.03268464690553202,0.030801246024327336,0.014760851108815297,0.9994165300403492,162,108,162,154,146,159,162,162,230201_153713
0,0,0,0,-0.07201186873257126,0.14030820000518765,-0.2327739139544842,-0.14035798305146066,0.9900483898866316,-0.010189321695465003,-0.9887205600722518,-0.13961167970117994,0.05422391521672158,0.05226175163674484,0.017685151226468954,0.9984768123206246,162,162,85,82,162,82,101,77,230201_153713
0,0,0,0,-0.07525131533475254,0.14151728462468413,-0.22916040096938606,-0.14242038355284753,0.9898029555319965,-0.0025580400279621683,-0.9888736481328133,-0.14217355547535157,0.04376743254976112,0.042957448447977234,0.008762952905381049,0.9990384718714377,88,128,130,162,57,136,162,162,230201_153713
0,0,0,0,-0.07220133223213959,0.14587233781977055,-0.22638190629278765,-0.13349424368583424,0.9909669975254527,-0.012794401828054818,-0.9908949634808316,-0.13323425043724985,0.01938571274794018,0.017505949019363296,0.015265789393766533,0.9997302123188617,156,86,157,146,138,158,162,154,230201_153714
0,0,0,0,-0.06914190232056944,0.14726835645868944,-0.2254120431263137,-0.1365218012056835,0.9905404626396168,-0.013834365516728687,-0.9904079085218437,-0.13617654838538348,0.023412014164317502,0.021306631196478434,0.016897915360715565,0.9996301755767076,162,132,65,130,162,132,104,144,230201_153714
0,0,0,0,-0.07288325769788573,0.14192842015847223,-0.2301638771084099,-0.13397749885122265,0.9909748562995913,-0.004343268766169865,-0.9903756736962492,-0.13374032747106615,0.03563074176370858,0.03472829901205657,0.009075185394054818,0.9993555854938686,118,162,162,120,117,162,162,162,230201_153714
0,0,0,0,-0.06925504867118987,0.14653283615481913,-0.22781280123101433,-0.131824693877625,0.9912457805506357,-0.007352049009138641,-0.9902551145137279,-0.13134966974792284,0.046282528415323924,0.044911671795583835,0.013381584273687627,0.9989013339358657,128,77,162,162,124,85,162,130,230201_153714
0,0,0,0,-0.07589041755608023,0.1436809100511627,-0.22770002027461145,-0.13178149482121773,0.9912649007503856,0.005247300545277248,-0.9906637184356296,-0.13188432728366556,0.03452421168147374,0.03491467596839052,-0.0006486580470248928,0.9993900863250347,162,157,101,160,162,162,96,162,230201_153714
0,0,0,0,-0.07484506880570058,0.14805643617588526,-0.22404138299417087,-0.13323657232586153,0.9910834774987897,0.0012475671373289117,-0.9910785920882003,-0.13323996265255272,0.003215067156118776,0.0033526257362625927,-0.0008080725543207343,0.999994053442029,162,162,141,85,162,162,152,69,230201_153714
0,0,0,0,-0.07916722790334929,0.14320688194795086,-0.2278270540103643,-0.1296589939555929,0.9912236519912958,0.025772408103680117,-0.9910718505889118,-0.13036590733156533,0.02795205137171668,0.031066577807876954,-0.021918073333595103,0.9992769715172317,18,66,162,162,124,82,162,162,230201_153714
0,0,0,0,-0.07354886947948203,0.1439016652018831,-0.22931250625698785,-0.12737994639421066,0.9918186871830794,0.008369050785019773,-0.9910401388686411,-0.12761264192266986,0.03942659981208179,0.04017203514677292,-0.003271907081615773,0.9991874209657643,162,115,136,154,146,162,162,162,230201_153714
0,0,0,0,-0.07195523387675284,0.14649902107772506,-0.22434002340013115,-0.13417428212855056,0.990906675136347,-0.01006097338816615,-0.9908605772114932,-0.13401203190424144,0.015365280114694966,0.013877267144308357,0.012030647327801097,0.9998313282656629,162,162,105,81,162,162,115,60,230201_153715
0,0,0,0,-0.07466995398178314,0.14216576312073376,-0.2310289561329234,-0.11906385176947097,0.9928477637595641,-0.008781639906582097,-0.9918989571354665,-0.11854636798887244,0.045642277224306554,0.04427480135913539,0.014144844795133995,0.9989192486534288,74,114,162,162,100,116,114,18,230201_153715
0,0,0,0,-0.07641059625372619,0.14628328721593759,-0.22503313191378382,-0.11418675252763115,0.9934585768087039,-0.001200713295567298,-0.9934011626970812,-0.11416691110993407,0.010956566967063059,0.010747813697724219,0.0024438847847028143,0.9999392541189079,154,128,78,154,146,83,139,162,230201_153715
0,0,0,0,-0.07333762643023087,0.14710055990272541,-0.22569760162438057,-0.10682395704760006,0.9940002427321202,-0.023498077563493147,-0.9942357957287592,-0.10700721471028932,-0.006681204348554459,-0.009155582575321779,0.02264891715807942,0.9997015563953439,162,142,107,123,18,58,90,130,230201_153715
0,0,0,0,-0.08343333764035268,0.1456148400305684,-0.2253500955408445,-0.11566118824163087,0.9926300726767765,0.03616667460842588,-0.9928048303665459,-0.11666458777327786,0.02698041438796034,0.031000940879092907,-0.03278586246217725,0.998981495768176,107,154,154,158,109,162,162,162,230201_153715
0,0,0,0,-0.07417873370786096,0.1404748585790508,-0.2321916769456852,-0.11585203079683315,0.992547512944075,0.03778546689905643,-0.99314689058163,-0.11634454356877615,0.011099590524587694,0.015413003869780943,-0.0362406088566862,0.999224227879512,135,76,158,162,122,46,153,162,230201_153715
0,0,0,0,-0.0706181088051265,0.1499325908509931,-0.22326411077156283,-0.11970757278098633,0.99272361641844,0.013035276137399623,-0.9927906495390079,-0.11977526915483833,0.004539943479975382,0.0060682128176411665,-0.01239783464881854,0.999904730706491,162,121,100,160,138,162,99,162,230201_153715
0,0,0,0,-0.0674975498381132,0.14294271901215772,-0.22938571388823992,-0.12618023525437633,0.9916078277732987,-0.028150739419601778,-0.9919333663972422,-0.12646654548782446,-0.008626094145717324,-0.012113829245327687,0.026835215130424122,0.9995664692104868,162,138,141,72,162,162,150,74,230201_153715
0,0,0,0,-0.0774965993737809,0.14415338843985226,-0.2278702901743992,-0.11628203633928731,0.9928087036187481,0.028449359283650718,-0.9931957597675091,-0.11641584693620055,0.0030876142840539577,0.006377366590424802,-0.027896748932244288,0.9995904664383223,98,18,162,162,45,122,162,98,230201_153716
0,0,0,0,-0.07368413445266012,0.14520515499440112,-0.22487082803675384,-0.11593427256655937,0.9932470621017736,-0.004417926058551887,-0.9932530924053065,-0.11594497834696797,-0.002248649242468206,-0.002745700594976231,0.004127423205491735,0.9999877126774736,162,117,121,162,146,162,162,162,230201_153716
0,0,0,0,-0.10634235889963359,0.04664533582587116,-0.24882183066039776,-0.08855735782292619,0.9902056530529759,0.10793682892021357,-0.9239729005906889,-0.12214047142704731,0.3624303853343522,0.3720640715648994,-0.06763482757801546,0.925739626865482,128,162,126,67,162,106,138,101,230201_153716
0,0,0,0,-0.10752002207507239,0.044925593212020165,-0.25087431870265264,-0.08084699616004198,0.9870899235318671,0.13826512963777077,-0.8943504025341377,-0.13307874074795856,0.4271152142548461,0.44000127351966123,-0.08912649226121806,0.8935632868903508,162,162,162,18,108,162,162,18,230201_153716
0,0,0,0,-0.07375159289675363,0.14708891407212712,-0.22387843078819203,-0.11774476326967244,0.9929752112651624,-0.011679063981119302,-0.9927284722528693,-0.11740282204423669,0.026584915921134204,0.025027007433036205,0.014724373974998177,0.9995783319530247,146,112,128,146,138,156,156,162,230201_153716
0,0,0,0,-0.07233757743368749,0.14749126604162782,-0.22411984255201667,-0.11852273180482333,0.9929470551172518,0.0029168098150227396,-0.992894345977821,-0.11854689040858538,0.010365929757148725,0.010638598159397298,-0.0016674856611144557,0.9999420181794406,162,133,100,138,162,141,88,146,230201_153716
0,0,0,0,-0.07359571260221451,0.14546794462837048,-0.22572877721834883,-0.11652183361205663,0.9931878043010922,-0.0008047852255990995,-0.9927551875506357,-0.11644707908725667,0.02961782171850867,0.0293223444319732,0.0042500776018132465,0.9995609721059497,147,154,162,101,131,162,162,79,230201_153716
0,0,0,0,-0.10810267600311269,0.04401390526694385,-0.25052439056091436,-0.07844404263822966,0.9861972143461446,0.14581353363277763,-0.8972746505625954,-0.1335846816748801,0.4207770600681476,0.43444761897419126,-0.09782733379647313,0.8953686833533598,96,96,162,155,125,97,160,159,230201_153716
0,0,0,0,-0.0758471002512602,0.13883612447494556,-0.2328020460627812,-0.10960572616104979,0.9938442721175097,0.016129090858586694,-0.9938276013336494,-0.10985460557888524,0.015448768899568676,0.01712552539671951,-0.014336262146150209,0.9997505628743418,162,148,105,113,162,90,93,122,230201_153717
0,0,0,0,-0.07174673903010101,0.14275899833229103,-0.23031909283343144,-0.1159269490297302,0.9932470868005449,0.004600766337251205,-0.9931141620872501,-0.11598770379437189,0.016465528544456817,0.016887970582565134,-0.002660287717657652,0.9998538489793704,92,150,162,162,105,153,162,150,230201_153717
0,0,0,0,-0.07250631494116294,0.14671142458408923,-0.22656946625691665,-0.11328799433927454,0.9934657975467608,0.01383977757631462,-0.9934098968838521,-0.11350352115320696,0.01592882478521755,0.01739560610611769,-0.011944027402883108,0.9997773417604542,146,105,162,162,138,162,153,162,230201_153717
0,0,0,0,-0.068205438191112,0.1413578658865799,-0.23079558061395455,-0.11570444374624589,0.9929481076294222,-0.02581738275889819,-0.9930268202418667,-0.11504436677395656,0.02573961837142613,0.02258796090175279,0.02861554173394242,0.9993352464481446,138,99,90,141,162,131,104,152,230201_153717
0,0,0,0,-0.07449108427136625,0.14227499660121082,-0.22961514470837474,-0.11040507017987188,0.9937604746881349,0.015837911042525018,-0.9937329911420436,-0.11065420460879766,0.01582369483655387,0.01747749394116946,-0.013991638574795425,0.9997493542161098,162,154,154,162,131,162,162,64,230201_153717
0,0,0,0,-0.07205383079602448,0.14501915024963763,-0.22795725635368702,-0.11226935386362646,0.9936640519009152,-0.005229162734054598,-0.9935173529352019,-0.11215510287157188,0.01856077359638614,0.01785669621383051,0.007279069976480657,0.9998140594833644,124,84,155,162,117,85,162,162,230201_153717
0,0,0,0,-0.07111490091531844,0.14465279259852803,-0.2284692291536069,-0.11203547444577176,0.9936759812749784,-0.007489773222215253,-0.993579923725423,-0.1118990756802756,0.016659292652554326,0.015715840273253207,0.009308120063109191,0.9998331717168601,162,136,106,154,162,120,81,162,230201_153717
0,0,0,0,-0.08014336198895095,0.14621290825641037,-0.22542380663900652,-0.11556879288882016,0.9931075920019151,0.01952344279010436,-0.9932985125395106,-0.11551894258811975,-0.0036659091803299894,-0.0013853147717826613,-0.019816271381871683,0.9998026786778994,162,162,124,69,162,162,138,62,230201_153717
0,0,0,0,-0.06870776565912529,0.1448388649983697,-0.22856798734211725,-0.11168784771939952,0.9936620226018814,-0.012712572931862351,-0.9937383435932289,-0.11171871100658938,-0.0017418621102375216,-0.0031510544890771194,0.012438426338000595,0.9999176748142024,59,95,18,82,91,99,18,162,230201_153718
0,0,0,0,-0.07664519289341465,0.14453167237252137,-0.22664520924587717,-0.11149639599007771,0.9936947512359493,0.01180233228420968,-0.993620415732242,-0.11167479926557304,0.01572287025578925,0.016941756736246313,-0.009973994942706342,0.9998067294750385,154,162,124,162,146,162,84,162,230201_153718
0,0,0,0,-0.07626496152782186,0.14707160659567947,-0.22546530033283474,-0.10400913513475614,0.9945199120710112,-0.010594541178706745,-0.9943244136600499,-0.10373714396377139,0.02361282197953762,0.02238437419535258,0.012990360137697544,0.9996650390682746,162,162,105,81,162,162,115,60,230201_153718
0,0,0,0,-0.07346890661124915,0.13964279407271277,-0.23315382042233834,-0.1018536057169858,0.9947796986609392,0.00626052190297364,-0.9941709842308952,-0.10201090314445624,0.03489741756957205,0.0353538840273819,-0.0026696014124061255,0.9993712904183696,73,113,162,162,88,114,162,146,230201_153718
0,0,0,0,-0.07075802696428751,0.14584660460828944,-0.2255329830716778,-0.10094706814167108,0.9947241681609753,-0.018262494628477528,-0.9948909637973871,-0.1009537437887261,0.0005583630943453905,-0.0012882499391118135,0.018225555999603352,0.9998330708276256,162,104,150,154,146,40,162,162,230201_153718
0,0,0,0,-0.07862585308005025,0.14806731179641952,-0.22299838033971142,-0.10499121109417327,0.9942777514940129,0.019712901282870378,-0.9944687943498456,-0.10491145577421881,-0.0050401896490767165,-0.0029432392602680266,-0.020133040787314486,0.9997929775765146,162,161,108,124,66,162,72,130,230201_153718
0,0,0,0,-0.07557382497238643,0.146037452982106,-0.22398721279705647,-0.12294321098544993,0.9924136351789373,-0.00037892415228084586,-0.9923994931940049,-0.12293939753920702,0.005399114832862884,0.005311570471035518,0.0010398286507138223,0.9999853528804851,155,154,154,162,108,162,162,162,230201_153718
0,0,0,0,-0.10791732282429595,0.04620853462715502,-0.2509872178962921,-0.08297864364507793,0.9848120963844249,0.15251124389282722,-0.9060191136551348,-0.13828621137467123,0.4000078617167456,0.4150227829774968,-0.10498599220159804,0.9037333849377589,117,93,162,122,144,94,162,122,230201_153718
0,0,0,0,-0.07426880995374956,0.1403401098849178,-0.23237067142085843,-0.10884771764835535,0.9940563557271778,0.0020337160929389643,-0.9935068882304917,-0.1088552390365684,0.0330847392744444,0.03310947600476737,0.0015806874119741257,0.999450481027447,162,162,114,111,162,162,122,59,230201_153719
0,0,0,0,-0.07362071974097532,0.14568863645471095,-0.2274102526796039,-0.10893842682259793,0.9939890627655237,-0.010870246728295372,-0.9937451981655315,-0.10862856218884026,0.02589047314620221,0.024554027864416857,0.013622722903358059,0.9996056828251486,86,108,106,18,46,112,162,154,230201_153719
0,0,0,0,-0.07703964595807988,0.14631066734293396,-0.2258014923474082,-0.100986373742576,0.9946881316398396,0.019931710743680827,-0.9948607371926533,-0.10111115090140212,0.005352453258474546,0.007339339944088989,-0.019288751598769048,0.9997870163944649,154,162,133,162,146,161,162,162,230201_153719
0,0,0,0,-0.08147628081930507,0.1434080188925074,-0.2274199507187008,-0.1252424805682561,0.9906470661670033,0.05415451371601275,-0.9902985552202984,-0.12813701874849356,0.05375570625373005,0.06019213062933726,-0.04689663869570961,0.997084556439094,18,162,104,111,162,90,128,114,230201_153719
0,0,0,0,-0.07414785395890618,0.14886792247975467,-0.2229568680088706,-0.11100749515219384,0.9938162509655154,-0.0025681387976601473,-0.9937805546835421,-0.11102566381510019,-0.008573861865489491,-0.008805972570236508,0.001600403469374103,0.9999599459757513,76,138,138,162,59,144,162,136,230201_153719
0,0,0,0,-0.072617491797285,0.1450175374124689,-0.22928000432210416,-0.11919756743100136,0.9928686136263359,0.0019636685689761535,-0.9927469404700706,-0.11921370195041713,0.015543662843465623,0.01566691117757824,-9.665916403956786e-05,0.9998772617432401,159,92,162,162,153,93,148,154,230201_153719
0,0,0,0,-0.07134926292897065,0.14667642362469258,-0.22634726007649175,-0.12050733326399597,0.9917095539671124,-0.044611021059286625,-0.9926703181960922,-0.11996652630128737,0.014617521666525794,0.009144506660778687,0.04604555502493631,0.9988974846601509,162,162,99,124,162,147,75,138,230201_153719
0,0,0,0,-0.07362855798638811,0.14725113498071588,-0.22657113574013266,-0.1189778481100233,0.9927921106062992,0.014425559850431015,-0.9928354272553842,-0.11911960413290684,0.009398632764335075,0.011049255437696614,-0.013203977776023825,0.9998517734770304,123,154,154,162,115,162,162,162,230201_153719
0,0,0,0,-0.07884824055249687,0.14608410501728875,-0.2259356824660963,-0.11843023146770884,0.992798440086439,0.018042661567458006,-0.9922461221096698,-0.11901530142131203,0.03581886634047986,0.03770826743338679,-0.013660724341233431,0.9991954119078235,130,137,154,162,129,89,154,162,230201_153720
0,0,0,0,-0.0702621455697729,0.15063194854454323,-0.22384431878905287,-0.11716117441775263,0.9931128068529398,0.000460514634036633,-0.9930133551023101,-0.11714285072065406,-0.01421369457568897,-0.014061856118783241,-0.0021225903311214013,0.9998988742931862,162,162,105,153,162,128,99,158,230201_153720
0,0,0,0,-0.07701785827950325,0.14998534347254486,-0.22541666765521406,-0.11424669912746568,0.9923242503879578,0.047331531038578144,-0.9934515838616381,-0.1141783240295087,-0.004154617264526434,0.0012815074250654634,-0.047496235785481906,0.9988705948845074,162,162,144,77,162,162,154,48,230201_153720
0,0,0,0,-0.07231573959690911,0.14725595493609567,-0.2270074300049988,-0.11455629419247126,0.9934156587912056,0.0014779476723786674,-0.9934097415150112,-0.11456094995815098,0.0035880646265415432,0.0037337546740973527,-0.001057172228250707,0.9999924707031116,110,86,162,162,40,134,162,162,230201_153720
0,0,0,0,-0.07690428156655262,0.15051325789440603,-0.2201252593112687,-0.1123261705072386,0.9936662863334534,-0.0031847799708125575,-0.9936665088914564,-0.11231499584070834,0.003494397912059271,0.00311456684707192,0.003557121530874822,0.9999888231174235,154,162,118,162,146,162,162,162,230201_153720
0,0,0,0,-0.07309700711438197,0.14581211770595087,-0.22833420314186392,-0.11825631292532991,0.9929813017412512,-0.0018917836970305715,-0.9927882281300424,-0.11819514768022504,0.020035996388006197,0.019671770121595846,0.004247523643211142,0.9997974694922884,162,162,111,79,162,162,115,75,230201_153720
0,0,0,0,-0.0792993639545228,0.14404725561028164,-0.22883618771923997,-0.11381485183539612,0.9931704947677977,0.025662186663938394,-0.9933782505165816,-0.11417034583033908,0.012836803869947623,0.015678995576937638,-0.02403123916215495,0.9995882495517991,106,114,162,152,56,114,162,162,230201_153720
0,0,0,0,-0.06799499323843244,0.14689309001199194,-0.22824578847718324,-0.11696225634886026,0.9930896309868738,-0.00963407578019295,-0.9931330353633898,-0.11698146392774007,-0.0014529856239937442,-0.0025699532455189422,0.009397974445479176,0.9999525355818835,154,162,130,162,162,126,162,162,230201_153721
0,0,0,0,-0.07565089135793056,0.14367791823488452,-0.22938332465067857,-0.12018679633939487,0.9927136113652469,0.008649843688896113,-0.9916253326803522,-0.1204607852209018,0.04656606930529586,0.04726873778994712,-0.0029807774377129284,0.9988777609866045,162,162,103,110,160,152,107,123,230201_153721
0,0,0,0,-0.07574429345954534,0.14492306607219546,-0.22853015363296547,-0.11321897949221535,0.9935608027279577,0.004288818639078858,-0.993479745710441,-0.11326583321500971,0.012994071310668738,0.013396176538795723,-0.0027896789577073434,0.9999063756899713,95,140,162,132,54,146,162,162,230201_153721
0,0,0,0,-0.0720797685082909,0.15020966995812896,-0.22224484591856974,-0.11240312721242539,0.9932440005262271,-0.02884254516375295,-0.9930790002747293,-0.11328452225303774,-0.030995422746660357,-0.034053431636331996,0.025158943470602747,0.9991032936374661,162,92,122,162,148,92,77,154,230201_153721
0,0,0,0,-0.07854966215996624,0.14540800115771152,-0.22723367211442813,-0.11496035935731608,0.9932354860210291,0.016351913802544457,-0.9932778618831313,-0.11515840498559926,0.011731617708057675,0.013535319328038581,-0.014893322991927594,0.9997974715215808,162,160,100,138,162,162,87,146,230201_153721
0,0,0,0,-0.07404705374949634,0.14769646492638716,-0.2254900476090841,-0.11557408131372496,0.9932988268331249,-0.00026896175303620226,-0.9932249032904202,-0.11556877582876846,-0.012171669448979423,-0.012121188564815021,-0.0011395900034718842,0.9999258863147809,162,154,154,162,130,162,162,77,230201_153721
0,0,0,0,-0.07830838757947789,0.13012892735634057,-0.2408525277901319,-0.10748770689006051,0.9938516055510427,0.026558972328240463,-0.9906013274186651,-0.10933259881127252,0.08219119754299459,0.0845896151066713,-0.017474809892786214,0.9962626300505888,124,85,154,162,125,87,162,122,230201_153721
0,0,0,0,-0.10869543640267817,0.04759012568881579,-0.25027263713059744,-0.07806646235989428,0.9886105725826446,0.12866531479939122,-0.9077407217672525,-0.12384818210176812,0.4008346415113776,0.4122043297929786,-0.08550300326832055,0.9070704641492958,144,135,104,140,162,124,138,146,230201_153721
0,0,0,0,-0.07922078352549702,0.14359915382353636,-0.22798825749011087,-0.11289943448009875,0.993606357826537,0.00035125597211557665,-0.9935440485607684,-0.11288837944173016,-0.011244436690967,-0.01113289106886143,-0.0016184788240743474,0.9999367176290432,85,138,138,162,59,144,162,136,230201_153722
0,0,0,0,-0.0713161352453773,0.146891933874955,-0.22737511588584225,-0.11571520392585627,0.9930472651042206,-0.021612978726303137,-0.9932496397161232,-0.11550717709905027,0.010641674793012708,0.008071231887952696,0.022698486901878968,0.9997097748387659,162,99,162,162,146,144,140,162,230201_153722
0,0,0,0,-0.10737224331550654,0.04726771500631649,-0.2517963910274299,-0.08308904202993515,0.9877678706019937,0.13195016067042611,-0.9051379469096075,-0.1301985034266924,0.40468956839744574,0.41691906667698564,-0.0858078289659705,0.9048842513434179,162,142,129,129,162,141,116,132,230201_153722
0,0,0,0,-0.07500831598984753,0.14579660190387225,-0.22868133071896735,-0.11079490426688664,0.9937932070346503,0.009977516738955663,-0.9937366058579228,-0.11092452456280928,0.013539129532259574,0.014561846258907924,-0.008414957058676746,0.9998585605630591,34,82,162,160,18,90,162,158,230201_153722
0,0,0,0,-0.07565868527067557,0.14147995712527547,-0.2328756444352097,-0.11163916937479772,0.9936884931207071,0.010948721423296243,-0.9927965574788691,-0.11200763152297151,0.042535701930505584,0.043493577909983865,-0.0061212025055480705,0.9990349541234652,162,122,128,154,162,135,162,162,230201_153722
0,0,0,0,-0.10735290348259624,0.04610900901043155,-0.2518447533024283,-0.07360867749852729,0.9871969842846038,0.1415057483507345,-0.8928283804842745,-0.1284513399453486,0.43169171438431914,0.44434136156647136,-0.09456409194629951,0.8908526179540733,161,146,132,84,162,154,146,74,230201_153722
0,0,0,0,-0.0703263723338085,0.1425276528388488,-0.23241427077089727,-0.10744856613537213,0.9941079884398701,-0.014286810542863774,-0.9935418043099511,-0.10683818236738538,0.038213687036968584,0.0364621546809648,0.01830054940345947,0.99916745401737,128,154,154,162,92,154,162,91,230201_153722
0,0,0,0,-0.07104129229431547,0.14948553940636602,-0.22470669923963482,-0.09976256979935194,0.9948929385842704,-0.01534504552566217,-0.9949963144182338,-0.09966464747708524,0.007020850190650937,0.005455635724701704,0.01596868179980948,0.9998576084825357,148,85,162,162,137,89,162,162,230201_153722
0,0,0,0,-0.06875635638772148,0.14747172870378186,-0.22847551859640924,-0.107178143106618,0.9941407406705908,-0.014036857880086793,-0.9940298694644502,-0.1068546963417395,0.022061107909692092,0.02043194197098631,0.016317524586869244,0.9996580786142086,162,132,111,146,162,123,88,154,230201_153723
0,0,0,0,-0.07297319575710132,0.14421600065649479,-0.23108132313793772,-0.10996749430386545,0.9939350646164962,0.00048736262680639994,-0.9937981339431575,-0.10996046050911416,0.016551921209356415,0.016505125495627375,0.0013358332322341306,0.9998628887912328,158,162,155,84,153,162,162,72,230201_153723
0,0,0,0,-0.06765412401808053,0.1531823345629335,-0.22156398865855442,-0.10593547519464203,0.9941608609744886,-0.02053917237251038,-0.9942433847151865,-0.10623256972941081,-0.013954679458006268,-0.016055125205841625,0.0189426406593206,0.9996916571220732,118,86,162,162,108,84,162,162,230201_153723
0,0,0,0,-0.07489874832693663,0.1455486475061351,-0.22785624014849903,-0.10275608791414906,0.9947000003765987,0.003618790871941643,-0.9946252147582877,-0.10279353470096392,0.012416577254262939,0.012722757704561861,-0.0023234617442384133,0.9999163629833818,162,136,79,154,162,120,162,162,230201_153723
0,0,0,0,-0.07451129382669458,0.14947018150866814,-0.22376938410962532,-0.1130065324704288,0.9935597985615023,0.00827346973384624,-0.99359163077792,-0.11298321636287925,-0.0032348212272593686,-0.0022792251059273955,-0.00858600621509837,0.9999605420366299,147,162,125,76,162,162,130,74,230201_153723
0,0,0,0,-0.07158398684957515,0.1516988797123425,-0.22122768862770237,-0.11169237710910132,0.993484371582931,-0.022663104734017222,-0.9936376297132632,-0.11198334061535073,-0.011999676763776203,-0.014459381505689345,0.021178641247565317,0.9996711416467817,100,92,162,162,93,93,162,162,230201_153723
0,0,0,0,-0.07207166173404159,0.14460358076323504,-0.22966142036906156,-0.10841232104526331,0.9940903924006792,-0.005573184210314185,-0.9941000149473738,-0.10839048529505632,0.004082031250825192,0.0034538279067299472,0.005982844989259048,0.9999761380346158,154,162,119,162,146,40,162,162,230201_153723
0,0,0,0,-0.10567914269366334,0.04825326575540087,-0.252551066966188,-0.08493676088194307,0.9876544916022498,0.13162200374095887,-0.9092461668893148,-0.13085513481860803,0.39515609787613304,0.4075011099959995,-0.08611352338341104,0.9091354719966233,162,162,123,73,162,162,138,100,230201_153723
0,0,0,0,-0.07593611273124211,0.14965591493443,-0.22495839005500295,-0.13868231758974697,0.9898594024559821,0.03075025459117587,-0.9903187334520389,-0.1388010770495895,0.001751337723788836,0.006001746569572527,-0.030209673605643642,0.9995255647849909,112,154,162,133,110,154,162,162,230201_153724
0,0,0,0,-0.06848444048368493,0.14466585682199423,-0.23210556790815318,-0.13097843127744752,0.991385005679607,-0.0006488865419164664,-0.9908503331478449,-0.13088623838660426,0.032930379618364494,0.032561754266372776,0.004956118910017304,0.9994574373351004,137,80,153,162,136,86,162,162,230201_153724
0,0,0,0,-0.10731635555069521,0.04745602147144759,-0.25270830086206364,-0.09188382861715934,0.9860594797661418,0.1387229771954808,-0.9109341370774726,-0.13950399366209562,0.3882494477256164,0.40218945777527865,-0.09069364980885591,0.9110534023528895,146,114,104,139,138,96,112,152,230201_153724
0,0,0,0,-0.07791209122814297,0.14801046045832383,-0.2269543927172024,-0.12867282507544975,0.9913924352334273,0.024173196913879664,-0.9915406732828351,-0.12903447023415957,0.014042746070865681,0.01704104788220865,-0.02216178813463135,0.9996091525360059,92,139,138,162,61,145,146,162,230201_153724
0,0,0,0,-0.07342911292431603,0.15291404561366415,-0.22052977689728703,-0.12541839152795786,0.9919489738314027,-0.017534548222508793,-0.991937659812946,-0.12570135937048363,-0.016088731995677577,-0.018163317740877483,0.015375355841090342,0.9997168060612984,158,91,152,162,148,92,162,154,230201_153724
0,0,0,0,-0.07635723499896449,0.14378852069521367,-0.23230494563772763,-0.12788738420690202,0.9916333339069633,0.017554146099345934,-0.990144999711747,-0.12867401941276882,0.055279980770504236,0.057076234165729774,-0.010311537844729206,0.998316570873556,162,117,80,140,162,162,93,146,230201_153724
0,0,0,0,-0.10411770660989067,0.04943562364385454,-0.2553693177997838,-0.10201846979454342,0.9860376389685885,0.13161309341410818,-0.8906396053529877,-0.14946877792368887,0.4294417047780452,0.44311773288535256,-0.07340884799021094,0.8934527496400106,162,162,162,18,126,162,162,18,230201_153724
0,0,0,0,-0.08401877218525093,0.14561525251536805,-0.22739590659326092,-0.12095629361796195,0.9909576314024262,0.05807364117652256,-0.9910370210726811,-0.12389378851339687,0.04995950391250394,0.056702715081302195,-0.051510211930176235,0.9970614324951683,120,82,153,162,119,84,162,114,230201_153724
0,0,0,0,-0.08391834274632792,0.1274659868222542,-0.24071932424611486,-0.1251616128518595,0.9917722699131345,0.026876296241658718,-0.9870586596293065,-0.12721253365450869,0.09763285170472859,0.10024855669344168,-0.014308595757401522,0.9948595332851431,146,162,108,160,146,88,106,162,230201_153725
0,0,0,0,-0.07693119653939737,0.15039406625022703,-0.2228749556095616,-0.12894859923273871,0.9916490468695653,-0.002103948335287312,-0.9916477047590299,-0.1289535405369789,-0.0024112297952783653,-0.002662405315213454,0.0017754508330898448,0.9999948796730296,162,162,139,83,162,162,150,66,230201_153725
0,0,0,0,-0.07002744080176188,0.15164017878843908,-0.22469265292498908,-0.1280607220491871,0.9917310924826058,-0.008360123892523849,-0.9916619460075138,-0.12816499170538104,-0.013428318649418694,-0.014388756333733817,0.006570776545972984,0.9998748864666777,110,86,162,162,82,162,162,162,230201_153725
0,0,0,0,-0.07629271490405154,0.14531451475597748,-0.2292673023385733,-0.12318018829118295,0.9923836854054939,-0.00112345607752833,-0.9916832235040981,-0.12305053880326612,0.03772199783609133,0.037296453357776684,0.0057607153405979045,0.9992876406349154,162,99,78,154,146,162,155,162,230201_153725
0,0,0,0,-0.07720903667807855,0.15023718364361127,-0.22372841632991602,-0.12343432255246609,0.9923150511189311,0.00864912358836239,-0.9923472492208782,-0.12339994709016329,-0.004403410258164716,-0.0033022688822481184,-0.009126465963219968,0.9999529002104306,162,162,122,66,160,162,138,24,230201_153725
0,0,0,0,-0.06975713873297477,0.14916745609134482,-0.22828794335575153,-0.1274924882658122,0.9917546307976698,-0.012977585567726305,-0.9916247217930031,-0.12718165968231984,0.022477468038033837,0.020641622144153934,0.015734603008225743,0.9996631161063368,117,90,18,162,76,100,18,82,230201_153725
0,0,0,0,-0.07930991033563678,0.13188195298373837,-0.2395034336046944,-0.12696177332780495,0.9918591827381371,0.009801516795593757,-0.9876093183200698,-0.1273243520471641,0.09174063299944057,0.09224176104578284,0.0019674841308252415,0.9957346968572339,162,111,95,154,162,115,162,162,230201_153725
0,0,0,0,-0.0791137751139712,0.14602583818372408,-0.23163773862256332,-0.12984421659062004,0.9910414361439066,0.031262617673371,-0.9914059265696983,-0.13027039839147567,0.01199633549898828,0.01596145922045188,-0.02943628965663819,0.9994392110933032,162,114,114,97,162,162,124,53,230201_153725
0,0,0,0,-0.0742451472305582,0.1465581150705719,-0.22847790879977714,-0.11108059715960815,0.9938091005749407,-0.0021383519572873355,-0.9934479341821312,-0.1109815269159965,0.027281912554842205,0.026875695412788336,0.005154832472769458,0.9996254922210901,92,108,162,162,49,114,162,154,230201_153726
0,0,0,0,-0.0727891327008624,0.1484498302242994,-0.22622978831895424,-0.10964355453815634,0.993673926605578,-0.024298529430591357,-0.9938752216183331,-0.10926092306882768,0.016555800894424433,0.013796187928061383,0.02596494318111935,0.9995676499988657,154,162,140,154,162,108,162,162,230201_153726
0,0,0,0,-0.0743911671905132,0.14513142776309687,-0.2305757317464613,-0.11381948394532188,0.9934625849440282,-0.008787342644417972,-0.9935012685468638,-0.11382031174490433,0.00040746787096629757,-0.0005953739948251272,0.008776613847182898,0.9999613075410387,162,148,102,109,162,90,105,121,230201_153726
0,0,0,0,-0.08147505195738103,0.14736143878062566,-0.22669407386241314,-0.10996173870199343,0.9936043827147715,0.02566606069566475,-0.9937290883941794,-0.1104288527126659,0.01754899905517081,0.020271036009751015,-0.023575392649186403,0.9995165261067613,99,146,162,162,104,152,154,162,230201_153726
0,0,0,0,-0.07867037128655298,0.13430800571078075,-0.23782494682798327,-0.11310264337809083,0.9935492287187756,-0.008229348286223747,-0.9905907326731801,-0.11211577490145373,0.07848600741698512,0.07705707237431764,0.017028891055326574,0.9968812489291415,148,85,159,162,138,160,156,162,230201_153726
0,0,0,0,-0.07248478588081414,0.14777539347431487,-0.22894600526389208,-0.11183024769610378,0.9936508062829216,-0.012331701972142112,-0.993646955125573,-0.11165476848835972,0.01410465325658122,0.012638206751975987,0.013830684983486129,0.9998244785375991,162,132,68,130,160,162,92,139,230201_153726
0,0,0,0,-0.06993627845271541,0.1483619285159999,-0.22858020970207815,-0.11403468651822142,0.9932817657371515,-0.019683092358101537,-0.9933575176317733,-0.11369165209053253,0.01774965941550006,0.015392609757017848,0.021576424611412428,0.999648701027444,127,162,162,84,119,162,162,94,230201_153726
0,0,0,0,-0.08335198904669276,0.14762747062495948,-0.22672049072304945,-0.0970934580824217,0.9944712257645233,0.03999801900096441,-0.9947466449018356,-0.09827313949543233,0.028661865086775002,0.03243413100636522,-0.03700501560756229,0.9987885942309044,133,81,162,162,128,72,162,162,230201_153726
0,0,0,0,-0.08092606133276771,0.1430139269303401,-0.23076949586102768,-0.10599144436364437,0.9941057050599728,0.022796071787087042,-0.993166109075538,-0.10696198721684326,0.04669275183988268,0.04885584412806156,-0.017691253710165444,0.9986491506213266,146,36,109,157,138,162,107,162,230201_153727
0,0,0,0,-0.07021500592796812,0.14592884268275289,-0.23191842960710563,-0.11307568514507588,0.9935082026672482,-0.012463573398768043,-0.9930793659734058,-0.1126084076575549,0.033357448983526494,0.03173739603102951,0.016149233967115706,0.9993657688431423,162,146,146,68,162,162,154,32,230201_153727
0,0,0,0,-0.07313442925794297,0.14624743635588622,-0.22977300834781111,-0.09366405888520984,0.9954682352966312,-0.016432790041808896,-0.9949357572683039,-0.09298388724248381,0.03816851611242009,0.0364675606819949,0.019924588544992988,0.9991361908114519,105,89,132,132,34,82,162,162,230201_153727
