0,0,0,0,-0.08487050882306388,-0.174342231933541,-0.09412928405957821,0.998047873161811,-0.00012104181293204073,-0.06245340844233651,-0.0020898902811104423,0.9993733470228685,-0.0353347650186467,0.06241854881202147,0.03539630784685848,0.9974221905266654,162,162,83,96,162,162,83,96,230216_163014
0,0,0,0,-0.08879857084696278,-0.17323319789481734,-0.09405182322220296,0.9999811263120932,0.005742118888519819,-0.002185197993277236,-0.005796464924957026,0.9996520093308103,-0.025734436757937643,0.002036667369371913,0.025746617477731885,0.9996664262015014,151,162,136,85,151,162,136,85,230216_163014
0,0,0,0,-0.09457020994528481,-0.16282395717063258,-0.11440033807767513,0.999716771152319,0.018340499200092605,0.015165868451001803,-0.017914468033961236,0.9994539220314439,-0.027765618506080576,-0.015666822008367554,0.02748606601637325,0.9994994081354435,78,154,162,92,78,154,162,92,230216_163014
0,0,0,0,-0.0828721732331619,-0.17426528367336858,-0.10443516233433214,0.9993442004136629,-0.001343834801071707,0.036185124120349715,0.0036114043865319257,0.998027543712277,-0.06267359691285637,-0.0360295275841167,0.06276317470990217,0.9973778907928528,78,154,162,103,78,154,162,103,230216_163014
0,0,0,0,-0.08671336069483604,-0.17515520810176669,-0.08668576232332537,0.9993074009942305,0.01316883370283617,-0.03480373740079124,-0.012657542727110895,0.9998093103335824,0.014870426436324882,0.0349929268605464,-0.014419597400546061,0.9992835284745459,87,128,162,162,87,128,162,162,230216_163014
0,0,0,0,-0.0861982042268205,-0.17365784340265997,-0.09423091697279162,0.9956931835211515,0.02020256472821027,-0.09048171455004807,-0.014628343912992493,0.9979781941470792,0.06185091398918572,0.09154832518335405,-0.06026093581530996,0.9939756152797642,83,96,162,162,83,96,162,162,230216_163015
0,0,0,0,-0.086635522579298,-0.17083690038078303,-0.10452322303578687,0.9977940603060221,0.012916969849487661,0.06511655018448918,-0.011176930126392402,0.9995725208831001,-0.02701576814295904,-0.06543767608168409,0.026228369856165435,0.9975118962517274,136,85,151,162,136,85,151,162,230216_163015
0,0,0,0,-0.08408863109755332,-0.17305474539158494,-0.10624242777205917,0.9998964948196942,0.0022476035898684175,0.014210838307167989,-0.0005428148104445296,0.9929124359656692,-0.1188469598130411,-0.014377238934205163,0.11882694468353487,0.9928108844174731,162,92,78,154,162,92,78,154,230216_163015
0,0,0,0,-0.0870886802555572,-0.172000385241594,-0.0996233861280722,0.9997768594620404,0.01969672866643928,-0.00763348963843529,-0.019725201969375498,0.9997986929126039,-0.0036728813641578985,0.007559609215215673,0.0038226339202837296,0.9999641192454981,162,103,78,154,162,103,78,154,230216_163015
0,0,0,0,-0.08713003661298631,-0.1743829061235823,-0.09429377003951045,0.9939189394780648,0.016298690551342088,-0.10890130592931536,-0.013307858524191165,0.9995155636336802,0.02813430211586347,0.10930710246044796,-0.026513972549547484,0.9936543496665946,162,162,87,128,162,162,87,128,230216_163015
0,0,0,0,-0.08604148444291701,-0.17462292709392174,-0.08826290633064748,0.9834036836084503,0.026839621581041275,-0.17943475075557655,-0.010140779794545078,0.9955825749868864,0.09334077869633835,0.1811473423776567,-0.08997205730595903,0.9793317462707136,162,162,83,96,162,162,83,96,230216_163015
0,0,0,0,-0.08353674295316793,-0.1729697576924305,-0.1010569746886395,0.9969711112570583,0.01663928318043115,-0.07597195254900033,-0.017339208048472606,0.9998129993371717,-0.008562605950348143,0.07581527011834702,0.009853964260670705,0.9970731889912754,151,162,136,85,151,162,136,85,230216_163015
0,0,0,0,-0.08522213040944836,-0.1719069204917451,-0.10312370929303305,0.9981538730333869,0.01535607767370271,0.058762544421842186,-0.012168533434111253,0.998454704616562,-0.05422296213890709,-0.059504390951531344,0.05340780567982216,0.9967982914060164,78,154,162,92,78,154,162,92,230216_163015
0,0,0,0,-0.08987929104257913,-0.17216350969422278,-0.09558713656335738,0.9994714900222645,0.020716685650468705,0.02505113906262492,-0.019551308622766626,0.998754579359178,-0.045902467691943234,-0.025970886850715063,0.045388425228600086,0.9986317659134697,78,154,162,103,78,154,162,103,230216_163016
0,0,0,0,-0.08385727897583103,-0.1737474989348067,-0.09599270989789899,0.9994683439706706,0.032582597337814455,-0.001184800086850582,-0.0326040761405345,0.9987394623858974,-0.0381636016663888,-6.016266428076579e-05,0.03818194106970494,0.9992708020134499,87,128,162,162,87,128,162,162,230216_163016
0,0,0,0,-0.08492720732512646,-0.17476826493654657,-0.09127890229301261,0.9988389804543443,0.03177454416105356,0.036208693269460496,-0.030921186629829577,0.9992363049491951,-0.023889057932068147,-0.03694010479584292,0.022741706506674512,0.9990586786785031,83,96,162,162,83,96,162,162,230216_163016
0,0,0,0,-0.08454811738522963,-0.17094653905509524,-0.10062464300734542,0.9993554897989995,0.026036583503820113,-0.024712371963269395,-0.02851968541829063,0.9939446652592712,-0.10611611539383628,0.021799829179241753,0.10675251154930655,0.9940466129541768,136,85,151,162,136,85,151,162,230216_163016
0,0,0,0,-0.08413275579215322,-0.17216260907302242,-0.09801826704941075,0.9996630910488847,0.02588053070557268,-0.0019754809509387487,-0.02594657843374484,0.9984391871030975,-0.04945669544649475,0.000692432069693752,0.049491290014544144,0.9987743152236771,162,92,78,154,162,92,78,154,230216_163016
0,0,0,0,-0.08335013108498436,-0.1732117839136239,-0.10065964172491226,0.9992513774075138,0.03557506315144651,-0.015201961418105037,-0.035483926751609635,0.9993508695445891,0.00622338193911879,0.015413490567466263,-0.005679297689356671,0.9998650758408768,162,103,78,154,162,103,78,154,230216_163016
0,0,0,0,-0.08362811367435946,-0.1750641440247565,-0.08946411874623816,0.9990174112110072,0.03538804867315973,-0.026681418784694214,-0.03491006396503157,0.9992252230066341,0.018172538108401238,0.027303837298364362,-0.01722323193973692,0.9994787945476054,162,162,87,128,162,162,87,128,230216_163016
0,0,0,0,-0.07631058163010554,-0.17542541213230317,-0.0952007310091364,0.995241764629566,0.03669691455143076,-0.09026165519993856,-0.03335844420127264,0.9987123329613904,0.038221593259405356,0.0915480427835472,-0.035028737533942436,0.9951843765902276,162,162,83,96,162,162,83,96,230216_163016
0,0,0,0,-0.08502880566579044,-0.17344402021543054,-0.09365926110702694,0.9993697051113192,0.03478691707787215,0.007075514534767576,-0.03489924614621787,0.9992558453585044,0.01642553302898127,-0.0064988556023465325,-0.016662110222829252,0.9998400566884597,151,162,136,85,151,162,136,85,230216_163017
0,0,0,0,-0.08574443922068278,-0.17197038039216916,-0.1006466509102325,0.9993758193386914,0.03300854170710326,0.012586019843038377,-0.03265533940462105,0.9990936106824364,-0.027305418910927887,-0.013475924068053289,0.02687737464676705,0.9995479009045085,78,154,162,92,78,154,162,92,230216_163017
0,0,0,0,-0.08507752197010583,-0.17013553475417958,-0.09918844278284578,0.999296837449362,0.03605347852730527,-0.010294530090454024,-0.03634097080915647,0.9989110542048998,-0.02925815489573956,0.009228461645917412,0.029611694874427316,0.9995188757708948,78,154,162,103,78,154,162,103,230216_163017
0,0,0,0,-0.08558360003289073,-0.1718954289785339,-0.09754881503018031,0.9983878720206812,0.05648533272895186,0.005573525680770677,-0.056102404789806194,0.9969580467084047,-0.05410335738346523,-0.008612617419538612,0.05370344765340331,0.9985197857485463,87,128,162,162,87,128,162,162,230216_163017
0,0,0,0,-0.08549375243513843,-0.1729871024050439,-0.08859713909473332,0.9981963584851,0.05888994377745162,0.01166209367885456,-0.0588133333905905,0.9982457900313724,-0.0068069449923549,-0.012042496525764045,0.006108781100210257,0.9999088263791337,83,96,162,162,83,96,162,162,230216_163017
0,0,0,0,-0.08276377474686242,-0.17145668451448054,-0.10121544819901918,0.9987766338280999,0.046332426742954465,-0.017278366563980407,-0.04714554280760173,0.997632305762133,-0.050070752871386966,0.01491755718564896,0.05082409597661009,0.998596203555658,136,85,151,162,136,85,151,162,230216_163017
0,0,0,0,-0.08836895681558352,-0.1715896268148952,-0.09663936539698947,0.9979191828960684,0.0522726524646556,0.03774750604149193,-0.050801578312660564,0.9979496282408783,-0.03893249458789425,-0.03970521438030226,0.03693385030298253,0.9985286108333657,162,92,78,154,162,92,78,154,230216_163017
0,0,0,0,-0.08733418190937434,-0.17163729839062475,-0.09636504415549385,0.998352248510947,0.05734651768765361,0.0020407847111345114,-0.05709911483855358,0.9963200027560897,-0.06392294730970084,-0.005699033057564923,0.06370109117750472,0.9979527503870129,162,103,78,154,162,103,78,154,230216_163018
0,0,0,0,-0.08442837089611269,-0.17388130842601507,-0.08922395152941731,0.9981214690705138,0.061001576398026294,0.005686884689889781,-0.06112709481430745,0.9978065453596328,0.025408193895628404,-0.004124470885217505,-0.025708086557170006,0.9996609840468348,162,162,87,128,162,162,87,128,230216_163018
0,0,0,0,-0.08683174689370922,-0.17314306214358863,-0.08780070017775343,0.9966515092983734,0.0733284152669588,0.03617613201696602,-0.07328267084301752,0.9973078455206952,-0.002590640264806701,-0.03626870782625768,-6.911804500410286e-05,0.9993420715927602,162,162,83,96,162,162,83,96,230216_163018
0,0,0,0,-0.08555349468461992,-0.17177774214817548,-0.0950905851538505,0.9980564973114057,0.06229497145147471,-0.0016014700582905423,-0.06227885590198879,0.9980211448210189,0.008668252285333794,0.0021382895096207733,-0.008551667790720216,0.9999611475932304,151,162,136,85,151,162,136,85,230216_163018
0,0,0,0,-0.09322363287595062,-0.1602695676138397,-0.11327042789426678,0.9952109713640344,0.06776324392177356,0.07045044534887551,-0.05861447197308639,0.9904648924151224,-0.12467413752827265,-0.07822701676513653,0.11994765385909223,0.9896934344440841,78,154,162,92,78,154,162,92,230216_163018
0,0,0,0,-0.08237814539045718,-0.1712451317767968,-0.10050724806581446,0.9986735510589763,0.05143448941619341,0.0023731232059147787,-0.05128683537601267,0.9977736166298373,-0.04263180121138856,-0.004560584652074269,0.042453542324629036,0.999088033064015,78,154,162,103,78,154,162,103,230216_163018
0,0,0,0,-0.08628579817836245,-0.16851852041526208,-0.10214950541766532,0.9956308447812173,0.0842173756322603,0.040331805834311646,-0.08036246899695199,0.9927678887498884,-0.0891840380550384,-0.04755096736088311,0.08555321565378705,0.9951982479859682,87,128,162,162,87,128,162,162,230216_163018
0,0,0,0,-0.08469868318639011,-0.17111419219593824,-0.09589685685618698,0.9961464700454795,0.08770463796794255,0.0003266417648644651,-0.08761267688073689,0.994917108964886,0.049638343432707795,0.004028531459727898,-0.049475678548797884,0.998767204190453,83,96,162,162,83,96,162,162,230216_163018
0,0,0,0,-0.08328150737612575,-0.1684969772275237,-0.09905879746953294,0.9969943734264112,0.07667675383499092,-0.011085791690560431,-0.07697801981743976,0.996583211392858,-0.029938056631700197,0.008752360885164059,0.030701436305574308,0.9994902790861503,136,85,151,162,136,85,151,162,230216_163019
0,0,0,0,-0.08264046823537,-0.16963482194827748,-0.102615404210055,0.9974174588887201,0.0717470687786346,-0.0032818936060962397,-0.07179443039742711,0.9972599358176056,-0.01783760569619149,0.001993105084244963,0.018027161028228923,0.9998355109703723,162,92,78,154,162,92,78,154,230216_163019
0,0,0,0,-0.08273861309932298,-0.16912048377486125,-0.09846101959127318,0.9956825543448086,0.09241831521592127,-0.00866637098487361,-0.09196879997278497,0.9948452556551659,0.04271600557137886,0.012569439325709846,-0.04173454579911983,0.9990496668744645,162,103,78,154,162,103,78,154,230216_163019
0,0,0,0,-0.08365168974752672,-0.1711604548673386,-0.09884790757306716,0.9954976364477363,0.08696095887199554,0.03771269625781098,-0.08656624746883021,0.9961740760570813,-0.011978939476753667,-0.038610110413414216,0.008660359339288227,0.9992168220911707,162,162,87,128,162,162,87,128,230216_163019
0,0,0,0,-0.0832491402915603,-0.17070039372736456,-0.09257342216575648,0.9959753950331977,0.08856513010222655,-0.013756097500440564,-0.08882060366718762,0.995862057625073,-0.019226610386423437,0.011996368311381454,0.020371055758861313,0.9997205145612482,162,162,83,96,162,162,83,96,230216_163019
0,0,0,0,-0.08012680580973412,-0.16935785307197568,-0.1037546426325503,0.9967094168609825,0.07548090439932663,-0.029546089617758033,-0.0774104803088114,0.9944838247091512,-0.07077810346581352,0.02404071294699863,0.0728323792204951,0.9970544060672327,151,162,136,85,151,162,136,85,230216_163019
0,0,0,0,-0.08225358384277133,-0.1681993375016092,-0.10058355230350557,0.9966240739613695,0.08161373062658167,0.008924918702945218,-0.08128262523459948,0.9961550336986882,-0.03268460909566434,-0.011558115573659104,0.031848827450575073,0.9994258662624304,78,154,162,92,78,154,162,92,230216_163019
0,0,0,0,-0.08656047680449518,-0.16839089255281323,-0.09723727474137644,0.9943912928201623,0.08758782245174664,0.05928178574914344,-0.08731354263258076,0.9961548142704495,-0.007206336014576659,-0.059685023551930935,0.0019898150586880074,0.9982152766811564,78,154,162,103,78,154,162,103,230216_163019
0,0,0,0,-0.08196945836989729,-0.16960685524594027,-0.0921861022627003,0.9938762160681591,0.10067135559402547,-0.04555595786391211,-0.10128631222005324,0.9947920876552936,-0.011392334935552823,0.04417182462723446,0.01593676570961617,0.9988968262077009,87,128,162,162,87,128,162,162,230216_163020
0,0,0,0,-0.08432685308900341,-0.17096750100641492,-0.08911350225530301,0.9938888180993797,0.10535228220069544,0.03295320761507828,-0.10509772830301939,0.9944177680651158,-0.00936856776342823,-0.03375625516200153,0.00584800748103517,0.9994129857300933,83,96,162,162,83,96,162,162,230216_163020
0,0,0,0,-0.08638544516653865,-0.16744647652472203,-0.09854063611956776,0.9940314995319884,0.1031638314285478,0.035476778646994736,-0.10163490226413317,0.9939136650615847,-0.04249674158811963,-0.03964498177507241,0.038637420835628405,0.9984665368109363,136,85,151,162,136,85,151,162,230216_163020
0,0,0,0,-0.08791551222805477,-0.1674425224410782,-0.09985512842056987,0.9934260534221596,0.10264838717574055,0.050675289760303034,-0.09911216092669005,0.9927528683270234,-0.0679597085404988,-0.05728399373745942,0.06249040757337815,0.9964002674742716,162,92,78,154,162,92,78,154,230216_163020
0,0,0,0,-0.08265435999289153,-0.17067805914716255,-0.09015321092854767,0.9942289632670939,0.10554253303701101,0.019223483580528923,-0.10604427897967085,0.9939872003357817,0.027277398415460726,-0.016228970901483338,-0.029158520003001693,0.9994430455082036,162,103,78,154,162,103,78,154,230216_163020
0,0,0,0,-0.08222733490214895,-0.17057100111661178,-0.09259691833369865,0.9938063436268205,0.10561100677924,0.0345726281061459,-0.10484858800124287,0.9942181533280543,-0.023174062809530726,-0.03682017057586985,0.019405639387296506,0.9991334726645554,162,162,87,128,162,162,87,128,230216_163020
0,0,0,0,-0.08447683183176846,-0.16881276110812732,-0.09667498132431063,0.9940039843142574,0.10925348163612457,0.004444762959362393,-0.109082870156983,0.9936187054083845,-0.02868441564476702,-0.007550271895417255,0.028027575937849943,0.9995786354166205,162,162,83,96,162,162,83,96,230216_163020
0,0,0,0,-0.08639550780590036,-0.16755118480716852,-0.09650197062864152,0.994106653274755,0.10377416512772998,0.03135098988721897,-0.10251488654851072,0.9939503563041229,-0.03941303387019278,-0.03525138225391847,0.035966816024630144,0.9987310589914776,151,162,136,85,151,162,136,85,230216_163020
0,0,0,0,-0.08125732612924298,-0.16926438721046738,-0.09887425420315132,0.9949768420072181,0.09960073760413565,0.010038771740414277,-0.0994678791415234,0.9949563135574094,-0.01296437932711974,-0.011279401067047884,0.011900721867276367,0.999865564928909,78,154,162,92,78,154,162,92,230216_163021
0,0,0,0,-0.08132369326847758,-0.1693950678487948,-0.09128193068339752,0.9947949618637607,0.1017476784245901,-0.005513055929801651,-0.10174749320007484,0.9948102072936311,0.0003147886639610297,0.005516473328099744,0.0002477894437688696,0.9999847534449773,78,154,162,103,78,154,162,103,230216_163021
0,0,0,0,-0.08366664659492305,-0.1676766377098884,-0.09738857540050172,0.9917179248943543,0.1255334092078823,0.027146281805849628,-0.12455569240381414,0.9915905473842938,-0.0351292730912874,-0.031327893849454794,0.031457105886621956,0.999014020700508,87,128,162,162,87,128,162,162,230216_163021
0,0,0,0,-0.0823792827414613,-0.16704610502238632,-0.09749476394193657,0.9923975127681277,0.12279161207567926,0.008330465502563434,-0.1224937694105254,0.9920188018512557,-0.029899385097364607,-0.0119353721028931,0.028651645283567676,0.9995181989915491,83,96,162,162,83,96,162,162,230216_163021
0,0,0,0,-0.07945526398007968,-0.1675781791812095,-0.09944718594294255,0.9936270476638888,0.110875412069067,-0.020296136313547545,-0.11129103876778844,0.9935734940409204,-0.020640170282826657,0.01787721568729814,0.02276740955471232,0.9995809373039473,136,85,151,162,136,85,151,162,230216_163021
0,0,0,0,-0.08212611077095208,-0.16561743796825076,-0.10212396308122029,0.9933340305438155,0.11361627266260445,0.019463975694477113,-0.11202220846210524,0.9912813794814447,-0.06937039357417786,-0.027175882227650567,0.06672757510670088,0.9974010738642347,162,92,78,154,162,92,78,154,230216_163021
0,0,0,0,-0.08334801500476073,-0.1674602636150834,-0.09850468248415001,0.9913026114843896,0.1278490087744671,0.031205182576216267,-0.1269883010193675,0.9915041745445978,-0.028168124979286016,-0.03454133564938182,0.023960442734232063,0.9991160059350147,162,103,78,154,162,103,78,154,230216_163021
0,0,0,0,-0.08140618768503353,-0.16956780501226495,-0.09125807277497144,0.9915430556861917,0.12941199506210535,0.00974188146793704,-0.1292475766221951,0.9914840545115668,-0.015950974471602528,-0.011723167565956098,0.014556963397273682,0.9998253158221544,162,162,87,128,162,162,87,128,230216_163021
0,0,0,0,-0.08010998909823033,-0.1686700204860998,-0.09518462784642145,0.9913680012851798,0.13082494479156875,0.008620896015518556,-0.13053210882758504,0.9910321245534752,-0.028577905242506654,-0.012282287769423535,0.02720591706429208,0.9995543924588797,162,162,83,96,162,162,83,96,230216_163022
0,0,0,0,-0.08414446183524195,-0.16628699857641702,-0.09830408969589766,0.9907173150799755,0.1319761916087661,0.032580461156517124,-0.13129246209383066,0.9910925792044153,-0.02231118202338316,-0.035234798113017905,0.017826505389075212,0.9992200581991677,151,162,136,85,151,162,136,85,230216_163022
0,0,0,0,-0.08512902842803906,-0.16616300695459116,-0.09552486802348781,0.9912792420242602,0.13040526678418712,0.018971840362814393,-0.12951821129524504,0.990677978717556,-0.042215819629358615,-0.024300149684464735,0.03939046685485284,0.9989283727306324,78,154,162,92,78,154,162,92,230216_163022
0,0,0,0,-0.07788409049656564,-0.166709395681755,-0.10166673288816674,0.9928743272907405,0.11916558416621338,-0.00036572843112998995,-0.11908107619824118,0.9920449256846632,-0.04082355588113131,-0.0045019438500359926,0.04057621191826939,0.9991663042396569,78,154,162,103,78,154,162,103,230216_163022
0,0,0,0,-0.07922725292916662,-0.16764654363991094,-0.092767420637897,0.988809541963979,0.1460196180123912,0.03056077349320157,-0.14609692678058658,0.9892702350133127,0.0003001699085408318,-0.03018903288042423,-0.004761645957170068,0.9995328654033959,87,128,162,162,87,128,162,162,230216_163022
0,0,0,0,-0.08282529882999323,-0.16613238190181112,-0.09821543844167047,0.9874095865837156,0.14752271522472554,0.05709077697229127,-0.14637443773918402,0.98894241210747,-0.023820778988034225,-0.059973596683150235,0.015164235153264653,0.9980847727889165,83,96,162,162,83,96,162,162,230216_163022
0,0,0,0,-0.08456185211716596,-0.11604390340218496,-0.15270507499350883,0.9886195963272182,0.14613930838152348,0.035701488814598614,-0.12024765741492908,0.9102557436294897,-0.3962006840929827,-0.09039797920324731,0.3873987399763914,0.9174695753106332,136,85,151,162,136,85,151,162,230216_163022
0,0,0,0,-0.07928408841062744,-0.16679828873214836,-0.0993506037063232,0.9906490624148163,0.13632091984882178,0.005571530150475987,-0.13623143453899605,0.990576267843785,-0.014129891299105907,-0.0074452253218956375,0.013238746022505915,0.9998846454584939,162,92,78,154,162,92,78,154,230216_163022
0,0,0,0,-0.08250678839274833,-0.16762344297769272,-0.08683208401973219,0.9882957972483021,0.15251785386024744,0.0031179152021314203,-0.15239243709702902,0.9879984809144667,-0.025210054072429915,-0.006925478826153787,0.02443984379187019,0.9996773138260453,162,103,78,154,162,103,78,154,230216_163023
0,0,0,0,-0.08320186342771446,-0.16491863413894015,-0.09992638696757261,0.9872859037032139,0.1577606751959791,0.019445146197368077,-0.15654539757853517,0.986237210003908,-0.05319496311384997,-0.027569600031676574,0.049474589087876844,0.9983948027652584,162,162,87,128,162,162,87,128,230216_163023
0,0,0,0,-0.07783882767777404,-0.16551919897560638,-0.09935581328452026,0.9877684317913817,0.1556750809868968,-0.008876616253845598,-0.15590655734021192,0.98697421412685,-0.03968684954755869,0.002582737833813875,0.04058533982129977,0.9991727376469353,162,162,83,96,162,162,83,96,230216_163023
0,0,0,0,-0.07678581692232445,-0.16587452106249445,-0.09978426109817962,0.9890373325783572,0.147647077103791,-0.0023442246041025143,-0.14765561120848944,0.989030664731874,-0.0040205346255944375,0.0017248898326127358,0.004322596758365561,0.9999891698975194,151,162,136,85,151,162,136,85,230216_163023
0,0,0,0,-0.07993453362653478,-0.16615324132974688,-0.09125896118300858,0.9885861721695653,0.15014018521364023,-0.012462141835991562,-0.15052209095661825,0.9878125985173712,-0.039615279178691405,0.0063624153569240526,0.04103894484964266,0.999137290204131,78,154,162,92,78,154,162,92,230216_163023
0,0,0,0,-0.08172138861492197,-0.1646196973674186,-0.09896398944935103,0.9881563885951834,0.15033915433731648,0.030742321832697823,-0.14858687453210548,0.9874777864850388,-0.05300530082349087,-0.03832613201596183,0.04780962112116136,0.9981209083738032,78,154,162,103,78,154,162,103,230216_163023
0,0,0,0,-0.0787912052934085,-0.1650789269422356,-0.09053097747490801,0.9848848802102996,0.17286642301906568,-0.010907452761171128,-0.17257393397962162,0.9847120847613248,0.023671658915334237,0.014832735551509678,-0.02143151692251586,0.9996602823151768,87,128,162,162,87,128,162,162,230216_163023
0,0,0,0,-0.07747028255463576,-0.1648923601287358,-0.10096218531646839,0.9860217031412417,0.16627495285313376,0.010669629240630562,-0.1659922259118904,0.9858486524605946,-0.023431077193469714,-0.014414640864772083,0.02133247513343204,0.9996685168761799,83,96,162,162,83,96,162,162,230216_163023
0,0,0,0,-0.0794533935941644,-0.162826847622033,-0.0975712427511467,0.986349674214935,0.16463964902817482,-0.002847129075389782,-0.1646640516154613,0.9862287821013054,-0.015444722741366688,0.00026510690903078677,0.015702717053312883,0.9998766695925406,136,85,151,162,136,85,151,162,230216_163024
0,0,0,0,-0.08256724635284779,-0.16407531773342876,-0.09794650079661738,0.9864253890293749,0.16007084343578,0.036637098138416924,-0.15895183415734251,0.9867782509641653,-0.03167014117616625,-0.041222157831228685,0.02541669738301113,0.9988266742522838,162,92,78,154,162,92,78,154,230216_163024
0,0,0,0,-0.08150258980589047,-0.16581315232240137,-0.08790908471636572,0.983424711363984,0.17794520092937915,0.03480434663755563,-0.17914156080196642,0.9832027030013982,0.03493917577992262,-0.028002469035777088,-0.04059495383601032,0.9987832154431473,162,103,78,154,162,103,78,154,230216_163024
0,0,0,0,-0.07601401599679691,-0.16444357224531544,-0.10163024049246994,0.9850317196982882,0.17184172366625128,-0.01352527987314373,-0.17204622514844303,0.9849626147457102,-0.015771618986806544,0.010611672837318897,0.017862518319250755,0.9997841381212688,162,162,87,128,162,162,87,128,230216_163024
0,0,0,0,-0.08315380672225915,-0.16272539958420432,-0.09723114418151213,0.9827343180630587,0.18454263183173353,0.013314546096383028,-0.1843955800082778,0.9827842858354046,-0.011546323588225433,-0.015216115619508395,0.008891824987620625,0.9998446905764131,162,162,83,96,162,162,83,96,230216_163024
0,0,0,0,-0.07932906805299196,-0.1641928956130272,-0.09850942749428027,0.985023942116328,0.17053852999514343,0.02538588672281698,-0.16987062445858922,0.9851101356039065,-0.026495125523433197,-0.02952633407074271,0.021786016559919148,0.9993265557758353,151,162,136,85,151,162,136,85,230216_163024
0,0,0,0,-0.07796403089463814,-0.16442556890374105,-0.09402205200418634,0.9854791668989213,0.16954482306426436,0.009239295444759611,-0.16943096690251455,0.9854694211850529,-0.011965256523636359,-0.011133690434323454,0.010226088269941412,0.9998857274989018,78,154,162,92,78,154,162,92,230216_163024
0,0,0,0,-0.07711630808730892,-0.1626417406752186,-0.1007848585793577,0.985890319904476,0.16738133671504102,0.0019404221541370103,-0.16725523550175472,0.9854846867304573,-0.029079518858183696,-0.006779625056207595,0.02834467038539999,0.9995752179525262,78,154,162,103,78,154,162,103,230216_163024
0,0,0,0,-0.0839446371111422,-0.160215305480913,-0.09886698437055486,0.9786600680323214,0.19927386269844083,0.050143782109194526,-0.19843797446179687,0.97988456696352,-0.02118031440306541,-0.0533558012822474,0.01077789738104773,0.9985173986453983,87,128,162,162,87,128,162,162,230216_163025
0,0,0,0,-0.08320050881555448,-0.11286196119138392,-0.15156904347957023,0.979154801329645,0.19683884416327813,0.05010333782861391,-0.16010068558500376,0.8997449051180074,-0.4059887636245604,-0.12499458191583854,0.3895042684524164,0.9125035777184836,83,96,162,162,83,96,162,162,230216_163025
0,0,0,0,-0.07946195463825417,-0.1640461330150032,-0.08886511597159485,0.9817189863081501,0.1840354853943566,0.04856719096016042,-0.18511881333725955,0.9825362828548135,0.01880100588931953,-0.04425897502995283,-0.027448005200905304,0.998642954283356,136,85,151,162,136,85,151,162,230216_163025
0,0,0,0,-0.07762117571798717,-0.16503063540653695,-0.09255342642471809,0.9843447372172296,0.17601778354383052,0.009120207731246853,-0.17536785101076274,0.9832662190667264,-0.049332132267836865,-0.01765092475228196,0.046960433542948946,0.9987407884615744,162,92,78,154,162,92,78,154,230216_163025
0,0,0,0,-0.07982810903762236,-0.16252300647032414,-0.09586468945448434,0.9782904449262718,0.19276774297672794,-0.07608155251843002,-0.19449131808719727,0.9807759317600766,-0.01586502029176589,0.07156069140709277,0.030317799191425823,0.9969753750707824,162,103,78,154,162,103,78,154,230216_163025
0,0,0,0,-0.07769688339555295,-0.162671792659776,-0.09993365185745917,0.9799086373519924,0.19625726685308661,0.03552671741546225,-0.1936622159740317,0.9788601623963613,-0.06578547390873371,-0.04768656568667216,0.05758357127450064,0.9972011450917438,162,162,87,128,162,162,87,128,230216_163025
0,0,0,0,-0.07449177303906804,-0.16144038066564184,-0.10575879356323914,0.9809782849004542,0.19406860109593685,-0.004356905143283817,-0.1941016983283128,0.9803649245247015,-0.034772769054853714,-0.0024769456647507704,0.03495701403643673,0.9993857473017265,162,162,83,96,162,162,83,96,230216_163025
