0,0,0,0,-0.021149506256965454,0.1284363176271045,-0.04258240328881746,0.23507045556866984,0.9678498835014421,-0.08949013311523565,-0.9716215985845157,0.23648033175863134,0.005340585679285664,0.026331541595741123,0.08569513228633321,0.9959733903170404,162,162,83,96,162,162,83,96,230208_161933
0,0,0,0,-0.02142449342057659,0.1288010445128582,-0.040518773373665606,0.2347281622067255,0.9694848782666184,-0.07072312690636115,-0.971337729715816,0.23673809806467477,0.021402984727459377,0.037492728596041774,0.06367215825681322,0.9972663393323485,124,162,138,147,124,162,138,147,230208_161933
0,0,0,0,-0.020871650080304394,0.12857477746153959,-0.0412574392306585,0.2342542414383974,0.9691182270153313,-0.07703773383726928,-0.9704633636919295,0.23780707492311828,0.04060363097379661,0.05766983700225731,0.06525072553750859,0.9962010503492564,64,145,162,132,64,145,162,132,230208_161933
0,0,0,0,-0.02070171163493997,0.1286718314061234,-0.04208557765495202,0.23415474845909334,0.9679083001835712,-0.09124185558069679,-0.9715281523186214,0.23644707228586598,0.015027683115092769,0.03611928884161233,0.08512522800669936,0.9957153672261886,129,89,162,130,129,89,162,130,230208_161933
0,0,0,0,-0.020573226950635896,0.12836305884271856,-0.04303848790160281,0.23371656340887842,0.9697164675285337,-0.0708981000614691,-0.9718365137902111,0.23524489285098557,0.013915130312627417,0.03017214696425906,0.06564916596203368,0.9973864990845106,162,124,111,154,162,124,111,154,230208_161933
0,0,0,0,-0.021697832468132658,0.12914972494110263,-0.035455770971856926,0.23826977623762463,0.9711195641160136,-0.012421993511416006,-0.9711511555649472,0.23836551405357953,0.006878572151306402,0.009640890858236198,0.010424677505705813,0.9998991845793062,156,162,117,93,156,162,117,93,230208_161933
0,0,0,0,-0.02075297570779499,0.12917936676321373,-0.03703937214076203,0.2350984899432561,0.9692506210598049,-0.07267691243844153,-0.9718098976669726,0.2357650317060369,0.0006104270304932495,0.017726331343763346,0.07048463236646386,0.9973553498012909,109,162,154,156,109,162,154,156,230208_161933
0,0,0,0,-0.02136280395208418,0.12868787000203183,-0.04175904520288509,0.23459070998539483,0.9690017541476178,-0.07747773388134842,-0.969878267975918,0.23868987564818542,0.048613666505285265,0.065599878784811,0.06373965580307328,0.9958081703729508,100,92,162,162,100,92,162,162,230208_161934
0,0,0,0,-0.020237189675011508,0.12886059563821062,-0.04122894366419194,0.2316706361035031,0.965592479109026,-0.11815193885622122,-0.9722123531004409,0.23401840668728358,0.006206916339717529,0.03364308021423641,0.11343081424212269,0.9929761293878455,154,127,123,162,154,127,123,162,230208_161934
0,0,0,0,-0.020062892818423307,0.1281434266874724,-0.04648226688272261,0.23126789767042813,0.9648504929986602,-0.12481460518441938,-0.9717825412941322,0.2352155970072121,0.017672446363176903,0.04640961045967628,0.11720558469963352,0.9920226806742869,162,156,107,115,162,156,107,115,230208_161934
0,0,0,0,-0.020257595719348,0.1283404030153415,-0.044350792891360125,0.23311819753352722,0.9666641848619849,-0.105906844367275,-0.9718200460570345,0.2354963281495251,0.010357485688856758,0.034952883435034915,0.10050787597599477,0.9943221121982408,162,154,160,95,162,154,160,95,230208_161934
0,0,0,0,-0.020439972652515303,0.12900727500132642,-0.03925015065544313,0.23458695202991756,0.9667196037092847,-0.10208902850687206,-0.9720768616144919,0.23264131134892643,-0.0307342702462749,-0.005961296086596386,0.10644824121617005,0.9943003745805149,70,120,162,152,70,120,162,152,230208_161934
0,0,0,0,-0.02028697173748801,0.12902333080517203,-0.04092918424462799,0.23177895091043535,0.965732617959872,-0.11678625143067749,-0.9721737430995245,0.23415933590791016,0.0069006256981430005,0.03401075039921047,0.1119371074109828,0.9931330992579721,157,100,146,162,157,100,146,162,230208_161934
0,0,0,0,-0.02021492069605567,0.12885384699158461,-0.04185706329294603,0.23128649150028793,0.9653426503531428,-0.12091371410496811,-0.9721694321832022,0.2340924778266976,0.009343819002184726,0.0373249779380499,0.11538751767036,0.9926190441391886,162,146,87,128,162,146,87,128,230208_161934
0,0,0,0,-0.021135750455403373,0.12860732827407126,-0.042588122814518736,0.2343121836025013,0.9664623481500435,-0.10511103759230582,-0.9717984375953308,0.2358058840085297,0.001838954656399015,0.026563081573872258,0.10171585262514014,0.9944587915152847,160,162,145,86,160,162,145,86,230208_161935
0,0,0,0,-0.020524212002284426,0.1286973830874026,-0.0415114824302284,0.2341730100343204,0.9680557148446597,-0.08961659627580751,-0.9711258876325644,0.23724127500157616,0.0251214610540677,0.045579729500411906,0.08114622845346174,0.9956594688277954,59,146,162,136,59,146,162,136,230208_161935
0,0,0,0,-0.020526823212901203,0.12913080736445617,-0.03778877567997552,0.23421887167845457,0.9699462428874044,-0.06592272793415377,-0.9718316070658493,0.2354204036341803,0.010980030078697285,0.026169594140547866,0.06149406037438539,0.9977643173020324,128,80,162,162,128,80,162,162,230208_161935
0,0,0,0,-0.021593094642867454,0.1287242290825554,-0.041748507835991155,0.2356765182919202,0.9683474976279507,-0.08221741034284095,-0.9716677734596858,0.23634517359609933,-0.0016422355879537468,0.017841433397989905,0.08027504441303367,0.9966130645836379,162,120,116,154,162,120,116,154,230208_161935
0,0,0,0,-0.01987989805449518,0.12862804194392713,-0.04356652820948048,0.23222048868067122,0.9669501764286603,-0.1052663333715654,-0.9725405349744719,0.23254594839595397,-0.009342896563366,0.015445143847753855,0.10454538817762116,0.9944001756548078,158,162,114,90,158,162,114,90,230208_161935
0,0,0,0,-0.02083003479985813,0.1288593462024584,-0.040439578667271325,0.23524568102318488,0.9685571871069377,-0.08097187699092648,-0.9714644002995793,0.23690892938661,0.011448935647883038,0.030271909594826625,0.07596798325864484,0.9966506293627155,109,162,154,156,109,162,154,156,230208_161935
0,0,0,0,-0.019932086554915844,0.1288727454043505,-0.04199050685831418,0.23147664228177087,0.9652229800063298,-0.12150375691992994,-0.9722308835017727,0.23394091876914963,0.006225406878951849,0.03443360630720567,0.11668866865787055,0.9925714489967632,18,82,162,90,18,82,162,90,230208_161935
0,0,0,0,-0.020191777716890992,0.12833257473774007,-0.04468341451901858,0.23256212091510683,0.9671035944929448,-0.10308005352294079,-0.9717353503268168,0.23547123254589958,0.01684362100421791,0.04056191367140018,0.09624934369719072,0.9945304394522946,154,162,120,162,154,162,120,162,230208_161935
0,0,0,0,-0.02065111626850686,0.1287840837361011,-0.041621295972067096,0.2327591380454215,0.9686250649456416,-0.08711295664483101,-0.9712031155956933,0.23619137223932712,0.03127529275518206,0.05086936124594983,0.077324764718398,0.9957073811354785,162,158,42,106,162,158,42,106,230208_161936
0,0,0,0,-0.021276599909089207,0.12863367274083337,-0.040540208771019604,0.2354293650998731,0.9710590444592544,-0.040216243267489314,-0.9703236650383009,0.23719768038203154,0.04700261150215375,0.055181510629098936,0.027956977577394067,0.998084870283799,78,154,162,92,78,154,162,92,230208_161936
0,0,0,0,-0.020766948829063443,0.12897965507046477,-0.040162809944099154,0.23303116008283264,0.966501433478169,-0.10757070937338181,-0.972103856835786,0.23454618730776874,0.0014756504933640092,0.02665651806666783,0.10422602891808047,0.9941963412427793,72,122,162,151,72,122,162,151,230208_161936
0,0,0,0,-0.020470281781250016,0.12904924890763866,-0.03903732481218192,0.23300861579568335,0.9675338360127826,-0.09790434686656357,-0.9722108359133822,0.2341068416066241,-0.0002779308796604483,0.022651169894346315,0.09524842719625207,0.9951957905955279,146,80,155,162,146,80,155,162,230208_161936
0,0,0,0,-0.021529735802355288,0.1286352729752771,-0.04170543636705626,0.2360732422059559,0.9688698887184584,-0.07456918297159394,-0.9713492371306766,0.23744643322569484,0.009992540920510143,0.027387658534828458,0.0700737474599351,0.9971657766273875,162,138,80,136,162,138,80,136,230208_161936
0,0,0,0,-0.020213123797565468,0.1291355501724884,-0.036709691235800035,0.23277570632574734,0.9703472123529835,-0.06512878029984868,-0.972383800630681,0.23338105406492143,0.0017400788999027352,0.01688830410613623,0.06292512282342021,0.997875349982189,162,162,137,81,162,162,137,81,230208_161936
0,0,0,0,-0.02073404608586816,0.12873258204801752,-0.041914631757051346,0.23409130559761737,0.9671819676043917,-0.09879424165658056,-0.971846657370084,0.23558691463391415,0.003588901206067927,0.02674575110549369,0.09517272295237089,0.9951014107133173,97,149,162,162,97,149,162,162,230208_161936
0,0,0,0,-0.019743219761234814,0.12822515756747388,-0.04605406763581599,0.2307839291899266,0.9658088693201649,-0.11811860975376841,-0.9718539083949512,0.23470934460700993,0.020285568555150547,0.04731552351096479,0.11011244932636852,0.9927922691773094,124,85,162,122,124,85,162,122,230208_161936
0,0,0,0,-0.02166706984280993,0.1287327348509506,-0.04042569856329359,0.23739343122718645,0.9698514564860986,-0.05506824095590979,-0.9705911187243186,0.23914327185146697,0.027629255901144033,0.039965473394652874,0.046889741734950266,0.998100252006967,162,141,103,154,162,141,103,154,230208_161937
0,0,0,0,-0.021743063787071238,0.12881312839977155,-0.03889082396860333,0.23793198064148816,0.9708380886103319,-0.02935606055749143,-0.971181953411294,0.23823223206700686,0.007142616649020827,0.013927884126517102,0.026810619310420416,0.9995434981710151,162,162,58,162,162,162,58,162,230208_161937
0,0,0,0,-0.01929108921136439,0.12793053282751696,-0.04766681143383411,0.22948119844708373,0.9641697163900245,-0.13309822521607984,-0.9709657045485697,0.236268772667643,0.037452204910058365,0.06755723610235677,0.12063923515384926,0.990394969086427,116,162,154,162,116,162,154,162,230208_161937
0,0,0,0,-0.020000844936707396,0.12858973741788107,-0.04322041454443737,0.23145491214289865,0.9665257845263202,-0.11070922044122625,-0.9721607695725863,0.23405875669272724,0.010951553291280062,0.03649742112753081,0.10509237013806214,0.9937924994634464,116,90,162,82,116,90,162,82,230208_161937
0,0,0,0,-0.020838940469275098,0.12932923448760072,-0.036570285785946566,0.23378724455429828,0.9685169278782765,-0.08554814256857915,-0.97202746890243,0.2348540590645499,0.0024840773016542644,0.022497199444473943,0.08257439890262658,0.996330941335772,162,112,137,154,162,112,137,154,230208_161937
0,0,0,0,-0.020609328858576276,0.12900725586079761,-0.03944479256285616,0.2340708555691642,0.9692627459279245,-0.0757665092859646,-0.9713662474143161,0.23641853757872278,0.023534835316355616,0.040724046426524836,0.06808821076661065,0.9968478056339654,162,137,88,112,162,137,88,112,230208_161937
0,0,0,0,-0.021496209456860566,0.12763291747752473,-0.047266327196591074,0.2360961731376212,0.9677955581533837,-0.08735190122916997,-0.9711284366271974,0.23815660585605705,0.013819937088820133,0.03417830604033201,0.08156708101742406,0.9960816506143011,119,162,157,100,119,162,157,100,230208_161937
0,0,0,0,-0.02029975808133509,0.12825812376961698,-0.045140029425661865,0.23217042082786984,0.9670379121418866,-0.10456850468889388,-0.9710124829628043,0.23671345346860603,0.033188836637885466,0.05684763515767512,0.0938318572086652,0.9939637462954837,90,130,130,162,90,130,130,162,230208_161938
0,0,0,0,-0.02130389612115253,0.12896920874080842,-0.038034464900638,0.23593031145473345,0.9698486201583961,-0.061078163968214444,-0.9716668684453389,0.23635442285391353,-0.0002890726931608481,0.014155737441096541,0.059415829323916376,0.998132944212969,138,156,152,162,138,156,152,162,230208_161938
0,0,0,0,-0.02016720040530495,0.12887744066655618,-0.04060969997057928,0.23365744946855682,0.9689351201237776,-0.08104893150789448,-0.971657699654433,0.23575966149832644,0.017282844454842364,0.03585402362503548,0.07471355299353016,0.9965602711271297,162,135,85,147,162,135,85,147,230208_161938
0,0,0,0,-0.020184388036414397,0.1284487438912757,-0.04395844215132949,0.23081823814090904,0.9657696682016301,-0.11837182487077966,-0.9717393858374744,0.2349908263556534,0.0224026235270683,0.04945206723419408,0.10985563030814052,0.9927165927574023,141,162,128,80,141,162,128,80,230208_161938
0,0,0,0,-0.021556629104171693,0.1282723202536743,-0.04422259197794298,0.2358299071519412,0.9679068411601898,-0.0868366381661988,-0.9711924231144288,0.2378855833182163,0.013990229965082975,0.03419842361616718,0.08103577040204171,0.9961243254421192,80,156,162,125,80,156,162,125,230208_161938
0,0,0,0,-0.020327390729711056,0.12872785052537342,-0.04147186819396853,0.23230049308158443,0.9685217967872561,-0.08945395498265103,-0.9709015458802561,0.23640427326259864,0.038251899175226416,0.05819509533785411,0.07796504813804661,0.9952561389649652,114,18,162,162,114,18,162,162,230208_161938
0,0,0,0,-0.02155208556254993,0.1288265621315395,-0.03913326468707701,0.2378546923434234,0.9707932620723332,-0.03139407022310698,-0.9712970866911586,0.23781828149381734,-0.004943113653854464,0.002667342400735846,0.031668711724437595,0.9994948614086177,162,141,103,154,162,141,103,154,230208_161938
0,0,0,0,-0.02123081639590717,0.12877609607993687,-0.03983335779265473,0.23516442321445838,0.9701400581474904,-0.05937980828359951,-0.9714173120388444,0.23662813378578876,0.018855560778771232,0.032343468049026734,0.0532484166773112,0.9980573661848908,162,162,114,98,162,162,114,98,230208_161938
0,0,0,0,-0.021104662184100134,0.1284245319531071,-0.04368317570929803,0.23482714027210858,0.9677653310962802,-0.09103009458268416,-0.9716355024230875,0.2363903948916044,0.006635633656714165,0.027940376208244428,0.08688984480996793,0.9958260341275686,117,162,154,162,117,162,154,162,230208_161939
0,0,0,0,-0.02221321092651448,0.12802301864161142,-0.04483730544402187,0.23667931961231775,0.9690828752643438,-0.06972288388500526,-0.9710459531883927,0.23833382677141754,0.01633229356022885,0.032444667732860345,0.06383860811361497,0.9974326922904727,72,101,82,162,72,101,82,162,230208_161939
0,0,0,0,-0.02053185857347787,0.12907341866021801,-0.03875427624621408,0.2349653666506177,0.9684300182208864,-0.08327410331810499,-0.97163744584717,0.23636505103668964,0.007227480612946732,0.02668239686250556,0.07921402942103561,0.9965004702660983,162,112,137,154,162,112,137,154,230208_161939
0,0,0,0,-0.020904520945692534,0.12898446730711147,-0.03886199947897562,0.2337560399365251,0.9683145418965848,-0.08789233040943688,-0.9718545480529208,0.23541497157602861,0.008861635667863714,0.029272021147270375,0.08334710018630125,0.9960905629853585,162,137,88,112,162,137,88,112,230208_161939
0,0,0,0,-0.020266944302480237,0.12854060209606483,-0.04295751962779104,0.23204928848629805,0.9669697831935524,-0.10546357714214999,-0.9718103811316118,0.2351159296487443,0.017466618168328358,0.04168585896721171,0.09843748277979344,0.9942697577348631,162,162,160,93,162,162,160,93,230208_161939
0,0,0,0,-0.020883170399252787,0.12853261475305144,-0.04281396399131954,0.23328870798371576,0.9698110658923571,-0.07101320440607115,-0.9712585298380901,0.23593992189354995,0.03145189141557266,0.04725724223904631,0.06163480939854937,0.9969793896196474,87,128,162,162,87,128,162,162,230208_161939
0,0,0,0,-0.021713328950077465,0.1287401732550542,-0.04070595279621336,0.23595807372649039,0.9696952388443525,-0.06336348479904094,-0.9702974310490364,0.23868081126916768,0.039425443961125545,0.0533543132551049,0.052178674709945215,0.9972114636137062,145,86,160,162,145,86,160,162,230208_161939
0,0,0,0,-0.021166049213965928,0.12924931566760636,-0.03717891064604162,0.2356527380887398,0.9698639477381693,-0.061900807014224665,-0.9713089810565129,0.23714638204539168,0.017901307263436084,0.032041384961303467,0.05590631771556584,0.9979217570978437,162,136,77,147,162,136,77,147,230208_161940
0,0,0,0,-0.020372090564739445,0.12867704294434712,-0.041984164558164894,0.23225084780933167,0.9674253678597262,-0.10073579956162787,-0.9717753521378236,0.23519875572626867,0.018281419042960552,0.041378843256619564,0.09364669202000085,0.9947452379400744,162,162,127,84,162,162,127,84,230208_161940
0,0,0,0,-0.02035398224349534,0.12850020357276679,-0.04384373568621558,0.2338080623631252,0.9660489152801256,-0.10992398855615694,-0.9721636761387534,0.23405004732522394,-0.010879436724668347,0.015217646677021338,0.1094078088307847,0.99388045286969,116,154,162,103,116,154,162,103,230208_161940
0,0,0,0,-0.02017687127092721,0.12920402310315157,-0.038057530866259515,0.23426031137838288,0.9689389450747282,-0.07924283709192526,-0.9717402312121894,0.2358110526757791,0.01068037825272748,0.029034971268858976,0.07450146410249449,0.9967981251437029,114,90,162,162,114,90,162,162,230208_161940
0,0,0,0,-0.02117336584906431,0.12902228300236787,-0.038590545912748575,0.2362683728701565,0.9713276481604919,-0.026454789742053952,-0.9710383224636973,0.2370182130978268,0.030115493799734046,0.03552227875822788,0.018573275934009426,0.9991962775815879,154,162,114,162,154,162,114,162,230208_161940
0,0,0,0,-0.020963855106141148,0.1287563187012143,-0.0411194204129951,0.23463636294911092,0.9677576593914313,-0.09160180058946271,-0.9719373839135285,0.23518943755223898,-0.004863148690695376,0.016837426565228183,0.09017228594795659,0.9957838419624916,162,162,83,96,162,162,83,96,230208_161940
0,0,0,0,-0.019486789159399054,0.12879206671244317,-0.043066229069711914,0.23110677620447892,0.9638842357682117,-0.13235119202297868,-0.9726756010087693,0.23199977125815824,-0.00884767417974789,0.02217731261000317,0.13077953270176704,0.9911633975443733,122,162,154,162,122,162,154,162,230208_161940
0,0,0,0,-0.020835929252311695,0.12878840825161283,-0.040525839852346035,0.23515078331856187,0.9700289803939443,-0.06121998285324159,-0.9704319047421461,0.23784443779899114,0.041133218529698826,0.05446124643447817,0.04973731601088052,0.9972763769551733,100,108,162,156,100,108,162,156,230208_161940
0,0,0,0,-0.020943057421168795,0.12879574694288742,-0.04100631048562142,0.23495826002518763,0.969432924140462,-0.07067122213751002,-0.9712307083355534,0.23705197943583012,0.022743575611045317,0.03880112410687144,0.06329427018323053,0.9972403462205165,160,95,162,162,160,95,162,162,230208_161941
0,0,0,0,-0.020100887493217017,0.12881179143661767,-0.04220551240927095,0.2334166835392394,0.9663335048169932,-0.10824143990935173,-0.9723461472990211,0.23284263776214872,-0.018090767609917926,0.007721507514344941,0.10947083405214265,0.9939600167077316,162,136,69,128,162,136,69,128,230208_161941
0,0,0,0,-0.020803685778134753,0.12875264752463844,-0.04107607198489427,0.23418499954115035,0.9684645580621172,-0.08505166528328574,-0.9719048586423913,0.23534449445995512,0.0037302378882907374,0.023629044357022302,0.08178856096629392,0.9963695597306437,162,162,146,90,162,162,146,90,230208_161941
0,0,0,0,-0.02063539701818716,0.1288256521963501,-0.04235796018413507,0.23524943640926071,0.9678248195402651,-0.08929065657155222,-0.9715987958351374,0.23658983988311974,0.004585585653965916,0.025563305749358143,0.0856759379635471,0.995995055737342,64,145,162,132,64,145,162,132,230208_161941
0,0,0,0,-0.021221333465890276,0.1284655518023056,-0.04201432916211878,0.23597741723922203,0.9709241151939869,-0.040261906163033184,-0.9708970052494442,0.2373100201131657,0.03229488429380449,0.04091043571959805,0.03146930073363152,0.9986671213976002,129,89,162,130,129,89,162,130,230208_161941
0,0,0,0,-0.02057482507487252,0.1286123435211147,-0.04337254941015434,0.2332973891245646,0.966871621908599,-0.1035934118344262,-0.9716726431424433,0.23593000334381212,0.013758927674994929,0.03774391071733851,0.0974489623855706,0.9945245582356109,162,124,111,154,162,124,111,154,230208_161941
0,0,0,0,-0.020205839702680556,0.12862159612841606,-0.04248612417451969,0.23233655006957643,0.9674272042534013,-0.10052030626801364,-0.9722415286276025,0.2339399250572478,0.004303658452069731,0.027679189179418053,0.09673011906669671,0.9949256990105907,158,162,114,90,158,162,114,90,230208_161941
0,0,0,0,-0.021201046942961394,0.12863453902953612,-0.04236640819953974,0.23633308136161074,0.9703206330884069,-0.05123030018495333,-0.970049573468866,0.23865591529036217,0.045245763445765946,0.056129312012503964,0.03900286014939961,0.9976614041011957,109,162,154,156,109,162,154,156,230208_161941
0,0,0,0,-0.02103815306214818,0.12856632201169427,-0.04240466929011155,0.23554419833160042,0.9687106152284054,-0.07822195712283786,-0.9708025246387176,0.2382837679096663,0.027627958771230702,0.045402519615282126,0.06943046805672443,0.996553069995777,100,92,162,162,100,92,162,162,230208_161942
0,0,0,0,-0.020094740778999955,0.1283834034917817,-0.044425042725669606,0.23094509342444028,0.9651563846818517,-0.12303461679963495,-0.9713504831379204,0.2359964145407033,0.027998771967018395,0.05605892195632222,0.11304355546332169,0.9920073345683015,154,127,123,162,154,127,123,162,230208_161942
0,0,0,0,-0.020222552793820386,0.12878520291400786,-0.04208424526679311,0.2312997579513514,0.9652949811314149,-0.12126838571593118,-0.9719712975774928,0.2346745711330088,0.01412948509547757,0.04209772745851406,0.11460124373688037,0.9925191868557447,162,151,64,112,162,151,64,112,230208_161942
0,0,0,0,-0.020972407394937217,0.12834536177718248,-0.04447245214327811,0.2352842325901843,0.9679715339712999,-0.08759246152322031,-0.9706080060803333,0.2387017748162182,0.03068486976260672,0.05061055647993398,0.07779827839249648,0.9956836844359532,162,162,160,96,162,162,160,96,230208_161942
0,0,0,0,-0.019365633370472007,0.12891726095407402,-0.040938682754129596,0.22909656178489005,0.9666075584711717,-0.11482418423287093,-0.9715891554830088,0.23427226598741077,0.03363061606539394,0.0594077295152424,0.10385727367655102,0.9928163920777686,77,128,162,146,77,128,162,146,230208_161942
0,0,0,0,-0.020227033397022618,0.12851290227744708,-0.04325777245209628,0.2329231391823235,0.9658723918864203,-0.11330195861086273,-0.9719904106793218,0.23497001220878788,0.004871848729780695,0.03132814678361616,0.108993650981182,0.9935486557108799,138,147,160,162,138,147,160,162,230208_161942
0,0,0,0,-0.020262253976416737,0.12830216118960522,-0.044979080255327375,0.23134481988494146,0.9686272582055879,-0.09077890158802766,-0.969757556241174,0.23705828094243778,0.05808316063854435,0.07778082299352852,0.07459628742599152,0.9941758081329017,162,132,59,146,162,132,59,146,230208_161942
0,0,0,0,-0.021367000636834013,0.12850263322676592,-0.04238816000249368,0.23545006389666634,0.9684617449910037,-0.08151758031268369,-0.9702859808101071,0.23904560556378018,0.03744748194489447,0.055752873059811144,0.07027835335026436,0.9959681572198742,141,162,128,80,141,162,128,80,230208_161942
0,0,0,0,-0.02073261968926477,0.1282695775631854,-0.04577112271681527,0.2335016682333081,0.9680306938543125,-0.091616301432666,-0.9705156759298919,0.23781762672840387,0.03926957081017387,0.059802121255084335,0.07974554641613894,0.9950197757432683,128,154,162,120,128,154,162,120,230208_161943
0,0,0,0,-0.020104667158312425,0.12847990240823967,-0.04389664199098953,0.23340955194863777,0.9655455779666169,-0.11507266368798504,-0.9720965160481168,0.23455204941552227,-0.003701297352539006,0.023416757808236467,0.11272565362015169,0.9933501811897253,111,80,162,106,111,80,162,106,230208_161943
0,0,0,0,-0.021609197556639887,0.12852784155710192,-0.04384831960698976,0.23621707050468116,0.9673814307413425,-0.09151318516486655,-0.9713472279751195,0.23762034372204605,0.004597276853589915,0.026192714774114733,0.0878051234624129,0.9957932526315451,154,162,116,162,154,162,116,162,230208_161943
0,0,0,0,-0.01969473904408994,0.12877445051387817,-0.043539304240272636,0.23152969610478416,0.9648108136322231,-0.12463584444273149,-0.9723581841507078,0.23349133818487391,0.001164777993524729,0.030225180508368622,0.12092100268755421,0.9922018693654397,82,162,56,101,82,162,56,101,230208_161943
0,0,0,0,-0.019931708532550278,0.12856623537167666,-0.04421461559643025,0.23216146295622744,0.9644353189265469,-0.12635493945657314,-0.972100549497715,0.23453046113243095,0.003998057934864099,0.03348995049660795,0.12190151109834339,0.9919770384478035,132,154,162,108,132,154,162,108,230208_161943
0,0,0,0,-0.02020593022920314,0.12861148013089424,-0.042774382618405715,0.23308693554336918,0.9689674778179798,-0.08229524536728972,-0.9708498777592532,0.23672885881071967,0.03754946419080589,0.05586586913172832,0.07114403936547055,0.9959003616471483,44,122,162,146,44,122,162,146,230208_161943
0,0,0,0,-0.020343134468654156,0.1290103665968496,-0.03982507592540785,0.2337012662593237,0.9679929642311006,-0.09150595252701467,-0.9714346851813782,0.23644386551971838,0.020222534080833517,0.04121129184272173,0.08416602436363949,0.9955991712368353,146,118,146,162,146,118,146,162,230208_161943
0,0,0,0,-0.02068407742225081,0.12785127834189475,-0.047057685352318135,0.2320480529019607,0.9660398157343254,-0.11366958942655002,-0.9708007140574176,0.2373145818814886,0.035039446514220335,0.0608249515414324,0.10221968324352097,0.9929005295736208,162,128,71,136,162,128,71,136,230208_161943
0,0,0,0,-0.020418433921697253,0.1281559090157111,-0.04556578620190099,0.2332385071916118,0.9669459344358038,-0.10303086256602308,-0.9718802415589951,0.23532529476712616,0.008414375199286778,0.032382013993228355,0.09817110328826638,0.9946425687898678,162,162,138,90,162,162,138,90,230208_161944
0,0,0,0,-0.020913008217904226,0.12928287562575785,-0.03754248057478016,0.23463783780030223,0.9679184718339724,-0.08988279565626363,-0.971563948094432,0.2365287588332889,0.010846243955619192,0.0317581459717036,0.08478194458356342,0.9958932884787756,93,148,146,162,93,148,146,162,230208_161944
0,0,0,0,-0.02156879253984862,0.12841482361769452,-0.04256773610774334,0.23595606830807866,0.9698417558064889,-0.06108766260695375,-0.97000377644657,0.2388445428752065,0.04523226744401284,0.05845859652768285,0.04858243543629028,0.9971069849615398,124,85,162,122,124,85,162,122,230208_161944
0,0,0,0,-0.020226028039930732,0.1290496395990815,-0.04203622189850431,0.2313323585996504,0.9657319569336912,-0.117673817061174,-0.9719286144172085,0.23474378914296798,0.015815243780848427,0.042896484025718586,0.11071197232379872,0.992926357210043,162,141,103,154,162,141,103,154,230208_161944
0,0,0,0,-0.02027699781037897,0.1279775188743095,-0.04561173988065059,0.2326684288093858,0.9689031208290313,-0.08421487210187895,-0.9709816863835573,0.23634439668783175,0.036549840793211975,0.055316967949408845,0.07326710450146809,0.9957770656401235,162,162,58,162,162,162,58,162,230208_161944
0,0,0,0,-0.020654245374987563,0.12870064257913932,-0.04214901919295666,0.2339673287784614,0.968664677065227,-0.08335485870897073,-0.9711722298885884,0.2368741674305397,0.026741890309315407,0.04564853729856442,0.07469519536228221,0.9961610506500905,119,162,154,162,119,162,154,162,230208_161944
0,0,0,0,-0.021400309635207875,0.1283182528788479,-0.044564585413117364,0.23557963359282744,0.967768940009923,-0.08902536148951298,-0.9711144703180979,0.23798582828995862,0.01730407674343434,0.037933122400738505,0.0823773287088852,0.9958790357968778,93,102,162,158,93,102,162,158,230208_161944
0,0,0,0,-0.020532092519170687,0.12848741796405638,-0.04388009135404258,0.23281796710146,0.9666334804020716,-0.10684338426183022,-0.9720856432946652,0.23458963299142443,0.004148034877664906,0.02907397969217087,0.10289518287425639,0.9942672100829498,162,92,162,154,162,92,162,154,230208_161944
0,0,0,0,-0.021214815316520037,0.12807252991494159,-0.04506678952365528,0.2354613849089522,0.9689604612323383,-0.07532304285655975,-0.9702698873685279,0.23882780570977935,0.03921256030553046,0.055984657564563535,0.06385063655332313,0.9963878834716499,162,151,88,120,162,151,88,120,230208_161945
0,0,0,0,-0.020831326269301183,0.12895652545875808,-0.039379419481058275,0.23553593156379993,0.9692995239820814,-0.07057802597467319,-0.971434092658879,0.23697363343671288,0.01262143715362373,0.028959084280986255,0.06558909866670871,0.997426409101792,155,162,151,89,155,162,151,89,230208_161945
0,0,0,0,-0.021111711045883923,0.1283154172453192,-0.04455123607796241,0.23424283386078834,0.9689600436024073,-0.07903624919547403,-0.9694923713741758,0.23886133143033952,0.05504367533696704,0.07221382576863526,0.06373145415999609,0.9953509256129265,80,136,162,141,80,136,162,141,230208_161945
0,0,0,0,-0.019986262068288033,0.12842950518460255,-0.04505159582495244,0.23006971891200753,0.9658768372967154,-0.11895318244353106,-0.9708869140457508,0.23618326965705747,0.03995076055371446,0.06668226581684572,0.1062986279676071,0.9920958003729962,137,81,152,162,137,81,152,162,230208_161945
0,0,0,0,-0.020310389643973623,0.1285200652825224,-0.043658666533095136,0.23282428874461653,0.9660802437232578,-0.11172203568757302,-0.9719203607280651,0.2351700971795784,0.008114049221960353,0.034112504639680886,0.1066957734877979,0.9937063695816024,146,162,97,149,146,162,97,149,230208_161945
0,0,0,0,-0.020954662685773923,0.1286557424880077,-0.04187812014375325,0.23519457360548698,0.9692869822783484,-0.07187668976981505,-0.9707567050660242,0.23792377835065656,0.03199523815668382,0.048113741445541494,0.062249672136331216,0.9969002187797085,152,162,114,18,152,162,114,18,230208_161945
0,0,0,0,-0.02137817799520202,0.12817174520644894,-0.04419814218385787,0.23687077218121327,0.9692749136706177,-0.06632027604806998,-0.9709087072769613,0.23862711850088103,0.019833820855918123,0.035050241369412406,0.05969288102263776,0.9976012432506103,103,154,162,139,103,154,162,139,230208_161945
0,0,0,0,-0.020415038090257184,0.1288389383468848,-0.04158073382009053,0.2318992467040769,0.9675707743799081,-0.10014757083397896,-0.9717410334723054,0.2350943821867224,0.021213093372248124,0.04406930047389482,0.09239820360866409,0.9947464343869917,58,162,162,162,58,162,162,162,230208_161946
0,0,0,0,-0.021740531923670436,0.12845861946725248,-0.04194834475773945,0.2375755532505195,0.9696777579842477,-0.05729661567972894,-0.9705423805723101,0.2393930741887115,0.02717431771933551,0.04006674444901636,0.049152840214164335,0.9979873016667787,154,162,120,162,154,162,120,162,230208_161946
0,0,0,0,-0.021809574353490534,0.1286264695509528,-0.04071061748004057,0.23845695498661396,0.9702191761984917,-0.042579698862617844,-0.9708575475942036,0.23923670462376903,0.014192302143322032,0.02395627053361905,0.037954568861714354,0.998992266138553,162,162,84,107,162,162,84,107,230208_161946
0,0,0,0,-0.021025309574435273,0.12872256219023465,-0.04249673011610222,0.23462533799254318,0.9673891732495965,-0.09544180557463636,-0.9717022769873211,0.23615757971901247,0.004927721472741079,0.02730633021003787,0.09158485148058038,0.9954228143405899,162,154,162,91,162,154,162,91,230208_161946
0,0,0,0,-0.020005394938682346,0.12844062327563835,-0.04488531979496291,0.2304029146387815,0.9658716852220945,-0.11834857249745268,-0.9712498364952941,0.2357455920167368,0.033132626707556526,0.059902020281609895,0.10731217792454267,0.9924191878612952,72,122,162,151,72,122,162,151,230208_161946
0,0,0,0,-0.019777553015322174,0.1288034411868184,-0.04162662724700594,0.23263936059645096,0.9659470213694868,-0.11324875190786714,-0.9723599104567855,0.2333884775408328,-0.006784031813321407,0.019877938468222955,0.11169677908779352,0.993543505390512,146,80,155,162,146,80,155,162,230208_161946
0,0,0,0,-0.02129116049083749,0.12891966147655848,-0.03899217388809528,0.2367032187581408,0.969597443135821,-0.062067580056043084,-0.9709820591330967,0.23831851305195542,0.01995312452615509,0.03413835191081998,0.05554353788860216,0.9978724809952575,162,141,88,136,162,141,88,136,230208_161946
0,0,0,0,-0.020705353233481164,0.1285993540229921,-0.043233903339775726,0.23237355160857115,0.9670139202157865,-0.10433892189262564,-0.9714393379542797,0.236049482472283,0.024212692942281913,0.04804315963556737,0.09573254375322975,0.9942470190444461,152,162,130,156,152,162,130,156,230208_161946
0,0,0,0,-0.020534962352232063,0.12810299384649837,-0.04573849810741237,0.23346453566824618,0.9656203184046334,-0.11433158474080596,-0.9715251884978265,0.23653145424733693,0.013844828128316255,0.04041186335066764,0.10784373804618276,0.9933461679921827,105,153,162,162,105,153,162,162,230208_161947
0,0,0,0,-0.02120946413280383,0.12870226086071399,-0.04316720633655435,0.23396958597684908,0.9668815824667877,-0.10197175258052066,-0.971021879663081,0.23764368125296467,0.025337521112298974,0.048731325175896754,0.09308859353895155,0.9944645653312846,120,85,162,160,120,85,162,160,230208_161947
0,0,0,0,-0.02045195929678186,0.12867975410257218,-0.0419005918439761,0.2333408707084655,0.9681930271422948,-0.0903011641677658,-0.9707324804657702,0.23736334857678668,0.03656627026629364,0.05683739460766912,0.079125867739024,0.9952429892386877,162,136,108,162,162,136,108,162,230208_161947
0,0,0,0,-0.019989995502310433,0.12867570752861676,-0.04308238648097873,0.230602588455168,0.9644717011035394,-0.12890610524028923,-0.971744557819518,0.23511863617678846,0.02077838469462783,0.05034839169157003,0.12047225694246265,0.9914390928147131,162,90,140,82,162,90,140,82,230208_161947
0,0,0,0,-0.01972307540066899,0.12874043607926033,-0.04255592320187962,0.23076603751654076,0.9641980327213101,-0.1306491087809964,-0.9721720818555332,0.23404837028105496,0.010139212467456011,0.04035441970332892,0.12467363019153818,0.9913768237886496,122,162,154,162,122,162,154,162,230208_161947
0,0,0,0,-0.02097068259394606,0.1287162927807768,-0.04271330021917441,0.23431894445246668,0.9664118588174933,-0.10555923174976543,-0.9717257998079359,0.23607361204536634,0.00426845211763336,0.029044831869176564,0.10157444970450237,0.9944038560408536,100,108,162,156,100,108,162,156,230208_161947
0,0,0,0,-0.021371935222655958,0.12894022359209603,-0.041331134687875415,0.23607043837157948,0.966838467387539,-0.09743780635238339,-0.971706934393608,0.23564846734321646,-0.01598228676283043,0.007508780089101098,0.09845393754699414,0.995113280186264,160,95,162,162,160,95,162,162,230208_161947
0,0,0,0,-0.0213434630249911,0.12846017603020324,-0.04385170705834274,0.23563465618262872,0.9666575569425221,-0.10024707682326256,-0.9713104983845418,0.23765968967097686,0.008589972844422675,0.03212825133223134,0.09534694285298291,0.9949254926651157,162,136,69,128,162,136,69,128,230208_161947
0,0,0,0,-0.02024492698022811,0.12906927682207858,-0.039405075877850804,0.2326148934322228,0.9669441408231116,-0.10444778543066417,-0.9725059041585687,0.23247713953349225,-0.013661843618238237,0.011071482748031712,0.1047540363049525,0.9944365309800223,162,162,146,90,162,162,146,90,230208_161948
0,0,0,0,-0.020478897139441975,0.12852737156114533,-0.04182195037510428,0.23391936745217898,0.9679040373551305,-0.09188854119208462,-0.9718795818010799,0.23541180516859242,0.005600041555427509,0.02705195018719198,0.08799463880772301,0.9957535516040945,64,145,162,132,64,145,162,132,230208_161948
0,0,0,0,-0.02094816037446435,0.12764417471878486,-0.047178821848888,0.23539163630432366,0.969694479953982,-0.06544763635723005,-0.9694921707236204,0.23901309902291895,0.054384459186992556,0.06837915225837587,0.0506493242031492,0.9963728907864716,129,89,162,130,129,89,162,130,230208_161948
0,0,0,0,-0.020293795167187365,0.12867149431363728,-0.04187959965881649,0.23489886579019942,0.9674534543655534,-0.09410811063152821,-0.9712503015366473,0.2374619628576538,0.01687210599658751,0.038670073900208164,0.08743929226582556,0.9954190050187931,162,124,111,154,162,124,111,154,230208_161948
0,0,0,0,-0.020958096371460618,0.1290426699594538,-0.040739969925964736,0.233813678778774,0.9668656778349344,-0.10247889851442199,-0.9720315213160813,0.2348410989758475,-0.0020927971140025014,0.022042803448760175,0.10010204421793244,0.9947329770141886,156,162,117,93,156,162,117,93,230208_161948
0,0,0,0,-0.02014033127116378,0.1282667496929966,-0.044409244336296894,0.23361265198066405,0.9683973578292454,-0.08735952257136581,-0.9709462368573771,0.2371279586727876,0.032151770529392255,0.05185107488817295,0.07731033931507965,0.9956578616512441,111,162,154,150,111,162,154,150,230208_161948
0,0,0,0,-0.021547397210113648,0.1281528307843693,-0.045693221922725624,0.23506817448912506,0.9672541767385265,-0.09571996094976741,-0.9706450722035085,0.2387619183532261,0.028998105995615538,0.050902820642828,0.08609357656737254,0.994985828504327,83,96,162,162,83,96,162,162,230208_161948
0,0,0,0,-0.02077642942845019,0.12799189480480994,-0.04610224654449968,0.23481848280956366,0.9684809077247195,-0.08309639886131677,-0.9703416335901217,0.23860039271714886,0.03881966920102617,0.057422941867074195,0.0715163195915923,0.9957851283180542,154,128,124,162,154,128,124,162,230208_161948
0,0,0,0,-0.021236669803298327,0.12875445468722885,-0.04113711037011025,0.23614722115945638,0.969686411819314,-0.06279134233038172,-0.9710498520396865,0.23788642804006951,0.02173090444596478,0.03600937089661165,0.055841830981094236,0.9977900656552505,162,154,70,112,162,154,70,112,230208_161949
0,0,0,0,-0.02071273294765634,0.1281588011456405,-0.04416007141478118,0.23435167398208534,0.9689053018174745,-0.07938393421708641,-0.9717184783392061,0.23590298105294277,0.010629317215727524,0.029025708534539535,0.07464783747921452,0.996787444043987,162,162,160,95,162,162,160,95,230208_161949
0,0,0,0,-0.02153725346602321,0.12922371854542186,-0.037605350370110036,0.23539567403199033,0.9690293180483925,-0.07463951640848895,-0.9718966651978782,0.23488922647217597,-0.01561804931949533,0.0023976705921305583,0.07621831833602018,0.9970882704784771,69,128,162,143,69,128,162,143,230208_161949
0,0,0,0,-0.02115550431044612,0.12842843579144161,-0.04286585103798379,0.23503098690825242,0.9704590113023419,-0.054495344526051995,-0.9698901219915419,0.23783636284334506,0.052411981194001,0.06382465398389832,0.04053605668450085,0.9971375239415607,148,92,162,162,148,92,162,162,230208_161949
0,0,0,0,-0.02111955069150162,0.12871369758378665,-0.042816601523242515,0.23551843065866684,0.9685610329853115,-0.0801286103867096,-0.9708721113392967,0.238210640295405,0.02574945190930249,0.04402740332627874,0.07173016264082889,0.9964518912239895,138,162,64,145,138,162,64,145,230208_161949
0,0,0,0,-0.020168292663154962,0.1283612786957264,-0.04481254098620491,0.2312729834530143,0.9668860752243232,-0.10790794531473036,-0.9717347063736433,0.23497444411037938,0.02277435057134047,0.047375811905128185,0.09959080355295402,0.9938999971294934,162,162,129,89,162,162,129,89,230208_161949
0,0,0,0,-0.020570852443366303,0.1286860383237497,-0.04238742492347347,0.23392418643765792,0.9666689751019809,-0.10407001285080526,-0.9721598129350119,0.23405402456605448,-0.011136053995761832,0.013593127441608633,0.10377767659626745,0.9945076272842942,82,156,162,124,82,156,162,124,230208_161949
0,0,0,0,-0.020962856631763442,0.12869334448541522,-0.041984543705842925,0.23562771703514376,0.9685798239769026,-0.07957828566687654,-0.9710700337491694,0.23791559834692244,0.02047333919059912,0.038762978719307145,0.07245200237466781,0.9966183516435505,117,93,158,162,117,93,158,162,230208_161949
0,0,0,0,-0.02069248779132252,0.12892121613606128,-0.040993510090058805,0.233180111363415,0.9675133764788035,-0.09769801430494691,-0.9710753477176168,0.2369844134437602,0.02917287849745237,0.051378056791354015,0.08806959815566967,0.9947884404038093,154,150,112,162,154,150,112,162,230208_161950
0,0,0,0,-0.01940521437539307,0.1287041127718814,-0.04288152995252292,0.23332822515154789,0.9653595181648683,-0.11678587258792279,-0.9723207602878434,0.23313500129927275,-0.015505169539837958,0.012258811561479644,0.11717112211497248,0.9930360767270333,162,162,116,90,162,162,116,90,230208_161950
0,0,0,0,-0.02080212221969656,0.12891002810833072,-0.03820166397819813,0.23385775049398988,0.9669270262504892,-0.10179724181075457,-0.9721449501225377,0.23422700765756818,-0.008479671870389048,0.015644439431911697,0.1009447115512643,0.994769026822153,124,162,162,112,124,162,162,112,230208_161950
0,0,0,0,-0.019160290286448358,0.12838438473882122,-0.045487421273668116,0.22744399594721315,0.9640978447218743,-0.1370568294912785,-0.9712974435015285,0.23466945175268802,0.038878331516265706,0.0696455666568943,0.12428030502348372,0.9897999296970625,70,112,162,137,70,112,162,137,230208_161950
