pening port: 
/dev/ttyACM0
[ 640x480  p[323.389 234.069]  f[613.423 613.469]  Inverse Brown Conrady [0 0 0 0 0] ]
Evaluating Policy...
startThreads creating 1 threads.
starting thread 0
started thread 0 
argc=2
argv[0] = --unused
argv[1] = --start_demo_name=Physics Server
ExampleBrowserThreadFunc started
X11 functions dynamically loaded using dlopen/dlsym OK!
X11 functions dynamically loaded using dlopen/dlsym OK!
Creating context
Created GL 3.3 context
Direct GLX rendering context obtained
Making context current
GL_VENDOR=Intel
GL_RENDERER=Mesa Intel(R) Xe Graphics (TGL GT2)
GL_VERSION=4.6 (Core Profile) Mesa 21.2.6
GL_SHADING_LANGUAGE_VERSION=4.60
pthread_getconcurrency()=0
Version = 4.6 (Core Profile) Mesa 21.2.6
Vendor = Intel
Renderer = Mesa Intel(R) Xe Graphics (TGL GT2)
b3Printf: Selected demo: Physics Server
startThreads creating 1 threads.
starting thread 0
started thread 0 
MotionThreadFunc thread started
/home/tommy/.local/lib/python3.8/site-packages/gym/spaces/box.py:127: UserWarning: WARN: Box bound precision lowered by casting to float32
  logger.warn(f"Box bound precision lowered by casting to {self.dtype}")
ven = Intel
Workaround for some crash in the Intel OpenGL driver on Linux/Ubuntu
ven = Intel
Workaround for some crash in the Intel OpenGL driver on Linux/Ubuntu
Observation space = 6
Action space = 11
Policy size= (11, 6)
[[0.000000 0.000000 0.000000 0.000000 0.000000 0.000000]
 [0.000000 0.000000 0.000000 0.000000 0.000000 0.000000]
 [0.000000 0.000000 0.000000 0.000000 0.000000 0.000000]
 [0.000000 0.000000 0.000000 0.000000 0.000000 0.000000]
 [0.000000 0.000000 0.000000 0.000000 0.000000 0.000000]
 [0.000000 0.000000 0.000000 0.000000 0.000000 0.000000]
 [0.000000 0.000000 0.000000 0.000000 0.000000 0.000000]
 [0.000000 0.000000 0.000000 0.000000 0.000000 0.000000]
 [0.000000 0.000000 0.000000 0.000000 0.000000 0.000000]
 [0.000000 0.000000 0.000000 0.000000 0.000000 0.000000]
 [0.000000 0.000000 0.000000 0.000000 0.000000 0.000000]]
(225, 7)
x radius  0.01673012561103667 y radius  0.0033193040378613837
MAKING CIRCLE,  0 -0.074 0.015 0.003 10
x circle, y circle [0.0, 0.008816778784387094, 0.014265847744427304, 0.014265847744427306, 0.008816778784387096, 1.8369701987210296e-18, -0.008816778784387093, -0.014265847744427303, -0.014265847744427306, -0.008816778784387098] [-0.000999999999999987, -0.0015729490168751442, -0.0030729490168751455, -0.004927050983124834, -0.006427050983124835, -0.006999999999999992, -0.006427050983124835, -0.004927050983124834, -0.0030729490168751455, -0.0015729490168751442]
[ 81 147 180 180 180 180 166  75  75  86] [ 97  84  92 106 180 180 180 170 170 137]
found tags
tag_0 -> robot tag
tag_1 -> tabel tag
tag_0 -> robot tag
tag_1 -> tabel tag
zero to tag: 
 [[-0.042247 -0.997566 0.055469 0.159019]
 [0.998598 -0.043932 -0.029524 -0.381033]
 [0.031889 0.054143 0.998024 -0.008768]
 [0.000000 0.000000 0.000000 1.000000]]
Euler Angles, Relative: [0.029574 0.055497 1.613121]
transform: 0.1590191182352998 -0.3810334204922867 -0.008767922937642725
Sending Policy [162, 162, 83, 96, 162, 162, 83, 96]
found tags
tag_0 -> robot tag
tag_1 -> tabel tag
tag_0 -> robot tag
tag_1 -> tabel tag
zero to tag: 
 [[-0.045278 -0.998364 0.034908 0.160663]
 [0.998392 -0.046416 -0.032535 -0.380547]
 [0.034102 0.033379 0.998861 -0.005925]
 [0.000000 0.000000 0.000000 1.000000]]
Euler Angles, Relative: [0.032560 0.034915 1.616117]
transform: 0.1606631727832508 -0.3805471569318487 -0.005924973175079451
Sending Policy [151, 162, 136, 85, 151, 162, 136, 85]
found tags
tag_0 -> robot tag
tag_1 -> tabel tag
tag_0 -> robot tag
tag_1 -> tabel tag
zero to tag: 
 [[-0.042639 -0.997936 0.048025 0.159319]
 [0.998581 -0.044103 -0.029840 -0.381146]
 [0.031896 0.046684 0.998400 -0.008221]
 [0.000000 0.000000 0.000000 1.000000]]
Euler Angles, Relative: [0.029879 0.048043 1.613497]
transform: 0.15931917255889122 -0.38114634722139235 -0.008220618524605094
Sending Policy [78, 154, 162, 92, 78, 154, 162, 92]
found tags
tag_0 -> robot tag
tag_1 -> tabel tag
tag_0 -> robot tag
tag_1 -> tabel tag
zero to tag: 
 [[-0.046370 -0.998599 0.025508 0.161294]
 [0.998658 -0.046932 -0.021878 -0.380263]
 [0.023044 0.024460 0.999435 0.000668]
 [0.000000 0.000000 0.000000 1.000000]]
Euler Angles, Relative: [0.021887 0.025511 1.617198]
transform: 0.16129382844295873 -0.38026265110493995 0.0006681107061093927
Sending Policy [78, 154, 162, 103, 78, 154, 162, 103]
found tags
tag_0 -> robot tag
tag_1 -> tabel tag
tag_0 -> robot tag
tag_1 -> tabel tag
zero to tag: 
 [[-0.045486 -0.997701 0.050244 0.163373]
 [0.994968 -0.049742 -0.086975 -0.380919]
 [0.089274 0.046035 0.994943 -0.003850]
 [0.000000 0.000000 0.000000 1.000000]]
Euler Angles, Relative: [0.087195 0.050266 1.616356]
transform: 0.16337273435491853 -0.3809186931800673 -0.0038500702237002082
Sending Policy [87, 128, 162, 162, 87, 128, 162, 162]
found tags
tag_0 -> robot tag
tag_1 -> tabel tag
tag_0 -> robot tag
tag_1 -> tabel tag
zero to tag: 
 [[0.997772 -0.025931 -0.061472 -0.152193]
 [0.022631 0.998296 -0.053781 -0.012602]
 [0.062762 0.052270 0.996659 -0.004287]
 [0.000000 0.000000 0.000000 1.000000]]
Euler Angles, Relative: [0.053909 -0.061511 0.025983]
transform: -0.15219275455265924 -0.012602226294199909 -0.00428650373879047
Sending Policy [100, 92, 162, 162, 100, 92, 162, 162]
found tags
tag_0 -> robot tag
tag_1 -> tabel tag
tag_0 -> robot tag
tag_1 -> tabel tag
zero to tag: 
 [[0.998308 -0.025319 -0.052343 -0.152046]
 [0.022203 0.997994 -0.059281 -0.013740]
 [0.053739 0.058018 0.996868 0.000400]
 [0.000000 0.000000 0.000000 1.000000]]
Euler Angles, Relative: [0.059397 -0.052367 0.025357]
transform: -0.15204649909171564 -0.013739850186503672 0.000400094302888232
Sending Policy [130, 156, 151, 162, 130, 156, 151, 162]
found tags
tag_0 -> robot tag
tag_1 -> tabel tag
tag_0 -> robot tag
tag_1 -> tabel tag
zero to tag: 
 [[0.996479 -0.019555 -0.081535 -0.151857]
 [0.017552 0.999528 -0.025212 -0.012358]
 [0.081989 0.023692 0.996352 -0.005665]
 [0.000000 0.000000 0.000000 1.000000]]
Euler Angles, Relative: [0.025299 -0.081626 0.019621]
transform: -0.15185665046757077 -0.012357847363226121 -0.005665207334788147
Sending Policy [162, 107, 78, 154, 162, 107, 78, 154]
found tags
tag_0 -> robot tag
tag_1 -> tabel tag
tag_0 -> robot tag
tag_1 -> tabel tag
zero to tag: 
 [[-0.044542 -0.997405 0.056556 0.162007]
 [0.997710 -0.047297 -0.048358 -0.380221]
 [0.050908 0.054272 0.997228 0.002897]
 [0.000000 0.000000 0.000000 1.000000]]
Euler Angles, Relative: [0.048455 0.056586 1.615424]
transform: 0.16200669515078003 -0.3802212504893542 0.0028970386877386067
Sending Policy [162, 103, 78, 154, 162, 103, 78, 154]
found tags
tag_0 -> robot tag
tag_1 -> tabel tag
tag_0 -> robot tag
tag_1 -> tabel tag
zero to tag: 
 [[-0.043082 -0.997771 0.050955 0.161485]
 [0.996719 -0.046423 -0.066301 -0.381063]
 [0.068519 0.047932 0.996498 -0.004107]
 [0.000000 0.000000 0.000000 1.000000]]
Euler Angles, Relative: [0.066436 0.050977 1.613948]
transform: 0.16148535423372073 -0.38106297340612905 -0.004106648794778622
Sending Policy [162, 146, 87, 128, 162, 146, 87, 128]
found tags
tag_0 -> robot tag
tag_1 -> tabel tag
tag_0 -> robot tag
tag_1 -> tabel tag
zero to tag: 
 [[-0.046561 -0.998360 0.033303 0.161899]
 [0.998462 -0.047519 -0.028570 -0.379595]
 [0.030106 0.031921 0.999037 0.005370]
 [0.000000 0.000000 0.000000 1.000000]]
Euler Angles, Relative: [0.028590 0.033309 1.617400]
transform: 0.16189862178862943 -0.379595356237625 0.0053697676980851705
Sending Policy [162, 90, 100, 92, 162, 90, 100, 92]
found tags
tag_0 -> robot tag
tag_1 -> tabel tag
tag_0 -> robot tag
tag_1 -> tabel tag
zero to tag: 
 [[0.998263 -0.024688 -0.053500 -0.151948]
 [0.021626 0.998136 -0.057071 -0.013559]
 [0.054809 0.055815 0.996936 0.000007]
 [0.000000 0.000000 0.000000 1.000000]]
Euler Angles, Relative: [0.057184 -0.053526 0.024726]
transform: -0.1519476947551851 -0.013559398987143562 6.993273812594403e-06
Sending Policy [152, 162, 130, 156, 152, 162, 130, 156]
found tags
tag_0 -> robot tag
tag_1 -> tabel tag
tag_0 -> robot tag
tag_1 -> tabel tag
zero to tag: 
 [[0.997457 -0.024148 -0.067061 -0.152160]
 [0.019699 0.997610 -0.066232 -0.013268]
 [0.068500 0.064743 0.995548 -0.001518]
 [0.000000 0.000000 0.000000 1.000000]]
Euler Angles, Relative: [0.066431 -0.067112 0.024205]
transform: -0.15216033371330126 -0.013268258159027213 -0.0015180285861434717
Sending Policy [129, 154, 162, 107, 129, 154, 162, 107]
found tags
tag_0 -> robot tag
tag_1 -> tabel tag
tag_0 -> robot tag
tag_1 -> tabel tag
zero to tag: 
 [[0.998881 -0.028162 -0.037998 -0.152087]
 [0.025325 0.996997 -0.073184 -0.014142]
 [0.039945 0.072140 0.996594 0.002543]
 [0.000000 0.000000 0.000000 1.000000]]
Euler Angles, Relative: [0.073303 -0.038007 0.028186]
transform: -0.1520867956166684 -0.014142139882142302 0.002543110026862694
Sending Policy [116, 154, 162, 103, 116, 154, 162, 103]
found tags
tag_0 -> robot tag
tag_1 -> tabel tag
tag_0 -> robot tag
tag_1 -> tabel tag
zero to tag: 
 [[-0.050243 -0.998360 0.027437 0.162638]
 [0.998514 -0.050793 -0.019724 -0.379216]
 [0.021086 0.026405 0.999429 0.004343]
 [0.000000 0.000000 0.000000 1.000000]]
Euler Angles, Relative: [0.019733 0.027440 1.621079]
transform: 0.162637681577344 -0.3792161718568776 0.004342859347192585
Sending Policy [77, 128, 162, 146, 77, 128, 162, 146]
found tags
tag_0 -> robot tag
tag_1 -> tabel tag
tag_0 -> robot tag
tag_1 -> tabel tag
zero to tag: 
 [[0.997563 -0.021596 -0.066340 -0.151891]
 [0.019038 0.999060 -0.038951 -0.012691]
 [0.067119 0.037593 0.997037 -0.003728]
 [0.000000 0.000000 0.000000 1.000000]]
Euler Angles, Relative: [0.039047 -0.066389 0.021645]
transform: -0.1518907100042278 -0.012690644101449572 -0.0037281487431926053
Sending Policy [140, 82, 162, 90, 140, 82, 162, 90]
found tags
tag_0 -> robot tag
tag_1 -> tabel tag
tag_0 -> robot tag
tag_1 -> tabel tag
zero to tag: 
 [[-0.046479 -0.997846 0.046295 0.162488]
 [0.998065 -0.048306 -0.039157 -0.379644]
 [0.041309 0.044386 0.998160 0.003660]
 [0.000000 0.000000 0.000000 1.000000]]
Euler Angles, Relative: [0.039209 0.046312 1.617342]
transform: 0.16248813507432902 -0.37964433935856595 0.0036601581574573494
Sending Policy [137, 81, 152, 162, 137, 81, 152, 162]
found tags
tag_0 -> robot tag
tag_1 -> tabel tag
tag_0 -> robot tag
tag_1 -> tabel tag
zero to tag: 
 [[0.998134 -0.024162 -0.056069 -0.152084]
 [0.020357 0.997514 -0.067470 -0.013461]
 [0.057560 0.066203 0.996145 -0.000362]
 [0.000000 0.000000 0.000000 1.000000]]
Euler Angles, Relative: [0.067628 -0.056098 0.024203]
transform: -0.15208423429604967 -0.013460724527506879 -0.00036241096126798933
Sending Policy [162, 108, 129, 154, 162, 108, 129, 154]
found tags
tag_0 -> robot tag
tag_1 -> tabel tag
tag_0 -> robot tag
tag_1 -> tabel tag
zero to tag: 
 [[0.997483 -0.025977 -0.065977 -0.152140]
 [0.023006 0.998704 -0.045398 -0.012493]
 [0.067070 0.043766 0.996788 -0.005364]
 [0.000000 0.000000 0.000000 1.000000]]
Euler Angles, Relative: [0.045513 -0.066025 0.026036]
transform: -0.1521395251999597 -0.012493276979092333 -0.005364439738511528
Sending Policy [162, 120, 116, 154, 162, 120, 116, 154]
found tags
tag_0 -> robot tag
tag_1 -> tabel tag
tag_0 -> robot tag
tag_1 -> tabel tag
zero to tag: 
 [[0.999655 -0.026133 0.002445 -0.151730]
 [0.026189 0.999297 -0.026830 -0.012854]
 [-0.001742 0.026885 0.999637 0.002583]
 [0.000000 0.000000 0.000000 1.000000]]
Euler Angles, Relative: [0.026833 0.002445 0.026136]
transform: -0.15173039667324198 -0.012854179708070373 0.002583122348634892
Sending Policy [162, 143, 77, 128, 162, 143, 77, 128]
found tags
tag_0 -> robot tag
tag_1 -> tabel tag
tag_0 -> robot tag
tag_1 -> tabel tag
zero to tag: 
 [[0.997029 -0.023615 -0.073320 -0.152126]
 [0.019902 0.998502 -0.050965 -0.013126]
 [0.074413 0.049354 0.996005 -0.002501]
 [0.000000 0.000000 0.000000 1.000000]]
Euler Angles, Relative: [0.051125 -0.073386 0.023681]
transform: -0.1521260890124046 -0.013126131319549622 -0.0025012452437886967
Sending Policy [162, 90, 140, 82, 162, 90, 140, 82]
found tags
tag_0 -> robot tag
tag_1 -> tabel tag
tag_0 -> robot tag
tag_1 -> tabel tag
zero to tag: 
 [[0.999079 -0.026952 -0.033381 -0.152020]
 [0.025043 0.998098 -0.056340 -0.013623]
 [0.034836 0.055452 0.997853 0.000532]
 [0.000000 0.000000 0.000000 1.000000]]
Euler Angles, Relative: [0.056401 -0.033387 0.026970]
transform: -0.15201991862863645 -0.01362288118964708 0.0005322776679406171
Sending Policy [162, 162, 137, 81, 162, 162, 137, 81]
found tags
tag_0 -> robot tag
tag_1 -> tabel tag
tag_0 -> robot tag
tag_1 -> tabel tag
zero to tag: 
 [[-0.044674 -0.998679 0.025386 0.160829]
 [0.998681 -0.045288 -0.024177 -0.380022]
 [0.025295 0.024273 0.999385 0.000313]
 [0.000000 0.000000 0.000000 1.000000]]
Euler Angles, Relative: [0.024187 0.025389 1.615499]
transform: 0.16082853182573514 -0.38002165484281747 0.00031342567514847097
Sending Policy [132, 154, 162, 108, 132, 154, 162, 108]
found tags
tag_0 -> robot tag
tag_1 -> tabel tag
tag_0 -> robot tag
tag_1 -> tabel tag
zero to tag: 
 [[-0.045788 -0.997598 0.051986 0.161414]
 [0.998743 -0.046779 -0.017998 -0.380014]
 [0.020386 0.051097 0.998486 0.003747]
 [0.000000 0.000000 0.000000 1.000000]]
Euler Angles, Relative: [0.018023 0.052009 1.616663]
transform: 0.16141422482292608 -0.38001361451306453 0.003746676551717676
Sending Policy [128, 154, 162, 120, 128, 154, 162, 120]
found tags
tag_0 -> robot tag
tag_1 -> tabel tag
tag_0 -> robot tag
tag_1 -> tabel tag
zero to tag: 
 [[-0.046570 -0.997735 0.048537 0.162219]
 [0.998452 -0.047972 -0.028133 -0.379402]
 [0.030397 0.047152 0.998425 0.008234]
 [0.000000 0.000000 0.000000 1.000000]]
Euler Angles, Relative: [0.028170 0.048556 1.617439]
transform: 0.16221917032333238 -0.37940212061671513 0.008234453785503248
Sending Policy [69, 128, 162, 143, 69, 128, 162, 143]
found tags
tag_0 -> robot tag
tag_1 -> tabel tag
tag_0 -> robot tag
tag_1 -> tabel tag
zero to tag: 
 [[0.997730 -0.020016 -0.064292 -0.151730]
 [0.017748 0.999206 -0.035659 -0.012183]
 [0.064955 0.034437 0.997294 -0.005751]
 [0.000000 0.000000 0.000000 1.000000]]
Euler Angles, Relative: [0.035740 -0.064336 0.020059]
transform: -0.15173000572417206 -0.012182919099392508 -0.005750795577818102
Sending Policy [18, 82, 162, 90, 18, 82, 162, 90]
found tags
tag_0 -> robot tag
tag_1 -> tabel tag
tag_0 -> robot tag
tag_1 -> tabel tag
zero to tag: 
 [[-0.046416 -0.998638 0.023833 0.161130]
 [0.998807 -0.046760 -0.014107 -0.379749]
 [0.015202 0.023149 0.999616 0.001839]
 [0.000000 0.000000 0.000000 1.000000]]
Euler Angles, Relative: [0.014111 0.023835 1.617242]
transform: 0.16112961910815554 -0.37974948557641064 0.0018391749062209861
Sending Policy [140, 92, 162, 162, 140, 92, 162, 162]
found tags
tag_0 -> robot tag
tag_1 -> tabel tag
tag_0 -> robot tag
tag_1 -> tabel tag
zero to tag: 
 [[0.998403 -0.022229 -0.051934 -0.151628]
 [0.020390 0.999156 -0.035664 -0.012073]
 [0.052683 0.034548 0.998014 -0.006135]
 [0.000000 0.000000 0.000000 1.000000]]
Euler Angles, Relative: [0.035720 -0.051957 0.022261]
transform: -0.1516282977272548 -0.012072819696046594 -0.006135021901834459
Sending Policy [162, 110, 132, 154, 162, 110, 132, 154]
^CTraceback (most recent call last):
  File "/home/tommy/tommy-dev/soft_quadruped/pmtg/gym-hsa_robot/gym_hsa_robot/run_policy_s23.py", line 367, in <module>
    time.sleep(0.1)
KeyboardInterrupt
numActiveThreads = 0
stopping threads
Thread with taskId 0 exiting
Thread TERMINATED
destroy semaphore
semaphore destroyed
destroy main semaphore
main semaphore destroyed
finished
numActiveThreads = 0
btShutDownExampleBrowser stopping threads
Thread with taskId 0 exiting
destroy semaphore
semaphore destroyed
Thread TERMINATED
destroy main semaphore
main semaphore destroyed