0,0,0,0,0,0,0,1,0,0,0,1,0,0,0,1,162,162,82,95,162,162,95,95,221218_050751
0,0,0,0,6.307908299014314e-05,-0.002243370831909397,-0.0010731750506465243,0.9999955425856887,0.0012929242827086644,0.002691311121562223,-0.0012868260448248181,0.9999966037531731,-0.002266398210828635,-0.002694232262486417,0.0022629248593067962,0.9999938101226413,150,162,135,85,150,162,85,85,221218_050751
0,0,0,0,1.1572840758825031e-06,0.0003441318926220571,0.00014759387189033912,0.9999978618918438,-2.4519387295825483e-05,-0.0020677549515861595,2.619263790944315e-05,0.9999996722642498,0.000809188074038038,0.0020677344331131325,-0.0008092405038631019,0.9999975347990219,78,154,162,91,78,154,91,91,221218_050751
0,0,0,0,2.368712913232429e-05,-0.0005789399331177503,-0.0002681203279280009,0.9999999536417793,0.0001692691884558557,0.00025310942565602085,-0.000169195896018429,0.9999999437634224,-0.0002895615673881471,-0.00025315842527354394,0.00028951872888824214,0.9999999260448559,78,154,162,102,78,154,102,102,221218_050751
0,0,0,0,3.054131697658585e-05,-0.0006904127788267544,-0.0003352330285751881,0.9999994704704053,0.0005983643313274025,-0.0008372687955275832,-0.0005981491918907631,0.9999997880378032,0.0002571806626709094,0.0008374225057935466,-0.00025667971483285724,0.9999996164194618,86,127,162,162,86,127,162,162,221218_050751
0,0,0,0,-1.5149943075679073e-06,0.00010748438209517985,2.4247310061453753e-05,0.9999986169428021,0.001644395371437776,0.00024915125104739134,-0.0016445716597998938,0.9999983963427441,0.0007090105757506559,-0.0002479849577851098,-0.0007094193422351937,0.999999717613789,100,92,162,162,100,92,162,162,221218_050751
0,0,0,0,-1.042812394577014e-05,0.00022739494418688722,0.0001107339386865469,0.9999991673962074,0.001133997888704556,0.0006158373805849747,-0.0011342588419463323,0.9999992670294131,0.00042355343941609353,-0.0006153566204882332,-0.0004242516057579432,0.9999997206733632,130,155,150,162,130,155,162,162,221218_050752
0,0,0,0,5.419762160362163e-06,4.438107994952922e-05,4.2466279642772164e-06,0.9999997807262745,0.0006563228624162268,-8.824795879195196e-05,-0.0006562188374367364,0.9999990959171728,0.0011736872136242278,8.901819676009478e-05,-0.0011736290462929495,0.9999993073350714,162,106,78,154,162,106,154,154,221218_050752
0,0,0,0,4.8916345785215976e-06,0.00010613062431286124,3.661930340703723e-05,0.9999992754847742,0.0008758906526725561,0.0008257393604216884,-0.0008764581038787481,0.9999993798623106,0.0006870925608483384,-0.0008251370303979961,-0.0006878157889935881,0.9999994230289944,162,102,78,154,162,102,154,154,221218_050752
0,0,0,0,3.081604854451858e-05,-0.00022127214287670505,-0.00012793275052691566,0.9999991779284185,0.0012273181334098177,-0.00037125824720776496,-0.0012269524551527006,0.9999987635591704,0.0009835994119836782,0.0003724649775632627,-0.0009831430871766675,0.9999994473496026,162,146,86,127,162,146,127,127,221218_050752
0,0,0,0,1.787598739547841e-05,-0.00024381394343264695,-0.00010810035658115336,0.9999977882142197,0.0009937697477541163,-0.0018536419172523835,-0.0009936932873137458,0.999999505397579,4.216928598664042e-05,0.0018536829069973296,-4.032724118672362e-05,0.9999982811152197,162,90,100,92,162,90,92,92,221218_050752
0,0,0,0,4.5071502689092435e-05,-0.00038493613831835916,-0.00018081012710957634,0.999999287816611,-1.9014979835950452e-05,0.0011933166810496284,1.9249461817226884e-05,0.9999999805115817,-0.00019648484461567048,-0.001193312921638379,0.00019650767538638344,0.9999992686942348,152,162,130,155,152,162,155,155,221218_050752
0,0,0,0,2.601303915919506e-05,-0.0006282348964841145,-0.0003177938804876934,0.9999995318859148,0.0007655601195006984,-0.0005917310660827409,-0.0007649442683075775,0.9999991663296576,0.001040288544721106,0.0005925269761967558,-0.0010398354164601466,0.9999992838267883,129,154,162,106,129,154,106,106,221218_050752
0,0,0,0,-1.646215670199347e-05,-0.00021880396682183445,-9.452106640495117e-05,0.9999992467176625,0.0011417070350034444,0.0004506319483277025,-0.0011415923354815146,0.9999993159457686,-0.0002547055844325482,-0.0004509224392286186,0.0002541909545888696,0.9999998660279472,115,154,162,102,115,154,102,102,221218_050753
0,0,0,0,-3.1773110192832854e-05,0.0007420027405657947,0.0003314225848959351,0.9999996640533286,0.0007248019600856952,-0.0003828254815308969,-0.0007244192652644907,0.9999992387542745,0.0009988531418890863,0.0003835491608217337,-0.0009985754801733746,0.999999427868362,77,128,162,146,77,128,146,146,221218_050753
0,0,0,0,2.4404990477858157e-05,2.434013791563494e-05,-1.1179800482041813e-06,0.9999996666644022,0.0007609996190258023,-0.0002958896125158608,-0.0007607437763630707,0.9999993375512044,0.0008638090408958814,0.0002965467748551701,-0.0008635836567761657,0.9999995831415521,139,82,162,90,139,82,90,90,221218_050753
0,0,0,0,1.587784220782873e-05,-1.984342929794991e-05,-1.8545126392655042e-05,0.9999995744847837,0.0008186002968697637,-0.00042535139005804367,-0.0008182589698856671,0.9999993436125407,0.0008020141811295234,0.0004260076399094653,-0.0008016657922704553,0.9999995879246393,137,81,152,162,137,81,162,162,221218_050753
0,0,0,0,7.974445968172983e-06,0.0010569526574575328,0.0004766780306331153,0.9999992129330565,0.0009385927935179303,-0.0008325724205793897,-0.0009374477410770357,0.999998615771242,0.0013746444389071816,0.0008338614994726943,-0.0013738628638353026,0.9999987085870817,162,108,129,154,162,108,154,154,221218_050753
0,0,0,0,1.236080170281123e-05,0.0007460665446537007,0.00033700579247497586,0.9999995353317931,-0.00015630161399474393,-0.0009512654747887188,0.00015750816465074104,0.999999183149289,0.001268421039187421,0.0009510664414911915,-0.0012685702818714876,0.9999987431002418,162,120,115,154,162,120,154,154,221218_050753
0,0,0,0,-0.00036165451908060087,-0.0038513339474661734,-0.0018664337962364108,0.9999986818788054,-0.0006243295390280006,0.001498817293188513,0.0006254281952327981,0.999999536025314,-0.0007326586721389855,-0.0014983591773242177,0.000733595109000698,0.9999986083780277,162,142,77,128,162,142,128,128,221218_050753
0,0,0,0,-0.0038835627757966215,0.011088940736643016,0.00482098438276779,0.9997208580807943,-0.023289289191651647,-0.003976798605359519,0.02334609701356232,0.9996165228671954,0.014891842234316223,0.0036284531736411347,-0.014980528022938786,0.9998812019973776,162,90,139,82,162,90,82,82,221218_050753
0,0,0,0,-0.003741511544148382,0.003295064506035894,0.0011179601920072724,0.9994787385337702,-0.031095131248977347,-0.008680093982897881,0.03118913798154289,0.9994539183580319,0.010913420671153647,0.008335999694778435,-0.011178456574418495,0.9999027718821978,162,162,137,81,162,162,81,81,221218_050754
0,0,0,0,-0.003801701514512125,0.004660592276622744,0.0017936111885173966,0.9995803069592005,-0.02799834353327631,-0.0074365784298812765,0.028093101955363887,0.9995213064872067,0.012958993040867279,0.007070188249025978,-0.013162470797702245,0.9998883746702044,132,154,162,108,132,154,108,108,221218_050754
0,0,0,0,-0.004402169286622487,0.004664265139076029,0.0015967656749007464,0.9999907179084284,-0.0030221630619218943,0.0030709326616697257,0.0029994908157530372,0.9999684101081745,0.0073608315138932005,-0.0030930812843454596,-0.007351551955666551,0.9999681932601715,127,154,162,120,127,154,120,120,221218_050754
0,0,0,0,-0.008394815650291147,0.013176707248846453,0.005583960098081153,0.9996426971596533,-0.02648592049379308,0.003601948218687423,0.026436291137726085,0.9995634654659414,0.013190944492305822,-0.0039497501509613096,-0.013091009178599655,0.9999065081058481,69,127,162,142,69,127,142,142,221218_050754
0,0,0,0,-0.010445055794472066,0.0007874115972144047,-0.00027921592275548246,0.9993524244576134,-0.03589882794716335,-0.0024506902519040763,0.03590995848900353,0.999344165321316,0.0046598411519294,0.0022818001684759455,-0.004744827737983807,0.9999861399028129,18,82,162,90,18,82,90,90,221218_050754
0,0,0,0,-0.012585114794062303,0.014084384142875717,0.006015032945386634,0.9992293198373504,-0.039250693297764136,-0.00038659155523894384,0.03925220142338188,0.9991265646860114,0.014330820707401645,-0.00017624075576887525,-0.014334950797762704,0.999897233781963,140,92,162,162,140,92,162,162,221218_050754
0,0,0,0,-0.014569829057847011,0.011221053070823883,0.004538367402918131,0.9987020242532714,-0.05088358173433377,-0.002264478373198534,0.05090706833444822,0.9986321589225696,0.011928183400638882,0.0016544322316521785,-0.012027978863168517,0.9999262925728366,162,110,132,154,162,110,154,154,221218_050754
0,0,0,0,-0.016655472593548187,0.0026245022582187527,0.00032993604928299725,0.998118985367316,-0.061306474938582406,8.473443603089849e-05,0.06130182170346488,0.9980584559629564,0.011018399914546683,-0.0007600691786163332,-0.010992479767789548,0.9999392919989687,162,122,127,154,162,122,154,154,221218_050755
0,0,0,0,-0.01673997589451858,0.0013399442120793914,-0.00028582302951507543,0.9982233508577997,-0.059582051404994056,-0.00034778240110275185,0.05958243509992781,0.9981689003787384,0.010429752838085888,-0.00027428049286041617,-0.010431944548995452,0.999945548169068,162,135,69,127,162,135,127,127,221218_050755
0,0,0,0,-0.016741843398213135,0.001939328760790504,-3.054951927916605e-05,0.998013230625493,-0.0629975386919139,0.0009495342159584156,0.06298661131049495,0.9979745298540366,0.008917654301159431,-0.0015094012346298395,-0.008840129036114705,0.9999597861046903,162,162,18,82,162,162,82,82,221218_050755
0,0,0,0,-0.01922983946590811,0.0025229169662266404,3.546522383368611e-05,0.9977306141240884,-0.06730686052130572,0.001846121971781647,0.0672865675403271,0.9976889526792295,0.009448361258121872,-0.002477795029900266,-0.009302700069790447,0.9999536590778603,162,138,140,92,162,138,92,92,221218_050755
0,0,0,0,-0.022664078696664786,0.00989718220270519,0.0033691798643666893,0.9978424670901679,-0.06548939527508155,0.004642195376285352,0.06541520227352893,0.9977505650063798,0.014651325570173733,-0.00559125951112773,-0.014316044703550619,0.9998818873652653,134,154,162,110,134,154,110,110,221218_050755
0,0,0,0,-0.02693899222231983,0.011814636460981909,0.004261788114405918,0.9974432243177477,-0.07145823534072995,-0.0008572424422112234,0.07146332352088933,0.9973560265022726,0.013189002651736207,-8.748693948439009e-05,-0.013216542724467012,0.9999126538575497,110,154,162,122,110,154,122,122,221218_050755
0,0,0,0,-0.032254746430606,0.005920695303813339,0.0017764887268909568,0.9977475794788555,-0.0670519867257349,0.0019490305835351922,0.06703042160817244,0.9977049922668089,0.009574496588177972,-0.0025865465614098803,-0.009422286453841616,0.9999522640080712,53,130,162,135,53,130,135,135,221218_050755
0,0,0,0,-0.0376481121291719,0.003669231803789863,0.0008786338868761456,0.9974955938356374,-0.07055133612194317,-0.005004922566549027,0.07058274860190578,0.997485365496207,0.006404781081240578,0.004540471152724298,-0.006742002099306164,0.9999669642190208,82,162,162,162,82,162,162,162,221218_050755
0,0,0,0,-0.04463926276637883,0.00540082233116701,0.001489842397744634,0.9990750532916757,-0.042995639077704755,-0.0006425811504595553,0.04299723386370756,0.9990714951289962,0.002717627785743027,0.0005251383673079879,-0.0027427433368708383,0.9999961007867396,138,90,162,138,138,90,138,138,221218_050756
0,0,0,0,-0.05157705749454567,0.0038369389535417575,0.0004956616697626703,0.9989603023243478,-0.04533585606563395,-0.004793175862004632,0.04535281821234278,0.9989649304671098,0.0034913574782151,0.0046299309115980245,-0.0037051115554894215,0.9999824177894906,162,111,134,154,162,111,154,154,221218_050756
0,0,0,0,-0.05735014472764189,-0.00043863814210154395,-0.0013996098902925302,0.9989704433790492,-0.043216362267237594,-0.013798524828856514,0.04332600997095215,0.9990309378050163,0.007748688174540347,0.013450283084851524,-0.008338545485645657,0.9998747714309633,162,123,110,154,162,123,154,154,221218_050756
0,0,0,0,-0.061715299309216064,0.002866374581873554,8.978043364205046e-05,0.9989940196581307,-0.04372955987225197,-0.009933492873620097,0.04380649432261166,0.9990106376059149,0.007664007136360699,0.009588521390398194,-0.008091448795013239,0.9999212912594388,162,162,53,130,162,162,130,130,221218_050756
0,0,0,0,-0.06655531711117879,-0.004836780480864666,-0.00375575724043542,0.9993172103004366,-0.03660468765079264,-0.0050209600018461765,0.03660016477870164,0.9993294993561989,-0.000989775056225165,0.005053823851710096,0.0008053312845966164,0.9999869050672604,162,162,82,162,162,162,162,162,221218_050756
0,0,0,0,-0.0725996572746267,0.0005777917547136191,-0.001261435730662952,0.999412392777305,-0.0341248316562341,-0.0032194762889800064,0.03412673566145344,0.9994173683345324,0.0005383162364576559,0.003199230569200887,-0.0006478701342311975,0.9999946725798364,162,162,138,90,162,162,90,90,221218_050756
0,0,0,0,-0.07780314833046661,0.00045777099928878684,-0.0012145805733458914,0.9993715495737147,-0.03402999852716084,-0.009922958373063572,0.034085976944667314,0.9994036170473144,0.00552778513266993,0.009728929969926471,-0.005862544924074086,0.9999354871633738,137,154,162,111,137,154,111,111,221218_050756
0,0,0,0,-0.0826218811522604,0.0015558507301220992,-0.0006606045683200668,0.9994068804209475,-0.031934163132309124,-0.012887846690107806,0.03201762013743287,0.9994673098995434,0.006322060020710696,0.012679091765726049,-0.006730948462845781,0.9998969621739965,82,156,162,123,82,156,123,123,221218_050756
0,0,0,0,-0.08703478865905409,-0.0022155256076115126,-0.002611948999910796,0.9994568314405439,-0.03244442646056464,-0.005779383918153628,0.032449220169680104,0.9994731132262116,0.0007375962881182642,0.005752407948679067,-0.0009247321502103073,0.999983027192583,102,126,162,162,102,126,162,162,221218_050757
0,0,0,0,-0.09062814730258967,-0.0025087241155847817,-0.0028778367790265325,0.999647380514148,-0.0258462658027732,-0.006089759868342426,0.02582824718123765,0.999661836017878,-0.0030191483749347748,0.00616573424229174,0.0028607959412333566,0.9999768995171019,58,162,162,162,58,162,162,162,221218_050757
0,0,0,0,-0.09651654344975649,0.005133752846278039,0.0006954692920969618,0.9995263542152524,-0.02766614800127021,-0.013477814508964027,0.027742223122561808,0.9996000314263995,0.005490558128244862,0.013320521212934021,-0.00586186208584378,0.9998940955358734,141,86,162,162,141,86,162,162,221218_050757
0,0,0,0,-0.10118828241891473,7.819140828280169e-05,-0.002069344078182822,0.9999011543418063,-0.013622877928700693,-0.0034783247206840065,0.013630978353970471,0.9999044120877932,0.0023158403395180274,0.003446443824638364,-0.0023630243977312126,0.9999912690322147,162,112,137,154,162,112,154,154,221218_050757
0,0,0,0,-0.10622108200882346,0.005655226014010362,-1.6891655779116554e-05,0.9999514084979411,0.005346447643948563,-0.008282278706617869,-0.005196854843452153,0.9998248548187458,0.01797922096228976,0.008376953068966464,-0.017935305524726348,0.9998040565395877,162,125,82,156,162,125,156,156,221218_050757
0,0,0,0,-0.11143549971119782,0.007724478734173923,0.00027011402322640876,0.9997971407191028,0.01639424635197748,-0.011700687862584097,-0.01618843186630662,0.9997162729536957,0.017473072577046445,0.011983825917331194,-0.01728011221385644,0.9997788683695309,162,162,102,126,162,162,126,126,221218_050757
0,0,0,0,-0.11446128998059951,0.007190132592165277,-0.000398511584926875,0.9997104443538238,0.021341717524663226,-0.011115689046423304,-0.021253514464577506,0.9997421619600261,0.007993605093910495,0.011283420260864563,-0.007755043042490334,0.9999062674744197,162,162,58,162,162,162,162,162,221218_050757
0,0,0,0,-0.11465087669202553,0.005280092956698512,-0.0012118249250405722,0.9996496517215234,0.025737710247529726,-0.006176089721775702,-0.025696086431635644,0.9996471684091007,0.006726799667398741,0.006347043022946294,-0.006565741609415506,0.9999583021716372,151,162,141,86,151,162,86,86,221218_050757
0,0,0,0,-0.11498136082066512,0.0077322879078065565,-0.00034597479662346053,0.9996330432380561,0.02318925723903119,-0.0140013290556559,-0.023165367635855742,0.9997299053486706,0.0018660369326344867,0.014040819382014787,-0.0015410062427992613,0.9999002353689299,123,162,162,112,123,162,112,112,221218_050758
0,0,0,0,-0.11473034930112319,0.0046294140192733035,-0.001536400638709856,0.9995854195371211,0.028410325418845438,-0.004673591594612188,-0.02838403962739217,0.9995814185848338,0.005597670440722632,0.004830666954836994,-0.0054626943468968755,0.9999734114601467,80,156,162,125,80,156,125,125,221218_050758
0,0,0,0,-0.11480066940871039,0.00503016528722755,-0.001344131804938642,0.9996416370246697,0.026293618723179674,-0.005024255276044893,-0.02626075671739455,0.9996340048400256,0.00649838627062222,0.005193282513847084,-0.0063641167440935025,0.9999662633483187,88,120,162,162,88,120,162,162,221218_050758
0,0,0,0,-0.114908653655766,0.006358555761013074,-0.0007919446645965333,0.9995940657535085,0.026202689736776218,-0.011185828575859674,-0.026160122302714552,0.9996500206146979,0.003935007769060905,0.011285021554135117,-0.0036407877710460173,0.9999296940049981,114,98,162,162,114,98,162,162,221218_050758
0,0,0,0,-0.11479627768570924,0.00498998659244787,-0.0013438327259456262,0.9996193135163578,0.027194886667480243,-0.004654694858712649,-0.027162966096440692,0.9996079658470778,0.006788806074038808,0.004837490871147583,-0.006659786348689871,0.9999661223900845,138,155,151,162,138,155,162,162,221218_050758
0,0,0,0,-0.11475288426328148,0.005045572876359206,-0.0013422651547373432,0.9996973253854307,0.023952067265513844,-0.005617480834393436,-0.02391712404851539,0.999694673971813,0.00620725459762201,0.00576444225093828,-0.006071021833273224,0.9999649563356888,154,127,123,162,154,127,162,162,221218_050758
0,0,0,0,-0.11485571989438106,0.005553274403299779,-0.0011664338629143733,0.9995830438306085,0.027246662290103064,-0.009558131636731406,-0.02721005154530303,0.9996219744619738,0.003939704005007463,0.009661862203424248,-0.0036779840666048428,0.9999465589980137,162,142,80,156,162,142,156,156,221218_050758
0,0,0,0,-0.11503423769034979,0.006736173186798977,-0.0005985265160969311,0.9995927826863161,0.026671591005722813,-0.01014371897530036,-0.026620844118878,0.999632565497132,0.00510535562146374,0.010276159780035906,-0.004833242270635304,0.9999355180757051,162,150,88,120,162,150,120,120,221218_050759
