0,0,0,0,0,0,0,1,0,0,0,1,0,0,0,1,162,162,83,96,162,162,96,96,221218_075322
0,0,0,0,4.677449004388684e-05,-0.0003353474951345303,0.00016632165055091575,0.999998764166542,-0.001119062862978335,0.001104248023706791,0.0011183243144715748,0.9999991507501214,0.0006692157826077288,-0.00110499598045393,-0.0006679800481544281,0.9999991663929217,154,162,139,103,162,122,132,132,221218_075322
0,0,0,0,0.00015910414429594344,-5.94011776072767e-05,-0.004087788451816732,0.9999932418074028,-0.002551635921905471,0.002646789308491271,0.0025354374986163533,0.9999781473753665,0.006105434335180432,-0.0026623103147665338,-0.006098682304615163,0.9999778588438524,162,18,145,145,84,76,162,162,221218_075322
0,0,0,0,-0.0007779879635110773,-7.54075775633023e-05,-0.004125359234186665,0.9999655274553514,-0.007451011962809401,0.003664194545885627,0.007403867630269238,0.9998917405759207,0.01271573325329191,-0.0037585429428805303,-0.012688165698220436,0.9999124380695347,162,144,116,151,162,136,161,161,221218_075322
0,0,0,0,0.00917887799071554,-0.0046623180612961335,-0.0040118706818057515,0.9984411426977919,-0.0038482784360218815,-0.05568191197692688,0.004878688629959354,0.9998191483830922,0.018381211161408482,0.0556011057945729,-0.018624212187021975,0.9982793475549985,162,162,162,139,162,162,108,108,221218_075322
0,0,0,0,0.002007221828707967,-0.005837942751311109,-0.00127321995219154,0.9998300404245735,-0.0163218193301069,-0.008572542117228472,0.016283256431796993,0.9998570703199776,-0.0045491198190746405,0.00864556675832461,0.004408757751034948,0.999952907406404,62,97,162,82,59,98,162,162,221218_075322
0,0,0,0,-0.0042358682103589215,-0.005995384566288453,-0.0057906231912870365,0.9991854411136198,-0.011764321903930645,0.038601230507879725,0.010908697615372727,0.9996917634967992,0.022301980024118838,-0.03885169987166747,-0.021862724596914483,0.9990057891175013,162,112,155,154,159,92,162,162,221218_075322
0,0,0,0,0.004805791631260985,-0.004716077469163693,-0.004051062854175225,0.9992763248861289,-0.017263525459115442,-0.033893911116818144,0.017425617790046512,0.9998380683455446,0.004492764370185049,0.03381086166762856,-0.0050801354089487025,0.9994153380139408,138,162,123,83,162,162,18,18,221218_075322
0,0,0,0,0.002750313371808505,-0.007569237703330733,-0.0047362575075851066,0.9998639798100669,-0.004301255591565442,-0.01592234526414342,0.0043706398247481066,0.9999810938842022,0.004325434275999903,0.01590343943607452,-0.004394436765923055,0.9998638755048677,90,130,130,162,92,132,162,162,221218_075323
0,0,0,0,-0.0019365468752823647,-0.012547267676802587,-0.00513376889887468,0.9998160080419144,-0.0072720368687625,0.01775014205322689,0.007171520526383829,0.9999579248644255,0.005719947042747623,-0.017790990879375752,-0.005591599110410263,0.9998260922094994,145,86,162,162,134,76,162,162,221218_075323
0,0,0,0,0.0005955617225083185,-0.013042241376164054,-0.0038610616349660787,0.9998894045911598,-0.00015113826123090913,-0.014871306047600981,0.00022431178752178613,0.9999878769524443,0.004918905606488715,0.014870382327209922,-0.004921697407354146,0.9998773167864512,162,154,103,128,114,18,140,140,221218_075323
0,0,0,0,0.0013310990639475856,-0.012202716440787298,-0.0059087802565758185,0.9998517462507979,0.00024541499012640427,-0.017217005857956727,-7.062622575077391e-05,0.9999484648949017,0.010151973515786837,0.017218610024230557,-0.010149252475508654,0.9998002361187068,91,146,162,162,96,146,33,33,221218_075323
0,0,0,0,0.004359193783117117,-0.01736384834209903,-0.0014917030509369322,0.9992623813790819,-0.0021613197885751736,-0.0383408640666558,0.002638284995606788,0.9999197121725019,0.012393896124402032,0.038310998589024266,-0.012485908282220416,0.9991878549509495,130,95,162,162,135,87,130,130,221218_075323
0,0,0,0,-0.006197285450510875,-0.018052929952540486,-0.002868531841295041,0.9995959665150921,-0.0035241101293362956,0.02820433254936995,0.002804295063296696,0.999670367697359,0.025520420784644927,-0.02828497226367936,-0.025431016409567048,0.999276350039577,162,149,98,143,162,139,152,152,221218_075323
0,0,0,0,-0.005148583116350372,-0.015240150859086254,-0.002810315843854383,0.9997992704779349,-0.007334844849885211,0.018644538149737114,0.007348795296084425,0.999972766149842,-0.0006798281617600355,-0.018639043953087846,0.0008167065944305765,0.9998259443677451,162,162,162,103,162,162,18,18,221218_075323
0,0,0,0,0.0007179744229099949,-0.01368927869110692,-0.005789391302146174,0.9997150423884065,-0.014843114775939891,-0.018695346107918228,0.014776355352704783,0.999883963091832,-0.003704007864774992,0.018748155771626553,0.0034267033020082796,0.9998183656843092,137,89,145,162,122,44,122,122,221218_075323
0,0,0,0,-0.005197206331174847,-0.01856520142184903,-0.005128379424438445,0.9997706048190425,-0.01165063888101929,0.01797221058829168,0.01142861450482405,0.9998577115519761,0.01240739378538292,-0.01811420741478764,-0.012199150122426948,0.999761499671809,162,138,137,146,138,162,161,161,221218_075324
0,0,0,0,-0.002340243103633219,-0.019781442835041463,-0.004526021874545039,0.9999798318639108,-0.005938697597639282,-0.0022511633144418615,0.005973398642973193,0.99985835622245,0.01573486576977968,0.0021573998416199304,-0.015747995522752675,0.9998736651512224,162,162,162,18,162,162,18,18,221218_075324
0,0,0,0,-0.0011204240459636236,-0.01959854280685469,-0.004653933811299138,0.9997173327945112,-0.021274686991260613,-0.010613303145269854,0.021268794070237036,0.9997735705774892,-0.0006678125010574278,0.010625107483096648,0.0004418915733625898,0.9999434543126976,116,87,101,106,112,88,162,162,221218_075324
0,0,0,0,-0.005136085674325039,-0.020668867361477217,-0.005823218296304056,0.9997295855560314,-0.016883007159383012,0.01599124239144096,0.01675865130205471,0.9998285209832076,0.007878847318393077,-0.016121518864602526,-0.0076087251091519785,0.9998410893395567,162,100,162,154,162,110,162,162,221218_075324
0,0,0,0,0.0009921293128801675,-0.019426196089099457,-0.003077012122677858,0.999406030930227,-0.009913534650235556,-0.03300465377836219,0.009826440765959083,0.9999477991717944,-0.0027999988140663683,0.03303068879336414,0.002474017426021762,0.9994512758687198,162,138,124,64,162,138,61,61,221218_075324
0,0,0,0,-0.004897841554872141,-0.019603857034201422,-0.005644668494951488,0.9999068982757339,-0.013556754785423545,0.001552153436171619,0.013561082904496785,0.999904088147527,-0.002812745335080335,-0.0015138728674787122,0.002833532345068256,0.9999948396283806,89,121,162,162,59,128,159,159,221218_075324
0,0,0,0,-0.006582392000648092,-0.024316138382319386,-0.004415980697237143,0.9997759499021533,-0.0160822212049911,0.013762708976112982,0.016039979281010044,0.9998663127991749,0.00317420762498575,-0.013811917387249788,-0.002952742876629638,0.9999002511488795,162,98,162,162,146,119,162,162,221218_075324
0,0,0,0,-0.004654175670355587,-0.028210414778300552,-0.00518804284282709,0.9999789689236044,-0.005328153867984289,-0.0036976325997888286,0.005342738450653175,0.9999779430629651,0.003945698088980067,0.0036765277548046513,-0.00396537059056932,0.9999853793829927,162,162,100,120,162,159,122,122,221218_075324
0,0,0,0,-0.002135403688018331,-0.031090270642987416,-0.005841095943179442,0.9997448398735604,-0.005010107080848476,-0.022026211050172488,0.0052476168401639905,0.9999285709304391,0.010738508020622118,0.021970836663339426,-0.010851353097589634,0.9996997201521387,58,146,146,92,85,146,91,91,221218_075325
0,0,0,0,-0.007703850195067828,-0.03493933862412857,-0.006052952373242104,0.9996524584091562,-0.01403290829865682,0.022316807146435386,0.013847375223274203,0.9998684445392457,0.008446526747430712,-0.02243240058387748,-0.00813456202574541,0.9997152676160816,146,90,162,146,140,84,162,162,221218_075325
0,0,0,0,-0.00701581341517158,-0.044035786578243474,-0.0005067717915381298,0.9996311157844432,-0.014452191823936558,0.022994923505697797,0.014431296214662258,0.9998952861947592,0.0010743998627251747,-0.02300804305266803,-0.0007421569810305761,0.9997350044676349,130,162,104,140,162,162,138,138,221218_075325
0,0,0,0,-0.010400333856056196,-0.038770387793984784,-0.003292732843927948,0.999737165403716,-0.006716734398341452,0.02191998151381184,0.007060033479224464,0.9998530461766628,-0.015621842993712547,-0.021811832518519546,0.0157724928362675,0.9996376705746507,162,162,162,18,162,162,18,18,221218_075325
0,0,0,0,-0.007869246155590745,-0.04300027297213371,-0.0059653923110855045,0.9999072187178328,-0.007419261576837123,0.011424032283893881,0.007332760871184257,0.999944270380175,0.007595179514997224,-0.011479746250462644,-0.007510705127581154,0.9999058979396569,128,77,162,162,129,89,130,130,221218_075325
0,0,0,0,-0.007997244535206283,-0.0459871164456811,-0.004831836587378402,0.999885343962329,0.0055573540929626025,0.014085976885571035,-0.0056793851652037885,0.9999465619918857,0.008638156328331658,-0.01403721886559702,-0.008717165599715691,0.9998634744355983,162,138,111,157,162,122,162,162,221218_075325
0,0,0,0,-0.0100264768386523,-0.049968068004592636,-0.003977357388425473,0.9993281950591415,0.030651135460781118,0.020091452282086857,-0.0305482728309443,0.9995186685828016,-0.0054068642955235465,-0.020247508164826535,0.004789472771492491,0.9997835262514014,162,162,162,18,162,162,18,18,221218_075325
0,0,0,0,-0.00598214509282137,-0.05149267184437101,-0.006291503479507465,0.9987573507184416,0.0490638259629395,-0.008746163030639216,-0.04912720898340943,0.9987666816956529,-0.007185601725339701,0.008382823115189673,0.007606347121527532,0.9999359338278059,82,102,18,18,83,103,82,82,221218_075325
0,0,0,0,-0.010712936623144105,-0.058443097937977306,-0.00369564298477848,0.9989229047850531,0.04149049687391728,0.020774238011235024,-0.04157682129443437,0.999128307808156,0.00374065067353488,-0.02060092781509238,-0.004600348417914695,0.9997771944626419,146,162,115,162,146,162,162,162,221218_075326
0,0,0,0,-0.008083055736126624,-0.05840816812919958,0.00015188938460991563,0.9985593184103154,0.05350768117720845,-0.0040268686300838925,-0.053540440446179886,0.9985293159445794,-0.008522114531012481,0.0035649477913152253,0.00872543719757648,0.9999555779598195,162,162,162,18,162,162,18,18,221218_075326
0,0,0,0,-0.0047546074739570204,-0.0540763054948461,-0.006395613065799499,0.998540704001998,0.050113331462965226,-0.020127505083257,-0.050326711254086956,0.9986803289588654,-0.010238295022163566,0.01958786832560703,0.011236305455801976,0.9997449979140495,46,122,162,140,77,124,144,144,221218_075326
0,0,0,0,-0.007485849505452322,-0.05728832735726419,-0.0037321676600745035,0.9989989042429889,0.044404338039441285,-0.00542624037302301,-0.044438034317295594,0.9989925568059217,-0.006255601680225346,0.0051429978924409795,0.006490470679835884,0.9999657110936516,162,116,140,162,146,83,154,154,221218_075326
0,0,0,0,-0.014706665777294584,-0.05764352834299635,-0.004429513695552778,0.9966617740712654,0.07318796384206881,0.036177756339646226,-0.0724999819068805,0.9971683077947963,-0.01997795167590987,-0.03753745767391264,0.017288374079566956,0.999145660748754,162,162,144,55,136,162,74,74,221218_075326
0,0,0,0,-0.008962316258885064,-0.06100874896300135,-0.006036562923908417,0.9965445673463885,0.08305919367127731,0.0003092556815480711,-0.0830597311069515,0.9965336252763288,0.0046706275871850915,7.975487585999856e-05,-0.0046801752418601655,0.9999890447394238,68,131,162,156,77,128,156,156,221218_075326
0,0,0,0,-0.009793466397647617,-0.0687109006418738,-0.004174698827506984,0.9967507309772209,0.08046443924401533,0.0036680122031196457,-0.08048996374711626,0.9967276310084554,0.007442803252892598,-0.003057128123578054,-0.007713857752092724,0.999965574590554,160,104,142,146,146,44,154,154,221218_075326
0,0,0,0,-0.01336091272173514,-0.06896915991545682,-0.004905035911011213,0.9943032549602571,0.10585278365647886,0.01249901466568045,-0.10581737841030053,0.994379551508851,-0.0034626532352701896,-0.012795296081352384,0.002120314417993919,0.9999158887951324,162,162,162,18,162,162,55,55,221218_075327
0,0,0,0,-0.009366111458009994,-0.06952699179200494,-0.006125857301845172,0.9947191246818248,0.10221641503140894,-0.009255673414180215,-0.10214853750961306,0.9947406385984011,0.0075324767169552085,0.009976937248994587,-0.006547245143650922,0.999928794616976,68,154,162,151,63,146,125,125,221218_075327
0,0,0,0,-0.015901263024480257,-0.07346900208524054,-0.0076061358920958,0.9948813706555056,0.09724126077376612,0.02748082105305783,-0.09789354292443189,0.994919914768969,0.023478020568390875,-0.025058183819346946,-0.026048040218714576,0.9993465800333937,140,92,162,146,146,48,162,162,221218_075327
0,0,0,0,-0.01539134334726823,-0.08073236945944529,-0.006488089079128401,0.995128809594735,0.09609891319872801,0.021992071220983678,-0.0963179271104236,0.9953088035253066,0.00912373509997817,-0.02101212106657961,-0.011197522361968467,0.9997165129481641,162,154,138,18,162,138,46,46,221218_075327
0,0,0,0,-0.0111158043167141,-0.08172388092932847,-0.006566393116883729,0.9939031071407786,0.1092849295827316,-0.014608825483369963,-0.10914527869156838,0.9939751068129674,0.010039680049172568,0.015617994597451605,-0.008383984866832615,0.9998428811780913,84,151,162,114,89,146,91,91,221218_075327
0,0,0,0,-0.014037627979100069,-0.08749417373354806,-0.00540180911231658,0.9945696091821375,0.10394690645298725,0.005131581641610551,-0.10396850636732463,0.9945719802777665,0.004138324553424002,-0.004673561280026813,-0.0046493747123481505,0.9999782703337837,138,162,162,162,146,90,162,162,221218_075327
0,0,0,0,-0.01826868233151345,-0.09454481029484119,-0.005656599852826127,0.9940688384445169,0.10331070810420653,0.03397119404109444,-0.10403348267067584,0.9943678137661957,0.02024068746971989,-0.03168878219465764,-0.023654778308919266,0.9992178303784293,162,162,145,73,144,162,35,35,221218_075327
0,0,0,0,-0.011356318685876964,-0.09471074990471429,-0.0052846974063919805,0.995341929855173,0.09608824110253969,-0.007841721367166673,-0.09595633098700623,0.9952609213618431,0.015750585814120952,0.009318004920162626,-0.01492475566956055,0.9998452012449287,100,148,162,126,91,138,162,162,221218_075327
0,0,0,0,-0.019211520211067354,-0.0938084059174269,-0.007379647854090066,0.9921317598705783,0.11967399938847262,0.03677913710892144,-0.1206040169610081,0.9924057766984785,0.02419598041738143,-0.03360419838320585,-0.028441312308986118,0.9990304547936288,140,86,162,146,146,71,162,162,221218_075328
0,0,0,0,-0.018700059830774454,-0.09358247710955614,-0.007015193829561339,0.9909644719042003,0.1301597409097432,0.03237062356424047,-0.13086606146855206,0.9911830123728904,0.020743913302735815,-0.029385189795854524,-0.024792697104405268,0.9992606430711413,84,162,130,58,149,162,66,66,221218_075328
0,0,0,0,-0.019099777778623137,-0.09717390286961824,-0.005273351394424031,0.9931320029638486,0.1129653277504777,0.030457501789241843,-0.11304940174177684,0.9935888165222037,0.0010471140494805523,-0.03014394557520407,-0.0044831248291153,0.9995355141949313,73,162,154,152,88,152,121,121,221218_075328
0,0,0,0,-0.014864401365444063,-0.09557234534833658,-0.0049683497413975375,0.9923659616902081,0.12332552024939278,0.0007836669480999749,-0.1233135390279742,0.9923268268666303,-0.009013310890105314,-0.0018892249906200676,0.008847866184683353,0.9999590722089144,132,92,162,162,126,86,138,138,221218_075328
0,0,0,0,-0.018052088867201874,-0.10543036661986016,-0.005900087407727461,0.9905622151015477,0.13513041990997623,0.022940523709541104,-0.13545464201949178,0.9906954117462264,0.013215184461305396,-0.020941298156653913,-0.016197862819781632,0.9996494842051317,128,156,106,63,162,114,72,72,221218_075328
0,0,0,0,-0.01938334514691993,-0.10649991483487509,-0.006611959598999295,0.9890340956000184,0.14623948036996118,0.02062939945264658,-0.14631909755351086,0.9892345425747942,0.002396136048792547,-0.020056904840460407,-0.005388335360934329,0.9997843199461866,162,162,162,108,155,162,90,90,221218_075328
0,0,0,0,-0.018458946451085888,-0.10669254206669887,-0.005483827807114761,0.9907551730938579,0.13389994342168016,0.021794314383121047,-0.13390761218640684,0.9909931942183842,-0.0011137375719312591,-0.02174714662419696,-0.0018149833374232808,0.9997618553681625,114,18,162,122,120,70,162,162,221218_075328
0,0,0,0,-0.018950955997627562,-0.10845739719797609,-0.007002893551785239,0.987934784807476,0.15296909127594238,0.024193347879481554,-0.1531706571262216,0.9881770442161663,0.006699185004378899,-0.02288254275483027,-0.010324068888469741,0.9996848517601233,162,162,106,114,162,162,130,130,221218_075328
0,0,0,0,-0.019961962112270644,-0.1086344703753922,-0.00533020011624824,0.9876559968414198,0.15548651784619735,0.018962454251648275,-0.15537524615749235,0.9878291699241213,-0.007215533834726253,-0.019853583673492874,0.0041801692651795026,0.9997941595149644,104,81,162,162,104,80,162,162,221218_075329
0,0,0,0,-0.018618431164728826,-0.10966191130460168,-0.006953932580157973,0.9862562255904127,0.1650777868777817,0.0069268870127012095,-0.1651015093843484,0.9862720127836726,0.0030013994490536568,-0.006336330417755987,-0.00410378839324448,0.9999715045128339,162,162,95,111,162,156,144,144,221218_075329
0,0,0,0,-0.01825325349303241,-0.11090228984859263,-0.007226335003120976,0.9869320435991782,0.1611353696546799,0.0007307279928648585,-0.16113525364246942,0.98693230956515,-0.00021533688974090105,-0.0007558774549907388,9.477683618056725e-05,0.9999997098332701,112,96,162,106,108,84,162,162,221218_075329
0,0,0,0,-0.016017740942675066,-0.11065833949959758,-0.0062787837833948035,0.9876506294496504,0.15639278493350414,-0.009355798653851522,-0.15643599644632458,0.9876796879677525,-0.004075903797799984,0.008603090349066143,0.005489152636440033,0.9999479266640736,162,162,94,111,162,160,141,141,221218_075329
0,0,0,0,-0.017743185105152458,-0.10737549021872672,-0.006753478569411775,0.9883122872855292,0.15244280798970494,-0.0001144231609687883,-0.15242743336504094,0.9882013793242892,-0.014963671318180891,-0.002168030948082593,0.014806221455404448,0.9998880314555334,18,58,18,98,86,83,162,162,221218_075329
0,0,0,0,-0.01638089187212676,-0.1103177510838903,-0.0069601365616405175,0.986619830850878,0.16209201815191712,-0.017535307902143853,-0.1621945058723986,0.9867481773299169,-0.004580043765629817,0.016560544574164223,0.00736289260584411,0.9998357545996653,162,162,103,119,114,18,143,143,221218_075329
0,0,0,0,-0.014969739919051143,-0.11302632773591548,-0.0035583846918578743,0.9873943690775228,0.15568837821275075,-0.028521725114099162,-0.1560876902526666,0.9876661104643274,-0.012340469677231777,0.026248673596743186,0.016636800466151964,0.9995169953555874,72,103,160,144,60,103,82,82,221218_075329
0,0,0,0,-0.015421364054715246,-0.11541415439837432,-0.00481219437921987,0.9881119355582408,0.14928007365516752,-0.036745917009301965,-0.14859755962116228,0.9886817495226998,0.020667932537336623,0.03941532800804624,-0.014961877229830917,0.9991108918172084,162,156,67,130,162,162,152,152,221218_075330
0,0,0,0,-0.028727718354510094,-0.11101650985048095,-0.004596839536208652,0.9903037309041565,0.1255447219439775,0.059473047250977344,-0.12555030052337043,0.9920805120937142,-0.0036578084101574026,-0.05946126971230085,-0.003844517639889081,0.9982232100529008,18,145,138,162,20,138,162,162,221218_075330
0,0,0,0,-0.01817641503854734,-0.1139903458454311,-0.0035067675504532603,0.9898476659075349,0.14040589271951992,-0.022085823213979502,-0.14076989669222972,0.989914868050427,-0.015886793193217976,0.019632485391907355,0.018834524213257382,0.9996298445999884,138,162,162,159,143,95,162,162,221218_075330
0,0,0,0,-0.020824484821819277,-0.10953579306149086,-0.007343720502998863,0.9916462392199685,0.12877086223618328,0.007470025424513427,-0.1286822988957235,0.9916212010822161,-0.011325171750386404,-0.008865787714840909,0.010269303930355446,0.9999079653673041,159,161,116,68,162,160,40,40,221218_075330
0,0,0,0,-0.016950080656268705,-0.11152622740846507,-0.0067961015878913456,0.9928473557724219,0.11815407923601054,-0.017138894235028544,-0.11799055320061785,0.9929616991806873,0.010261253121009862,0.018230674456012546,-0.008165630416068428,0.9998004625868039,52,162,154,151,84,156,102,102,221218_075330
0,0,0,0,-0.02203970004815326,-0.10900161181676538,-0.007787674784815679,0.9915272115499985,0.12943651451432261,0.010953422582406684,-0.12955673214411087,0.9915100460797796,0.01108520090087943,-0.009425598762112518,-0.012410367974290367,0.9998785630538933,129,79,151,162,132,72,162,162,221218_075330
0,0,0,0,-0.024050080271273803,-0.11888686908518253,-0.004979675668540351,0.991567852974444,0.12729852355594662,0.024254460375914777,-0.12761385482731682,0.991752254312071,0.011923511355211447,-0.02253657036381531,-0.014918175739729738,0.9996347087955858,162,162,93,119,106,18,142,142,221218_075330
0,0,0,0,-0.024067659775195795,-0.11863970382834488,-0.0024061326566865993,0.9903568704248921,0.1379065807734374,0.01323042635719131,-0.13766186042141676,0.9903173994807631,-0.017906995029142288,-0.015571813880471396,0.015912990449276406,0.9997521169507136,87,113,158,162,18,122,147,147,221218_075330
0,0,0,0,-0.012030502999617242,-0.1199041106095432,-0.0045533467187766075,0.9911755964225395,0.12478682601535242,-0.0447122478683122,-0.12405046156235834,0.9920960420162956,0.018892495911486687,0.04671637874010653,-0.013179205917423822,0.9988212495180492,146,162,129,156,162,153,162,162,221218_075331
0,0,0,0,-0.026634742985203956,-0.11306916022158664,-0.005260018248407106,0.991595157699296,0.12184220743400428,0.04351459197692121,-0.12048471476055223,0.9921806319806542,-0.03257340988502708,-0.047143151532086335,0.02705679230948634,0.9985216338435258,162,162,162,18,162,162,18,18,221218_075331
0,0,0,0,-0.01692807944889905,-0.11352295285491598,-0.008815387392022977,0.9953717620965257,0.09575203789094544,-0.008161033058913669,-0.09573856364687434,0.9954044499604433,0.0020269261904632776,0.008317610936508313,-0.0012362195109055147,0.9999646439297891,107,115,162,152,95,110,152,152,221218_075331
0,0,0,0,-0.021045401225129816,-0.11339262658366911,-0.006970561174439782,0.9951966782177213,0.09590639293622692,0.01963505687223797,-0.09604412150477301,0.9953578074130099,0.006193702151580451,-0.018949891524501127,-0.00804978359511285,0.9997880288317529,162,123,162,162,160,95,162,162,221218_075331
0,0,0,0,-0.026735631736448655,-0.11788380075525096,-0.007011305748054253,0.9924530812570141,0.11845093848952966,0.03172154905436466,-0.11818719333470509,0.9929402630712097,-0.01007081445270556,-0.03269050068634407,0.006245729983390612,0.9994460075571119,128,146,120,72,152,162,68,68,221218_075331
0,0,0,0,-0.019893109909199826,-0.12193085224346933,-0.007001817306581226,0.9924774001502047,0.12158216383590167,-0.014366197411654945,-0.12144558057221559,0.9925474304926272,0.010028418716857694,0.015478409174335904,-0.008208267750451373,0.9998465098153658,18,146,138,162,80,140,162,162,221218_075331
0,0,0,0,-0.026100581620386747,-0.1232197597305672,-0.006848134699832642,0.991010452712497,0.13054848174462572,0.0292468208314063,-0.1306691931583133,0.9914234789858867,0.0022466140916059148,-0.028702692799224546,-0.006048076528478291,0.9995696955172155,138,162,162,146,141,85,154,154,221218_075331
0,0,0,0,-0.021843002570664814,-0.1267502409984992,-0.007555816064777676,0.9911406941283312,0.1327318863919618,-0.004729775643810266,-0.13272710624987571,0.991151751220139,0.0013119907721111427,0.00486206842235208,-0.000672598010145705,0.9999879538787322,143,160,112,60,162,162,67,67,221218_075331
0,0,0,0,-0.020622892046984698,-0.12827762365590512,-0.007441670112157572,0.9915339856914135,0.1289927456411904,-0.014873694593024385,-0.12881397728011637,0.9915910887760135,0.012412570937480149,0.016349754621310553,-0.010391546176939584,0.9998123330364932,68,162,162,133,106,154,120,120,221218_075332
0,0,0,0,-0.02274363030536266,-0.1276574409129042,-0.008207933885257979,0.990454646152397,0.13783586018143382,0.0009325037130333996,-0.13783830176806883,0.9904051040338101,0.009916272962804921,0.0004432615767032743,-0.009950153356722257,0.9999503977534848,136,88,151,162,138,82,162,162,221218_075332
0,0,0,0,-0.02642277503089186,-0.13619689172026217,-0.006057695814499275,0.990699216215871,0.13467459037857296,0.01943753316709839,-0.1348909144177914,0.9908071491540952,0.010277859342606808,-0.0178746803269468,-0.012804213818033507,0.9997582447330513,162,162,96,112,162,156,122,122,221218_075332
0,0,0,0,-0.025810831108543368,-0.13531854785840747,-0.00558387548463396,0.9900197681029294,0.14087136084905674,0.0040147799389149965,-0.14084131311877107,0.9900075673622423,-0.006981481538719945,-0.004958153325922034,0.006346357855498711,0.9999675697029212,36,90,162,162,100,92,162,162,221218_075332
0,0,0,0,-0.022904582744440107,-0.1363550040164917,-0.007796851851232356,0.9906031182975938,0.13571681418813317,-0.01692360380372548,-0.13578577331834724,0.9907337123053918,-0.002989158061221986,0.0163611058128767,0.005259053926352913,0.9998523173791115,162,138,100,147,162,133,161,161,221218_075332
0,0,0,0,-0.027493247934802144,-0.13499125991261807,-0.008170599894046837,0.9911242858518167,0.13108607772957517,0.022115384242681738,-0.13064731446269506,0.9912222042367218,-0.020244037437757125,-0.024574971381699322,0.017175041588638213,0.9995504433134015,162,162,162,137,162,162,162,162,221218_075332
0,0,0,0,-0.022724639366050965,-0.13942264175086927,-0.0076016903123173885,0.9896552944599033,0.14260334785295387,-0.015706155755360086,-0.14262929392010817,0.989776032432943,-0.0005386438090287074,0.015468764117846402,0.0027732296030196025,0.9998765056416894,147,82,18,90,82,18,150,150,221218_075332
0,0,0,0,-0.025620582708734067,-0.14036831246960035,-0.007611720540221634,0.9899897203969429,0.1411372946689814,-0.0007858510701585591,-0.1411391907407212,0.9899836489524615,-0.0034790291496091365,0.0002869589477183962,0.003555117479159353,0.999993639376907,138,162,96,145,162,122,160,160,221218_075332
0,0,0,0,-0.017562156362206503,-0.1429150525081263,-0.006158569753286158,0.9868045413966324,0.14760753131309423,-0.06654933341992474,-0.14728389887269272,0.9890460004807615,0.009770469071059497,0.06726254687298723,0.0001601020425688955,0.9977352976393566,132,162,162,91,118,162,162,162,221218_075333
0,0,0,0,-0.026489659585487303,-0.1433615191603257,-0.006084908701472047,0.9878885313843225,0.15507663642240213,-0.005242746917482109,-0.1551254390082544,0.9878364323784472,-0.010736900778028063,0.0035139339525709218,0.011420144558408543,0.9999286137352216,138,90,162,162,132,84,138,138,221218_075333
0,0,0,0,-0.025211475569024706,-0.1518772102291308,-0.002858970241124026,0.9882943997095603,0.15251350873270667,-0.003716067378001668,-0.15254053730104067,0.9882596810527909,-0.008613204127753389,0.0023588095787998803,0.00907923231750153,0.9999560008109838,134,150,94,70,100,106,68,68,221218_075333
0,0,0,0,-0.029015848780433902,-0.14792389482455304,-0.003410967173478996,0.9898279035468439,0.1416773980392521,0.012970591539631692,-0.14163808849314447,0.989910804091694,-0.0039053592080782523,-0.013393029831550952,0.002028503725230787,0.9999082517534135,162,162,162,162,146,162,100,100,221218_075333
0,0,0,0,-0.01988968400754146,-0.14928067970215808,-0.004532120525581329,0.9920579138081496,0.11850660213795708,-0.04215780948220146,-0.118434112191969,0.9929529383281901,0.004221769144916421,0.04236102831520688,0.0008046832474972261,0.9991020447206328,118,90,158,158,120,93,106,106,221218_075333
0,0,0,0,-0.027477889666757897,-0.15020726821441044,-0.005350595481211473,0.9923258909599376,0.12342791820261013,0.0074077755592672715,-0.1234374159560892,0.9923520058375336,0.0008371692227762661,-0.0072477908806825656,-0.0017451413678940258,0.999972211618381,138,103,99,146,162,123,160,160,221218_075333
0,0,0,0,-0.03211672997498107,-0.14850947865651942,-0.0051129860485457646,0.9898298873276922,0.13740250136155505,0.03684218740025266,-0.13751801769170668,0.990499078940315,0.0006078063267710345,-0.03640863857645505,-0.0056680894466539,0.9993209113187984,162,162,162,18,162,162,120,120,221218_075333
0,0,0,0,-0.026026300005512558,-0.14891041799267546,-0.00668236487273649,0.9902347454325288,0.139391304107683,-0.0022832602423438586,-0.13940322464744603,0.9902152911258021,-0.00635752927929239,0.0013747349084451113,0.006613740227952353,0.9999771840117798,112,88,158,158,110,86,162,162,221218_075334
0,0,0,0,-0.028115976729729493,-0.15679530058840696,-0.004672571537515602,0.9909377775955971,0.13381178254850795,0.011693065683988892,-0.13378640365378486,0.9910058597654184,-0.002929864841615464,-0.011979947048537713,0.0013389405492574649,0.9999273414138248,162,148,98,146,162,155,160,160,221218_075334
0,0,0,0,-0.030779543371093336,-0.15065814124099963,-0.009338004851485115,0.9879751105279101,0.1527914834518399,0.023663126630875178,-0.15234880729621178,0.9881342068431679,-0.01950974581703252,-0.026363267869982054,0.015670094160841374,0.9995296024911948,162,162,162,162,162,162,97,97,221218_075334
0,0,0,0,-0.025782918119697275,-0.15963723690928433,-0.008130567191507954,0.9867258065462944,0.16132315709186323,-0.018628517962510784,-0.16141902526589405,0.986878824531743,-0.0037528619817771107,0.01777866636658076,0.006710042977483032,0.9998194308701279,113,89,155,156,112,83,162,162,221218_075334
0,0,0,0,-0.03370414390084112,-0.16131175524985264,-0.008688974736229593,0.9859317516859156,0.16344469947417867,0.03499158800821694,-0.1639380865457987,0.9864011330857013,0.011709330764257885,-0.032601914011965424,-0.017281054974740268,0.9993190082960078,162,154,97,135,162,128,146,146,221218_075334
0,0,0,0,-0.029314090173899528,-0.15979580197033605,-0.007996533200322675,0.9865178949277086,0.16361583980822797,0.003507128633409226,-0.16361009719814548,0.9865233126281228,-0.0018680835230032596,-0.0037655122116919395,0.0012690961680640474,0.9999921051251854,78,154,162,130,89,145,127,127,221218_075334
0,0,0,0,-0.029577194280505516,-0.1612727855165712,-0.007709293760277347,0.989646544602585,0.14352286196918573,0.0009512351636257639,-0.14352343443552976,0.9896467584117047,0.0005633232066379819,-0.0008605370373391554,-0.00069401540258287,0.9999993889091275,138,162,159,162,138,140,162,162,221218_075334
0,0,0,0,-0.033036728686168935,-0.17022199596285525,-0.007613286757815418,0.9890804597056371,0.14633741410309326,0.01747013056922282,-0.14654498502733718,0.9891399987501912,0.011253010077716633,-0.01563366853375762,-0.013690292403432381,0.9997840588357494,150,152,108,64,162,114,50,50,221218_075334
0,0,0,0,-0.028863182171712347,-0.16862810454957833,-0.007889296908136667,0.9901457270900557,0.1395666790655042,-0.011514391861128265,-0.13951938195742597,0.9902076219971631,0.004817405623532349,0.012073987888139185,-0.0031634527577195483,0.9999221026575654,76,154,162,117,97,149,136,136,221218_075335
0,0,0,0,-0.029241387509289264,-0.16578941830563254,-0.007767581921503619,0.9927117513204566,0.12012447898787393,-0.009668936764921286,-0.12015429590222058,0.9927519227684625,-0.002562228671114024,0.009291069180336892,0.0037053188004977974,0.9999499720716397,142,94,152,162,130,79,138,138,221218_075335
0,0,0,0,-0.03398331233661276,-0.17343373850311616,-0.007949518210204398,0.9924089964338868,0.12152632730597727,0.018860953544450942,-0.12161149559431328,0.9925718438727646,0.0034320388014876867,-0.018303768366097872,-0.005699694951581698,0.9998162258840668,162,162,102,127,162,162,143,143,221218_075335
0,0,0,0,-0.034465039301197965,-0.177394911027821,-0.006579707716592387,0.9905759812674844,0.13616698832898036,0.014757256702257391,-0.13614815702440394,0.9906858685319256,-0.0022779881479441234,-0.014929992458779134,0.0002473470422170697,0.9998885108573964,101,149,162,128,49,146,162,162,221218_075335
0,0,0,0,-0.026124837788637716,-0.17669481382458685,-0.008612940780555522,0.991455407703412,0.1256071996549909,-0.035199516054799346,-0.12614613128852611,0.9919194810709783,-0.013523928157857744,0.03321638295478232,0.017848654479042103,0.9992887958126465,149,108,150,162,130,162,162,162,221218_075335
0,0,0,0,-0.03236278264752864,-0.17816094343959987,-0.009422462005074628,0.9932034899860338,0.11637703942234509,-0.0017922541261298952,-0.11638379354691374,0.9931950452118986,-0.004291242962508867,0.001280655766414023,0.004470666820940761,0.9999891864710257,162,162,113,121,98,18,132,132,221218_075335
0,0,0,0,-0.03446897434704326,-0.18195966923660922,-0.008442398352073555,0.9918135291584327,0.1276200428427574,0.004364406386579099,-0.12760230299771821,0.9918168247716629,-0.004127755992690224,-0.004855476080981651,0.0035370559324696457,0.9999819566308974,65,122,162,144,90,118,18,18,221218_075335
0,0,0,0,-0.02961560293028697,-0.18969685018231408,-0.006210426459663632,0.9939471671279078,0.10642563897756083,-0.027250914234666506,-0.10593964627431401,0.9941967007263304,0.01870057785611114,0.029082989971467868,-0.015700434169064387,0.999453688802649,162,122,146,162,162,101,162,162,221218_075335
0,0,0,0,-0.039998565489959635,-0.18761403882905858,-0.0060959512631916235,0.9964841573598333,0.07131231820423592,0.043975872966905326,-0.07206743102536418,0.9972741386635681,0.01582964744532017,-0.04272715197936748,-0.0189432210876754,0.9989071752963613,116,156,120,62,136,160,60,60,221218_075336
0,0,0,0,-0.03605684855970765,-0.1870041163903795,-0.007636989987265974,0.997722496688041,0.06516180538279352,0.017428675274880397,-0.06535364755735158,0.9978050803587604,0.010673441862735233,-0.01669491999177468,-0.011788160564848861,0.9997911376467415,106,90,162,159,77,96,140,140,221218_075336
0,0,0,0,-0.03339800040735564,-0.19091990699304517,-0.008199548358270359,0.9983958764442179,0.056552714791794495,0.00273209605615036,-0.05654289625680447,0.9983938717411764,-0.003546512731706991,-0.002928272882490476,0.00338634306322708,0.9999899788990807,154,162,150,162,146,162,162,162,221218_075336
0,0,0,0,-0.04087373801056882,-0.1913116237088145,-0.008534786880944556,0.9967463857930619,0.06764715337821604,0.04382356727028831,-0.06707717213868981,0.9976445849723866,-0.014350437385364886,-0.04469111082022853,0.011364185632891583,0.9989362141290882,135,162,138,60,148,162,18,18,221218_075336
0,0,0,0,-0.03337842926602342,-0.1944460527948676,-0.008797971010752914,0.9981907920390999,0.060037145705812735,-0.0032686119153016568,-0.06005035487430319,0.9981869072033155,-0.004105260935660527,0.003016217469628262,0.004294114970354592,0.9999862314096116,112,96,162,162,24,82,161,161,221218_075336
0,0,0,0,-0.03322306988145,-0.1944166805980706,-0.008807259672131973,0.9983144987783399,0.057605393401220985,-0.007055507071905668,-0.05766337343091046,0.998301497172682,-0.008310000442191018,0.006564822428559165,0.00870283826532581,0.9999405800909419,154,162,154,162,146,162,162,162,221218_075336
0,0,0,0,-0.04258592900728752,-0.1969212115438902,-0.008248678842028567,0.9960769991016923,0.07537490327457672,0.04635985134700061,-0.07460670302906135,0.9970490186892111,-0.018085745602947647,-0.04758625561757542,0.014556039544783687,0.998761067517687,149,162,133,77,145,162,18,18,221218_075336
0,0,0,0,-0.03159476190591152,-0.20349639261613595,-0.00846444076969094,0.9973958956892071,0.069836465846048,-0.01800820092231244,-0.06969374117637021,0.9975327671596496,0.008435691059664479,0.018552889348177354,-0.007158664746079413,0.9998022523558784,18,18,162,90,82,162,161,161,221218_075336
0,0,0,0,-0.03579736614335937,-0.20021287223083906,-0.009464268989954117,0.9978421632951466,0.06462884390415208,0.011581437133386361,-0.06464384312689149,0.9979079705887316,0.0009250844638575336,-0.011497421286865773,-0.001671756887880676,0.9999325049885418,162,135,162,154,162,113,154,154,221218_075337
0,0,0,0,-0.0430623046307101,-0.1924599992705457,-0.010301926111683846,0.9969213173401842,0.05601155264055582,0.05486887098807616,-0.05453919426786453,0.9981196747905093,-0.027974829484735394,-0.05633261330103583,0.024896199848212355,0.9981016060060187,131,157,123,80,140,162,47,47,221218_075337
0,0,0,0,-0.035867217965058325,-0.20689707571164084,-0.0062333361169002455,0.9972258140506682,0.07265778719931347,-0.01617163412528943,-0.0725414744355314,0.9973359258948528,0.0076671641548001525,0.016685630875160003,-0.006472779832249872,0.9998398335951322,82,162,162,90,82,162,162,162,221218_075337
0,0,0,0,-0.03715549042777185,-0.2094841778850105,-0.006663519849035571,0.9974355437161089,0.07152852239722154,0.0024508397377319613,-0.07152234669884182,0.9974358112650699,-0.002521176051564656,-0.002624891319757051,0.0023394207963714666,0.9999938185088433,154,160,162,162,162,130,154,154,221218_075337
0,0,0,0,-0.03708741317304253,-0.21372316924155021,-0.006776000065281618,0.997704810672257,0.06715885551067217,-0.00864863503289185,-0.06715037564258136,0.9977420611096861,0.0012674950314611453,0.008714230459181405,-0.0006838267991380076,0.9999617965544549,139,162,120,72,159,162,18,18,221218_075337
0,0,0,0,-0.03676256593741541,-0.2158226247426409,-0.008469252469148036,0.9969360542386743,0.07693586688599058,-0.014120061810207227,-0.07684898015025284,0.9970209196178065,0.006596976150410611,0.014585541090031153,-0.0054916510235242045,0.9998785445043548,86,106,162,162,100,108,152,152,221218_075337
0,0,0,0,-0.037397162744058264,-0.21423027504527914,-0.008297133740459595,0.9978456872568836,0.06499946852811467,-0.008891204299798698,-0.06505874274128379,0.997859952162326,-0.006547966365513127,0.008446562363564246,0.007112310571331103,0.9999390334528278,154,162,162,162,146,40,162,162,221218_075337
0,0,0,0,-0.04413920805933199,-0.21029168620428496,-0.010172636795731715,0.9970876670308141,0.06810815641626358,0.03431418488944574,-0.06748901965880341,0.9975411631103541,-0.01889074180479395,-0.03551642550346162,0.016519894976044083,0.9992325438002095,162,122,106,40,162,162,72,72,221218_075337
0,0,0,0,-0.03822885941168077,-0.22289375445460002,-0.004663820451798084,0.9969293272519365,0.07619855797433688,-0.018047055927032225,-0.07616944519490484,0.9970922443032187,0.002296076886903265,0.01816953724513051,-0.0009143921488157134,0.9998345022068883,72,108,162,162,96,113,150,150,221218_075338
0,0,0,0,-0.03860702332409629,-0.21588094101527,-0.007534439135582438,0.9964434847646657,0.08411657883157167,-0.0049782362057718,-0.08414827908214692,0.9964317605100704,-0.0065432235415662995,0.004410079087905376,0.006938862476932751,0.9999662011238002,162,120,120,162,146,157,162,162,221218_075338
0,0,0,0,-0.041442675332622934,-0.21834200471072318,-0.008027892584935359,0.9974140675619734,0.07067304230298224,0.013057523544684596,-0.07062318293783976,0.9974940481466646,-0.004241455376176333,-0.01332455857458458,0.0033083233851233513,0.9999057511261608,129,153,111,61,157,162,36,36,221218_075338
0,0,0,0,-0.04068306384965036,-0.22129858177722583,-0.008020754089024473,0.995598515054895,0.09351126145735596,0.006264247851175159,-0.09345199173054339,0.9955815828083233,-0.009167181380792163,-0.007093804485702891,0.008541425731569786,0.9999383590923947,64,114,106,18,75,114,134,134,221218_075338
0,0,0,0,-0.03576778907953416,-0.2204026685523901,-0.008242273019561652,0.9963848539607472,0.07747613322788682,-0.034852138781918666,-0.07858669690072617,0.9964028390840534,-0.03170983026557092,0.03227001499616619,0.03433410906507764,0.9988892907058592,162,116,162,146,156,131,162,162,221218_075338
0,0,0,0,-0.040445424219438496,-0.2247933659109309,-0.005278972410807492,0.9971226021576681,0.07437163780535325,-0.014675685894367798,-0.07455511131274604,0.9971400789699498,-0.012377329637125218,0.01371319231487832,0.013435862530979068,0.9998156959933084,149,161,114,58,162,122,36,36,221218_075338
0,0,0,0,-0.042243616900723736,-0.22480103575712973,-0.007789617245248737,0.9983822147120115,0.05660590923123044,0.005359513676149442,-0.05655644881462378,0.9983591110878562,-0.008969582228016491,-0.005858450667024951,0.008651956308952576,0.99994540961385,52,115,162,136,102,118,143,143,221218_075338
0,0,0,0,-0.04287695441465123,-0.22357290374689487,-0.010254107786159095,0.9992439322916693,0.036580023177337974,0.013170637138270267,-0.03665232526066084,0.9993140726079058,0.005290684340272932,-0.01296806968169467,-0.005769418700970033,0.9998992664146643,154,162,152,154,162,104,154,154,221218_075339
