0,0,0,0,0,0,0,1,0,0,0,1,0,0,0,1,162,162,82,95,162,162,95,95,221218_050442
0,0,0,0,-6.857429483288213e-06,-9.55745004752595e-05,-6.291658932233712e-05,0.9999999623236421,-0.00012361322205749792,0.0002450968922578108,0.00012359481549269367,0.9999999895411902,7.511285972918163e-05,-0.00024510617463699094,-7.508256419436299e-05,0.9999999671427855,150,162,135,85,150,162,85,85,221218_050442
0,0,0,0,-1.1643869394332984e-05,-1.5147787957303649e-06,-9.06999701566491e-07,0.999999567238476,0.0008640628848006253,-0.0003448451710842002,-0.0008641327607022858,0.9999996061275521,-0.0002025322513577268,0.00034467003465785655,0.00020283015571892894,0.9999999200312445,78,154,162,91,78,154,91,91,221218_050442
0,0,0,0,1.5685353374879363e-05,0.0003603056543259875,0.0002266989134231956,0.9999992009386994,0.0008351899555057643,0.0009489887782651096,-0.0008347004297410821,0.9999995184483873,-0.0005161183838121115,-0.000949419378167998,0.0005153258500607979,0.9999994165208862,78,154,162,102,78,154,102,102,221218_050443
0,0,0,0,-6.6048501048826536e-06,-0.0001015558391238569,-8.407011034305967e-05,0.9999980935198275,-0.001638706319380706,-0.0010618843201182814,0.0016377471331135806,0.9999982507093728,-0.0009035278209620797,0.0010633630793240106,0.0009017870004029321,0.9999990280191114,86,127,162,162,86,127,162,162,221218_050443
0,0,0,0,5.939155704182131e-07,-0.0001277221018510799,-8.982986236683033e-05,0.9999997227152082,-0.000269002535546492,-0.0006944113638532426,0.00026898058971862245,0.9999999633223805,-3.169669585084151e-05,0.0006944198648755334,3.1509903883592586e-05,0.9999997583940595,100,92,162,162,100,92,162,162,221218_050443
0,0,0,0,-2.7788309338305783e-06,0.00015131396080281245,9.408828794099655e-05,0.9999997890204406,-0.0006493533231449887,1.730130252540953e-05,0.0006493507448285711,0.9999997781284857,0.00014861557591666576,-1.739780270478329e-05,-0.00014860430994828973,0.9999999888070377,130,155,150,162,130,155,162,162,221218_050443
0,0,0,0,4.432887544217334e-06,5.109145524373471e-05,2.9669517001118528e-05,0.9999999737972204,0.00010917196504752567,-0.0002012139186022675,-0.000109166131046888,0.9999999936207393,2.900477620195351e-05,0.0002012170838271423,-2.8982809696671908e-05,0.9999999793358407,162,106,78,154,162,106,154,154,221218_050443
0,0,0,0,2.696163944750085e-06,7.508745755191448e-05,4.8340888639808455e-05,0.9999998168000402,-0.00012504308916108317,-0.000592253418993402,0.0001251297589690155,0.9999999814688031,0.00014630426545656218,0.0005922351136809784,-0.00014637834718172352,0.9999998139154576,162,102,78,154,162,102,154,154,221218_050443
0,0,0,0,-3.510447555560292e-08,0.00011333000972635343,5.5589724060833845e-05,0.9999999748614541,-4.612959567052004e-05,0.00021942914796602443,4.6251803153115854e-05,0.9999998438274778,-0.0005569612115304406,-0.00021940342130166482,0.0005569713465228326,0.999999820822513,162,146,86,127,162,146,127,127,221218_050443
0,0,0,0,1.1770467915409033e-06,-6.021390208599264e-05,-6.411524774163624e-05,0.9999998460045207,-0.0005516676411730803,6.04462419052988e-05,0.0005517189620153637,0.9999994845685974,-0.0008523313484807237,-5.997600712487691e-05,0.000852364566562951,0.9999996349386957,162,90,100,92,162,90,92,92,221218_050444
0,0,0,0,3.967014142812475e-06,-0.00012156903194748825,-8.500758789042884e-05,0.9999988741997777,-0.00036536384000364857,-0.0014553722690135787,0.00036531213730260653,0.9999999326330186,-3.5791087431510975e-05,0.0014553852477387284,3.525938198339871e-05,0.9999989403047169,152,162,130,155,152,162,155,155,221218_050444
0,0,0,0,-5.48678673754216e-06,8.403916949650814e-05,3.3862734372891445e-05,0.9999996130880845,0.0008639299307336714,0.00016567666110785213,-0.0008638155271570626,0.9999993893053367,-0.0006893559958300014,-0.0001662721152076365,0.0006892126150376755,0.9999997486697458,129,154,162,106,129,154,106,106,221218_050444
0,0,0,0,7.367288223508739e-06,9.018513777070414e-05,4.123936217270696e-05,0.9999998732578559,-0.0001517964194604851,0.00048004387265226906,0.00015223351505025656,0.9999995737914683,-0.0009106271680551429,-0.0004799054381098403,0.0009107001314061005,0.9999994701578803,115,154,162,102,115,154,102,102,221218_050444
0,0,0,0,6.931322292527686e-06,0.00016190119117232005,8.070457461661906e-05,0.9999979380419722,-0.0018054585787425563,-0.000929640319953289,0.001804939837274576,0.9999982151114348,-0.0005585392808199885,0.0009306470801850205,0.0005568601842876713,0.9999994119012008,77,128,162,146,77,128,146,146,221218_050444
0,0,0,0,-2.8382056322981408e-05,-0.00045466492085088905,-0.0003303513347715503,0.999999542043899,-0.0009217084306736709,-0.00025761514261597826,0.0009213629972598517,0.9999986806805184,-0.0013378069554979878,0.00025884787068889813,0.0013375689857810847,0.9999990719530636,139,82,162,90,139,82,90,90,221218_050444
0,0,0,0,3.0136115581981537e-05,0.0003087163892855349,0.00018203558587481794,0.999999887701367,0.00046670558485148434,8.235987681235292e-05,-0.0004666500290435391,0.9999996644629193,-0.0006732843379654341,-8.267407473828034e-05,0.0006732458291171757,0.9999997699524992,137,81,152,162,137,81,162,162,221218_050444
0,0,0,0,-2.6794767160172317e-05,-0.00042784615652102786,-0.0003167448491881997,0.9999995192965083,0.0009670115046354116,0.00016215887696959617,-0.0009667706134973009,0.9999984388349522,-0.0014790815526992333,-0.0001635889126905719,0.001478924071262614,0.9999988930105167,162,108,129,154,162,108,154,154,221218_050444
0,0,0,0,5.973633667860634e-07,-0.00011934217579523398,-8.679939054889729e-05,0.9999989991017967,-0.0009527402385355749,-0.0010459834812941513,0.0009528241687682126,0.9999995428833061,7.9745108491182e-05,0.001045907026783959,-8.074166701551586e-05,0.999999449779486,162,120,115,154,162,120,154,154,221218_050445
0,0,0,0,9.368709340554227e-06,3.2179470543791666e-06,-2.5370549729508696e-05,0.999997744149834,-0.0018946211965563513,-0.0009602633829472191,0.0018939389663046285,0.9999979538248063,-0.0007108736827715974,0.0009616082544275568,0.0007090533989082235,0.9999992862761665,162,142,77,128,162,142,128,128,221218_050445
0,0,0,0,8.966673763877164e-06,5.1584721498576513e-05,6.305751799939863e-06,0.9999972027653443,-0.0021837469829082516,-0.0009086861951259519,0.002183280353069308,0.9999974844410504,-0.0005141969192971666,0.0009098067852434855,0.0005122115642505249,0.9999994549453152,162,90,139,82,162,90,82,82,221218_050445
0,0,0,0,1.7265757291912154e-05,0.00013563738803124004,5.7115340871272124e-05,0.9999996541335012,-0.0008164138600462945,-0.00015874913415260964,0.0008163326965482087,0.9999995364118426,-0.0005106633229400456,0.00015916597317311998,0.0005105335542095092,0.9999998570108315,162,162,137,81,162,162,81,81,221218_050445
0,0,0,0,1.1122066583935108e-05,-3.631228458844671e-05,-5.2248133883048276e-05,0.9999982964186397,-0.0015629999559006976,-0.0009819322559347422,0.0015622283767392116,0.9999984707807575,-0.0007860525718316718,0.0009831593544802116,0.0007845172302924613,0.9999992089648868,132,154,162,108,132,154,108,108,221218_050445
0,0,0,0,7.506598859924329e-06,-4.276045797879657e-05,-3.601712909895305e-05,0.9999989652994109,-0.0011451109377437307,-0.0008707014690596234,0.0011450549375352427,0.9999993423240824,-6.481197917140775e-05,0.0008707751133265733,6.381491109418887e-05,0.999999618839107,127,154,162,120,127,154,120,120,221218_050445
0,0,0,0,-2.0474892100927344e-05,-0.00022651390585304298,-0.00018749536671369693,0.9999995121503127,0.0009877619739429614,5.041804288136631e-06,-0.0009877573080814054,0.9999991475122885,-0.0008539966022049492,-5.8853453595874784e-06,0.0008539912055041935,0.9999996353321253,69,127,162,142,69,127,142,142,221218_050445
0,0,0,0,1.194043159777336e-05,0.000369930370261784,0.00022472594437616955,0.9999999742219013,-0.0001053897514712293,0.00020111985628560957,0.00010552227047880007,0.9999997772861885,-0.0006590088199770326,-0.00020105035871762273,0.0006590300256124873,0.9999997626290613,18,82,162,90,18,82,90,90,221218_050445
0,0,0,0,-8.73728628886239e-06,-2.8889370262130676e-05,-4.1268212337297605e-05,0.9999988044825754,-0.0014390485349960228,-0.0005658380798795197,0.0014388086049975254,0.9999988749395049,-0.00042420457593014214,0.0005664478942510521,0.0004233899360877749,0.9999997499388413,140,92,162,162,140,92,162,162,221218_050446
0,0,0,0,-2.0847281124725114e-06,-4.3016197835976655e-05,-3.250113417352374e-05,0.999999576808551,-0.0005304215708185527,-0.0007516885495425086,0.0005304343519059637,0.9999998591785035,1.6803910275931253e-05,0.0007516795305321857,-1.7202624593289106e-05,0.9999997173409367,162,110,132,154,162,110,154,154,221218_050446
0,0,0,0,-1.2600841733184653e-05,-0.0003380941329378384,-0.00023077742189514527,0.9999993587885992,-0.00038435274737868045,-0.0010652208013607928,0.0003841864494791085,0.9999999139830179,-0.00015631612081269938,0.0010652807902642373,0.00015590677718320221,0.9999994204347894,162,122,127,154,162,122,154,154,221218_050446
0,0,0,0,-6.998767518438809e-06,8.937537090936143e-05,6.082810620133827e-05,0.999999997037962,7.4834943098553e-05,1.7994612032106528e-05,-7.48360219970901e-05,0.9999999954019712,5.9963556087471476e-05,-1.799012458000785e-05,-5.996490255537933e-05,0.9999999980402831,162,135,69,127,162,135,127,127,221218_050446
0,0,0,0,-1.2495062200412743e-05,-0.00026045273635466604,-0.0001899475108153581,0.9999999444129419,0.00029404897988510544,-0.00015719195545466837,-0.0002942328982113874,0.999999270760276,-0.001171283875890637,0.00015684742599520523,0.0011713300618270458,0.9999993016921418,162,162,18,82,162,162,82,82,221218_050446
0,0,0,0,4.685338802523642e-05,0.00027969087140111704,0.00017762634016094125,0.999999015085027,0.0010113865375069176,0.00097310135570592,-0.0010108166399831748,0.9999993174474786,-0.000585964416192001,-0.0009736933280351021,0.000584980212024139,0.9999993548595191,162,138,140,92,162,138,92,92,221218_050446
0,0,0,0,2.4528018293071274e-05,6.520616082128505e-05,2.1691088645470202e-05,0.9999999069848182,0.0004226249639659885,-8.613068148109745e-05,-0.00042271540223560083,0.9999993565533168,-0.0010527129909316247,8.568572327086547e-05,0.0010527493017788302,0.9999994421882766,134,154,162,110,134,154,110,110,221218_050446
0,0,0,0,1.524546413708e-05,-0.00019069082765788004,-0.0001486472503379188,0.9999997279198711,0.0006933659810544632,-0.0002518011098704123,-0.0006937108921576646,0.999998817803379,-0.0013722816922908387,0.00025084931875017224,0.0013724559960928981,0.9999990267191053,110,154,162,122,110,154,122,122,221218_050447
0,0,0,0,3.7687119427420868e-06,-0.00012511541433457563,-0.00010011429102996239,0.9999990030147756,0.0012202353895245607,0.0007106300364726567,-0.0012194417218587598,0.999998633511909,-0.001116215123674006,-0.0007119911106014669,0.001115347438908305,0.9999991245339913,53,130,162,135,53,130,135,135,221218_050447
0,0,0,0,9.013514970672432e-06,7.200827250908315e-05,3.068632599345644e-05,0.9999999878406768,-0.00013490930582044417,-7.821845038401107e-05,0.00013486109506434662,0.9999998011545628,-0.000616038408544324,7.830154414472806e-05,0.0006160278524276419,0.9999998071892581,82,162,162,162,82,162,162,162,221218_050447
0,0,0,0,-1.0251486862157544e-05,-0.0002346229509342379,-0.00016817650130884765,0.9999999919880594,9.980526314354e-05,-7.786392171413112e-05,-9.987287541236885e-05,0.999999617589621,-0.0008688187502281358,7.777717925417591e-05,0.0008688265197609074,0.9999996195455222,138,90,162,138,138,90,138,138,221218_050447
0,0,0,0,2.4819821359094163e-05,-2.6756008117079233e-05,-2.0631607320575895e-05,0.9999999010553731,0.0001736226217940988,-0.00040956614826474417,-0.00017375693285127914,0.9999999311377865,-0.0003279221720315377,0.0004095091853539623,0.0003279933045430844,0.9999998623613001,162,111,134,154,162,111,154,154,221218_050447
0,0,0,0,2.5263468772560027e-05,-6.658235175038829e-05,-4.156347043648978e-05,0.9999993542748428,-0.00023419877245278768,-0.0011120255540840187,0.00023392263169741504,0.9999999417774216,-0.0002484458817086754,0.0011120836750596178,0.0002481855933365256,0.9999993508366949,162,123,110,154,162,123,154,154,221218_050447
0,0,0,0,1.2560156418817137e-05,-0.00020417076554224423,-0.00013886834163845396,0.9999981932389944,-0.0005867664093732651,-0.0018080995349670245,0.000585750362337083,0.9999996702899051,-0.0005624203007285772,0.0018084289481588212,0.0005613601896116244,0.9999982072281315,162,162,53,130,162,162,130,130,221218_050447
0,0,0,0,-8.808753113841161e-06,-0.00033621317501719705,-0.00024836621104684653,0.9999996829475657,0.0006005332889837002,0.0005229383680865629,-0.0006000454458038819,0.9999993851513345,-0.0009325462011511401,-0.0005234980715958835,0.0009322321186984332,0.9999994284463598,162,162,82,162,162,162,162,162,221218_050447
0,0,0,0,-9.967078532159557e-06,-8.706915021527983e-05,-7.238079402549502e-05,0.9999992839806843,0.0010021015913475669,0.0006540875471148539,-0.00100125686884422,0.9999986660410383,-0.001290504098438793,-0.000655379890799525,0.001289848264763067,0.9999989533837789,162,162,138,90,162,162,90,90,221218_050448
0,0,0,0,3.2226003022772787e-06,-0.00017008637257009962,-0.00011886135770400319,0.9999999986209727,-2.522338801064502e-05,4.606337756770945e-05,2.52504784969676e-05,0.9999998266871758,-0.0005882074741686743,-4.604853299893228e-05,0.0005882086364794233,0.9999998259450512,137,154,162,111,137,154,111,111,221218_050448
0,0,0,0,1.940932653053673e-05,0.00029219785369871687,0.000181591999909414,0.9999998800492917,-0.0002219968179455629,0.00043659914683180396,0.000222105159560109,0.9999999445538456,-0.0002481161096618208,-0.00043654404163719285,0.0002482130508235751,0.9999998739097826,82,156,162,123,82,156,123,123,221218_050448
0,0,0,0,2.53027498035574e-05,0.00030877332744294606,0.00019377923864594138,0.9999998798783153,-0.0004347060084026977,0.00022643772094865284,0.0004348382794596902,0.9999997346859182,-0.0005844174574504348,-0.00022618361109134774,0.0005845158510378081,0.9999998035910778,102,126,162,162,102,126,162,162,221218_050448
0,0,0,0,4.519303148188547e-06,-0.00012720447051861594,-0.00010945309241727763,0.999999957487686,0.0001439460656507085,0.00025358263945681495,-0.0001437238771662285,0.9999996059854239,-0.0008759979707110001,-0.00025370863600293316,0.000875961487590159,0.9999995841616137,58,162,162,162,58,162,162,162,221218_050448
0,0,0,0,8.321463223999459e-06,-9.344314546810839e-05,-6.51524909488499e-05,0.9999996740637772,-0.00035166483578526187,-0.0007267765696532539,0.00035144434896176624,0.9999998921928284,-0.0003034817977609922,0.0007268832151781828,0.00030322627732694984,0.9999996898472602,141,86,162,162,141,86,162,162,221218_050448
0,0,0,0,-6.048223272853148e-06,-0.00040186449611756547,-0.0002582701972753121,0.9999991780341927,-0.0005011427536974067,-0.00118016392089348,0.0005009799301277255,0.9999998649518411,-0.00013825848824977545,0.001180233048754075,0.0001376671361672898,0.999999294048606,162,112,137,154,162,112,154,154,221218_050448
0,0,0,0,-1.93521028530666e-05,-0.00041016179049635504,-0.0002676427233805345,0.9999997297349875,0.0005111967872702854,-0.0005284011702711621,-0.0005114848019786639,0.9999997206371865,-0.000545076917704559,0.000528122381086492,0.0005453470395572393,0.999999711841637,162,125,82,156,162,125,156,156,221218_050448
0,0,0,0,4.8501266448758296e-06,-0.00017188478918284122,-0.00013707055033396198,0.9999993600532019,0.0007381367302367523,0.0008573490270929852,-0.0007369924581683536,0.9999988383581622,-0.0013342130424022266,-0.0008583328628130127,0.0013335803288101866,0.9999987424133109,162,162,102,126,162,162,126,126,221218_050449
0,0,0,0,2.131339120224618e-05,8.786664028925806e-06,1.211600923800571e-05,0.9999999017528535,0.00038580251765429175,0.00021829040412755187,-0.0003857861797358434,0.9999999227808493,-7.488203447530765e-05,-0.0002183192769487134,7.479781369721983e-05,0.9999999733709898,162,162,58,162,162,162,162,162,221218_050449
0,0,0,0,-2.6158331109457644e-06,-7.696037322757476e-05,-6.178299775216889e-05,0.9999999833370272,-0.0001328094527861762,0.00012525012959100756,0.0001328966659736435,0.9999997485705386,-0.0006965610783537562,-0.0001251575882036986,0.0006965777120715841,0.9999997495575033,151,162,141,86,151,162,86,86,221218_050449
0,0,0,0,6.08815773285587e-06,8.327283071063452e-05,6.187714440586412e-05,0.999999815488368,-0.0004919777714258279,-0.00035634407931373844,0.0004920035690401784,0.9999998763517818,7.231119523218696e-05,0.00035630845975180537,-7.24865044487167e-05,0.9999999338949919,123,162,162,112,123,162,112,112,221218_050449
0,0,0,0,2.888570322101547e-07,-1.2716603595253062e-05,-1.6079933931045787e-05,0.9999997123267191,0.0001543652092722388,0.0007426424855140098,-0.00015414244041161293,0.9999999431153356,-0.0003000157232024832,-0.0007426887552588851,0.00029990116417082227,0.999999679236301,80,156,162,125,80,156,125,125,221218_050449
0,0,0,0,2.3178600993427334e-05,0.00012086627310214926,9.207279471357133e-05,0.9999991640911645,-0.00022616890346852057,-0.001273053258508205,0.0002260810407724784,0.9999999720520745,-6.916078148464686e-05,0.0012730688649471693,6.887291046670336e-05,0.9999991872757634,88,120,162,162,88,120,162,162,221218_050449
0,0,0,0,3.495788016484591e-06,5.4531774429156243e-05,2.4627753348993586e-05,0.9999996685393785,-0.0006542149511966536,-0.0004846895198411902,0.0006538166791510194,0.9999994489055337,-0.0008214087771815855,0.0004852266306345803,0.0008210916068246291,0.9999995451817417,114,98,162,162,114,98,162,162,221218_050449
0,0,0,0,-7.094853820784064e-06,-0.000250604287702183,-0.00016887016368249963,0.9999985325074376,-0.0009288525780932203,-0.0014395193151095123,0.000928761728108455,0.9999995666668822,-6.377853506327542e-05,0.0014395779321749252,6.24414710215079e-05,0.9999989618576812,138,155,151,162,138,155,162,162,221218_050450
0,0,0,0,1.6672713439823406e-05,9.994989305983637e-05,6.853989125743531e-05,0.9999990003897647,-0.00030622148765967595,-0.0013803796111752605,0.0003062008582477335,0.9999999530056635,-1.5156050300782142e-05,0.0013803841874135395,1.4733361728849425e-05,0.9999990471607577,154,127,123,162,154,127,162,162,221218_050450
0,0,0,0,1.5353681518871787e-05,0.0004099532559322938,0.00026975234216108923,0.9999997553812603,4.516011168085155e-05,0.0006979956901809559,-4.4837525210617725e-05,0.9999998921943032,-0.00046216985911326286,-0.0006980164865754902,0.00046213844965853064,0.9999996496004576,162,142,80,156,162,142,156,156,221218_050450
0,0,0,0,9.823830840707815e-06,9.381720554213491e-05,5.920572275919245e-05,0.9999984358291052,0.00030322412375018224,-0.0017425253149830828,-0.0003035455826793058,0.9999999369620376,-0.00018421726430321213,0.0017424693460193306,0.00018474591201792838,0.9999984648335848,162,150,88,120,162,150,120,120,221218_050450
0,0,0,0,9.322076386847344e-06,0.00021416464042378625,0.00013912003550098362,0.9999986339749284,5.513250185379877e-05,-0.0016519711506779646,-5.528796729519946e-05,0.9999999940476466,-9.406353420612756e-05,0.001651965954886964,9.415473983938838e-05,0.9999986310707477,162,162,114,98,162,162,98,98,221218_050450
0,0,0,0,4.612507563041268e-06,0.00016949500154694874,0.00010681152410529915,0.9999995512956568,0.0004054211977992087,0.0008561787997996449,-0.00040472790805198394,0.9999995902363877,-0.0008097668661659087,-0.0008565067456215189,0.0008094199833654044,0.9999993056175017,160,162,138,155,160,162,155,155,221218_050450
0,0,0,0,-1.6544168220403166e-05,-0.00026588840101615663,-0.00017057936303677135,0.9999997720572256,0.0005906891476198949,-0.0003270654771691236,-0.0005907068796960524,0.9999998240680947,-5.412173126438321e-05,0.00032703345050856623,5.4314918755255105e-05,0.9999999450495044,122,162,154,127,122,162,127,127,221218_050450
0,0,0,0,-8.629846069641012e-06,-3.751619332437173e-05,-7.479458985715226e-06,0.9999998169319735,-0.00045935244862472293,-0.00039386716907383274,0.0004594771583991329,0.9999998443235243,0.0003165970128074989,0.0003937216781449508,-0.00031677792781649434,0.9999998723174843,78,155,162,142,78,155,142,142,221218_050450
0,0,0,0,1.0864151731307392e-05,0.00027490704067378857,0.00018349108321413787,0.9999993238445783,0.00011381662440766278,0.0011573055613385568,-0.00011332754431342104,0.9999999042580364,-0.0004226591840497719,-0.00115735355617743,0.0004225277436689166,0.9999992410012379,72,122,162,150,72,122,150,150,221218_050451
0,0,0,0,2.357480253695199e-05,0.00035678088483792614,0.00021713519925914415,0.9999981933236868,-0.0015396204072853736,-0.001114862486211754,0.0015391925626008578,0.9999987415141781,-0.0003845208912096817,0.0011154530993843093,0.00038280420845757086,0.9999993046124188,107,85,162,162,107,85,162,162,221218_050451
0,0,0,0,1.107749228986682e-05,1.944747840099126e-06,-9.277365772053514e-06,0.9999997048837067,0.0005207605370869397,0.0005648371108097341,-0.0005202363346316634,0.9999994342614639,-0.0009278097370218992,-0.000565319957956538,0.0009275156144217112,0.9999994100638913,145,86,160,162,145,86,162,162,221218_050451
0,0,0,0,1.834372668095552e-05,0.0002339547912851847,0.00015356854089221272,0.9999996081885958,0.00029864339875908626,0.0008333275312959925,-0.0002981462043129977,0.9999997775301781,-0.0005966979433743499,-0.0008335055458075448,0.0005964492561405595,0.9999994747582571,154,126,122,162,154,126,162,162,221218_050451
0,0,0,0,1.6345103107683057e-05,-0.00021717400332377235,-0.00013202533465528354,0.9999999610142518,5.9645869294113395e-06,0.0002791700508418465,-5.9472609527722006e-06,0.9999999980563927,-6.206323649510683e-05,-0.0002791704204808001,6.206157377804179e-05,0.9999999591061179,162,162,78,155,162,162,155,155,221218_050451
0,0,0,0,2.8543645597872702e-05,0.00014165135518395822,8.363375315023625e-05,0.9999995484224191,-0.00015694329904034882,0.0009372959821089507,0.00015743964519664591,0.9999998474208,-0.0005295008362670055,-0.0009372127374889429,0.0005296481647031545,0.9999994205523854,162,151,72,122,162,151,122,122,221218_050451
0,0,0,0,2.3391466173521003e-05,8.20728788406555e-05,5.038509649502032e-05,0.9999999023209484,0.00022589532209845914,0.00037990709061609603,-0.0002256260518433623,0.9999997234378389,-0.000708672795410809,-0.0003800670714175257,0.0007085870092513099,0.9999996767266837,162,162,107,85,162,162,85,85,221218_050451
0,0,0,0,1.081276195211145e-05,-0.00010804151561361053,-6.755253653645266e-05,0.9999992420174001,-0.0006167306170900096,-0.0010656490841524638,0.0006170284140149273,0.9999997706769647,0.0002791450423122443,0.0010654766824804028,-0.0002798023664894198,0.9999993932348533,159,162,145,86,159,162,86,86,221218_050452
0,0,0,0,2.8354135623666343e-05,-0.00010041988585407502,-5.1916291066822495e-05,0.9999998432159715,0.00040265174897000333,-0.00038915241441582466,-0.00040249250391000753,0.9999998352768537,0.0004092017224772477,0.0003893171161027164,-0.0004090450273910447,0.9999998405571616,122,162,154,126,122,162,126,126,221218_050452
0,0,0,0,7.4004981025221905e-06,-5.765941853641543e-05,-5.976900661919249e-05,0.9999993274481339,0.0007496005006468439,0.000884987214394367,-0.0007486053151802318,0.9999990877516,-0.0011243158144707078,-0.0008858291947636002,0.0011236525521771735,0.9999989763552661,105,153,162,162,105,153,162,162,221218_050452
0,0,0,0,4.5999038448818474e-06,-0.00036792253987150136,-0.00023661949702336038,0.9999999487923438,0.00016967654644337103,-0.00027133960217612857,-0.00016972016692834156,0.9999999726780867,-0.00016074479931748093,0.0002713123201401957,0.0001607908428887317,0.9999999502679637,70,119,162,151,70,119,151,151,221218_050452
0,0,0,0,1.3228941456763788e-05,0.0001503664543970329,9.227680832291085e-05,0.9999983477191527,-0.00065007522635128,-0.0016976339899626872,0.0006499438748963334,0.9999997857503989,-7.792378515241795e-05,0.0016976842825676757,7.682028958661528e-05,0.9999985559823175,111,87,162,162,111,87,162,162,221218_050452
0,0,0,0,1.76571932036379e-05,-0.00012517262171118926,-8.654529274709777e-05,0.9999991522742003,-0.00018887427450015655,-0.0012883234801683036,0.00018885993724249096,0.9999999821026777,-1.1250263557581284e-05,0.0012883255819961966,1.1006941328632402e-05,0.9999991700476767,138,146,159,162,138,146,162,162,221218_050452
0,0,0,0,1.2871540215654564e-05,0.00014493617902688882,0.00011482704205234562,0.9999998555021642,0.00041346712080679387,0.00034357035697038074,-0.0004135509474653277,0.999999884731593,0.00024395166600259027,-0.00034346945137459964,-0.0002440937145989878,0.9999999112234934,154,162,122,162,154,162,162,162,221218_050452
0,0,0,0,1.3466608225758125e-05,1.5798379544906815e-05,5.597552228175928e-06,0.9999987822615237,-0.0002444446497901686,-0.001541337822453533,0.00024411058197502358,0.9999999466771579,-0.00021692327186405172,0.0015413907659982571,0.00021654675083513953,0.9999987886102719,162,162,105,153,162,162,153,153,221218_050452
0,0,0,0,3.538612836886945e-05,0.000519928691205207,0.0003458942385723418,0.9999996977728776,0.0002277827250162484,0.0007433499742295239,-0.0002274993619949748,0.9999999014425673,-0.0003812596192745487,-0.0007434367453218368,0.00038109039240222573,0.9999996510358986,162,146,70,119,162,146,119,119,221218_050453
0,0,0,0,1.4664111030820992e-05,1.2919005486944357e-05,2.5047788192122944e-05,0.9999998681430423,-8.606663097302463e-05,-0.0005062671545672679,8.613580098182565e-05,0.9999999869595393,0.00013660726923491565,0.0005062553906378571,-0.00013665085894962815,0.9999998625160019,162,106,111,87,162,106,87,87,221218_050453
0,0,0,0,2.424832260883303e-05,0.00022192813254029442,0.00012897015812085577,0.9999995536455927,0.0007114326898423482,0.0006217492605230098,-0.0007108650021662982,0.999999330739035,-0.000912793750995851,-0.0006223982357240432,0.0009123513637763971,0.9999993901175268,124,162,138,146,124,162,146,146,221218_050453
0,0,0,0,1.644347567206217e-07,-0.0003823880831058668,-0.0002734726137006982,0.9999993815017669,0.0009833143537111995,0.000519700842999347,-0.0009825703497329012,0.9999984949379428,-0.0014299221509145724,-0.0005211061237929431,0.001429410623870906,0.9999988426161684,122,162,154,162,122,162,162,162,221218_050453
0,0,0,0,3.266373374597592e-05,2.1833389049152885e-05,2.2677862218101197e-06,0.9999987881250922,-0.0014834586536352611,-0.000472333324410278,0.0014831517710631621,0.9999986892662303,-0.0006494048402386457,0.0004732960705370431,0.0006487035112343406,0.9999996775872402,97,149,162,162,97,149,162,162,221218_050453
0,0,0,0,2.0156041825696025e-05,-0.0002579914139143602,-0.00016498982097634673,0.999999841066303,-0.0002975362680151972,-0.00047889407860847563,0.0002975129960957316,0.999999954558836,-4.86656336812458e-05,0.0004789085366380577,4.852314873430678e-05,0.9999998841460522,43,122,162,146,43,122,146,146,221218_050453
0,0,0,0,3.4450966283287865e-05,0.00014413796745993412,8.165332154419502e-05,0.999998599208007,-0.0013885814352762437,-0.0009345713561595034,0.0013880621880449301,0.9999988820625875,-0.000556018828661128,0.0009353423887904617,0.0005547208066329301,0.9999994087095464,110,79,162,106,110,79,106,106,221218_050453
0,0,0,0,2.564888578297092e-05,4.879493667575563e-05,2.2505665025041033e-05,0.9999997337292359,0.00010406878319796554,-0.0007222957468870251,-0.00010414762926951307,0.9999999886226537,-0.00010912361641433889,0.0007222843823072732,0.0001091988127474166,0.9999997331904096,146,90,124,162,146,90,162,162,221218_050453
0,0,0,0,5.13645893787662e-06,-0.00038483585182769176,-0.0002594208143422705,0.9999993836163994,0.00042128271698520974,-0.0010272719666692234,-0.0004218270886980671,0.9999997707077348,-0.0005297606866811087,0.0010270485521022784,0.0005301936912884106,0.9999993320327375,154,162,122,162,154,162,162,162,221218_050454
0,0,0,0,7.58499965010373e-07,-9.390201132775111e-05,-8.520444461657117e-05,0.9999998866937336,-0.000474844469811228,-3.369345362549524e-05,0.00047482149472319405,0.9999996569903157,-0.0006786485086977154,3.401569455966043e-05,0.0006786324334267822,0.9999997691504497,146,162,97,149,146,162,149,149,221218_050454
0,0,0,0,3.110664449545997e-05,0.00028913524699258897,0.00020476196161078875,0.9999999969766278,-5.855218049453657e-05,5.117017072675531e-05,5.854369180797818e-05,0.9999999845287181,0.0001658770648013347,-5.117988239884776e-05,-0.00016587406860923504,0.9999999849332065,114,18,43,122,114,18,122,122,221218_050454
0,0,0,0,3.472463359864564e-05,0.000301590999514767,0.00017772704385354832,0.9999997109284635,0.0004944172995543181,0.0005776629833681252,-0.0004941272108428171,0.9999997518110566,-0.0005022112358125052,-0.0005779111419215197,0.0005019256516383992,0.9999997070446334,162,162,110,79,162,162,79,79,221218_050454
0,0,0,0,2.5420644857186703e-05,0.0001701599310544033,8.020378127593375e-05,0.9999996229931956,0.0003480565762161215,0.0007955313228378677,-0.0003472879454704999,0.9999994730020482,-0.0009661194076603374,-0.0007958671678077302,0.0009658427649875493,0.9999992168712958,162,162,146,90,162,162,90,90,221218_050454
0,0,0,0,-0.0029232905545447663,0.002787092055979268,0.0006466800116038396,0.9999752512345919,0.006362887053813349,-0.0030017639237575372,-0.00636117197732627,0.9999795990135627,0.0005805581357589512,0.0030053967106584683,-0.0005614490311074145,0.9999953261718763,120,162,154,162,120,162,162,162,221218_050454
0,0,0,0,-0.004553647876447971,0.0024057498077447725,-0.00025385860405457983,0.9999791737704588,0.0060020492813053685,-0.002372220431381628,-0.006000669643499456,0.9999818227852987,0.0005882710445396653,0.0023757081428216783,-0.0005740238819417474,0.9999970132492413,95,148,146,162,95,148,162,162,221218_050454
0,0,0,0,-0.00456924245799039,0.0018337003891423231,-0.0006264186859145093,0.999979313932715,0.004433466176694035,-0.004660051965011763,-0.004436208040316741,0.9999899928188913,-0.0005782043728149086,0.004657441881497647,0.0005988653720357098,0.9999889747369152,99,115,114,18,99,115,18,18,221218_050455
0,0,0,0,-0.00710078695442095,0.019397189830643646,0.0003740395247618933,0.9999780884697224,-0.005259600256922341,-0.004019848949490387,0.005222784612832303,0.9999448205331956,-0.00911473585595782,0.004067567003418497,0.009093541332907535,0.9999503799712761,114,90,162,162,114,90,162,162,221218_050455
0,0,0,0,-0.007825493399012395,0.041322155581529296,0.0010085691836269062,0.9997945067885466,-0.019916358139549083,-0.003779268964023668,0.01990489952446391,0.99979723866626,-0.0030457396872633755,0.003839162716819354,0.0029698878394289687,0.999988220228546,147,91,162,162,147,91,162,162,221218_050455
0,0,0,0,-0.00854091340933024,0.08519031234535324,0.00042086653197725976,0.9995296365792679,-0.03058744230418852,-0.002216748295424888,0.030559650406898554,0.9994651484669281,-0.01164151051151256,0.00257164669530521,0.011568291717857587,0.9999297781644495,154,162,120,162,154,162,162,162,221218_050455
0,0,0,0,-0.00804302899716089,0.11338041581578906,1.3802568732512732e-05,0.999325411910859,-0.036450747087122135,-0.0044793019524798205,0.036427694256897965,0.9993231514325153,-0.005124656292123207,0.004663067693782569,0.0049580286180182865,0.9999768366076817,146,162,95,148,146,162,148,148,221218_050455
0,0,0,0,-0.007533759195225795,0.14675707985959263,0.00037367565506840617,0.9996908262746744,-0.02482382062175174,0.0014247076882140987,0.024830794288847026,0.9996786295644886,-0.005105805230522123,-0.001297504236111746,0.005139603273225585,0.9999859503817797,162,162,99,115,162,162,115,115,221218_050455
0,0,0,0,-0.007906841590682376,0.18403182007600016,-0.0005666986625650905,0.9999673035975306,-0.007164380425066684,-0.0037501185326384696,0.007142302814883295,0.9999572771330413,-0.005867829170569476,0.003791997677270642,0.005840852831513371,0.9999757523019327,158,162,114,90,158,162,90,90,221218_050455
0,0,0,0,-0.0071744820469060375,0.2242221337989726,-0.0010236173624903477,0.9999904177375468,0.004360640019364623,0.000386331085905575,-0.004356908190621622,0.9999483297155807,-0.009184511420861751,-0.00042636147212855906,0.009182740203389944,0.9999577468564622,162,146,147,91,162,146,91,91,221218_050455
0,0,0,0,-0.005889511153670257,0.26296889745243723,-0.0011743976065855533,0.9994760093838659,0.03220887574576514,-0.003208580573517009,-0.032223067253361375,0.9994706881650945,-0.004474084887263696,0.003062776989636369,0.0045751308163751525,0.9999848436727053,119,162,154,162,119,162,162,162,221218_050456
0,0,0,0,-0.0025836119010486935,0.2999146652512449,-0.0010797736327268215,0.9981289570936014,0.06062485204534816,0.007950617945772715,-0.060629156010030376,0.9981603151357067,0.00030121370850422826,-0.007917730277763982,-0.0007826893805420417,0.9999683479713658,93,147,146,162,93,147,162,162,221218_050456
0,0,0,0,0.0009755279822122251,0.33571085023815594,-0.0012315204114299316,0.9975108374144875,0.06972280019349854,-0.010529025302658068,-0.06974172713915025,0.9975640408301856,-0.0014408116467067703,0.010402919604363093,0.0021715376419617956,0.999943530249571,88,112,162,162,88,112,162,162,221218_050456
0,0,0,0,0.0037068303769848612,0.3603063377045578,-0.00300852656136974,0.9961586608996857,0.08750412754894527,-0.003309074861886463,-0.08750360284882672,0.9961641569058435,0.0003032895395641089,0.003322920856483789,-1.2568529085439798e-05,0.9999944790042662,117,93,158,162,117,93,162,162,221218_050456
0,0,0,0,0.008019713723210212,0.39906087543014934,-0.0028805694175569885,0.9925403136771842,0.1214722771352933,-0.010402481106082787,-0.12143014694984465,0.9925893554702083,0.004592474167142832,0.010883250311145632,-0.0032950409410557606,0.9999353466939058,150,89,162,146,150,89,146,146,221218_050456
0,0,0,0,0.01166250221069344,0.43321603606213366,-0.0020386246547331455,0.9889703097327577,0.14752637920939182,-0.013179298329533655,-0.14750275453602257,0.9890578153992152,0.002752308489034147,0.013441126120157604,-0.0007779685724224841,0.9999093613390779,154,162,119,162,154,162,162,162,221218_050456
0,0,0,0,0.01623188820779861,0.4674075667809653,-0.002826708425345714,0.9901754903577084,0.13935229310447578,-0.011551480485031492,-0.1393604974980229,0.9902417091820567,9.556832280534715e-05,0.011452075444011866,0.0015151906563354066,0.9999332748565277,146,93,93,147,146,93,147,147,221218_050456
0,0,0,0,0.018633817446350516,0.48044359655695235,-0.004558819178970719,0.9912204048693465,0.13214614865259458,-0.004416374863585918,-0.13210030477046908,0.9911915393954854,0.009425588064272353,0.005623028561064786,-0.008759430751739893,0.999945825493915,162,137,88,112,162,137,112,112,221218_050456
0,0,0,0,0.018775720626419752,0.48753245732030337,-0.003742485810745211,0.9910757589978298,0.1331993837056756,-0.005173403841118133,-0.1330856003135065,0.9909369773813662,0.018224429962993345,0.007554000004548802,-0.017373285202017315,0.9998205369191118,155,162,117,93,155,162,93,93,221218_050457
0,0,0,0,0.018799512720623364,0.48799349414437965,-0.003542914080301607,0.9910224264124519,0.13354425352325214,-0.006362601550770353,-0.13340506052389012,0.990883816149538,0.01877106069315816,0.008811366193373785,-0.017753738869499325,0.999803562997232,162,146,150,89,162,146,89,89,221218_050457
0,0,0,0,0.018756648034434352,0.4871824934021779,-0.0038835908011040088,0.9908890191654272,0.13459557863797475,-0.004793944981570696,-0.13448765617810002,0.9907462816053881,0.018299612586597642,0.007212630109655897,-0.01748815874262329,0.9998210551247132,118,162,154,162,118,162,162,162,221218_050457
0,0,0,0,0.018788397053863086,0.4876824303729058,-0.0036779906847014265,0.9912778515215862,0.1316207970069153,-0.006647321115512332,-0.1314764759947641,0.9911408391282075,0.01880886153470462,0.009064068774374158,-0.017770841496616074,0.9998010001244025,85,146,146,93,85,146,93,93,221218_050457
0,0,0,0,0.018771409535207652,0.4873291950464612,-0.003817883328647298,0.9908932934888515,0.13454300269167915,-0.00535362919190636,-0.1344233296303766,0.9907502550180197,0.018555339738532024,0.007800600611539552,-0.01766670904373617,0.9998135016200088,70,112,162,137,70,112,137,137,221218_050457
0,0,0,0,0.018755388887634276,0.4872263236981559,-0.003862333976878296,0.9909901887412323,0.13380354398319264,-0.005920932034246855,-0.13367822905646334,0.9908605145038704,0.01804361032203873,0.008281116769136851,-0.01708954108990869,0.9998196690855768,117,86,155,162,117,86,162,162,221218_050457
0,0,0,0,0.018783092831164368,0.48760608306542064,-0.0037129279901360057,0.9909890340847706,0.1337805778229642,-0.0065947949997300125,-0.1336409869890704,0.9908598208063141,0.018354893305769983,0.00899004562401172,-0.017308163075059606,0.9998097851944865,150,89,162,146,150,89,146,146,221218_050457
0,0,0,0,0.018787891536425565,0.48736300466500826,-0.0038062809757174465,0.9909046039243167,0.13440591227960244,-0.006566328188573812,-0.1342672330001636,0.9907761870353571,0.018299107796822072,0.008965269882832642,-0.017251027446727685,0.9998109951325603,154,162,118,162,154,162,162,162,221218_050458
0,0,0,0,0.01876613119125902,0.487345323600736,-0.0038107685212077635,0.991169646910159,0.1324295987357528,-0.006718066885521117,-0.1322860000851526,0.9910374347292243,0.018580020096579754,0.009118400378458543,-0.017527245762120457,0.9998048061649496,162,134,85,146,162,134,146,146,221218_050458
0,0,0,0,0.018749162656956593,0.4872486832269186,-0.003860953584344684,0.9910416667638229,0.13346631689644972,-0.004812171243866767,-0.133357507769868,0.9908971618569052,0.01840080827955895,0.007224254936907513,-0.017594228543132324,0.9998191102707426,162,154,70,112,162,154,112,112,221218_050458
0,0,0,0,0.018767405354317167,0.48691558184573724,-0.00402772581882016,0.990651163131933,0.13629913160050683,-0.005728848950393129,-0.13617832344728442,0.9905234727749436,0.017852565780652176,0.008107848570090377,-0.016905520010145225,0.999824217642657,160,162,117,86,160,162,86,86,221218_050458
0,0,0,0,0.018803674696368324,0.4882185795003048,-0.00345239167244904,0.9910439757749278,0.13339909784381404,-0.0060430765907271144,-0.13327016735608424,0.9909120385378284,0.018231685980359357,0.008420247805509373,-0.0172630407304635,0.9998155264105635,154,162,150,89,154,162,89,89,221218_050458
