0,0,0,0,0,0,0,1,0,0,0,1,0,0,0,1,162,162,83,96,162,162,96,96,221218_074041
0,0,0,0,0.00047954261833683953,-0.00042373647527460534,-0.0005171934588422689,0.9999829992106438,-0.0005382181383794626,-0.005806170073330974,0.0005688462365417671,0.9999859266993496,0.005274733851409594,0.005803249403919987,-0.005277946994765099,0.999969232312613,151,162,136,85,151,162,85,85,221218_074041
0,0,0,0,0.001172078872858029,-0.0003488406579102987,-0.003605995529540662,0.9999760027630774,-0.0024608017268246294,-0.006475982770168913,0.002467270539715203,0.9999964651487302,0.0009910934001427674,0.006473520994182504,-0.0010070476181444172,0.999978539460239,78,154,162,92,78,154,92,92,221218_074041
0,0,0,0,0.004137474760418217,0.0006835111450405051,-0.0041841601985722066,0.9995679312300751,-0.004164168494347899,-0.029096572945607135,0.0036882549459484573,0.9998588574177334,-0.016390912688389117,0.029160720702377036,0.016276515107828772,0.9994422081461554,78,154,162,103,78,154,103,103,221218_074041
0,0,0,0,-0.005117851528034775,-0.01462766519977976,-0.0007036785669820578,0.9990670266671922,-0.01663311037794355,0.03985493527194748,0.015954387455799832,0.9997232561577931,0.017287817044642165,-0.04013145583312664,-0.016635826893003334,0.9990559121071753,87,128,162,162,87,128,162,162,221218_074041
0,0,0,0,-0.0010599387523877457,-0.0070436978690574525,-0.0034192988228956,0.9998498074104427,-0.012332562718544512,0.012176638209815526,0.012248069069722122,0.999900561891055,0.006989358626861146,-0.01226162409156678,-0.006839168571159445,0.999901434316349,100,92,162,162,100,92,162,162,221218_074041
0,0,0,0,-0.0014892444512076553,-0.0120626722448125,-0.003950072562867668,0.9999148444953563,0.012783514134196419,0.002624028240846836,-0.012761260287345172,0.9998838803814997,-0.008329225000809478,-0.0027302003052132864,0.00829502981406877,0.9999618685163337,130,156,151,162,130,156,162,162,221218_074042
0,0,0,0,0.0018011071592032857,-0.013035937390542762,-0.005052315763183934,0.9996817310714503,0.014401032072632299,-0.02071344580776917,-0.014280625501039501,0.9998803282675869,0.00594919144100395,0.02079664149057326,-0.0056514970358018755,0.9997677531726891,162,107,78,154,162,107,154,154,221218_074042
0,0,0,0,-0.0021004464923290583,-0.009170200086083491,-0.005350814873036569,0.999848588362966,0.016832193400796506,0.004413344978842436,-0.016775454251672574,0.9997799803703594,-0.01259265600636308,-0.0046243359776435,0.012516713464913207,0.9999109697372078,162,103,78,154,162,103,154,154,221218_074042
0,0,0,0,0.0009088758577217582,-0.011026133275897076,-0.004191555653447809,0.9997761312473281,0.01940322161110679,-0.00843815022597256,-0.019453893160113915,0.9997929609121563,-0.005965010596680961,0.008320662776526712,0.006127830090163568,0.9999466067092511,162,146,87,128,162,146,128,128,221218_074042
0,0,0,0,0.0008493906616943714,-0.011112871751122522,-0.004236614091102486,0.9998224051047782,0.01856881922713278,-0.0032182608667945573,-0.018582412536040385,0.9998183133888363,-0.004246664178208275,0.003138820612440326,0.004305713043403304,0.9999858042194152,162,90,100,92,162,90,92,92,221218_074042
0,0,0,0,-0.0018831451039167946,-0.018475305035898892,-0.0038525187542081674,0.9998143574978879,0.01388067748793355,0.013363283038284015,-0.01388668770570714,0.9999035115489571,0.00035706670123805494,-0.013357037308081191,-0.0005425721527579447,0.9999106435926212,152,162,130,156,152,162,156,156,221218_074042
0,0,0,0,-0.007303750125675135,-0.017315443032307143,-0.0029804991033950956,0.9987974184942157,0.020504614407409465,0.044534004954576066,-0.021583857056726538,0.9994815685722345,0.023889981141498318,-0.044021062275296646,-0.024822467089106934,0.9987221791888699,129,154,162,107,129,154,107,107,221218_074042
0,0,0,0,0.0020069360523257,-0.016132146387390467,-0.00447740714789574,0.9996996785320794,0.018062928603508735,-0.01656150213966391,-0.01820040438791634,0.9998008302329543,-0.008188110014639448,0.016410302342548755,0.008487076985633663,0.9998293211850042,116,154,162,103,116,154,103,103,221218_074043
0,0,0,0,-0.006163071860897554,-0.024092049698404394,-0.003947696831497205,0.9993337966626805,0.020203493284138424,0.030393777436677052,-0.020717667987030914,0.9996459087213369,0.0166983654850358,-0.03004564995022805,-0.017316929168026757,0.9993985105468478,77,128,162,146,77,128,146,146,221218_074043
0,0,0,0,-0.004824553960486408,-0.022137582571855607,-0.003811338721078028,0.9991199266200609,0.023372929434600467,0.034829275047993026,-0.023618732602922084,0.999698836789963,0.006662671463208813,-0.03466305960176082,-0.007479431157527243,0.9993710674262111,140,82,162,90,140,82,90,90,221218_074043
0,0,0,0,0.0010054655334257034,-0.025812163748965444,-0.004276614595887962,0.9995048628244505,0.03145684650073174,-0.0007042716141571553,-0.03144399451699627,0.999408416221208,0.013931719026462336,0.0011421029254011985,-0.013902675801679115,0.9999027008696704,137,81,152,162,137,81,162,162,221218_074043
0,0,0,0,-0.004280707600581121,-0.022349248150928758,-0.003015202409246187,0.9993717494977057,0.012746553874136566,0.03307010236194145,-0.013103590963847075,0.9998579346161526,0.010602192649333859,-0.032930262825366804,-0.011028868910960238,0.9993967989946723,162,108,129,154,162,108,154,154,221218_074043
0,0,0,0,0.000564055423955101,-0.02651894124274623,-0.003216079724764176,0.9993522312722323,0.03289686273070616,-0.014591582288722022,-0.032817221383648044,0.9994453186421844,0.005664364472607809,0.014769828430557555,-0.005181840088133405,0.9998774928467152,162,120,116,154,162,120,154,154,221218_074043
0,0,0,0,0.0011645287489187028,-0.02345109024047287,-0.005117443300086899,0.99949739018316,0.03161620350243093,0.002320063176589872,-0.03160116013256744,0.9994809732618478,-0.006257057281608317,-0.002516683398108763,0.0061805957352325195,0.9999777330226066,162,143,77,128,162,143,128,128,221218_074043
0,0,0,0,0.0007110034394902931,-0.02445864061166425,-0.005492546344441018,0.9992762218243572,0.03781572637252692,-0.004123510077134894,-0.03781764473589317,0.9992845816028033,-0.000388223569873231,0.0041058790858749744,0.0005438840212879652,0.9999914229367689,162,90,140,82,162,90,82,82,221218_074043
0,0,0,0,-0.0047353109371962715,-0.03045410003225324,-0.004121788950861516,0.9989192806304925,0.038130422670042595,0.026577088848525433,-0.03852868575072195,0.9991502796263507,0.014637591909436396,-0.02599636818828014,-0.01564575308475125,0.9995395936387066,162,162,137,81,162,162,81,81,221218_074044
0,0,0,0,-0.0059164615389218495,-0.029132193457959477,-0.003874334809731872,0.9986179999877689,0.03922943002687265,0.03497344592966502,-0.040065991156477514,0.9989195051939964,0.023548641056971166,-0.03401185753641753,-0.02491734261007224,0.999110764422131,132,154,162,108,132,154,108,108,221218_074044
0,0,0,0,-0.0018254659429147307,-0.030034861142962166,-0.005373048948301151,0.9991962300317607,0.03556083135282087,0.018501923246329786,-0.035578839225029454,0.9993666645699288,0.0006449385825730343,-0.01846727077064561,-0.0013026971528440055,0.9998286167590984,128,154,162,120,128,154,120,120,221218_074044
0,0,0,0,-0.0027965054833653386,-0.033089230817582416,-0.00503441886337741,0.9989695643513669,0.04237866255493586,0.016243720623539258,-0.04244132866882027,0.9990927155991858,0.0035325992512490944,-0.016079276117595787,-0.004218364220836729,0.9998618215947815,69,128,162,143,69,128,143,143,221218_074044
0,0,0,0,-0.002408695615921455,-0.03287880583180447,-0.0048327733483651825,0.9991001776440482,0.03829994453973653,0.018219475291157916,-0.038367497674510365,0.9992580049620612,0.003372631233571949,-0.018076784941699228,-0.004068632140454206,0.9998283233028946,18,82,162,90,18,82,90,90,221218_074044
0,0,0,0,0.001068895911695164,-0.03668503645264676,-0.004881707121144885,0.9990664481158722,0.04030266161047636,-0.015554025724752714,-0.04004603863397589,0.9990620537202876,0.016472024949219836,0.016203303331757415,-0.015833770344205796,0.9997433394015818,140,92,162,162,140,92,162,162,221218_074044
0,0,0,0,-0.004714364067579954,-0.03549482632343137,-0.0027036926415808793,0.9995147017396363,0.02122918074473738,0.022796554371940295,-0.02156033096585298,0.9996641256190608,0.014380127917449498,-0.022483619258661006,-0.014864650523527345,0.9996366985209401,162,110,132,154,162,110,154,154,221218_074044
0,0,0,0,0.0019720273558949952,-0.03939902494564007,-0.004620758121213708,0.9987702990056537,0.04328241715093201,-0.024176893715505507,-0.043016352236203405,0.9990091099063291,0.011418921334983437,0.02464717558766156,-0.010364877700020418,0.9996424791123146,162,122,128,154,162,122,154,154,221218_074044
0,0,0,0,-0.0016796262788458943,-0.035261421815324545,-0.005338724776716097,0.9988097093347886,0.048422238082974606,-0.005869531292243886,-0.04846969012456341,0.9987907356492326,-0.008231374155877087,0.005463851918170623,0.00850607079096877,0.9999488952351093,162,136,69,128,162,136,128,128,221218_074045
0,0,0,0,-0.0003269420404433676,-0.03532643197194807,-0.005966430257240585,0.9987513636948429,0.04949279516620455,-0.0067953472558705385,-0.049528460538083484,0.9987592567774433,-0.005184457357933662,0.006530322688753797,0.005514546944658633,0.9999634716616282,162,162,18,82,162,162,82,82,221218_074045
0,0,0,0,-0.004402208896910023,-0.04129444133267468,-0.0045956305191448,0.9984253396862548,0.05216234290239127,0.02063809718265567,-0.05240048706072887,0.9985636642721736,0.011171273478336071,-0.020025734148484492,-0.012235128861713877,0.9997245978736101,162,138,140,92,162,138,92,92,221218_074045
0,0,0,0,-0.0036804986458870426,-0.04162800803117628,-0.006051372188701554,0.9987201227678781,0.044998188253091376,0.02309284374984184,-0.04512335527796881,0.9989692688529643,0.004927747541428287,-0.022847301524982367,-0.005963467222447147,0.9997211800655788,135,154,162,110,135,154,110,110,221218_074045
0,0,0,0,-0.001243928644902248,-0.03872200653639768,-0.005532871051001587,0.9988041059611492,0.04864633754669445,-0.004887919643643339,-0.04864276778047609,0.9988158811018024,0.0008466412962594643,0.0049233177638992815,-0.000607866862825079,0.9999876956443379,111,154,162,122,111,154,122,122,221218_074045
0,0,0,0,-0.004367385103635019,-0.045073824411443475,-0.004078602436040302,0.9985979608029119,0.05238039061138519,0.007642470782786167,-0.052369127452119114,0.9986264050103892,-0.001666645111986714,-0.007719272645187059,0.0012640788837388678,0.9999694069992366,53,130,162,136,53,130,136,136,221218_074045
0,0,0,0,-0.0052706031102876805,-0.04865729892292969,-0.00332219796249833,0.9983235400132827,0.053817878537028685,0.021301300550001862,-0.05380010193522169,0.9985507343086707,-0.001407140140033641,-0.0213461586030749,0.0002587689849499397,0.9997721113091247,82,162,162,162,82,162,162,162,221218_074045
0,0,0,0,-0.0012996795357920754,-0.047082032370607596,-0.006301786980235646,0.9984360101273514,0.055900158685634936,-0.0008402022946324381,-0.05589489233596471,0.9984223340581865,0.0053482580859509935,0.001137845211784375,-0.00529293044766961,0.9999853449903905,138,90,162,138,138,90,138,138,221218_074045
0,0,0,0,-0.0026402651248582654,-0.04991297616699064,-0.0048968771920639975,0.9981007569803038,0.06146433862452351,-0.0041248021522685184,-0.06143102735321907,0.9980811049981885,0.007767671718255244,0.0045943218948500866,-0.00749952818812278,0.9999613238937205,162,112,135,154,162,112,154,154,221218_074046
0,0,0,0,-0.0027396781543837373,-0.051015299441347084,-0.0037522909993729092,0.9982056623683189,0.05964401883721633,-0.005295907171666303,-0.05963177796441105,0.9982174597553735,0.0024401017055743577,0.005432004476093102,-0.002119918978677548,0.9999829994909394,162,124,111,154,162,124,154,154,221218_074046
0,0,0,0,-0.0019147008581877761,-0.049101960180416904,-0.004779891136072634,0.9983970822337807,0.05651563470415818,-0.0030412532053531267,-0.05654921231062301,0.998322753868582,-0.012404261175058422,0.002335117581835271,0.012556358637643913,0.9999184392157402,162,162,53,130,162,162,130,130,221218_074046
0,0,0,0,-0.001520564746927494,-0.04943599239138896,-0.005228135730407035,0.9984852217464093,0.053791185908401894,-0.011565909933584266,-0.05387966123549196,0.9985194273448479,-0.007478991915087815,0.011146481919092793,0.00809083020987772,0.9999051427047179,162,162,82,162,162,162,162,162,221218_074046
0,0,0,0,-0.0033408072978080433,-0.053714890715906405,-0.006006345572962868,0.9988196698945684,0.04842103754664583,0.003830163783987928,-0.0483952389282264,0.9988066973950683,-0.0065636946788214905,-0.0041434141460550905,0.006370585660928763,0.9999711234618484,162,162,138,90,162,162,90,90,221218_074046
0,0,0,0,-0.002398273380930474,-0.05231331161663999,-0.006736311734659772,0.9987911370082594,0.04914372182741576,0.0010766794776097643,-0.04913394441788357,0.998762152540103,-0.0077471387879340945,-0.0014560699462058905,0.007684872048952251,0.9999694108331029,137,154,162,112,137,154,112,112,221218_074046
0,0,0,0,-0.0014389915768929784,-0.054610166577129804,-0.004375664519877087,0.9985493590394037,0.05343239022333697,-0.00664509119706854,-0.05357191984527681,0.9982996597843838,-0.022974740008845838,0.0054061970078373815,0.023297402202903248,0.9997139611331376,82,156,162,124,82,156,124,124,221218_074046
0,0,0,0,-0.007172770361139058,-0.05986355890336725,-0.004183010485840244,0.9981474029007743,0.05531640169863561,0.02533491238499491,-0.05540729552666066,0.9984596263583625,0.0028993334994452153,-0.025135506457230238,-0.004297701180272111,0.9996748151672643,102,126,162,162,102,126,162,162,221218_074047
0,0,0,0,-0.0073037392427190845,-0.06345860148011895,-0.0033530334990710675,0.9979858888304088,0.05913063377454892,0.022972458396926913,-0.05906681239619213,0.9982480787832498,-0.003447445271992953,-0.023136062083496438,0.002083591843553067,0.9997301542297793,58,162,162,162,58,162,162,162,221218_074047
0,0,0,0,-0.0031503734348195533,-0.06643571785121061,-0.0051565837880696574,0.9978341862944982,0.06503546807001341,-0.009865320821472972,-0.06498689072956942,0.9978727377115388,0.005167529910970119,0.010180407423051666,-0.004515221477628271,0.9999379841168694,141,86,162,162,141,86,162,162,221218_074047
0,0,0,0,-0.004256014842726974,-0.0644911912417282,-0.005541591155081627,0.9981901142525219,0.0598409459648834,-0.005962968603390579,-0.05987145241448527,0.9981931901535305,-0.00507585627238248,0.005648450612082676,0.005423681143445644,0.9999693388742164,162,112,137,154,162,112,154,154,221218_074047
0,0,0,0,-0.004548967911450888,-0.06446640240504242,-0.005478077251743929,0.9976581736758824,0.06833472234710895,-0.0029213386394803817,-0.0683559874903098,0.997629443631747,-0.007934240558277416,0.0023722293159797038,0.008115350932371571,0.9999642561648477,162,125,82,156,162,125,156,156,221218_074047
0,0,0,0,-0.0034547935861054674,-0.06818290076479983,-0.0031138418771586296,0.9976412556944143,0.06807735281610053,-0.008797668442502552,-0.0681417400841069,0.9976493913200802,-0.007238456809548584,0.00828421358863082,0.007820871577122726,0.9999351007805418,162,162,102,126,162,162,126,126,221218_074047
0,0,0,0,-0.0038286700953038544,-0.06506148299300862,-0.005863209253132939,0.9968005170234835,0.07971656478341003,-0.005830828487371358,-0.07975545124747274,0.9967914592763343,-0.006771610596318941,0.005272310501927448,0.007214985300649233,0.9999600725674415,162,162,58,162,162,162,162,162,221218_074047
0,0,0,0,-0.001715877703514418,-0.06670784955561626,-0.005505031028577634,0.9969622709927279,0.0753312188763611,-0.019784784042889914,-0.07561085031893637,0.9970420867423472,-0.013786826266850615,0.01868768394075121,0.0152408899696405,0.9997092005887831,152,162,141,86,152,162,86,86,221218_074047
0,0,0,0,-0.004058760447834764,-0.0684012019824487,-0.006331242539206472,0.9971688669720099,0.07436530560368766,-0.011137866233195156,-0.07440265041045857,0.9972238397228603,-0.0029764240783749507,0.010885603045191965,0.0037966841935280905,0.9999335422094197,124,162,162,112,124,162,112,112,221218_074048
0,0,0,0,-0.004900081793060507,-0.06890468432581842,-0.006962733300369006,0.9978189229704432,0.06599338185744676,-0.0015068221933652079,-0.06600292854106268,0.9977908580156128,-0.007550965797240684,0.001005179639945022,0.00763395123674214,0.9999703557618128,80,156,162,125,80,156,125,125,221218_074048
0,0,0,0,-0.00661544314226023,-0.07899890002352028,-0.0027913559351521733,0.9982942471827011,0.057746246790894296,0.008600408332655362,-0.05764811590691639,0.9982735573151373,-0.0112516442248787,-0.009235300444815756,0.010736654364634838,0.9998997117105037,88,120,162,162,88,120,162,162,221218_074048
0,0,0,0,-0.008524134886588028,-0.07973094340247155,-0.003583522453850241,0.9979026884654617,0.062165529263567026,0.01804636597170285,-0.06208533956914862,0.9980584659297675,-0.004970834588188887,-0.018320342900381283,0.003839994440128595,0.9998247943908536,114,98,162,162,114,98,162,162,221218_074048
0,0,0,0,-0.004589825032732406,-0.0869856268818947,-0.0034158287898914397,0.9977357804466256,0.06580161720000326,-0.013908975175307241,-0.06577938973828104,0.9978320846600552,0.0020500508841380556,0.014013718358180386,-0.0011304852199246495,0.9999011639661918,138,156,152,162,138,156,162,162,221218_074048
0,0,0,0,-0.0032444278685265088,-0.08015030183484229,-0.007361445840292968,0.9976572224195156,0.06687610286435841,-0.014410184587757668,-0.06682207849040997,0.9977560714811793,0.004199005675720485,0.014658662299097274,-0.003226249853779102,0.999887351120856,154,128,124,162,154,128,162,162,221218_074048
0,0,0,0,-0.00787526159028587,-0.08042058454928203,-0.005350519815054078,0.9973697842581367,0.07134046615764819,0.012808252702333453,-0.07112663239759427,0.9973318115164195,-0.016439583363170956,-0.013946885410544407,0.015485335830605037,0.9997828207973763,162,143,80,156,162,143,156,156,221218_074048
0,0,0,0,-0.005501698821344186,-0.08466426459577148,-0.005564388525150565,0.9971749140320597,0.07504161150512359,-0.003308680683880063,-0.07508192603494465,0.9970722544002785,-0.014478393834559027,0.002212511703215916,0.014685913245678629,0.9998897082899211,162,151,88,120,162,151,120,120,221218_074048
0,0,0,0,-0.00603596329634537,-0.08750164667899818,-0.004471226044617416,0.9974196407497437,0.07087518466685742,-0.011435403145090763,-0.0709120993462361,0.99747848230927,-0.0028550825390764485,0.011204214071563634,0.0036586238443253177,0.999930537616791,162,162,114,98,162,162,98,98,221218_074049
0,0,0,0,-0.008097109654213216,-0.08690884183985248,-0.006094350622790956,0.9970573106417435,0.07665449180208413,0.0008989896655965961,-0.07665086480964663,0.9970516964548061,-0.0035439413830755137,-0.0011679981968744908,0.0034646043291581786,0.9999933161261901,160,162,138,156,160,162,156,156,221218_074049
0,0,0,0,-0.006848575110880661,-0.08706304284651434,-0.006291938485775139,0.9973758693943459,0.0723503982441648,-0.0026067266413086995,-0.07236554571553845,0.9973584028020619,-0.006280458057575325,0.002145447077895902,0.006452614511298448,0.9999768801441385,123,162,154,128,123,162,128,128,221218_074049
0,0,0,0,-0.004479910512783666,-0.0845059461477482,-0.007101047107988034,0.9974177695958261,0.07049954690671023,-0.01369696245292455,-0.07077074873637626,0.9972831208281229,-0.020442065321626176,0.012218593117906188,0.02135862348723613,0.9996972117521133,79,156,162,143,79,156,143,143,221218_074049
0,0,0,0,-0.009212956550727402,-0.09007925214767365,-0.007265337650506742,0.9975980893661249,0.06655584110662618,0.01919302236874842,-0.0666255341069731,0.9977734978180901,0.0030141759759896966,-0.018949678045241534,-0.004285681561105651,0.9998112535051497,72,122,162,151,72,122,151,151,221218_074049
0,0,0,0,-0.009592652663822823,-0.09476838134635424,-0.004851804611751276,0.9979277774197386,0.06380609261577963,0.008302626042867894,-0.0637097875360377,0.9979034835147107,-0.011388615425850334,-0.009011882501125171,0.010836057138624287,0.9999006779873061,108,85,162,162,108,85,162,162,221218_074049
0,0,0,0,-0.0052688669027127905,-0.09844312542520939,-0.004885052665806022,0.9976999779856345,0.06623064196907663,-0.01443107729274148,-0.06616496461202467,0.9977962577916161,0.004982508899730353,0.014729269681644818,-0.0040162173011871,0.9998834525149595,145,86,160,162,145,86,162,162,221218_074049
0,0,0,0,-0.005787319578325262,-0.09532573972119196,-0.006500173449736135,0.997354090287526,0.07045586115023517,-0.01791061741874128,-0.07040485171048616,0.9975124864587064,0.0034635551957735815,0.01811009227933888,-0.002193396578031608,0.9998335929388877,154,127,123,162,154,127,162,162,221218_074049
0,0,0,0,-0.009179951917383411,-0.09671955839230006,-0.004547898955802432,0.9973206459192355,0.0726498124700994,0.0085751951172566,-0.07252272947972543,0.9972642108894053,-0.014302006430654095,-0.009590773276966714,0.01364178973563631,0.9998609496528797,162,162,79,156,162,162,156,156,221218_074050
0,0,0,0,-0.00813292956256026,-0.09723846911261702,-0.0066905675476496285,0.9965440904251458,0.0828576952609997,-0.005871811879979501,-0.08291043732854446,0.9965127277206385,-0.00939376776175106,0.005072989326625076,0.009848138240678912,0.9999386375935698,162,152,72,122,162,152,122,122,221218_074050
0,0,0,0,-0.008841296933171844,-0.10047428998160812,-0.006918327131391733,0.9960016025575671,0.08914464129594843,-0.00583443493199344,-0.08916054160838113,0.9960140701479921,-0.0025238635719615882,0.005586190370826065,0.003033973540825194,0.9999797945367167,162,162,108,85,162,162,85,85,221218_074050
0,0,0,0,-0.011149732743539309,-0.10012629287462926,-0.0073515801101552425,0.9963380432949307,0.08318789258460237,0.019755455210174813,-0.08327680301939776,0.9965195111975993,0.0037199302904422746,-0.019377243408105906,-0.005351479218869517,0.999797921636204,160,162,145,86,160,162,86,86,221218_074050
0,0,0,0,-0.006773164463804687,-0.09911230207711841,-0.007355441790331263,0.9967124093314579,0.08065132917164355,-0.007728918910720221,-0.08072838368169778,0.996683556984255,-0.010237934623422625,0.006877583356228137,0.01082821961635876,0.9999177208686313,123,162,154,127,123,162,127,127,221218_074050
0,0,0,0,-0.007029659889638579,-0.09954975678434053,-0.006970203084821769,0.996682226117031,0.08089425312400697,-0.008981088681789267,-0.08098808826927496,0.9966584046586487,-0.010627981076662366,0.008091334926277286,0.011320081041532572,0.999903188345914,105,153,162,162,105,153,162,162,221218_074050
0,0,0,0,-0.012518276645179155,-0.10535497677335148,-0.007001007024609152,0.996469801511657,0.08067106139958959,0.02324036419642875,-0.08075463392834377,0.9967304117482658,0.0026786928214433525,-0.02294828478161675,-0.0045460036071382805,0.9997263175873614,70,120,162,152,70,120,152,152,221218_074050
0,0,0,0,-0.010124044288871939,-0.11110291526821181,-0.005048304525888503,0.9962065118720008,0.08607968178967887,-0.012762213241029994,-0.0861332770077489,0.9962767155359897,-0.0037100771861178863,0.012395333627147107,0.004795254300679636,0.999911676719731,112,88,162,162,112,88,162,162,221218_074051
0,0,0,0,-0.009476655149220858,-0.10823154466161944,-0.006696443324663903,0.9964139474951098,0.08402983060907813,-0.009911246390938818,-0.08402092799324365,0.9964631264685548,0.0013119632871345713,0.00998643561869835,-0.00047450639856634494,0.9999500217247418,138,147,160,162,138,147,162,162,221218_074051
0,0,0,0,-0.010167530699381006,-0.10762143843771244,-0.007196258664456001,0.9962944462994349,0.08597298352329334,-0.0024540531791528287,-0.08598866712016702,0.9962699025910678,-0.007227054592360315,0.0018235678763569953,0.00741129511538856,0.999970873228272,154,162,123,162,154,162,162,162,221218_074051
0,0,0,0,-0.009970153972285414,-0.10715230247468599,-0.00735489802721373,0.9960848384070112,0.08829737292606982,-0.0043091333272957735,-0.08833408732299464,0.9960480391131028,-0.009240822244580392,0.00347616347305666,0.009585286291860281,0.9999480179360384,162,162,105,153,162,162,153,153,221218_074051
0,0,0,0,-0.010162843505911748,-0.10644288225567045,-0.007407308462683393,0.9964709371650677,0.0839381227641869,0.00025086290128369576,-0.0839341007823199,0.9964448798243846,-0.007257285830919309,-0.0008591340025325132,0.007210618461171809,0.9999736340875058,162,146,70,120,162,146,120,120,221218_074051
0,0,0,0,-0.010112324299348427,-0.10559186979047563,-0.006913408399628063,0.9970580831376361,0.07659112122072564,0.0029964979651698246,-0.07658065171439861,0.9970573680030005,-0.00346535624816618,-0.0032530958948548344,0.003225687691151615,0.9999895060979479,162,106,112,88,162,106,88,88,221218_074051
0,0,0,0,-0.013748706545775188,-0.10744228132484046,-0.005333187068269629,0.9964216158145248,0.07967608813448462,0.028207880408801626,-0.07994451397828985,0.9967629208241168,0.008517884417537617,-0.027437897556963353,-0.010742469444283765,0.9995657862931746,124,162,138,147,124,162,147,147,221218_074051
0,0,0,0,-0.013618702845396818,-0.10836139361775776,-0.0031556649591927832,0.9959544428469134,0.08795560191782495,0.018399996325217372,-0.08803561609911906,0.9961108829045173,0.0035831909286647566,-0.018013274870034898,-0.00518854993768492,0.9998242850011201,122,162,154,162,122,162,162,162,221218_074051
0,0,0,0,-0.009065143560182232,-0.10929163573346057,-0.006852878963156783,0.9966444866719405,0.0816757210583524,-0.00537064018743853,-0.08172758200164863,0.9966017506062382,-0.010273900366719548,0.00451326119214399,0.010678355593427636,0.9999327993396516,97,149,162,162,97,149,162,162,221218_074052
0,0,0,0,-0.010496277145125327,-0.10996325752207414,-0.00746970940659103,0.9969020203584321,0.07860093227621756,-0.0028731951876817302,-0.07862630970433017,0.9968523432608954,-0.010164111251844936,0.0020652427353322566,0.01035853177677915,0.9999442162400228,44,122,162,146,44,122,146,146,221218_074052
0,0,0,0,-0.009536280467760339,-0.11156004263594732,-0.00653090549883889,0.997004002494184,0.07518398670077428,-0.018176555073911367,-0.07526382396223602,0.9971566125303991,-0.0037479180194088142,0.01784308866644692,0.005104726307692888,0.9998277681461767,111,80,162,106,111,80,106,106,221218_074052
0,0,0,0,-0.009051187090248866,-0.11352826522976911,-0.0043814419775778934,0.9977586350146008,0.06610693813348449,-0.010372028944069404,-0.06606712625093145,0.9978066105018314,0.004135561363265599,0.010622668343897437,-0.003441041915105274,0.9999376571305804,146,90,124,162,146,90,162,162,221218_074052
0,0,0,0,-0.013064836964604629,-0.11053298758193009,-0.003010363352526191,0.9978923918130609,0.0606149900640717,0.023164570817142596,-0.060576176094758905,0.9981607534562881,-0.0023742681634488652,-0.023265881701467487,0.0009660430154505052,0.999728845992525,154,162,122,162,154,162,162,162,221218_074052
0,0,0,0,-0.010312551173408027,-0.11465723971656372,-0.0045731946346666,0.9971698687289201,0.07512229319092717,-0.0029822751188192218,-0.0751624877808167,0.9970247532195528,-0.017095084032795055,0.0016891801995383919,0.017270857918069333,0.9998494207314558,146,162,97,149,146,162,149,149,221218_074052
0,0,0,0,-0.010144240515516517,-0.11410796878814022,-0.004960302584467391,0.9973513749659384,0.07266639765591132,-0.0031352041823741175,-0.07270789790385365,0.9972215105751767,-0.016211737370365405,0.0019484444962605686,0.01639675266252028,0.9998636657395693,114,18,44,122,114,18,122,122,221218_074052
0,0,0,0,-0.01204563574847968,-0.11684988133938157,-0.004827416874397861,0.9979691645310566,0.06369596156619133,0.0006092005773469011,-0.06368655226883922,0.9979185836578446,-0.010125386433570777,-0.001252878802425029,0.010066025555252843,0.9999485513886339,162,162,111,80,162,162,80,80,221218_074052
0,0,0,0,-0.009088658612186037,-0.10977130508700317,-0.004687404385110061,0.9979259640830191,0.0641587839231056,-0.005236473477946229,-0.06417279805763264,0.9979355349628345,-0.0025534384457372586,0.005061837456031937,0.002884181677723441,0.9999830295048107,162,162,146,90,162,162,90,90,221218_074053
0,0,0,0,-0.011415872474892036,-0.11219465128646888,-0.0070014655886646016,0.9985104019896051,0.05429921279261606,0.005345335224267086,-0.05429185289618481,0.9985239640375928,-0.0015125976827574867,-0.005419578180690577,0.0012201363665812757,0.9999845696007466,120,162,154,162,120,162,162,162,221218_074053
0,0,0,0,-0.009082929821271693,-0.11086933497099938,-0.007898234088122513,0.9977550220107942,0.06549669917881891,-0.013967764635709238,-0.06570223170576261,0.9977294890196359,-0.014801469166882521,0.012966603299304855,0.015685953502901594,0.999792887583015,96,148,146,162,96,148,162,162,221218_074053
0,0,0,0,-0.012596018021540076,-0.11859704574334251,-0.007257718640228117,0.9981482139789289,0.060225214994384796,0.008547889187068761,-0.06018168345991122,0.9981735708276847,-0.005261889113211878,-0.00884917547601555,0.004737718859201042,0.9999496217877208,100,116,114,18,100,116,18,18,221218_074053
0,0,0,0,-0.011965732656998254,-0.11918278739034693,-0.006122878621494132,0.9976332392136331,0.06865566143642203,0.003784199894623449,-0.06859229926902108,0.9975335633431458,-0.014895854621839342,-0.0047975511570096325,0.014601032725574944,0.9998818896980997,114,90,162,162,114,90,162,162,221218_074053
0,0,0,0,-0.012050239279711036,-0.11731857492651643,-0.0034507548548232125,0.9981465928677665,0.06085190558760024,0.0006517152970420092,-0.060845038012206726,0.9981170567032785,-0.0077603136069152095,-0.0011227180250302214,0.007706276944306114,0.9999696759401728,148,92,162,162,148,92,162,162,221218_074053
0,0,0,0,-0.013603838885554331,-0.12036249254421294,-0.004650448418364539,0.9980597902703595,0.06217387217032703,0.0033263590957057503,-0.06215468066272254,0.9980508657330951,-0.005591518678678901,-0.0036675219427744436,0.005373921172371582,0.9999788349030356,154,162,120,162,154,162,162,162,221218_074053
0,0,0,0,-0.009174416737421476,-0.11948356700509455,-0.007398453668966687,0.997546238357854,0.06734924070100456,-0.01912020175350812,-0.06737410151270087,0.9977275665434382,-0.0006583347673689301,0.019032414020637906,0.0019449257846531648,0.9998169754911344,146,162,96,148,146,162,148,148,221218_074053
0,0,0,0,-0.011926010821675687,-0.12287191971830591,-0.006845897689308822,0.9969895036752561,0.07690308194329146,-0.009891690906503771,-0.07702566518113751,0.9969485581087344,-0.012673570464498306,0.008886870358550876,0.013397330799033012,0.9998707591797509,162,162,100,116,162,162,116,116,221218_074054
0,0,0,0,-0.01019299041610354,-0.12221149999262482,-0.007339816291918766,0.9965555281552225,0.08062583199041186,-0.019405012731743304,-0.08094912887222626,0.9965817484964882,-0.016494153464504346,0.018008826671744187,0.018008158693681463,0.9996756415869952,158,162,114,90,158,162,90,90,221218_074054
0,0,0,0,-0.009692556255596174,-0.11917599008801483,-0.008780172581093426,0.9967148022504024,0.07814114164863446,-0.02129706451109883,-0.07839183599505213,0.9968596980644713,-0.01120100103276349,0.02035492628988594,0.012833719517707107,0.9997104443883108,162,146,148,92,162,146,92,92,221218_074054
0,0,0,0,-0.012588958800405059,-0.12486319001323609,-0.005440950938941536,0.9971948421510197,0.07467802227242894,-0.005063573528856535,-0.07470696395773163,0.9971887216772912,-0.005789896011847519,0.004616960431031671,0.006151938644722504,0.9999704182261043,120,162,154,162,120,162,162,162,221218_074054
0,0,0,0,-0.015739129867658935,-0.12494987503464772,-0.005508957829003902,0.9971397866540092,0.07437834078974458,0.013420443098547345,-0.07438243855491597,0.9972297704666708,-0.0001942411271906191,-0.01339771272347896,-0.0008045597280311354,0.9999099229317726,93,148,146,162,93,148,162,162,221218_074054
0,0,0,0,-0.013022163797969291,-0.1330147225192726,-0.004553515953675813,0.9982375487524168,0.05887067551394194,-0.007485975240293602,-0.0589460188823387,0.9982082686041457,-0.010277127431178918,0.006867540949210689,0.010700282932983328,0.9999191671462576,88,112,162,162,88,112,162,162,221218_074054
0,0,0,0,-0.014844691205922134,-0.12936137621767352,-0.007244054454738802,0.9973015313524871,0.07282718169226637,0.009265914350274568,-0.07267888424879015,0.9972357986536027,-0.015444794205916594,-0.010365102331185852,0.014729680596461755,0.9998377874251356,117,93,158,162,117,93,162,162,221218_074054
0,0,0,0,-0.011836501043313769,-0.12974012540597246,-0.008256563088135715,0.9973605436963565,0.07084140691723831,-0.015919828632699667,-0.07080165019225043,0.9974857575966024,0.003047904523853636,0.01609572016911581,-0.0019127095750723915,0.9998686260376004,151,89,162,146,151,89,146,146,221218_074055
0,0,0,0,-0.013957300192522351,-0.13120834464868536,-0.006620148674763959,0.9976372008469747,0.06852127814568007,-0.004984970159967063,-0.06859362493578208,0.9975134812127657,-0.01617928975445529,0.0038639493245458956,0.016482998515795395,0.99985668005747,154,162,120,162,154,162,162,162,221218_074055
0,0,0,0,-0.014962770847471649,-0.13038174218081766,-0.006032541097859057,0.9977766449578427,0.06592098532418625,0.009807674064767664,-0.06580454903803033,0.9977632805589188,-0.01175573452433936,-0.0105606866525692,0.011084207783766816,0.9998827992496085,146,93,93,148,146,93,148,148,221218_074055
0,0,0,0,-0.013442724221929048,-0.13684529523487976,-0.005357151397716198,0.9967576151530004,0.07972350026036161,-0.010882101853009701,-0.07986357188016503,0.9967196087681572,-0.013108447032074836,0.009801353021132596,0.013935027925595115,0.9998548637055621,162,137,88,112,162,137,112,112,221218_074055
0,0,0,0,-0.013320116706849267,-0.13317407786802493,-0.006750186183462514,0.9968395453711513,0.07942545920032916,-0.0015865733684290973,-0.07942482665850958,0.9968407532035594,0.00045788953596222323,0.0016179290782545321,-0.00033042908209014445,0.9999986365601304,156,162,117,93,156,162,93,93,221218_074055
0,0,0,0,-0.013516831251288955,-0.13978803048756794,-0.005392275409905722,0.997402134952975,0.07074798239744691,-0.01355375143407703,-0.07092660846635558,0.9973943875702894,-0.013185289331223767,0.012585602993360546,0.014112357350150519,0.9998212060000106,162,146,151,89,162,146,89,89,221218_074055
0,0,0,0,-0.01649963334210755,-0.13854327866595972,-0.007640654099018096,0.9974406354379582,0.07042469185958629,0.012350771376892857,-0.07045677805117993,0.9975124471563568,0.002181787061682324,-0.012166396498910785,-0.00304639863085772,0.9999213460325833,119,162,154,162,119,162,162,162,221218_074055
0,0,0,0,-0.01634538344759391,-0.13662265143729324,-0.008355422760890796,0.9975384383446014,0.06899217611502759,0.012535695430556493,-0.06897244885857713,0.9976165607143973,-0.0019997716940984176,-0.012643785962504008,0.0011302315207859018,0.9999194253804873,85,147,146,93,85,147,93,93,221218_074055
0,0,0,0,-0.01511144439983976,-0.145097497993375,-0.007472432364767634,0.9985955351611405,0.052660431717199856,0.005816879541014374,-0.05262050992469653,0.9985913243886495,-0.006815334987192814,-0.006167583927393625,0.006499675921219424,0.9999598567549689,70,112,162,137,70,112,137,137,221218_074056
0,0,0,0,-0.016551404811153553,-0.14375336998375754,-0.00705872538106328,0.9981397235165567,0.0606264825618872,0.0064437528246493025,-0.06058629038547415,0.998143334806764,-0.0062597602317798155,-0.006811296177599528,0.005857712267222153,0.9999596459114616,117,86,156,162,117,86,162,162,221218_074056
0,0,0,0,-0.022697384769082965,-0.1447387549509499,-0.0066506032545508575,0.9962452248470367,0.07465811051015858,0.043836269281618004,-0.07374349413210705,0.9970317719764089,-0.022125612822475257,-0.045358009685891855,0.01880989645466269,0.9987936917865968,151,89,162,146,151,89,146,146,221218_074056
0,0,0,0,-0.016494181458937857,-0.1500783395322568,-0.0060663980036465,0.9963806582671159,0.08499339097821265,-0.0013066450221469487,-0.08499978132628798,0.9963626274924263,-0.006045801094229979,0.0007880391312878735,0.006134983815174074,0.9999808703009849,154,162,119,162,154,162,162,162,221218_074056
0,0,0,0,-0.018669981320685355,-0.1441684850632965,-0.008365844926110033,0.9972279459211928,0.07249110877867461,0.016776859713228995,-0.0723083198610313,0.9973187918444056,-0.011257633538614118,-0.017547955797578646,0.010013320231237686,0.9997958805002515,162,135,85,147,162,135,147,147,221218_074056
0,0,0,0,-0.016761930032107866,-0.15114389231023428,-0.006351700832859353,0.9974185211408602,0.07177550844340685,-0.002137772876067344,-0.07179603940579986,0.9973476379251771,-0.011959007095545473,0.0012737389136052303,0.012081618797202747,0.9999262033152343,162,154,70,112,162,154,112,112,221218_074056
0,0,0,0,-0.017103428659142716,-0.1470370725776624,-0.008782636726506088,0.9973908254630955,0.07198376406469548,0.005466168047475753,-0.07198545196577097,0.9974056757742314,0.00011242167248762952,-0.005443894500139916,-0.000505612922140981,0.9999850540724319,160,162,117,86,160,162,86,86,221218_074056
0,0,0,0,-0.018959723447422763,-0.15253033365260837,-0.006882210735418337,0.997074841831984,0.07568381843838484,0.010663930434448158,-0.07565417380615508,0.9971291187558604,-0.0031569787566242398,-0.010872247763605233,0.0023409732478834287,0.9999381551240156,155,162,151,89,155,162,89,89,221218_074056
0,0,0,0,-0.016542950326656508,-0.15000167514443963,-0.008770682816704622,0.9972052185505026,0.07461540676645731,-0.003780630730610609,-0.07464692752121393,0.9971691829812862,-0.009025337892662598,0.0030964991987312194,0.00928232651387704,0.999952123907541,117,162,154,162,117,162,162,162,221218_074057
0,0,0,0,-0.014231695506102246,-0.14817595435452868,-0.00918590172932321,0.9973875732414988,0.07048067138338494,-0.015827308829412655,-0.07079396056418334,0.99728656124903,-0.02019232279163041,0.014361193929167255,0.021260049704359487,0.9996708290209818,77,147,162,135,77,147,135,135,221218_074057
0,0,0,0,-0.02026255727616369,-0.15517882837655483,-0.008526083651482053,0.9968366704962457,0.07828962354536355,0.013688944410885636,-0.07816959235115699,0.9968985897392055,-0.009094867103917388,-0.014358523099991038,0.007996037838158436,0.9998649389758989,64,112,162,154,64,112,154,154,221218_074057
0,0,0,0,-0.019448837836831726,-0.15575072289661074,-0.007895104663869335,0.9969024348893377,0.07824750690520876,0.007928617460093152,-0.07823494297462882,0.9969331711746556,-0.0018830585230853957,-0.008051646382309346,0.0012569306918448746,0.9999667950065995,119,87,160,162,119,87,162,162,221218_074057
0,0,0,0,-0.016143382514148777,-0.16090342894054077,-0.007323107114989902,0.9968503268746993,0.07771585800507819,-0.015800988081163717,-0.07768897992411594,0.9969749706795848,0.002308730558327853,0.015932614605169686,-0.001073896165916475,0.9998724911401793,146,80,155,162,146,80,162,162,221218_074057
0,0,0,0,-0.01733447904539126,-0.15882105647492784,-0.008213142469166435,0.9963844698860459,0.08484922358869151,-0.004312473338895337,-0.08487977360324817,0.9963631366678788,-0.007478229897991132,0.0036622674620761077,0.007817233893271257,0.9999627386314425,154,162,117,162,154,162,162,162,221218_074057
0,0,0,0,-0.01906458064951419,-0.1555097954256397,-0.008919807842888705,0.9965955657592331,0.08157312950959385,0.011962560388382918,-0.08135978764874514,0.996533741897101,-0.0173518360502201,-0.013336538635859074,0.0163194914924963,0.9997778807988507,162,136,77,147,162,136,147,147,221218_074057
0,0,0,0,-0.01813561790746579,-0.1618970583796322,-0.008216054557275143,0.9959952745481231,0.08931087940094674,-0.0041206672322003,-0.08934629190914262,0.9959562051914747,-0.009406245939987864,0.003263924002677169,0.009736742844853622,0.9999472699292088,162,151,64,112,162,151,112,112,221218_074058
0,0,0,0,-0.01985571205082931,-0.16126375220306954,-0.008775565484625325,0.9955929453769669,0.09361216465798118,0.005608007102669209,-0.09359447698212445,0.9956048066246646,-0.0033380989062385753,-0.005895845491458099,0.0027985092303354606,0.9999787034492428,162,160,119,87,162,160,87,87,221218_074058
0,0,0,0,-0.02037470670870717,-0.1628462993776103,-0.008797641671369538,0.9948238863158275,0.1015991604430948,0.0017452256967714866,-0.10159596546585557,0.9948240580357919,-0.0018312166065219296,-0.0019222425796625985,0.0016444301315667658,0.9999968004113851,149,162,146,80,149,162,80,80,221218_074058
