0,0,0,0,0,0,0,1,0,0,0,1,0,0,0,1,162,162,83,96,162,162,96,96,221218_063355
0,0,0,0,-0.0005983562490906591,0.00010382871557750376,0.0002642774022604266,0.9999998478285658,-0.00028010297481270366,0.0004752737838318203,0.0002806020411606695,0.9999994090458728,-0.0010503191898545777,-0.00047497930543706013,0.0010504523928198189,0.9999993354719942,151,162,136,85,151,162,85,85,221218_063355
0,0,0,0,-0.004672188707305347,-0.00014228620398764463,-0.0018552518379764682,0.9999433875847766,0.002983637539949067,0.010213693382504024,-0.0030818908946635484,0.9999490007215208,0.009617583092725788,-0.010184477109551929,-0.009648516106754674,0.9999015864388568,78,154,162,92,78,154,92,92,221218_063355
0,0,0,0,-0.0011895313036175414,-0.0016976388510311288,-0.004467351074369241,0.9999867360515476,-0.0027414236869006277,0.004360311587722151,0.002723604048719086,0.9999879371637018,0.004087481874164168,-0.004371464509626875,-0.004075551895721506,0.999982139927902,78,154,162,103,78,154,103,103,221218_063355
0,0,0,0,-0.004291258533642317,-0.009200038279551945,-0.002954255100220071,0.9996371262736935,-0.008004793717749321,0.02572040149002838,0.007560325043196656,0.9998212090608406,0.017331803061449106,-0.02585454042355373,-0.017131059209982598,0.9995189190554779,87,128,162,162,87,128,162,162,221218_063355
0,0,0,0,-0.007673645914802241,-0.009616419932921467,-0.0016481568540832603,0.9993265132089765,-0.008802971692002594,0.0356234148697196,0.008089962154666355,0.999765041017192,0.02011007887180914,-0.035792073283430065,-0.019808342921206697,0.9991629281757752,100,92,162,162,100,92,162,162,221218_063355
0,0,0,0,0.0015574300219647341,-0.009468526570567723,-0.003052378341733608,0.9996286389869058,0.005048502240849365,-0.026778662070970873,-0.004562338280808027,0.9998242293725809,0.018185033102464786,0.026865762349104854,-0.018056106575073477,0.9994759666088778,130,156,151,162,130,156,162,162,221218_063356
0,0,0,0,0.0017473240409968671,-0.009447100216324788,-0.003165882211539295,0.9995676193770835,-0.0022478132662293667,-0.02931759929378068,0.0025623898103861098,0.9999395044466614,0.010696803514460713,0.029291781292542847,-0.010767301541589681,0.9995129097546577,162,107,78,154,162,107,154,154,221218_063356
0,0,0,0,-0.006148280153830843,-0.0055404889814804105,-0.002976887848848919,0.9999192272396572,0.00837184423783019,0.009563013149885505,-0.008175094555500334,0.9997578400883911,-0.020431079531050552,-0.009731743186910943,0.020351250719624105,0.9997455275062205,162,103,78,154,162,103,154,154,221218_063356
0,0,0,0,0.0005079488205488314,-0.008642273325547574,-0.0034185641658717736,0.9998532228923844,0.014215241801385236,-0.009563449808521238,-0.014227529007349395,0.9998980417481886,-0.0012180010189197742,0.009545160556899282,0.0013538865038144306,0.9999535273707862,162,146,87,128,162,146,128,128,221218_063356
0,0,0,0,-0.0016085529766306506,-0.0090939462287404,-0.0024621286083490457,0.9998444370209159,0.012444394659190458,-0.012499551987754553,-0.012473568629696214,0.9999196508248037,-0.002258756304577928,0.012470438804168883,0.0024143189452777306,0.9999193263559125,162,90,100,92,162,90,92,92,221218_063356
0,0,0,0,-0.005341875846955557,-0.01601410794869558,-0.003227501223325324,0.9993646283101307,0.01670316422625302,0.031485615563071244,-0.017451287516980434,0.9995682633514044,0.023637670457506508,-0.031077198177351203,-0.024172116280723868,0.9992246576961343,152,162,130,156,152,162,156,156,221218_063356
0,0,0,0,-0.008134741883368268,-0.013695273133075472,-0.0024531560364473015,0.9992301839071415,0.0026477554151530702,0.0391411415286044,-0.0037841140205050364,0.9995726311422561,0.028986816872985873,-0.039047663822314914,-0.029112616897313214,0.9988131634532105,129,154,162,107,129,154,107,107,221218_063356
0,0,0,0,-0.0007385356517335406,-0.015423106209534396,-0.0032115538533201704,0.9999819133104193,0.00255991237622573,-0.005442416803207837,-0.002536094472183624,0.9999871972908365,0.004378753161172278,0.005453556349938026,-0.00436487148085313,0.9999756030124404,116,154,162,103,116,154,103,103,221218_063357
0,0,0,0,-0.0054183457156461445,-0.01987582254432873,-0.0024244563832240273,0.9998147141498763,-0.0036980856426328413,0.01889077901996979,0.0034811522477256915,0.9999277721807976,0.011503564689960166,-0.018931955747617257,-0.011435671564350592,0.9997553733126132,77,128,162,146,77,128,146,146,221218_063357
0,0,0,0,-0.005418043015893659,-0.02148056956361987,-0.001986057813346098,0.9997996894629241,0.0003245437123949639,0.02001188699797747,-0.0006143228737422002,0.9998950298827568,0.014475904917106326,-0.020005088283930723,-0.014485299000747407,0.9996949397469266,140,82,162,90,140,82,90,90,221218_063357
0,0,0,0,0.0010424986647357137,-0.021413538437742012,-0.0031684348123270922,0.9999745387003146,0.0018006900813790274,-0.006905031956769789,-0.0017238012854431317,0.9999366292817042,0.011125013702138718,0.006924627081763525,-0.011112827541867968,0.9999142736273962,137,81,152,162,137,81,162,162,221218_063357
0,0,0,0,-0.00495447326981957,-0.018678856211619403,-0.0018928026698662448,0.9992488213986879,-0.02455582421099641,0.029980067222279243,0.0240146080420924,0.9995444460327358,0.01828111062535258,-0.030415317422615103,-0.0175474186828241,0.9993833081273927,162,108,129,154,162,108,154,154,221218_063357
0,0,0,0,0.0005688783309003576,-0.017617126813918905,-0.0035072454645327933,0.9997903712306855,-0.01913449200134607,-0.007285932353461468,0.019201410792210497,0.9997730470529075,0.009228228981464673,0.007107701316009081,-0.009366194659303063,0.9999308751006772,162,120,116,154,162,120,154,154,221218_063357
0,0,0,0,0.0010675667432025193,-0.01730912658606005,-0.004043822204379377,0.9998434020922896,-0.01714772027943757,-0.0043734404917877565,0.017143221572186635,0.9998524779764532,-0.0010640669503518007,0.004391041635419984,0.0009889254603101508,0.99998987033859,162,143,77,128,162,143,128,128,221218_063357
0,0,0,0,0.00030387495112704777,-0.018331503055224643,-0.0035611065278458587,0.9997743609088503,-0.02022634074871448,-0.006490177903319169,0.0202080005572557,0.9997916520797905,-0.002879087536311513,0.006547059093806113,0.002747284382929414,0.9999747939051971,162,90,140,82,162,90,82,82,221218_063357
0,0,0,0,-0.005835139199221517,-0.02413769009941994,-0.0031216591681646477,0.9993664361806508,-0.014900186406761568,0.032321984478519736,0.013986163924610164,0.9995009794673697,0.028322769328638316,-0.032727869687161945,-0.027852764473442523,0.9990761282589664,162,162,137,81,162,162,81,81,221218_063358
0,0,0,0,-0.0073070403320750765,-0.02127135531987924,-0.003897068791768321,0.9985681129390284,-0.02182499240592392,0.04884049065959356,0.01990918866766668,0.9990261721727183,0.0393742494598056,-0.04965227112614023,-0.03834549543830595,0.9980301974146911,132,154,162,108,132,154,108,108,221218_063358
0,0,0,0,-0.005205009768207813,-0.02568573362614834,-0.0038828071894669303,0.999146862377208,-0.02735181701427832,0.030942293189068108,0.02659295859279981,0.9993417309571039,0.02467629066413342,-0.031596866222182,-0.023832391270633437,0.9992165206656967,128,154,162,120,128,154,120,120,221218_063358
0,0,0,0,-0.0016412758400707883,-0.02629959251410839,-0.003814611565766679,0.9995759717845988,-0.027881518185182613,0.00839628337805221,0.027829767117623028,0.9995933337938533,0.006218608933618529,-0.008566253151414415,-0.00598230545690534,0.9999454141743769,69,128,162,143,69,128,143,143,221218_063358
0,0,0,0,-0.004385736544839647,-0.02821357815973508,-0.0032465785839061456,0.9992707941106933,-0.028817057579106683,0.025049096388238285,0.028439682507120152,0.9994785122959494,0.015293394573175153,-0.025476744224469303,-0.014569854191413132,0.9995692346468864,18,82,162,90,18,82,90,90,221218_063358
0,0,0,0,0.002794877399751483,-0.02920488442698313,-0.00345711750647254,0.9994320945574428,-0.02907335495353945,-0.017036091108857745,0.029327601395655024,0.9994592536625425,0.014869164895577713,0.016594582396114207,-0.01536034830528762,0.9997443070780843,140,92,162,162,140,92,162,162,221218_063358
0,0,0,0,-0.0017502001067063455,-0.027029353482296965,-0.001920904621822872,0.9992109006611607,-0.035405315206042995,0.018001101496112653,0.03497243074724015,0.9991043865146816,0.02381919257138037,-0.018828305487805345,-0.023170854586824,0.9995542038379781,162,110,132,154,162,110,154,154,221218_063358
0,0,0,0,0.0011539775394437957,-0.026897173409023187,-0.0036855863655999577,0.9998730266803668,-0.014512361200566646,-0.006581936601639219,0.014539178029714226,0.9998861189672358,0.0040449226026170815,0.006522485666063983,-0.00414010495339829,0.9999701579105803,162,122,128,154,162,122,154,154,221218_063358
0,0,0,0,0.0023165388865933334,-0.027116692366724194,-0.00437516555377071,0.9997756945826579,-0.020256214404584718,-0.006184359284531788,0.02022659187726264,0.9997838247699805,-0.004815465641058736,0.00628056548372422,0.004689296994757922,0.9999692820236528,162,136,69,128,162,136,128,128,221218_063359
0,0,0,0,0.0021181545938474544,-0.027537932877181825,-0.004592273976070704,0.9998093234589558,-0.019103316316094486,-0.004047225008947793,0.01909877582046489,0.9998169316327754,-0.001157576167555842,0.004068597633762481,0.0010800584017950185,0.9999911399543214,162,162,18,82,162,162,82,82,221218_063359
0,0,0,0,-0.004164649417232824,-0.03249587894959532,-0.003698727253098333,0.9994775829702283,-0.013998760636287891,0.02913066838642157,0.01335501373372496,0.9996648549574862,0.02217704603866077,-0.029431356546441884,-0.02177641989576693,0.999329566653744,162,138,140,92,162,138,92,92,221218_063359
0,0,0,0,-0.0020205211488463215,-0.03385747829216229,-0.004355279596897577,0.9996508021000052,-0.016926094971262767,0.020292391920161166,0.016643915107990476,0.9997635338604024,0.01399487237668808,-0.020524471995538907,-0.013652240548186326,0.9996961350216969,135,154,162,110,135,154,110,110,221218_063359
0,0,0,0,-0.0010678146723401838,-0.03095138837008011,-0.0026079258201046063,0.99977643543834,-0.021104495656665348,-0.0012959187029984727,0.021104934262417285,0.9997772130134412,0.0003257128428049751,0.0012887559838996475,-0.0003529903039921678,0.999999107252531,111,154,162,122,111,154,122,122,221218_063359
0,0,0,0,-0.0037770829193468636,-0.03549186534738827,-0.0025239965239656215,0.9996969970116186,-0.016215851076948354,0.018519188421811265,0.015949179302930425,0.999768270986554,0.014457800943444997,-0.0187493425355475,-0.014158054329869708,0.9997239677291313,53,130,162,136,53,130,136,136,221218_063359
0,0,0,0,-0.0021415807491731442,-0.03792796433656574,-0.0031881957934797867,0.9996469369674159,-0.014734906786770762,0.022110719880838778,0.014531356198064737,0.999850804192257,0.009338578218439161,-0.02224502413369581,-0.009013982365308992,0.9997119120142607,82,162,162,162,82,162,162,162,221218_063359
0,0,0,0,0.0019194559146097356,-0.03942330857784488,-0.0029455368985091823,0.9998253114250506,-0.014985989522539572,-0.011169903841631829,0.015088880799405678,0.9998439701009688,0.009184831460324254,0.011030517214632652,-0.009351768322812494,0.9998954305922266,138,90,162,138,138,90,138,138,221218_063359
0,0,0,0,0.00044189950721285065,-0.03851897313219459,-0.003082943691901152,0.9999895072095725,-0.0037057962586918825,-0.0026930549282355334,0.003717593108345862,0.9999834590600047,0.004388747870395138,0.0026767465771370793,-0.004398713502625288,0.9999867430857691,162,112,135,154,162,112,154,154,221218_063400
0,0,0,0,0.0018287032748010024,-0.03886298249313848,-0.00281398913719233,0.9999407983333147,-0.0073591787916721055,-0.008015130444711745,0.007398705999600558,0.9999605593337725,0.004913138143895605,0.00797865766059804,-0.004972148871637668,0.9999558084023179,162,124,111,154,162,124,154,154,221218_063400
0,0,0,0,0.0010772023931227004,-0.038717172270688265,-0.0026729036686905516,0.9999020094836601,-0.008835858351448112,-0.010858132331685524,0.008852711482235941,0.9999596813676389,0.001505037721347046,0.010844396246520607,-0.0016010141546915567,0.9999399161068253,162,162,53,130,162,162,130,130,221218_063400
0,0,0,0,0.0002521971834934522,-0.039140706561113126,-0.002438536059732155,0.9998363255385884,-0.015804773682798177,-0.008805183832858677,0.015802847605552683,0.999875085649355,-0.0002882798160022882,0.008808640136287111,0.00014908565370888208,0.9999611920631807,162,162,82,162,162,162,162,162,221218_063400
0,0,0,0,-0.002670939107746406,-0.045443586695186625,-0.003849748496215666,0.9996491406868957,-0.017231118852038617,0.020116760849080536,0.016934835660217584,0.9997469531371932,0.014806790133636276,-0.02036680792646774,-0.014460920994425462,0.9996879887739369,162,162,138,90,162,162,90,90,221218_063400
0,0,0,0,0.00395126499641818,-0.04211203866019024,-0.003894117169464417,0.9994855510669245,-0.018495549891382204,-0.026202057985236622,0.018120088168774164,0.9997307398735891,-0.01449517701036899,0.026463099085370884,0.014012936381125564,0.9995515704558601,137,154,162,112,137,154,112,112,221218_063400
0,0,0,0,0.0038887902202234814,-0.042217219816628106,-0.0034332128993925792,0.9995722275644561,-0.015622904476951383,-0.02472421358780073,0.015346667883904768,0.9998181146936495,-0.0113233084961005,0.024896619583635732,0.010939030402223694,0.9996301795900158,82,156,162,124,82,156,124,124,221218_063400
0,0,0,0,-0.007149188055938227,-0.04966368321008701,-0.0014720174289800658,0.9994189879729529,-0.018159131551075902,0.028843238729898267,0.017451331885504733,0.9995449295908662,0.024604567555897107,-0.029276910604453504,-0.024086919074498267,0.9992810829966497,102,126,162,162,102,126,162,162,221218_063401
0,0,0,0,-0.003926135275289178,-0.05133013607271693,-0.0011983929615966837,0.9996005288381634,-0.020452597707842447,0.019505742576623835,0.020259733152994504,0.999744393578019,0.010034476662453488,-0.01970598789794166,-0.009635287038849227,0.9997593886954227,58,162,162,162,58,162,162,162,221218_063401
0,0,0,0,-0.00010601356011408214,-0.050629780694459475,-0.0030092382321993405,0.9999107799765093,-0.012649998947602025,-0.004290642538705801,0.012627630351818582,0.9999067420618667,-0.0052009740359266945,0.004356034718310438,0.005146329356950464,0.9999772698695117,141,86,162,162,141,86,162,162,221218_063401
0,0,0,0,0.0006909173127285229,-0.05018476511555561,-0.004114078079599737,0.9999246274186353,-0.01174635237208327,0.0035724903995255817,0.011785531663800017,0.9998683685115781,-0.011151093820648408,-0.0034410354699453737,0.011192357032644484,0.9999314428594335,162,112,137,154,162,112,154,154,221218_063401
0,0,0,0,0.00135366543917248,-0.05071101952283467,-0.003921550248435157,0.9998333888387674,-0.0178653882798367,-0.003744658168294365,0.017831432091436998,0.9998012777804531,-0.008913191243459722,0.0039031516438886096,0.008844933588482543,0.9999532651864587,162,125,82,156,162,125,156,156,221218_063401
0,0,0,0,0.0033325150423584304,-0.051599670169818326,-0.0033578230570537326,0.9997735809892335,-0.016722876249080657,-0.01315796967325604,0.016699637366935853,0.9998587950616612,-0.0018740463324056292,0.013187451147861667,0.0016538886906601455,0.9999116739914691,162,162,102,126,162,162,126,126,221218_063401
0,0,0,0,0.0016410776167771202,-0.052364378225397704,-0.003618121478736913,0.9999599275882258,-0.006696653098136061,-0.005941216629121312,0.006682833731314105,0.9999749251316662,-0.002342827616286943,0.005956756757711738,0.0023030295706398577,0.9999796063439124,162,162,58,162,162,162,162,162,221218_063401
0,0,0,0,-0.0006577142950343617,-0.0555224058164711,-0.0025144859598474345,0.9999195214390414,-0.010784081357147215,-0.0066823823896067745,0.010797653755052351,0.9999397068519008,0.001998332885602044,0.006660429303318843,-0.0020703261139491357,0.9999756759198083,152,162,141,86,152,162,86,86,221218_063401
0,0,0,0,-0.002817789190308173,-0.05795247709554646,-0.004018105858498711,0.999885892378919,-0.004051805251466498,0.014552838067473189,0.003918678113163,0.9999503244943396,0.00916474252296267,-0.014589248899766243,-0.009106668867976477,0.9998521002621688,124,162,162,112,124,162,112,112,221218_063402
0,0,0,0,0.0073465812074757775,-0.053357291825973846,-0.0035714051326242724,0.9993065576107847,-0.009950970944610688,-0.03588010720919531,0.009401263102662236,0.9998363354643917,-0.015456989914332676,0.036028046965639986,0.015108953054291087,0.9992365582630797,80,156,162,125,80,156,125,125,221218_063402
0,0,0,0,-0.0008897600059789568,-0.05893710707600923,-0.0028670770062458883,0.9997598137564944,-0.013360331431550375,0.017372862217250554,0.013158525049267731,0.9998452142808031,0.011679070952047017,-0.017526209405009416,-0.011447664557204102,0.999780867470506,88,120,162,162,88,120,162,162,221218_063402
0,0,0,0,-0.0012780055994883188,-0.06172306671037109,-0.0023865114896418627,0.9998599594458027,-0.010999747181610542,0.012612178994084617,0.010819185199626127,0.9998392658139632,0.014296425015125135,-0.012767408846527089,-0.014157969435535411,0.9998182560709762,114,98,162,162,114,98,162,162,221218_063402
0,0,0,0,0.0029681536311104706,-0.06324049088648022,-0.00404287387011526,0.99988211095017,0.009614673644049611,-0.011971727216670239,-0.00956313511181567,0.9999447893355529,0.0043548510320730325,0.012012936721097857,-0.004239850397928455,0.9999188532175689,138,156,152,162,138,156,162,162,221218_063402
0,0,0,0,0.005076767740174182,-0.063835584704066,-0.004562069234629096,0.9998745898194155,0.002172625093524852,-0.015687075369820235,-0.0020522295983933145,0.999968349890334,0.007686844038875992,0.01570327950241347,-0.007653686549990714,0.9998474024045186,154,128,124,162,154,128,162,162,221218_063402
0,0,0,0,0.0002354545263463237,-0.061099824134457505,-0.004213413409065336,0.9999636391691294,0.006165117356156806,0.0058916608537963565,-0.006061600105016016,0.9998297227143707,-0.01742935974358513,-0.005998111686040213,0.017393013105533275,0.9998307385509373,162,143,80,156,162,143,156,156,221218_063402
0,0,0,0,0.004041574105476453,-0.0638692913792832,-0.004854949474256798,0.9999468724851687,0.00948439155981127,-0.004037143033265198,-0.009507476855658122,0.9999383399051428,-0.005737967548453454,0.00398247297165575,0.0057760457484492605,0.9999753882994029,162,151,88,120,162,151,120,120,221218_063402
