0,0,0,0,0,0,0,1,0,0,0,1,0,0,0,1,162,162,83,96,162,162,96,96,221218_073324
0,0,0,0,0.00013860789355732428,0.001762273102791645,-0.0014415023191940435,0.9999199850845433,-0.007145279062295981,0.01043879378327131,0.007151883743023605,0.9999742476303566,-0.0005955124079706766,-0.010434269857255185,0.0006701217976506718,0.9999453369806383,155,162,138,106,147,162,117,117,221218_073324
0,0,0,0,-0.0015310772397498923,0.0015063100117681527,-0.005267517578254832,0.9997489737376339,-0.006722759699666998,0.021372739940602938,0.006516869734353035,0.9999318303657629,0.00968839668060137,-0.021436415731497266,-0.009546681276535117,0.9997246325649832,76,95,162,162,87,87,162,162,221218_073324
0,0,0,0,-0.0019088450747277025,0.001368248832628205,-0.00724422389419932,0.999774432500879,-0.0021599385838249195,0.02112862472713999,0.0018995101604884028,0.9999220776635448,0.01233817094100993,-0.02115362802680448,-0.012295253813300898,0.9997006305664562,146,96,156,146,138,162,162,162,221218_073324
0,0,0,0,0.00047322704598042054,-4.246359913806508e-06,-0.006667869953432992,0.9999892455983161,0.0015204358470183317,-0.004381433845840698,-0.0015305128746651597,0.9999961894957328,-0.0022975039400400855,0.004377923943019257,0.0023041850726702004,0.9999877621816678,162,162,162,93,162,162,162,162,221218_073324
0,0,0,0,0.001386785319665712,-0.0020893598129180235,-0.005294925014476759,0.9999368917109576,0.0029333107633571455,-0.01084473528473291,-0.0029608694483288533,0.9999924262024144,-0.002526022549145477,0.01083724353977109,0.00255797298156415,0.9999380035415623,97,97,18,66,92,100,66,66,221218_073324
0,0,0,0,-0.0004609069010373945,-0.0038588665422309987,-0.005019582608550011,0.9999774413501259,-0.006390708662589047,0.002067760539032067,0.006399233188405718,0.9999709440154034,-0.004142576437879879,-0.0020412264590867514,0.004155715068815738,0.9999892816559633,162,144,144,162,146,87,162,162,221218_073324
0,0,0,0,-5.2992144527613805e-05,-0.005018826361932738,-0.001103424980146317,0.9997891965091655,-0.01790463034232492,0.010049216679102493,0.017895021047605847,0.9998393248399307,0.0010453350359268586,-0.010066318357006183,-0.0008652837316673187,0.9999489589568056,147,154,151,76,162,154,58,58,221218_073324
0,0,0,0,0.000886434022892707,-0.0011986471039620028,-0.005434647845439788,0.9994695350251362,-0.032525382094058225,-0.0016577322685548954,0.032532955043802735,0.9994592964240364,0.004766720852753564,0.0015017965097177985,-0.004818123203663795,0.9999872650669297,99,99,18,162,57,101,160,160,221218_073325
0,0,0,0,-0.0022019406785705326,-0.0011659081504062918,-0.007960727041032345,0.9990358215797124,-0.02477338192320298,0.03624509275248369,0.024246303150696497,0.9995948203919155,0.014910125055770643,-0.03659978120253658,-0.014016939528346267,0.9992316955652403,162,104,144,154,156,87,162,162,221218_073325
0,0,0,0,0.00019129209422677484,-0.004557705318576577,-0.0029297748698939863,0.99974702251741,-0.019509451794163628,0.011192509024582341,0.01966140046949888,0.9997137792937557,-0.013630437328771653,-0.010923383136745643,0.013847049537240301,0.9998444573632245,162,153,100,76,162,151,45,45,221218_073325
0,0,0,0,0.00018585614207622392,-0.004139809989856524,-0.004884803053034292,0.9995255276767393,-0.030787686570797664,-0.0009153568453191117,0.030779334506637578,0.9994937713019246,-0.008051937405665309,0.001162793990548337,0.008019942909682653,0.9999671636738183,88,132,130,162,75,138,142,142,221218_073325
0,0,0,0,-0.001186380824011693,-0.010064217780845097,-0.005584776978403705,0.9991983961821601,-0.038183616134981634,0.012023997914799805,0.038063594963821994,0.9992247056855065,0.01005734985684179,-0.012398701763847796,-0.00959161126032425,0.9998771290453653,148,92,162,162,141,72,162,162,221218_073325
0,0,0,0,0.001165193142039292,-0.012177493636131298,-0.005239026238969546,0.9997669498727068,-0.020269085843435564,-0.007430350011734525,0.020294187575902,0.9997885441428853,0.003318576695524441,0.0073615143047845236,-0.0034685962176956293,0.9999668879255049,130,18,110,134,162,162,141,141,221218_073325
0,0,0,0,0.00024283305775119057,-0.011992859486774754,-0.006491588512063884,0.9994307415011318,-0.0336711755759185,-0.0021082878917281014,0.033680228990923954,0.9994228996229154,0.004416999484205947,0.0019583456328393575,-0.004485492688681971,0.9999880225471314,96,154,154,162,102,154,162,162,221218_073325
0,0,0,0,-0.0025970923695747272,-0.010515474379543921,-0.005627260569519121,0.9994464578493492,-0.019935810091728113,0.026633463319225142,0.0202908989738517,0.9997079071044392,-0.013129352295299067,-0.02636393959981888,0.013662501558926914,0.999559042148051,141,86,124,138,129,81,138,138,221218_073325
0,0,0,0,-0.003257823677557295,-0.012864387773641406,-0.005106036056109042,0.9996216342707691,-0.024205682364931726,0.013064196840453707,0.024421471610434817,0.9995636072312369,-0.016618869493994663,-0.012656224643186949,0.016931628395571916,0.9997765450027599,162,162,101,144,162,160,138,138,221218_073326
0,0,0,0,0.0006357829563942846,-0.01230553430843162,-0.004911552274233955,0.9995459757960095,-0.029942923271717777,-0.0033561310979713438,0.02994796507400862,0.9995503895977399,0.0014622048188044597,0.0033108394598213436,-0.001562050239331575,0.9999932991481097,162,162,162,43,162,162,18,18,221218_073326
0,0,0,0,-0.0018915381217630006,-0.01514067687969245,-0.007841245547389075,0.999095416078599,-0.035745205344773996,0.023035404610977826,0.03544543048034804,0.9992831982257051,0.013293276566363517,-0.023494063692650568,-0.01246475184939339,0.9996462669027174,123,83,162,162,124,64,162,162,221218_073326
0,0,0,0,-0.004901468907491713,-0.017041899753015177,-0.008149579147725516,0.9981337884448644,-0.042727937405871046,0.04362641091979866,0.04191595138619306,0.9989335375088055,0.019360802140765385,-0.04440713213092533,-0.017496028268825174,0.9988602983454308,146,35,162,154,162,125,162,162,221218_073326
0,0,0,0,-0.002568494490380255,-0.01790786281026524,-0.007923107861195544,0.9990525410287759,-0.02698641346891279,0.03414313623601499,0.026880508550459863,0.9996323250241921,0.0035571093314724794,-0.03422657628239864,-0.0026359542507929847,0.9994106229279198,162,162,149,72,131,154,50,50,221218_073326
0,0,0,0,-0.000600752461152973,-0.0241729719717515,-0.005129520208219218,0.9997010403370321,-0.024285546067456032,0.00283587751181687,0.02429456290329257,0.9996997552197253,-0.003189612352539615,-0.002757564576671528,0.0032575551917027826,0.9999908920444118,110,90,162,82,97,97,18,18,221218_073326
0,0,0,0,2.1281031074973922e-05,-0.025782676412527072,-0.006082099576536437,0.9994213763118,-0.03400937016734482,0.0005247016756845309,0.034006797506544596,0.9994122997397973,0.00431194296782138,-0.0006710397729063366,-0.004291604551841688,0.9999905658734956,162,124,121,162,162,119,162,162,221218_073326
0,0,0,0,-0.006287724465574976,-0.026188961411993894,-0.004461085095331274,0.9980707841654736,-0.038570678748793705,0.048651953056124464,0.037963237171263105,0.9991899750812616,0.013348644897007194,-0.049127410055857884,-0.011475906847187712,0.9987265897848311,129,156,116,84,151,162,65,65,221218_073326
0,0,0,0,0.0006145694886244696,-0.023334666338817756,-0.005055572800120145,0.9991041678016572,-0.0413519931069767,-0.008993027712548018,0.0413161497731181,0.9991375640880688,-0.004135673595176113,0.009156290148492138,0.00376041144572242,0.9999510096282095,105,105,162,162,101,106,154,154,221218_073327
0,0,0,0,-0.0006119229399418058,-0.026791951800769098,-0.006305332256181129,0.9988955298784702,-0.046070750401144,0.009230728372525875,0.04611276821959827,0.9989265857017093,-0.004391922751073674,-0.009018480799861343,0.0048127264415590764,0.9999477509691501,162,120,162,162,146,146,162,162,221218_073327
0,0,0,0,-0.00503365990911718,-0.02684614487346282,-0.0068932054775457385,0.9984042707209151,-0.039242520157168746,0.040607103048031556,0.039478297542440734,0.9992078155153158,-0.005020501594569758,-0.04037791759600492,0.006615589529646102,0.9991625782352865,130,148,100,77,162,106,71,71,221218_073327
0,0,0,0,-1.912163446408932e-05,-0.02945967341094613,-0.0066094377196448395,0.9994993786277114,-0.03161147658347781,-0.0013063962000160643,0.031614113615281804,0.9994980471701803,0.002049761770621154,0.0012409444545329051,-0.0020900361739643316,0.9999970458984628,81,114,162,162,94,116,144,144,221218_073327
0,0,0,0,-0.0009288047977942249,-0.029410681313088105,-0.004615425386505723,0.998415390083632,-0.05552610092262286,0.009141168441697664,0.05555987111008559,0.998449283882388,-0.0034825618411310297,-0.008933620004201417,0.00398492547951956,0.9999521542566638,162,114,124,162,146,144,162,162,221218_073327
0,0,0,0,-0.005318825320259651,-0.026785960003361642,-0.00656672377205203,0.9983681876697166,-0.03933283614161024,0.04139915277084155,0.039846490778494746,0.9991378269212754,-0.011655899264797258,-0.04090499995997511,0.01328648998377728,0.9990746969882609,162,162,147,114,162,162,122,122,221218_073327
0,0,0,0,-0.0008217579231773464,-0.03173023482954984,-0.00433635987108566,0.999836916104148,-0.017665333215405806,-0.0037519591864792943,0.017623143518523992,0.9997842453530439,-0.01099488773795675,0.003945378039406632,0.010926973333611121,0.999932515345857,92,139,162,128,72,146,130,130,221218_073327
0,0,0,0,0.0009542099570793716,-0.031127836461226854,-0.005924470845063756,0.999160976321327,-0.0409551925416473,0.00012490192100633296,0.040955191588607553,0.9991423362068349,-0.006104447648101968,0.0001252140316374111,0.006104441254084339,0.999981359885484,138,80,161,162,136,85,162,162,221218_073328
0,0,0,0,-0.00357738532243293,-0.03642602156125585,-0.004531271727439723,0.9994642842895761,-0.030009665645047735,0.013060030528234255,0.029967018899928456,0.9995449374872594,0.0034490175184661177,-0.01315759126045867,-0.003055799643922472,0.9999087657785379,138,162,100,147,162,127,155,155,221218_073328
0,0,0,0,-0.0010262135261818045,-0.035905632866976345,-0.006895959797978968,0.9995582792278126,-0.029593730227961076,-0.002730853040714102,0.029587018402712432,0.999559165693438,-0.0024662968750567243,0.0028026361113900776,0.002384409661326097,0.9999932298877797,162,162,162,18,162,162,18,18,221218_073328
0,0,0,0,-0.0017634938193797356,-0.04041285755285473,-0.005991306585692524,0.9999876112333221,-0.0035240258066934504,-0.0035154831799193522,0.0035154644372487514,0.9999908474593825,-0.0024385461358427205,0.0035240445038302883,0.0024261573691650483,0.9999908473934924,119,87,156,162,118,87,162,162,221218_073328
0,0,0,0,-0.002930722107421166,-0.041403498204951705,-0.007168277558207703,0.9999620523845687,-0.0019475918049773663,0.008491211751079026,0.001885977647406069,0.9999718803747976,0.0072582055636978785,-0.008505109003061777,-0.0072419158965427565,0.9999376069410497,162,161,112,148,138,162,146,146,221218_073328
0,0,0,0,-0.007669450411254566,-0.046581184620655636,-0.005153514134990933,0.9996279070018348,0.012100852811090976,0.02444620429382581,-0.011763056797946581,0.9998339906010745,-0.01391480267552748,-0.024610526973216907,0.013622062985278545,0.9996043023927647,162,162,162,18,162,162,18,18,221218_073328
0,0,0,0,-0.0007280943693746128,-0.04998422686627113,-0.005675813695350196,0.9996345915845247,0.023817600981095366,-0.012783003995389177,-0.023816600968011817,0.9997163179618535,0.00023047586594378375,0.012784867068972956,7.405605720781994e-05,0.9999182675047642,109,87,160,159,115,91,162,162,221218_073328
0,0,0,0,-0.003703864587406125,-0.04809256770038883,-0.0076508893631271335,0.9997175900116608,0.018641221737769078,0.014739235848583766,-0.01862173239206084,0.9998255368177489,-0.0014584271729822583,-0.014763851258913623,0.00118354519294555,0.9998903079422167,138,162,111,148,162,132,146,146,221218_073328
0,0,0,0,-0.00858658821088433,-0.054513478545808236,-0.0049856313073065595,0.9992673881681327,0.020704154680717433,0.032187341030209725,-0.020068609446121478,0.9995996547078024,-0.01994445343799683,-0.03258738802876253,0.019283886719183303,0.9992828397678328,162,162,162,18,162,162,18,18,221218_073329
0,0,0,0,-0.003509904052145449,-0.05673001412509637,-0.00640435011459034,0.9998452535873632,0.014342585739405266,0.010186221729852623,-0.01432704725708048,0.999896087604189,-0.001596781365706625,-0.010208065228793124,0.0014505957894239874,0.9999468441752994,18,150,162,162,113,97,162,162,221218_073329
0,0,0,0,-0.005061185349150371,-0.05898457402263346,-0.006433592468994387,0.9995171610374355,0.02616132407997839,0.01676394685172265,-0.026179655678105346,0.9996568711700776,0.0008749577286047094,-0.016735304605560213,-0.0013134096213067003,0.9998590923399786,162,132,115,159,162,120,154,154,221218_073329
0,0,0,0,-0.0019430292201761679,-0.06567766588053703,-0.006132633280936994,0.9997794621024865,0.020996649064212433,-0.00040973910849503555,-0.020992093597187345,0.9997388307005537,0.00903340444665235,0.0005993033202405998,-0.00902281095691214,0.9999591140231514,162,162,162,18,162,162,18,18,221218_073329
0,0,0,0,-0.004902977211370618,-0.06755906213363883,-0.005780782837031262,0.9996319163199524,0.02518672233025251,0.010082702651542182,-0.02519286105654504,0.9996824931776388,0.00048227163139800895,-0.010067354482994673,-0.0007361062420555988,0.9999490519628059,64,100,18,82,94,94,162,162,221218_073329
0,0,0,0,-0.003717790979140767,-0.06918370759876757,-0.006813101892623907,0.999390591512055,0.034850447462056254,-0.00197279215308229,-0.03485009826258258,0.9993925285292756,0.0002111183303199778,0.001978951306410721,-0.00014223767263072922,0.9999980317581487,146,32,122,162,146,87,154,154,221218_073329
0,0,0,0,-0.0030061097549887728,-0.06848873416502155,-0.0034615278298894547,0.9989474161733956,0.04570443257025042,0.0038941705058818015,-0.04559390727324468,0.9986504915593831,-0.024867475299281742,-0.005025469137923233,0.024663749748021553,0.9996831718641214,162,162,162,18,162,162,18,18,221218_073329
0,0,0,0,-0.0033118169701805977,-0.0704606165553433,-0.005798452514498953,0.999005844356606,0.04452353290757978,-0.002231133965729549,-0.04455499369683299,0.9988635194529948,-0.016926962003016632,0.0014749501756131187,0.01700954212799559,0.9998542393762079,90,114,162,158,100,116,162,162,221218_073329
0,0,0,0,-0.004724729321409424,-0.07381116910909169,-0.006310648631840887,0.9991896442946231,0.04021688824849223,0.001629918400906424,-0.040207248262109814,0.9991758418620854,-0.005569041783022483,-0.0018525446214311772,0.005498994344447721,0.9999831644280944,162,145,136,146,146,162,154,154,221218_073330
0,0,0,0,-0.005692984403475529,-0.07706174879272332,-0.00685287901657089,0.9992850079798126,0.03632038548725833,0.010502496124468262,-0.03630637495099977,0.9993395477175361,-0.0015216785558457373,-0.010550827678667307,0.0011392830056043378,0.999943689449325,162,162,162,18,162,162,18,18,221218_073330
0,0,0,0,-0.010402537836033107,-0.07905946538904218,-0.005157495325647576,0.9983776486556553,0.04745355892218724,0.03146792669406733,-0.047126267710285136,0.9988276801620568,-0.011062560001318528,-0.03195599406219769,0.009561646704556458,0.9994435398539501,83,117,114,18,18,122,135,135,221218_073330
0,0,0,0,-0.004332446434046913,-0.07515417518017553,-0.00809800218672102,0.9996971391454279,0.023691627516320604,0.006658586191890316,-0.02366375313978549,0.9997110069651982,-0.004234305134095789,-0.006756979486886682,0.004075455588919551,0.9999688664603296,162,115,144,162,146,153,154,154,221218_073330
0,0,0,0,-0.004649164428780994,-0.07837177926158301,-0.0037766698398117304,0.9997780704472697,0.02106598973823694,0.0001841984870961069,-0.021063313514887542,0.9997335889694666,-0.009438639202920233,-0.0003829836911789626,0.009432664659460589,0.9999554380875753,162,154,136,39,162,146,59,59,221218_073330
0,0,0,0,-0.005642800693626673,-0.07451621653150353,-0.006886364135766654,0.9997923502881533,0.014553018107505152,0.01426414979081385,-0.014360192235610211,0.9998053608522872,-0.013528683970906334,-0.014458256611654991,0.013321038810504808,0.9998067356948345,20,130,162,156,70,128,132,132,221218_073330
0,0,0,0,-0.004543728243186704,-0.07675971466724096,-0.006820573788780648,0.9999890652341296,-0.004260389657903954,-0.0019283392168845846,0.0042616255726382534,0.9999907161758256,0.0006372673200583221,0.0019256063074226549,-0.0006454782114091635,0.9999979376969871,153,93,127,162,147,91,162,162,221218_073330
0,0,0,0,-0.010469529688939494,-0.0771163839922131,-0.006106965213657778,0.998950990984048,-0.002271551961671922,0.0457357372704794,0.002804534571864647,0.9999288690300782,-0.011592733330176118,-0.04570615054698987,0.01170883990473849,0.9988863052771628,162,162,162,122,162,132,144,144,221218_073331
0,0,0,0,-0.004928514034421863,-0.07644800387862505,-0.0074417085777307435,0.9998302693021396,0.018148665381489296,0.0031715188921311943,-0.018126329981199913,0.9998116547687997,-0.006934778286836802,-0.0032967785222948673,0.006876113244098642,0.9999709247363292,61,154,162,102,81,154,118,118,221218_073331
0,0,0,0,-0.0068845353446702895,-0.08145925459066239,-0.006775407430080038,0.9999202098951835,-0.0029350492795184465,0.012286550732373515,0.0029163757152118365,0.999994565441014,0.0015374788208399558,-0.012290996536494224,-0.0015015239470643814,0.9999233354762633,132,85,162,162,130,82,162,162,221218_073331
0,0,0,0,-0.008015670705643602,-0.08855202276062446,-0.006514420479284799,0.9995793064109797,-0.004640686276087542,0.028629953297760587,0.0044954807076748446,0.999976715619781,0.00513408915807766,-0.028653112364138374,-0.005003223876971352,0.9995768939419745,138,162,112,148,162,135,160,160,221218_073331
0,0,0,0,-0.00650623960603576,-0.08806959545348703,-0.007707900824644065,0.9997999104882112,0.009014817890060676,0.01785698872076506,-0.008663289166590498,0.9997690659934315,-0.01966626816243893,-0.01803015276087595,0.019507632891510928,0.9996471206632814,162,162,162,18,162,162,18,18,221218_073331
0,0,0,0,-0.005278236821109394,-0.09355629735080462,-0.007056012412989032,0.9998932011967517,0.013980054161675167,-0.0042596110326843335,-0.013992911712911532,0.9998975826254212,-0.0030037778935738963,0.004217181796863827,0.003063061454801141,0.9999864164238514,116,87,162,153,116,92,162,162,221218_073331
0,0,0,0,-0.007016274638263126,-0.09662912757182374,-0.0061040513827547715,0.9997680256541828,0.018627330284474435,0.010812837093527875,-0.018609979786984032,0.9998253689164938,-0.0017030335653376869,-0.010842671804777625,0.0015014118254896246,0.9999400893206872,146,162,162,146,162,121,162,162,221218_073331
0,0,0,0,-0.005971447988109127,-0.09921136918426077,-0.006979033989168215,0.9993201640871161,0.035915289610273515,0.008324759522677036,-0.03585125234790341,0.9993273331883619,-0.007718085755129413,-0.008596357018363648,0.007414385668871139,0.9999355626894995,162,162,162,18,162,162,18,18,221218_073331
0,0,0,0,-0.004007801353980753,-0.09774531936511976,-0.00769158530442704,0.999596821009996,0.02833364949050052,0.0018438365599541245,-0.028329210494485148,0.9995957886354684,-0.0023906432181036814,-0.0019108269072609376,0.002337444926961683,0.9999954425354868,97,97,18,82,121,90,82,82,221218_073332
0,0,0,0,-0.009290771973824788,-0.09947442403989015,-0.007489274009858327,0.9990334544411892,0.0362118310591214,0.02491706641343578,-0.0364927438184653,0.9992743302920787,0.010912949551661243,-0.024503806967607795,-0.011811693810071746,0.9996299552001388,146,162,148,162,162,105,162,162,221218_073332
0,0,0,0,-0.007343773727847391,-0.09461533991910964,-0.004002402126794646,0.9992476570085448,0.03137773353773374,0.022793810584653133,-0.031231781328083807,0.9994895027103472,-0.006731255967339858,-0.022993385962246263,0.006014300446275724,0.9997175263003709,162,162,162,18,162,162,18,18,221218_073332
0,0,0,0,-0.006785958989653049,-0.09682560040191679,-0.006144267557503802,0.9997666545780911,0.02034599567728014,0.007257882172687388,-0.0203220934743274,0.9997878659121282,-0.0033519683310983756,-0.007324541661647771,0.0032036908046946056,0.9999680432167193,107,115,162,150,93,108,152,152,221218_073332
0,0,0,0,-0.006873667423644175,-0.09974778673695961,-0.005564292473663468,0.999529445661997,0.03036220768859275,0.0043616050824536075,-0.0303748298122408,0.999534494107667,0.0028574119072048844,-0.0042728173958092325,-0.002988550351724344,0.9999864057067462,146,43,146,162,146,47,154,154,221218_073332
0,0,0,0,-0.010705133811687487,-0.10136511488453281,-0.005528685773602826,0.9991198030250272,0.034976119139356436,0.023157942334775545,-0.0348762452812902,0.9993805738447964,-0.004702779680698947,-0.02330808268199095,0.003890978231172684,0.999720757796943,133,146,124,63,162,138,18,18,221218_073332
0,0,0,0,-0.007160063395378252,-0.10412204211051934,-0.005417641280796637,0.9990891075309007,0.042665795650460164,0.0007649147807718464,-0.04265516887643052,0.9990323828947959,-0.010716085837129007,-0.0012213849646456787,0.010673697066091791,0.9999422885395483,85,127,162,136,83,130,140,140,221218_073332
0,0,0,0,-0.007123679807548619,-0.1028466111553411,-0.005698650069233202,0.9997862630693353,0.01907069347469436,0.007983534821585737,-0.01892770199792301,0.9996656050129276,-0.017618747152279575,-0.0083168668939115,0.01746387140734854,0.9998129039578039,161,112,162,162,149,93,146,146,221218_073332
0,0,0,0,-0.01023029369259229,-0.10757247676433224,-0.006466387695686582,0.9997008469561095,0.0011880163814855065,0.0244295970559354,-0.0009112863518510538,0.9999353339949613,-0.011335668730562042,-0.024441484251636086,0.011310015272377965,0.9996372829192174,135,153,108,76,74,114,71,71,221218_073333
0,0,0,0,-0.005415418890522494,-0.1103709908600794,-0.007171100871344871,0.9999175878704655,0.008673996471383122,-0.00946463166340408,-0.008555724243311611,0.9998856930398136,0.012465971160078805,0.009571679579984262,-0.01238396703427227,0.9998775026524559,78,120,162,146,98,119,148,148,221218_073333
0,0,0,0,-0.004375846183549997,-0.11676268503798659,-0.004352515765849885,0.9998023424166406,-0.01189628954755586,-0.015929670216288695,0.012105759304009799,0.999840665848722,0.01311844147972384,0.015771071297549163,-0.013308689273714447,0.9997870533768394,162,102,162,146,160,108,146,146,221218_073333
0,0,0,0,-0.010952470731777589,-0.11027846851968137,-0.006730053020457427,0.9987847792418381,-0.02541880969496855,0.042223795051182865,0.026136908195739914,0.9995214844550948,-0.01654279730429317,-0.041783092092385746,0.017626293608539553,0.9989712142943984,162,162,108,129,98,18,136,136,221218_073333
0,0,0,0,-0.007077972800472759,-0.11461457747087178,-0.005056690852238921,0.9997502815746826,-0.018489071092250408,0.012551045434132551,0.018604763351219442,0.9997849149792162,-0.00916441818375694,-0.012378904312945888,0.009395638889791738,0.9998792350568461,90,146,162,162,66,154,120,120,221218_073333
0,0,0,0,0.0015034790858464986,-0.11422668097686905,-0.00585881665121557,0.9990864428840355,-0.008030953273300796,-0.04197360402500434,0.008776920225315187,0.9998062613624404,0.017618326022024,0.041823980163110404,-0.01797062964901132,0.9989633682739993,162,104,162,162,162,118,146,146,221218_073333
0,0,0,0,-0.009007308799862931,-0.1165336408739096,-0.005382176053925158,0.9992607555783214,-0.026635309443001305,0.02772188038209488,0.02635078064653488,0.9995967797258101,0.010578956522694836,-0.027992476138452158,-0.009840642899040046,0.9995596945790541,106,18,117,125,162,162,132,132,221218_073333
0,0,0,0,-0.005536605286046409,-0.11577225241056144,-0.005121727322739356,0.9991916337780141,-0.03948245112985288,0.007564062453598454,0.039482690739760316,0.9992202476318487,0.0001177051189371717,-0.0075628116445935955,0.0001810395684963452,0.9999713851429464,102,142,162,151,66,146,130,130,221218_073334
0,0,0,0,-0.0106475252419454,-0.11023647818484039,-0.005727935985443355,0.9984799723552702,-0.04406598235237698,0.03310489396961518,0.044739519026907225,0.9988007087955112,-0.019887673238104964,-0.03218882170351169,0.021338540458630973,0.9992539949624595,154,162,160,154,146,137,162,162,221218_073334
0,0,0,0,-0.00786600621637816,-0.1143418696731422,-0.006025519079948083,0.9987847653940534,-0.047678548890407756,0.012479919569115384,0.04762839088707867,0.9988559284765441,0.004286085483098652,-0.012669995984775707,-0.0036864783962185775,0.9999129367493851,162,162,111,127,162,160,122,122,221218_073334
0,0,0,0,-0.004496410874731641,-0.11139807970354554,-0.007709038032379045,0.9984292916132843,-0.054450347164039035,-0.013195049916973917,0.05449439644339278,0.9985095642044034,0.003001824212584057,0.013011933171752338,-0.003716165503383757,0.9999084356625287,113,162,162,162,162,162,18,18,221218_073334
0,0,0,0,-0.005507078170324808,-0.1104539525680337,-0.007783519365909042,0.9977672339259697,-0.0667072068365744,-0.00327039138063665,0.06669230950869609,0.9977635748594816,-0.004470406695511156,0.0035612857392147384,0.004242315368932012,0.9999846598844375,162,107,162,162,146,148,146,146,221218_073334
0,0,0,0,-0.009844396067894473,-0.11493732749471663,-0.006375814439662342,0.9957370873316269,-0.08997864228166134,0.020285385021673225,0.08999329338439026,0.9959423530228617,0.00019131418223832956,-0.020220288280826983,0.0016350499790831782,0.9997942121023735,138,162,162,138,162,145,141,141,221218_073334
0,0,0,0,-0.010144207338821334,-0.11077627495394193,-0.00583584528910519,0.9979626961120883,-0.06075481588409127,0.019475870085374675,0.06063320310593336,0.9981371173650253,0.00677566375735789,-0.019851243029262375,-0.005580975284690349,0.999787367826312,162,162,162,18,162,162,18,18,221218_073334
0,0,0,0,-0.008768900402700425,-0.11378754277931591,-0.0049718773261954174,0.9960693521580416,-0.08840305316347362,0.005544897008637139,0.08840596540064993,0.9960844873028663,-0.0002818442222813913,-0.005498270004229359,0.0007709383649931321,0.9999845872217221,150,88,162,162,142,88,162,162,221218_073334
0,0,0,0,-0.006454121713224861,-0.10800642391877269,-0.006697623395908736,0.9973107284984805,-0.07309969926876539,-0.005267332213330715,0.07309811796350092,0.9973246325693075,-0.0004923623565550655,0.005289231704475985,0.00010600618901831902,0.9999860062974203,138,162,107,138,162,162,139,139,221218_073335
0,0,0,0,-0.01199528230188844,-0.10870502479475397,-0.005467956476241487,0.997593980768205,-0.06752420969780772,0.01570766181621966,0.06756375503938775,0.9977129540480811,-0.0020000824054185835,-0.015536683688092351,0.003056538783878397,0.9998746266560815,162,162,162,18,162,162,18,18,221218_073335
0,0,0,0,-0.009970760686530342,-0.11069735704311268,-0.006120746746131778,0.9965343127216855,-0.08291167541117324,0.006709519269667763,0.08297438177308677,0.9965046678402868,-0.00967982137713284,-0.005883497063129319,0.010202992356724824,0.999930639299185,160,93,162,146,138,162,162,162,221218_073335
0,0,0,0,-0.010625457770037941,-0.11384746370166832,-0.006733527970752717,0.9975426309023896,-0.0697612151199599,0.00648632386839647,0.06975215459266616,0.9975630481745588,0.001613023981250644,-0.006583043522554644,-0.0011566251207589548,0.9999776626286762,162,162,108,138,162,162,140,140,221218_073335
0,0,0,0,-0.0128460460418936,-0.10856706055416376,-0.0076426052543177025,0.998103666064665,-0.05344798392222612,0.030534976714003324,0.05314074515522915,0.9985287699685006,0.010786878581874075,-0.031066589652265508,-0.009143771642083232,0.9994754916692731,162,162,162,18,162,162,18,18,221218_073335
0,0,0,0,-0.0033111424262815964,-0.10694587415976065,-0.0073576872576797125,0.9960161976840343,-0.08141939211176095,-0.03636779535784612,0.08045501592007055,0.9963859691801803,-0.027239508699202587,0.038454185264286,0.0242050203268677,0.9989671629371187,154,156,162,162,151,100,162,162,221218_073335
0,0,0,0,-0.010447143773153672,-0.1126028530521721,-0.006290868784707471,0.9963533341905663,-0.08494176486307925,0.00805791718049989,0.0849273994696223,0.9963849097826964,0.002109117506323636,-0.00820793924621956,-0.0014170883083436153,0.9999653101953372,146,100,113,149,162,131,148,148,221218_073335
0,0,0,0,-0.009844185832019486,-0.1105214565722773,-0.0058371612753986835,0.9945579449404506,-0.10414525910363061,-0.0028738757916894433,0.10415659104194133,0.9945523601418621,0.004124012460319047,0.0024287236051527264,-0.004400902462984526,0.999987366599779,162,162,162,18,162,162,18,18,221218_073335
0,0,0,0,-0.011180075704942324,-0.11058323637121592,-0.005049408748007411,0.9956568733724119,-0.0928082253260569,0.00735008966622275,0.09283657203421124,0.9956748030806256,-0.0036135029118703494,-0.006982936288580044,0.004280166139910901,0.9999664588267969,159,92,162,162,148,92,162,162,221218_073336
0,0,0,0,-0.011634588980358629,-0.11402331230021923,-0.00648745682644325,0.9951543358263204,-0.09788066941820978,0.009339295493701386,0.09785069087304774,0.9951945381868507,0.0036157238180768874,-0.009648325333589421,-0.002684346718383481,0.9999498507930049,162,162,109,139,162,162,138,138,221218_073336
0,0,0,0,-0.012574089481647496,-0.11193164871615724,-0.004629085198043448,0.9956946740092522,-0.09230950755794998,0.008430359661275894,0.09224940582173934,0.9957094622512479,0.007260434481939527,-0.009064396016598206,-0.006451480275044114,0.999938105648102,162,162,162,18,162,162,18,18,221218_073336
0,0,0,0,-0.0073155922869721085,-0.11040403066201454,-0.0071082792974291875,0.9948607855102214,-0.10020794232516621,-0.01450468024264058,0.10010007782852237,0.9949453518979178,-0.0079825531913629,0.01523127941798846,0.006489609517170633,0.9998629371546912,154,162,162,146,156,97,162,162,221218_073336
0,0,0,0,-0.010180773546164493,-0.11309028025588819,-0.006966266337543825,0.9945652011412629,-0.10410661392505355,0.0013688008985943548,0.10410289811988287,0.9945632576742065,0.0025520751382018723,-0.0016270469819339036,-0.002395708982660765,0.9999958066395024,162,162,80,130,162,162,134,134,221218_073336
0,0,0,0,-0.00975947796098832,-0.115154713240607,-0.005622570838963448,0.9910026832338917,-0.13374553366751288,0.005080752623393574,0.13368673433347317,0.9909675485293259,0.010543947317291791,-0.006445066832801602,-0.009769850857134998,0.9999315032179704,162,162,162,18,162,162,18,18,221218_073336
0,0,0,0,-0.0047862973203268155,-0.11065295844934342,-0.007572400599398732,0.9934351433989516,-0.1113193383997668,-0.026355658939649952,0.11100307021518392,0.993732689903564,-0.01317798997685745,0.027657444977941807,0.010165919302524081,0.9995657656312699,162,162,162,154,162,134,162,162,221218_073336
0,0,0,0,-0.006594053713563169,-0.11322642994726584,-0.00648657533353425,0.9932425529266977,-0.11471780087430329,-0.01758002327131163,0.11465378429933999,0.993394812740474,-0.004610397614001751,0.017992798601012265,0.002563626900011955,0.999834829867224,162,148,108,126,162,162,124,124,221218_073336
0,0,0,0,-0.012282737075505298,-0.11677556687718027,-0.005979486559045399,0.9931329999319992,-0.11530137070841923,0.019810057012230365,0.11490662599235177,0.99317433387137,0.020030223219279206,-0.02198435236985426,-0.017616368863079043,0.9996030971335362,162,162,162,18,162,162,18,18,221218_073337
0,0,0,0,-0.010871336321180314,-0.11467436174712109,-0.006327377261461431,0.9936021922027691,-0.1126330826407417,0.008274801791984641,0.11260321386069026,0.9936320127820566,0.0039924181798287346,-0.008671786326727327,-0.0030351061798303443,0.9999577932354848,162,108,148,162,162,118,162,162,221218_073337
0,0,0,0,-0.007999432756476813,-0.11405484478695116,-0.006403448110144094,0.9938013728531541,-0.11072660028796265,-0.009922263041111068,0.11068889377471781,0.9938459157262419,-0.004273709067842009,0.01033441387387165,0.0031489336190338303,0.9999416403505488,146,154,106,58,160,162,31,31,221218_073337
0,0,0,0,-0.013145913968455339,-0.10979613407307731,-0.005732727515670222,0.994235160207616,-0.10569859087181996,0.01800705680138853,0.10544968331997909,0.9943224552435437,0.01425550020752787,-0.01941160721457525,-0.012274481095440094,0.9997362285218959,119,87,162,162,120,88,154,154,221218_073337
0,0,0,0,-0.009747753066653556,-0.11378674924947507,-0.005867511463416297,0.9936299740465162,-0.11268919947129069,0.0007867647932565603,0.1126919087055386,0.9935997555937358,-0.007749799763265895,9.158942509572985e-05,0.007789095363893787,0.9999696603421474,162,162,149,138,162,148,139,139,221218_073337
0,0,0,0,-0.012991404391985276,-0.11533079968265292,-0.005512877612885547,0.9925877182979748,-0.11935553835396581,0.022888358356493846,0.11933975932192054,0.9928513395448786,0.002058982497844648,-0.022970488218719748,0.0006877704379869901,0.9997359069488393,162,162,162,18,162,162,18,18,221218_073337
0,0,0,0,-0.009593061582084741,-0.11621655733906688,-0.006436611292221062,0.9938423826207833,-0.11080101327498695,0.0006737684182634233,0.1107989569336685,0.993839531826627,0.0025643948684918073,-0.0009537552392325583,-0.002473951468124098,0.9999964849513607,162,103,125,162,146,43,162,162,221218_073337
0,0,0,0,-0.009374819735628412,-0.11717547436332676,-0.006898349880388122,0.993583214268005,-0.11310221793886703,-0.0005334999242399469,0.11310083299191083,0.99358118905528,-0.0021499609374030573,0.0007732408395894429,0.0020758258129032975,0.9999975465198896,130,162,162,122,162,162,128,128,221218_073338
0,0,0,0,-0.010680150136573266,-0.11403216978690023,-0.004570970676149755,0.9938455738451543,-0.11076260040413202,-0.001619166486793853,0.11076758029878275,0.9938405119561193,0.0034029324928192234,0.001232275598273032,-0.00356134054992538,0.9999928991499577,162,162,162,18,162,162,18,18,221218_073338
0,0,0,0,-0.014313821793667442,-0.1158128985997805,-0.005949405644703809,0.9946631582206569,-0.09883438361796841,0.029613616688345275,0.09834068187941836,0.9949955335883437,0.017691761549897808,-0.031213970686201065,-0.014685120159660545,0.9994048405325529,159,92,77,154,159,87,162,162,221218_073338
0,0,0,0,-0.00997050529450176,-0.11374781271288859,-0.006486214742288554,0.9950607550900945,-0.09922560641423343,0.0028935637645184456,0.09922399246743455,0.9950648794322875,0.000696447577999137,-0.0029483891117328778,-0.0004058967036700427,0.9999955711149484,162,156,105,128,162,162,128,128,221218_073338
