0,0,0,0,0,0,0,1,0,0,0,1,0,0,0,1,162,162,82,95,162,162,95,95,221218_045146
0,0,0,0,-0.00023478867746162813,4.75491296252073e-05,0.00014209246031438028,0.9999997503123266,0.00026188290790000687,0.0006563479467249114,-0.0002617953603369813,0.9999999568247051,-0.00013346826714196735,-0.0006563828714450359,0.00013329640496912836,0.999999775696772,150,162,135,85,150,162,85,85,221218_045146
0,0,0,0,0.00031216974331016445,-3.235976589033296e-05,-0.0002775176735562157,0.9999988960418963,0.000505971170595947,0.0013971070691390698,-0.0005060903166159461,0.9999998683298785,8.492830736220236e-05,-0.0013970639139069363,-8.563527596403296e-05,0.9999990204390301,78,154,162,91,78,154,91,91,221218_045147
0,0,0,0,-6.66727032140324e-05,4.23384028072904e-05,-1.031112400884382e-05,0.9999991775741861,0.000925041116908384,0.0008883410848370621,-0.000925311344084771,0.9999995257429395,0.0003038302383028449,-0.0008880596080721434,-0.0003046519805088396,0.9999995592685545,78,154,162,102,78,154,102,102,221218_045147
0,0,0,0,0.00014642048001778374,-6.360790992032683e-06,-0.00017454388144932942,0.9999988906116127,0.00010425930371945789,0.0014859022648993712,-0.00010179370438658821,0.9999986181680232,-0.0016593071103188296,-0.0014860732098361648,0.0016591540140064311,0.9999975193941097,86,127,162,162,86,127,162,162,221218_045147
0,0,0,0,-0.00029283198209673067,6.302989595388664e-05,0.0001446642606065529,0.9999986055851192,0.0014423147699513938,0.0008417576382206226,-0.0014436679843349474,0.9999976631168059,0.0016092183442400717,-0.0008394346717455114,-0.001610431318875605,0.9999983509288398,100,92,162,162,100,92,162,162,221218_045147
0,0,0,0,-0.00016286404811383104,5.06554069384102e-05,7.642726300349789e-05,0.99999998532118,0.00015884411563975897,-6.423539282255138e-05,-0.0001588493778886579,0.9999999840276244,-8.192451748799845e-05,6.422237856891501e-05,8.193472003714088e-05,0.9999999945810939,130,155,150,162,130,155,162,162,221218_045147
0,0,0,0,0.00014449228128199376,-1.4972944649305209e-05,-0.00016722353288955993,0.9999997307844777,-0.00012494442390552655,0.0007230628345058412,0.00012532330830714947,0.9999998548707126,-0.0005239776930459547,-0.0007229972614774327,0.0005240681686092198,0.9999996013136778,162,106,78,154,162,106,154,154,221218_045147
0,0,0,0,0.0003762344022291142,-4.5555798496188515e-05,-0.00032079377048810365,0.9999979911824781,0.0017849067871412137,0.0009119971324196464,-0.0017843449490649876,0.9999982180218121,-0.0006164951780758898,-0.0009130958936883878,0.0006148666221723024,0.9999993940972793,162,102,78,154,162,102,154,154,221218_045147
0,0,0,0,-5.968538419998115e-05,4.23223056022215e-05,-5.661206061158275e-06,0.999999290667986,-3.1482619156772384e-06,0.001191072463157436,2.619547156450667e-06,0.9999999014732428,0.00044389936214749183,-0.0011910737433165413,-0.0004438959272055915,0.9999991921495458,162,146,86,127,162,146,127,127,221218_045147
0,0,0,0,0.00012678050707060073,-4.354322169219937e-06,-0.00011613636666119032,0.9999986427250724,-0.0016297594968939612,0.0002417271077954685,0.0016302257520142314,0.9999967867378111,-0.0019413598459111468,-0.00023856238141720102,0.001941751280707489,0.9999980863431461,162,90,100,92,162,90,92,92,221218_045148
0,0,0,0,0.0004937420827110239,-4.7950754596542966e-05,-0.00038409796044891475,0.9999989860641297,0.0013331440281807352,0.0005005973547755858,-0.001333170821816139,0.9999991099126122,5.319344895511958e-05,-0.0005005259946715674,-5.386077680744351e-05,0.9999998732863645,152,162,130,155,152,162,155,155,221218_045148
0,0,0,0,4.1245961428071354e-05,2.2043739678678786e-05,-8.296355786474585e-05,0.9999981081647017,0.0019301244773584612,0.00024142601100222882,-0.00193043487566279,0.9999973019064321,0.0012921304297892078,-0.00023893138704176502,-0.0012925940424831134,0.9999991360558437,129,154,162,106,129,154,106,106,221218_045148
0,0,0,0,8.872026872608352e-05,1.1487752027777853e-05,-8.724098706436312e-05,0.9999990803892872,-0.0012026819364240292,-0.0006267190275514216,0.0012014850533408447,0.9999974605564835,-0.0019066500076882161,0.000629010529557156,0.0019058952607676875,0.9999979859524761,115,154,162,102,115,154,102,102,221218_045148
0,0,0,0,0.0004872849763740694,-7.202639318673598e-05,-0.00041090031133239613,0.9999992359587281,-0.000810245501374387,0.0009335867326341337,0.0008125894980398822,0.9999965119934364,-0.0025131055029894676,-0.0009315472438493194,0.0025138622056470523,0.9999964063518145,77,128,162,146,77,128,146,146,221218_045148
0,0,0,0,-0.00012582252754655965,3.499953779093068e-05,4.95495033738802e-05,0.9999996961581145,-0.0007553946168406214,-0.000192516625262169,0.0007550887940666486,0.9999984608585083,-0.0015837050003190104,0.00019371265118356935,0.0015835591519761623,0.9999987274071008,139,82,162,90,139,82,90,90,221218_045148
0,0,0,0,-2.3554370612299813e-05,2.9138949013574056e-05,-1.9066220523389354e-05,0.999999455280527,0.0007322861106651792,0.0007437712694825409,-0.0007315143774346961,0.9999991944085623,-0.0010373374297715527,-0.000744530298098749,0.00103679278533597,0.999999185367346,137,81,152,162,137,81,162,162,221218_045148
0,0,0,0,0.0005062637358453914,-4.459641539755754e-05,-0.0003934004713987971,0.9999992964239961,0.0007859958573658007,0.0008884604800680486,-0.0007856243650785604,0.9999996038669681,-0.0004184020373640802,-0.0008887889903876944,0.00041770374678534944,0.9999995177887391,162,108,129,154,162,108,154,154,221218_045149
0,0,0,0,0.000292979276128591,-2.286732777811995e-05,-0.0002604306512586918,0.999999656532057,-0.0002081941723678893,0.0008022412070030814,0.00020913825200166695,0.999999285585205,-0.0011768985816506268,-0.0008019956104440294,0.001177065956747201,0.9999989856588727,162,120,115,154,162,120,154,154,221218_045149
0,0,0,0,8.269358454571218e-05,1.5706457151737352e-05,-0.00013424171482867564,0.9999997761591547,-0.0003697059711665927,0.0005576729640822308,0.0003704034115596199,0.9999991488475709,-0.0012510417449359205,-0.0005572099718141856,0.0012512480288693127,0.999999061947269,162,142,77,128,162,142,128,128,221218_045149
0,0,0,0,0.00038083165268854025,-2.479559168697132e-05,-0.0003250114276833749,0.9999994104591421,-0.000246713980146913,0.0010574561833527542,0.0002484081358998152,0.9999986855062715,-0.0016022731128106662,-0.0010570594901563733,0.0016025348489237831,0.9999981572519484,162,90,139,82,162,90,82,82,221218_045149
0,0,0,0,6.47290871632622e-05,-8.516765693022954e-06,-0.00011114973895987035,0.9999997489438014,-0.0002861111372254841,0.0006482690420685617,0.00028664348740714476,0.9999996216975986,-0.0008212430646227981,-0.0006480338300397009,0.0008214286805434358,0.9999994526533892,162,162,137,81,162,162,81,81,221218_045149
0,0,0,0,4.4801456333898315e-05,-3.0331411239176154e-05,-5.985437994071585e-05,0.999999890019378,-0.0002837477218784998,-0.0003734279868209585,0.0002836406947057719,0.999999918695878,-0.0002866290181552862,0.00037350928679052265,0.00028652306725765876,0.999999889197666,132,154,162,108,132,154,108,108,221218_045149
0,0,0,0,-0.0002082104112759442,3.221192649818794e-05,9.905741878790675e-05,0.9999992724591482,-0.0010080086584962522,0.0006625705385102676,0.0010079965239841802,0.9999994917975016,1.8647974267792533e-05,-0.0006625889991098269,-1.798009190134357e-05,0.9999997803262431,127,154,162,120,127,154,120,120,221218_045149
0,0,0,0,-0.00019019392020402925,6.631094017503503e-05,8.278252936821939e-05,0.999996868823493,0.00237034809770479,0.0008023671881914353,-0.0023710579667128983,0.999996797489605,0.0008849263549194392,-0.000800267035100312,-0.0008868260431732834,0.9999992865558665,69,127,162,142,69,127,142,142,221218_045149
0,0,0,0,-0.00033954155072535297,0.00010056093371393904,0.00017585238144224302,0.9999989811991207,0.0012930822445972353,0.0006045982384129824,-0.0012930241718634953,0.9999991593942514,-9.643279021861584e-05,-0.0006047224257130488,9.565093183568519e-05,0.999999812580826,18,82,162,90,18,82,90,90,221218_045150
0,0,0,0,-0.00015289592233180826,7.441555341114459e-05,4.927013078315223e-05,0.9999993863156649,0.000912516234386918,0.0006282375471799361,-0.0009126527345526348,0.99999955998304,0.00021702237994017322,-0.0006280392342999852,-0.00021759560947270031,0.9999997791094112,140,92,162,162,140,92,162,162,221218_045150
0,0,0,0,-3.652433781864417e-06,0.00018061095224025658,-0.0003758377537339541,0.9999810678300897,0.006153077051803089,6.02012317591088e-05,-0.0061530053963651556,0.9999804364580811,-0.0011257111973774238,-6.712664174534505e-05,0.001125319466717179,0.999999364574854,162,110,132,154,162,110,154,154,221218_045150
0,0,0,0,-0.001420539625957562,-4.567729703688905e-05,-0.0004299874903884726,0.9997123564911817,0.023664746245132217,0.0038966734532768534,-0.023655110831750457,0.9997170515110886,-0.002500529846664075,-0.0039547452997111265,0.0024076343430724408,0.9999892815858,162,122,127,154,162,122,154,154,221218_045150
0,0,0,0,-0.004538403731775387,-0.0005071249552261736,-0.0011030288499476182,0.9994870820681669,0.03193166244269394,0.0024375628210451007,-0.03191893457594918,0.9994774842281572,-0.005093146030765589,-0.0025989217758519718,0.005012729256626885,0.9999840589484428,162,135,69,127,162,135,127,127,221218_045150
0,0,0,0,-0.010865252963815242,7.385946030355472e-05,-0.0007344451720883161,0.9988093194793588,0.048704374863172736,0.002797711630604043,-0.04869136813692973,0.9988035405180896,-0.0045429194890938725,-0.0030156243357661555,0.004401285916404255,0.9999857672447882,162,162,18,82,162,162,82,82,221218_045150
0,0,0,0,-0.019238925386249495,0.0007958024693645038,-0.0006873088914538528,0.9975444077465211,0.06991089116383055,0.004197841149990587,-0.06989455360029308,0.9975466822453056,-0.003920219177545485,-0.004461608528025663,0.0036171864844367473,0.9999835048695951,162,138,140,92,162,138,92,92,221218_045150
0,0,0,0,-0.0304437902701008,0.0015662509330823804,-0.0003566590422484639,0.9962135878139681,0.08689104501785426,0.0029040920313052215,-0.0868800949270539,0.9962118848602644,-0.0037053432535492925,-0.0032150521437649946,0.003439005505343212,0.9999889182790214,134,154,162,110,134,154,110,110,221218_045150
0,0,0,0,-0.03867847385826806,0.0016657744312247036,-0.0008850256972247061,0.9954425912715442,0.09533088077253157,-0.0024638696649613855,-0.09533887032109128,0.9954392088004212,-0.00335877785662408,0.002132437218485267,0.003578373083578618,0.999991323941155,110,154,162,122,110,154,122,122,221218_045151
0,0,0,0,-0.05172585424710885,0.00021183777309322083,-0.0007216330248439595,0.9961416009436493,0.08774103539893502,0.0018497504009292402,-0.08773688900309067,0.9961412211063984,-0.002214931311242845,-0.002036952989709764,0.0020440938767517496,0.9999958362427019,53,130,162,135,53,130,135,135,221218_045151
0,0,0,0,-0.06350560596950983,-0.00014919231712018366,-0.0009687600834178411,0.995545075778159,0.09428464205720662,0.0006390352136420068,-0.09428505936422982,0.995545024069756,0.0006577466332836926,-0.0005741729212631887,-0.0007150678949295982,0.9999995795015926,82,162,162,162,82,162,162,162,221218_045151
0,0,0,0,-0.07645602403432306,-0.001168479673055195,-0.000925001109136625,0.9960803582257459,0.08844481289965518,0.0011979265476616265,-0.08843172834989244,0.9960468014711841,-0.008402303260103152,-0.0019363310459619876,0.00826343452619859,0.9999639824873252,138,90,162,138,138,90,138,138,221218_045151
0,0,0,0,-0.09082749903315401,-0.0016299269918707004,0.0005803269863149385,0.9961380647116933,0.08780012319167482,0.00030724577940758897,-0.08779979002817981,0.9961376713627286,-0.0009677618758299573,-0.0003910287071533185,0.0009370483271715495,0.9999994845183585,162,111,134,154,162,111,154,154,221218_045151
0,0,0,0,-0.10142272193530377,-0.003352319344963134,-0.000636182581978284,0.9957905458118268,0.09159926591127175,0.003280755446384206,-0.0915937575981743,0.9957948446073722,-0.0017919325956108176,-0.0034310990702474103,0.0014838928183456353,0.9999930127862263,162,123,110,154,162,123,154,154,221218_045151
0,0,0,0,-0.11552419271218262,-0.004525630380574963,1.5819225658519898e-05,0.9953083849493927,0.09674476673010207,-0.001291882258301219,-0.09675204795097173,0.995276210004481,-0.008019165568251335,0.0005099673755435325,0.008106534984579325,0.9999670114677883,162,162,53,130,162,162,130,130,221218_045151
0,0,0,0,-0.1239114883105098,-0.005534626541421339,0.00018675275061497132,0.9955672996435799,0.09404179905537711,-0.0013754674908379627,-0.09404479310571129,0.9955653016358101,-0.0023037075559312306,0.0011527229043491313,0.002422851466225996,0.9999964005038611,162,162,82,162,162,162,162,162,221218_045152
0,0,0,0,-0.13193420977288717,-0.007348922052457685,-0.0009830396025700683,0.9948737098006153,0.10102331199596012,-0.004537838794791592,-0.1010038075993397,0.9948765733736034,0.004339885117513176,0.004953019078937183,-0.0038592986104232425,0.9999802865138089,162,162,138,90,162,162,90,90,221218_045152
0,0,0,0,-0.14213266743783126,-0.008275055676675136,-0.00015031065769077756,0.9955669582352729,0.09403536958889293,-0.0019444630224605647,-0.09403865744165811,0.9955671380292533,-0.0016746888702767148,0.0017783634994117986,0.0018501195966487555,0.9999967072349499,137,154,162,111,137,154,111,111,221218_045152
0,0,0,0,-0.1507778697148432,-0.010086708523641325,-0.0007064724883734108,0.9952379419072829,0.0974727488473004,-0.0007086750362322083,-0.09747463424513109,0.9952319568654613,-0.0034709814928029713,0.0003669699357894782,0.0035235303172502343,0.9999937250138972,82,156,162,123,82,156,123,123,221218_045152
0,0,0,0,-0.1618755224520121,-0.011536259971217488,0.0006524081401856341,0.9950593468402742,0.099193389106293,-0.004191398741952107,-0.09920141291214057,0.9950658331578954,-0.0017513874555232618,0.003996991623905767,0.002158527134836569,0.9999896823560565,102,126,162,162,102,126,162,162,221218_045152
0,0,0,0,-0.17375010199367746,-0.013282374441517059,0.0010179401970669133,0.9944973782639515,0.10474898303522366,0.001617151573821067,-0.10474944862472385,0.9944986227721091,0.00020571143632862446,-0.0015867069492246316,-0.000373975219808768,0.9999986712509135,58,162,162,162,58,162,162,162,221218_045152
0,0,0,0,-0.17933659835102866,-0.0146694400373409,0.00019240712580559372,0.9944986455417153,0.10466647149405911,-0.004168184338084806,-0.10468128188481254,0.9944996314076704,-0.003508896259486593,0.0037779939975454754,0.003925923457048476,0.9999851568330221,141,86,162,162,141,86,162,162,221218_045152
0,0,0,0,-0.1889640637117017,-0.015229499788529818,-0.00033037109123823516,0.9938788364847099,0.11042335789643053,-0.0033971191730571954,-0.11042986833759681,0.9938823032785526,-0.0017920403624071394,0.0031784535139267383,0.002156214413330355,0.9999926240591296,162,112,137,154,162,112,154,154,221218_045152
0,0,0,0,-0.19679027211140565,-0.015473241808724489,-0.0015871297603045065,0.9925307496327204,0.12189116056899137,-0.005025535658458848,-0.12192722008188732,0.9925096986324046,-0.007632242378072253,0.004057590000636332,0.008187984841144521,0.9999582455620974,162,125,82,156,162,125,156,156,221218_045153
0,0,0,0,-0.20643657811709892,-0.014513920798520805,-0.002919568393518146,0.9917413258946957,0.12824884848692392,0.0011727635773044257,-0.1282410410528973,0.9917290693129542,-0.005261983402668665,-0.0018379070431938968,0.005068129974535351,0.999985467972541,162,162,102,126,162,162,126,126,221218_045153
0,0,0,0,-0.22362082885273094,-0.013172678517152758,0.0007450102418689042,0.9929360787808273,0.11862613732285962,-0.002404786729069049,-0.11863678883418648,0.9929255392263824,-0.004917914915028567,0.0018043809096328967,0.005168471326873761,0.9999850154445697,162,162,58,162,162,162,162,162,221218_045153
0,0,0,0,-0.2269218157102323,-0.013209153448709293,-0.002855679081920748,0.9911914822478597,0.1322293945280317,-0.007404913371573272,-0.13219480672832432,0.9912112328316771,0.004982467498059615,0.007998661972572903,-0.0039596882526587345,0.9999601703445945,151,162,141,86,151,162,86,86,221218_045153
0,0,0,0,-0.24012545505735827,-0.012099532700832943,-0.001889337736098451,0.9919508762577754,0.12656239851931977,-0.003926623545445044,-0.12650794676816565,0.9918939588655036,0.011921148041269128,0.005403563262673075,-0.011328444163070214,0.9999212308261639,123,162,162,112,123,162,112,112,221218_045153
0,0,0,0,-0.2545132729240439,-0.009987795502007346,-0.0004887722929632909,0.9911704439567562,0.13248903808600088,-0.005273121809034584,-0.13247817050797506,0.9911831112203761,0.002361010452676483,0.00553943728430899,-0.0016415902484394282,0.999983309768733,80,156,162,125,80,156,125,125,221218_045153
0,0,0,0,-0.2613620891118288,-0.008763850273187573,-0.0017714316371820749,0.9922945156787054,0.12343031234284284,-0.01079593205384336,-0.12350619360305864,0.9923214044791432,-0.006667109885395618,0.00989011100275289,0.007949101049072127,0.9999194955079458,88,120,162,162,88,120,162,162,221218_045153
0,0,0,0,-0.2722291869314245,-0.007503301334275542,-0.002282670271730791,0.9913386204923254,0.1307864047929675,-0.011943862093275175,-0.13082762511137339,0.9914013598081235,-0.0027342783914300747,0.011483554680115323,0.004273182880922336,0.9999249311223192,114,98,162,162,114,98,162,162,221218_045153
0,0,0,0,-0.2893487258107784,-0.005682810104437663,0.0012630585629078706,0.9915419832899474,0.12927047190333882,-0.011560297025822315,-0.12931697662205183,0.9915975913803544,-0.0033669460957203956,0.011027915975779944,0.004833411069612872,0.9999275089758574,138,155,151,162,138,155,162,162,221218_045154
0,0,0,0,-0.30059097543442126,-0.0038216080625488036,-1.6517489996537016e-05,0.9909713930506322,0.1335638155428802,-0.01167926936570108,-0.13358573216563785,0.991036635195954,-0.0011134905715402825,0.011425861764425544,0.002663621052204248,0.9999311750344773,154,127,123,162,154,127,162,162,221218_045154
0,0,0,0,-0.3111702542433269,-0.002121658626390993,-0.0007164178481192662,0.991043484509315,0.1333291378755286,-0.0074935175320451864,-0.13333690917741373,0.9910706188948697,-0.0005449902331045879,0.007353941980253116,0.0015392714862285848,0.9999717746919874,162,142,80,156,162,142,156,156,221218_045154
0,0,0,0,-0.3194134965642378,-0.0014003398878795759,-0.001935950503927475,0.9898286367609681,0.14187973732486162,-0.010459922779410488,-0.1418476524317948,0.9898813907197511,0.0037517737566148232,0.010886383582794918,-0.0022298976120689205,0.9999382551983537,162,150,88,120,162,150,120,120,221218_045154
0,0,0,0,-0.3347307852831435,0.000589962341914746,0.0007934259537465405,0.9903170481783993,0.13771916601349327,-0.017480715081763347,-0.13774593059949994,0.9904675407526574,-0.00033063372775662145,0.017268546276389317,0.0027353295837822637,0.9998471459586052,162,162,114,98,162,162,98,98,221218_045154
0,0,0,0,-0.34132785410948674,0.0012453028289326207,-0.001449629244506423,0.9901214126024703,0.14016170440683587,-0.0037795401650047218,-0.14012791449012504,0.9901004766160239,0.008075505270279372,0.004874001101389428,-0.0074661116046346645,0.9999602498553483,160,162,138,155,160,162,155,155,221218_045154
0,0,0,0,-0.3509009679895395,0.003032417610866728,-0.002381108240311236,0.992658682550263,0.12053360058725207,-0.010019535271086549,-0.12053775788773538,0.9927087250415985,0.00019013069877805367,0.00996939722217547,0.0010189974276918012,0.9999497851208673,122,162,154,127,122,162,127,127,221218_045154
0,0,0,0,-0.3582103027413409,0.0047462883799931355,-0.0023785381605020417,0.991380264545105,0.13082890434327196,-0.006997775276223701,-0.13082400073796882,0.9914049347590556,0.001155926600268683,0.007088857551797469,-0.0002304858608690308,0.9999748471711067,78,155,162,142,78,155,142,142,221218_045155
0,0,0,0,-0.36480511129786464,0.006949693992705869,-0.004534221367304747,0.9913514478181136,0.13105157187103694,-0.006913206134635982,-0.13111014932555926,0.9913284250856427,-0.008836422412294608,0.005695230702893446,0.009666391640590506,0.9999370606292635,72,122,162,150,72,122,150,150,221218_045155
0,0,0,0,-0.37650029815105934,0.008152500451933525,-0.0043741594627891844,0.9912656189917387,0.13185468566278,-0.002610454691107101,-0.13185512727275284,0.9912689974992369,2.9570563792823244e-06,0.002588052706410369,0.0003412706072128361,0.999996592752976,107,85,162,162,107,85,162,162,221218_045155
0,0,0,0,-0.38857710477437124,0.009451441526209137,-0.0037849842628633334,0.9932625531481863,0.11581884772903497,-0.003936371967287824,-0.11584201688794424,0.9932477952131229,-0.006280479886535154,0.0031823948340035787,0.00669416275500747,0.9999725298967618,145,86,160,162,145,86,162,162,221218_045155
0,0,0,0,-0.40080199651179693,0.011214881152187911,-0.0035598667139321583,0.9919425293066373,0.12658978775140078,-0.005004417029601106,-0.1265834180333859,0.9919547218966052,0.001570982499768714,0.005163025444059493,-0.000924848141445889,0.9999862438174735,154,126,122,162,154,126,162,162,221218_045155
0,0,0,0,-0.41184385024017056,0.012583693830954534,-0.0027342934884164727,0.9921779218446337,0.12379680461236438,-0.01604127712595145,-0.12383825413688473,0.9923011059437827,-0.0016130576788172873,0.01571808564653923,0.003586963968987905,0.9998700292903541,162,162,78,155,162,162,155,155,221218_045155
0,0,0,0,-0.4184836303116991,0.012920475987943797,-0.004340166406135104,0.9925344029859138,0.12159478941327241,-0.009495581969397178,-0.12165652819699835,0.9925527826363818,-0.006217944019445973,0.008668796712848936,0.007326722890746969,0.9999355834728723,162,151,72,122,162,151,122,122,221218_045155
0,0,0,0,-0.4304640485055221,0.014040446089341185,-0.0012374237857241122,0.9927480660756177,0.11960803059993372,-0.012049743529469642,-0.11966926518645452,0.9928036449520589,-0.0044932771605049535,0.011425597264687256,0.005902676165289496,0.9999173036512734,162,162,107,85,162,162,85,85,221218_045156
0,0,0,0,-0.43192286366116195,0.01449485374995152,-0.005591891471224186,0.9925994329692188,0.12116282013844804,-0.008120140718188115,-0.12120846097376471,0.9926124698891733,-0.005384571374433019,0.0074077430811652885,0.006328952252385752,0.9999525337263916,159,162,145,86,159,162,86,86,221218_045156
0,0,0,0,-0.45202232176728285,0.018477472392079308,-0.0011028916362839647,0.9947103749805292,0.10107891278638678,-0.018284509728621563,-0.10122003920572702,0.9948396984583493,-0.006962616928466314,0.017486382395603173,0.008776546087348399,0.9998085810141316,122,162,154,126,122,162,126,126,221218_045156
0,0,0,0,-0.45358211322042885,0.018944057404130604,-0.0024483871786959988,0.9945899264673063,0.10241930857371298,-0.01735406007368388,-0.1025581456181598,0.9947001783019667,-0.007306302307014146,0.016513780219041423,0.009046574894383817,0.9998227115571827,105,153,162,162,105,153,162,162,221218_045156
0,0,0,0,-0.45801298019780246,0.01953438909218433,-0.0028911221863242575,0.9947325163230307,0.10121927392160926,-0.016182693114365276,-0.10131764041732275,0.9948395985191948,-0.005376705165349185,0.015554957727927365,0.006987975740599189,0.9998545951712836,70,119,162,151,70,119,151,151,221218_045156
0,0,0,0,-0.4665248498470983,0.020638775048445024,-0.0006760879140855769,0.9951281852865601,0.09821383736816522,-0.008598662552792992,-0.09823716899306432,0.9951602955207423,-0.0023334196573710276,0.008327873468379956,0.003166759935464364,0.999960308289787,111,87,162,162,111,87,162,162,221218_045156
0,0,0,0,-0.46007722809363616,0.019642215135584645,-0.0035525339093664954,0.9954666161086917,0.0949475808257995,-0.005583288317649471,-0.09497508612518576,0.9954676573740807,-0.004886321487012744,0.005094038537685592,0.005394443204725493,0.999972474998131,138,146,159,162,138,146,162,162,221218_045156
0,0,0,0,-0.46717568057570424,0.020748526877737455,-0.00038432411423372503,0.9950855907261789,0.09866837655744905,-0.008319771430067334,-0.0986780064357681,0.995119129799892,-0.0007540239841539547,0.008204765383220809,0.0015712968604134738,0.9999651058167894,154,162,122,162,154,162,162,162,221218_045157
0,0,0,0,-0.46646990440895963,0.020669154352382035,-0.0006603800741042942,0.9950545020010696,0.09908867151536736,-0.006926270621555653,-0.0990861182018744,0.9950786072967192,0.0007116741574020545,0.006962702570666614,-2.1857304775468603e-05,0.999975759853793,162,162,105,153,162,162,153,153,221218_045157
0,0,0,0,-0.46683958140307136,0.020677161235407387,-0.0004977150208086423,0.995044944567171,0.09918503849577084,-0.006920002160928715,-0.09919367328137359,0.9950677252184137,-0.0009151008689276634,0.00679510649386972,0.0015969869268523678,0.9999756377834875,162,146,70,119,162,146,119,119,221218_045157
0,0,0,0,-0.4661498125190552,0.020608629776479537,-0.0008166445628723373,0.9952056073789648,0.09756326468402543,-0.0068708387886812035,-0.09757349171360101,0.995227636400307,-0.0011685289361454546,0.0067240431498584805,0.0018333382812490272,0.9999757127622977,162,106,111,87,162,106,87,87,221218_045157
0,0,0,0,-0.4586160253969732,0.019481376837562486,-0.004209326946301606,0.9955332708158802,0.0942722246020541,-0.0051239015618111654,-0.09428920099089605,0.9955397743456023,-0.0031787218195044225,0.004801382627298806,0.0036476519142041148,0.9999818205149427,124,162,138,146,124,162,146,146,221218_045157
0,0,0,0,-0.4671583904010205,0.020741737891052298,-0.00035901705150231944,0.9951943909188502,0.09767303324613098,-0.006935622550152807,-0.09768128481465047,0.995217376480557,-0.0008603186131380016,0.0068184221501192506,0.0015336647798860558,0.9999755781976506,122,162,154,162,122,162,162,162,221218_045157
0,0,0,0,-0.46612715852753317,0.020612505567279837,-0.0008173434692577697,0.9950855696159868,0.09874608698442093,-0.0073429862652298625,-0.09875500445543874,0.9951114046786047,-0.0008610305341385919,0.007222065980908271,0.0015819557008584914,0.9999726692160782,97,149,162,162,97,149,162,162,221218_045157
0,0,0,0,-0.4588754128543516,0.019525748740593762,-0.004071840353892409,0.9953830073187115,0.09585526108109661,-0.004943446594446987,-0.09587298376894395,0.9953874868193363,-0.0034816758503091343,0.004586907934240987,0.0039395439535010734,0.9999817199674409,43,122,162,146,43,122,146,146,221218_045157
0,0,0,0,-0.4667671720289138,0.020680232707870505,-0.0005439913564158072,0.9950748897938758,0.09887778028513933,-0.007010582542835353,-0.09887754374439302,0.9950995357464598,0.00038118270841047653,0.007013917933778322,0.00031388384048936283,0.9999753529123371,110,79,162,106,110,79,106,106,221218_045158
0,0,0,0,-0.46651776912934284,0.02068582853447201,-0.0006432523653356892,0.995004984784906,0.09960296562091246,-0.0066580397046007486,-0.09960537557177147,0.9950270188418285,-3.0527859924756925e-05,0.006621888733216728,0.0006935519181480687,0.999977834542017,146,90,124,162,146,90,162,162,221218_045158
0,0,0,0,-0.46722034252963784,0.020773612924417262,-0.0003348375475709098,0.9951029368934154,0.0985975712783032,-0.0069759532767390015,-0.09860316036396968,0.9951267277258177,-0.00046101187039962124,0.00689650290629765,0.0011466053058149302,0.9999755614733472,154,162,122,162,154,162,162,162,221218_045158
0,0,0,0,-0.4663453187003107,0.020633411458405332,-0.0007504159661533283,0.9950858430215568,0.09870255322711023,-0.007872166444315114,-0.09871250991280607,0.9951155994632874,-0.0008854894335537963,0.007746315562361859,0.0016582193076439124,0.9999686219596774,146,162,97,149,146,162,149,149,221218_045158
0,0,0,0,-0.45949261822918175,0.019625151085772674,-0.003747036962810979,0.9946355027985083,0.10339308394509482,-0.0031759667946411187,-0.10338614697083204,0.9946386898381409,0.002276245064200228,0.0033942874485936533,-0.0019356831841185085,0.999992365942524,114,18,43,122,114,18,122,122,221218_045158
0,0,0,0,-0.46633098234434256,0.02063793412097456,-0.0007270030993077325,0.9950559256567093,0.09904436963351958,-0.007342864520606313,-0.09904748136237822,0.9950827065033149,-6.04467327256084e-05,0.007300770592112873,0.000787440116336143,0.9999730389799641,162,162,110,79,162,162,79,79,221218_045158
0,0,0,0,-0.467036183969019,0.020722354468652976,-0.0004382549826511539,0.9949777550637334,0.09975116833136194,-0.008304898847124506,-0.0997476894031563,0.9950124142020864,0.0008330921119820795,0.008346579363079356,-5.136486136741889e-07,0.9999651666996565,162,162,146,90,162,162,90,90,221218_045158
0,0,0,0,-0.45907472126012616,0.019560685810611655,-0.003990680076953357,0.9954373427327674,0.0952659331177519,-0.005375749280822778,-0.09528748514510997,0.9954421322826907,-0.0039059507435548484,0.004979143284422696,0.004400370858749154,0.9999779221905145,120,162,154,162,120,162,162,162,221218_045159
0,0,0,0,-0.4668979824162448,0.02068952175391009,-0.0004808558874687119,0.9950858485512247,0.0987285247117354,-0.007538728097843376,-0.09873809553436143,0.9951130415662899,-0.0009071906833030445,0.007412321049191287,0.0016470922660244166,0.9999711718763351,95,148,146,162,95,148,162,162,221218_045159
0,0,0,0,-0.46649242820135217,0.020680240642488162,-0.0006832380884763678,0.9950926795345703,0.09860687411270348,-0.00820021429169602,-0.09860663891905883,0.9951263952042781,0.00043396869232019446,0.008203041984210586,0.00037675650084457605,0.9999662835099713,99,115,114,18,99,115,18,18,221218_045159
0,0,0,0,-0.46661666613276165,0.020712574915588894,-0.0006123114438865151,0.9951486723735233,0.09813653119766952,-0.006952777696879682,-0.09814663414193871,0.9951713268192417,-0.0011262697008860105,0.006808676804044994,0.0018031975264566748,0.9999751948917828,114,90,162,162,114,90,162,162,221218_045159
0,0,0,0,-0.46637295001534207,0.0206705783822905,-0.0007023763494860003,0.99509827382751,0.09863579295854134,-0.007099702314158109,-0.0986572964621737,0.9951176849299243,-0.0027442657459638515,0.006794356502614567,0.0034312515427330974,0.9999710311966872,147,91,162,162,147,91,162,162,221218_045159
0,0,0,0,-0.4673573529890981,0.020799507509448534,-0.00027275221153355567,0.9950423445415764,0.09916324070889049,-0.007575240016868349,-0.09916488878735873,0.9950710023202765,0.00015866036482838075,0.007553634952350381,0.0005933240524053897,0.9999712948707955,154,162,120,162,154,162,162,162,221218_045159
0,0,0,0,-0.46680585245112816,0.02071962592691237,-0.0005276316038739237,0.995073346554713,0.0988703923408609,-0.0073266973984614115,-0.09886771731645894,0.9951003193235967,0.0007272927262877089,0.007362706637991195,6.642401818368078e-07,0.9999728949079179,146,162,95,148,146,162,148,148,221218_045159
0,0,0,0,-0.4634414686020044,0.017590035878866483,-0.0012386126788953566,0.9942137324091374,0.10671243024302447,-0.01230900161341007,-0.10673267250772862,0.9942872529575961,-0.0009976098411529006,0.012132226030264356,0.002305610041761568,0.9999237437194328,162,162,99,115,162,162,115,115,221218_045159
0,0,0,0,-0.4557123630939873,0.01205346528311324,-0.0037863329438548865,0.9930859023558491,0.11724629724084411,-0.00580485360539376,-0.1172578410640137,0.993100068864978,-0.0016887656391345281,0.005566798997171591,0.0023577539500686867,0.9999817257056431,158,162,114,90,158,162,90,90,221218_045200
0,0,0,0,-0.45347428708893023,0.004262547692002128,-0.0038122394783045577,0.9948600186691496,0.10065049874703283,-0.011091454169418301,-0.10061054510530919,0.9949174190422188,0.004104570621093596,0.011448208035818103,-0.0029675559547348547,0.999930063626664,162,146,147,91,162,146,91,91,221218_045200
0,0,0,0,-0.44816342019754163,-0.004480968743069524,-0.005562297309787412,0.9962268008065793,0.08661463450510873,-0.005483287721235643,-0.08661358908190864,0.9962418896836495,0.0004282825017732285,0.005499776453438898,4.826072292176882e-05,0.9999848749505489,119,162,154,162,119,162,162,162,221218_045200
0,0,0,0,-0.4598653549321948,-0.011047594334084893,-0.00011711136788827847,0.9961517202693229,0.08629409534357706,-0.015332296413188349,-0.08633231126115336,0.9962646837750143,-0.0018471315543055022,0.015115628891170543,0.0031636958616765034,0.9998807472852547,93,147,146,162,93,147,162,162,221218_045200
0,0,0,0,-0.4529693509706013,-0.020004314923513095,-0.0032517214693585927,0.9963446291472852,0.08449904199687583,-0.012541605597709438,-0.08460811608995267,0.9963785897899032,-0.008436379554826375,0.011783321308841969,0.009466663081264159,0.9998857612892776,88,112,162,162,88,112,162,162,221218_045200
0,0,0,0,-0.44708489146872366,-0.027966207753715264,-0.0056695647339366495,0.9957692201796873,0.0915856843984749,-0.007464754249188917,-0.09159189024362958,0.9957965065900589,-0.0004930564220805915,0.007388219294032249,0.0011746813608065141,0.9999720167781515,117,93,158,162,117,93,162,162,221218_045200
0,0,0,0,-0.45422820012697807,-0.03279591948704018,-0.002175741013533461,0.9968903332572466,0.07841765771777688,-0.00776752317751606,-0.07839770296791515,0.9969181140907192,0.0028414727095860044,0.007966406191639882,-0.002223680701533539,0.9999657952232803,150,89,162,146,150,89,146,146,221218_045200
0,0,0,0,-0.4472363588075342,-0.04114149344609973,-0.004794674067003624,0.9980493207803702,0.06189989670596145,-0.008121334719896543,-0.061955375409769316,0.9980559789149014,-0.006767156718542925,0.007686660372090913,0.00725711650795504,0.9999441231950484,154,162,119,162,154,162,162,162,221218_045200
0,0,0,0,-0.453458353160728,-0.050366894038909246,-0.0014373788867264592,0.9989942219767001,0.04345437436933589,-0.011057206036641625,-0.04343417419830829,0.9990541658812666,0.002060618110455753,0.011136290624718307,-0.0015782849729039188,0.9999367440231738,146,93,93,147,146,93,147,147,221218_045201
0,0,0,0,-0.4471279264215121,-0.05687529705408542,-0.004021215742916917,0.9998794778466794,0.01190409126160026,-0.009966062025051946,-0.011987579610805871,0.9998931995853562,-0.008359865910053506,0.009865481038767174,0.00847832732294388,0.9999153915455441,162,137,88,112,162,137,112,112,221218_045201
0,0,0,0,-0.4443178942807583,-0.05927506981235893,-0.00481886700565326,0.9998899452110874,0.011493381960712484,-0.009380812164918196,-0.01154935926716785,0.9999156904037652,-0.005935013469256076,0.009311807895688109,0.0060427026625114065,0.9999383860909862,155,162,117,93,155,162,93,93,221218_045201
0,0,0,0,-0.44341655766108123,-0.06263569866830677,-0.004333412747323906,0.9995458268736379,0.028465611969502338,-0.009891861033065696,-0.028491996423927673,0.9995908020424801,-0.0025366536718755754,0.009815605904610038,0.0028173404611267993,0.9999478568772732,162,146,150,89,162,146,89,89,221218_045201
0,0,0,0,-0.4473490117306457,-0.06516427397551981,-0.0022355366982911296,0.9992493861331851,0.03666419894701313,-0.01250603166578006,-0.03674139535329868,0.9993067959210703,-0.005999791117820723,0.012277384898433793,0.00645477664514248,0.9999037962116742,118,162,154,162,118,162,162,162,221218_045201
0,0,0,0,-0.4457533182656265,-0.06845636167993795,-0.0027219017145617697,0.9995619077696313,0.02676635654212715,-0.012631496086921592,-0.026872684657366943,0.9996042033910199,-0.008324384800674026,0.012403683132035194,0.008660180163464759,0.9998855684148543,85,146,146,93,85,146,93,93,221218_045201
0,0,0,0,-0.4444810280445598,-0.07266998700449841,-0.00329297091353542,0.9994933445107212,0.02994517934587624,-0.01078612593637492,-0.030029394664509126,0.9995191081605537,-0.00773226215378452,0.01054939499948841,0.008052245393364084,0.9999119319266421,70,112,162,137,70,112,137,137,221218_045201
0,0,0,0,-0.4472903654209438,-0.07680601016944577,-0.0019885727320568813,0.9993414584607299,0.03475747500182304,-0.01041956491793242,-0.03483674929689934,0.9993646802357917,-0.007525742198572037,0.01015136936606844,0.007883769955548743,0.9999173945238086,117,86,155,162,117,86,162,162,221218_045202
0,0,0,0,-0.4419730024594136,-0.08205988300125734,-0.004527868242693467,0.9991475628635008,0.04082199772773724,-0.006141019902497577,-0.04082807774307598,0.9991658094464076,-0.00086792920820597,0.0061004665175403575,0.0011179153911174324,0.9999807671017712,150,89,162,146,150,89,146,146,221218_045202
0,0,0,0,-0.43677955667955415,-0.08468530994652711,-0.006884004547378697,0.9986203757879395,0.05191798282020206,-0.007865629093431664,-0.051923623396529124,0.9986509263243576,-0.0005144753431018077,0.007828307258254664,0.0009221775232857091,0.9999689331144672,154,162,118,162,154,162,162,162,221218_045202
0,0,0,0,-0.4434720622368945,-0.08829874373568518,-0.0038051375242902363,0.9992776171937625,0.03681348780627289,-0.009434558341179242,-0.036915770809066356,0.9992588605662973,-0.010906669762963742,0.009026053463627014,0.011247074965660695,0.9998960114249825,162,134,85,146,162,134,146,146,221218_045202
0,0,0,0,-0.4415235290894931,-0.09261756286161837,-0.004592032537709789,0.9992333913894099,0.03761990402728331,-0.010833852195602449,-0.037716316808362196,0.9992494139082662,-0.008836755648923125,0.010493282557399465,0.00923859431761701,0.9999022649220298,162,154,70,112,162,154,112,112,221218_045202
0,0,0,0,-0.44344370370327424,-0.0969484074471158,-0.003761480193841593,0.9989850510164009,0.04430449640285033,-0.008122773187023603,-0.044383144763656554,0.9989667860457798,-0.009772248372445233,0.007681426081554967,0.010122844257133988,0.9999192585991629,160,162,117,86,160,162,86,86,221218_045202
0,0,0,0,-0.44652334969870966,-0.10168894727341762,-0.0026748755230207033,0.9985294736797761,0.05322517565876907,-0.010294215311621786,-0.053355794277166926,0.9984927574686168,-0.012859723938394766,0.0095942383669325,0.013390069410283792,0.9998643191110212,154,162,150,89,154,162,89,89,221218_045202
0,0,0,0,-0.4519175870005502,-0.1061318723537495,-0.00043703596705835235,0.9986917597242254,0.049614404634908946,-0.012376587237755112,-0.04976308020358936,0.9986888554541872,-0.012008573614638675,0.01176456151249771,0.012608760618340164,0.9998512960676141,117,162,154,162,117,162,162,162,221218_045202
0,0,0,0,-0.44443234963630085,-0.10982304269072223,-0.0038374021461817787,0.9989588209745168,0.044348175262142735,-0.010701090978104268,-0.044453784580346885,0.9989629644853397,-0.009841576253165212,0.010253537618183001,0.010307033403507653,0.9998943094291174,77,146,162,134,77,146,134,134,221218_045203
0,0,0,0,-0.4373336558175239,-0.11224389874043984,-0.007046612092482141,0.9991278371166583,0.0409596108948992,-0.008116364575707965,-0.04101310035087999,0.9991372230666561,-0.006537207527720891,0.007841600486894737,0.0068643832927817675,0.9999456932972979,63,112,162,154,63,112,154,154,221218_045203
0,0,0,0,-0.4426757675163918,-0.11597186620958924,-0.004660420866229864,0.9994142775023865,0.03304185782685904,-0.008907163169711598,-0.03309426371278289,0.9994353951240863,-0.005801782697658198,0.008710432462917089,0.0060931604698767905,0.9999434992847334,118,86,160,162,118,86,162,162,221218_045203
0,0,0,0,-0.4492636089578407,-0.11981856328675186,-0.0016328911686613878,0.9991393076817441,0.040163232728250196,-0.01037104536971404,-0.0401871921415303,0.9991899360648825,-0.002112168183752862,0.010277812657565234,0.0025271334498031934,0.9999439885131081,146,80,154,162,146,80,162,162,221218_045203
0,0,0,0,-0.44278760155835173,-0.12482547092776666,-0.004546553107730222,0.9987699276008629,0.04848404078529035,-0.010388912806322561,-0.04857180320311768,0.998784634048311,-0.008368675079152756,0.009970539291566247,0.008862989231243058,0.9999110139248004,154,162,117,162,154,162,162,162,221218_045203
0,0,0,0,-0.4445943207749875,-0.1293019360017959,-0.0037423306680545165,0.9979943790583786,0.06156461703432337,-0.01473150695950736,-0.06181946797621165,0.9979335822181864,-0.017519099871769278,0.013622508837181711,0.018394657120912337,0.9997379975985633,162,136,77,146,162,136,146,146,221218_045203
0,0,0,0,-0.44438900651288227,-0.13433901511103366,-0.004080848491957112,0.9973517189600527,0.07188106997594126,-0.011075218577607545,-0.07208862858366859,0.9972047432306939,-0.019645093716572182,0.009632150141781879,0.02039146530587832,0.9997456725719424,162,150,63,112,162,150,112,112,221218_045203
0,0,0,0,-0.44611393177166925,-0.13916970342486265,-0.003571919215588415,0.9968260641358592,0.07925702090978753,-0.007491494905349802,-0.07938870290398597,0.9966566009801152,-0.01931459484396472,0.005935630601213657,0.019848031622035446,0.999785388936094,162,159,118,86,162,159,86,86,221218_045204
