0,0,0,0,0,0,0,1,0,0,0,1,0,0,0,1,162,162,82,95,162,162,95,95,221218_050704
0,0,0,0,0.00017763857429428653,-0.001167590029842236,-0.0005843139960520771,0.9999910267572748,0.001115799053240827,0.004086734320276526,-0.0011267763035808648,0.9999957612313046,0.002684752239058419,-0.004083721353548447,-0.0026893329835157207,0.9999880452825475,150,162,135,85,150,162,85,85,221218_050704
0,0,0,0,0.00017433348324483178,-0.0013352446689958164,-0.0005952081471640724,0.9999958618615954,0.0004755460215810223,0.0028372725754455394,-0.0004755770961045282,0.999999886860392,1.0277589449549899e-05,-0.002837267366970837,-1.1626888771746276e-05,0.9999959748812511,78,154,162,91,78,154,91,91,221218_050704
0,0,0,0,0.00015109694919455963,-0.0008670906403211998,-0.0004607537628673608,0.9999941790396725,0.0011482781407630373,0.0032129961223695274,-0.0011562196450739233,0.9999962788555999,0.0024709170532691803,-0.003210146866307079,-0.002474617599394724,0.9999917855786783,78,154,162,102,78,154,102,102,221218_050704
0,0,0,0,-3.0057904237157373e-05,0.0006626440602144346,0.0003118922735467766,0.9999993862026523,-0.0006167852553414503,-0.0009204185283083717,0.0006170656932683215,0.9999997632754068,0.000304432356846505,0.0009202305410337374,-0.0003050001286836539,0.9999995300752259,86,127,162,162,86,127,162,162,221218_050704
0,0,0,0,0.00025409232145649774,-0.0012434378846328809,-0.000613215911301479,0.9999918146632893,0.0007153032667722138,0.00398232942606133,-0.0007280594252248632,0.9999946064266738,0.0032026624915011785,-0.003980017072132973,-0.0032055356491031083,0.9999869419173971,100,92,162,162,100,92,162,162,221218_050704
0,0,0,0,0.0005268446971418705,-0.0026638627113646507,-0.0012397089916368342,0.9999813602844727,0.0033746020808056248,0.005088334149112051,-0.003389274892276066,0.9999901156146279,0.0028777575899680387,-0.00507857256730525,-0.002894949712559632,0.9999829135374464,130,155,150,162,130,155,162,162,221218_050704
0,0,0,0,0.0005673889206894017,-0.003209261971246935,-0.0014821536704738847,0.9999840894731247,0.00330135967237551,0.00457403814147,-0.003310902118230226,0.9999923552767289,0.0020802200034975176,-0.004567135619784956,-0.0020953310986723886,0.9999873753502178,162,106,78,154,162,106,154,154,221218_050704
0,0,0,0,0.00024024821182411227,-0.002157476451441598,-0.0010248997955599748,0.9999906537833861,0.001273081114687217,0.00413178053052696,-0.001285437139205014,0.999994706130409,0.0029892076740267066,-0.004127953153581952,-0.0029944908803893155,0.9999869964290182,162,102,78,154,162,102,154,154,221218_050705
0,0,0,0,0.00019458710141236069,-0.0020036096321374153,-0.0009677108084744646,0.9999878192131432,0.0014370239709021653,0.004721905065768667,-0.0014511057492000061,0.9999945064766107,0.0029801524631873945,-0.004717596575346234,-0.0029869681461732827,0.999984411030415,162,146,86,127,162,146,127,127,221218_050705
0,0,0,0,0.00021180519688564214,-0.002268001130591113,-0.0010739568691381374,0.9999938248632018,0.0001876327316815324,0.003509277621137048,-0.00019706978171704834,0.9999963651628502,0.0026890192614510175,-0.0035087603174547987,-0.0026896942289637437,0.9999902270252391,162,90,100,92,162,90,92,92,221218_050705
0,0,0,0,0.00017277481872092493,-0.0016091957296895387,-0.0007271927663751176,0.9999982507596809,0.0008671584317039749,0.0016572609431343265,-0.0008676259022838822,0.999999584026307,0.0002813760926884501,-0.0016570162561061275,-0.00028281348301456685,0.9999985871558322,152,162,130,155,152,162,155,155,221218_050705
0,0,0,0,-0.0009335077624976346,0.012805934770230287,0.005325373718270354,0.9993399920304499,-0.012806336627124302,-0.033993794592137354,0.012510924082005626,0.9998822267069978,-0.008888728484380706,0.03410362308016469,0.008457568069341106,0.999382515574071,129,154,162,106,129,154,106,106,221218_050705
0,0,0,0,-0.0010658737874244956,0.013202535157436746,0.005480655957962988,0.9993962823997842,-0.008368685812989876,-0.03371996179201609,0.008057928101824855,0.9999239028038779,-0.009341220271794674,0.03379556953503493,0.009063867784993294,0.9993876654134664,115,154,162,102,115,154,102,102,221218_050705
0,0,0,0,-0.0009889234240772066,0.012603955136664569,0.0052834208847990505,0.9995387235220772,-0.012428219445183186,-0.02771063949603387,0.012257272946626638,0.9999048384924119,-0.006330341173701304,0.02778667737907287,0.005987764264392162,0.9995959419882343,77,128,162,146,77,128,146,146,221218_050706
0,0,0,0,-6.561456840081803e-05,0.00027162787351375783,0.00015619378700726383,0.9999984541536036,0.000125357209759642,-0.0017538460519493496,-0.0001251446521628947,0.9999999848120354,0.0001213043454100334,0.0017538612316862691,-0.00012108467343764875,0.9999984546534467,139,82,162,90,139,82,90,90,221218_050706
0,0,0,0,0.0002856534753535034,-0.0034295225471854263,-0.0015247518941674532,0.9999884549676624,8.675932073325346e-05,0.004804415074646381,-9.343961255351251e-05,0.9999990292483167,0.001390241512214009,-0.004804289794343077,-0.0013906743845134356,0.9999874923339431,137,81,152,162,137,81,162,162,221218_050706
0,0,0,0,3.428315577903851e-05,-0.00027968999584904175,-7.085489306535298e-05,0.9999998335187624,-0.0003512102082027991,-0.0004578360377971624,0.0003511206346212848,0.9999999192057009,-0.00019571124455351784,0.0004579047365935689,0.0001955504562913617,0.9999998760416279,162,108,129,154,162,108,154,154,221218_050707
0,0,0,0,0.00017051200237522268,-0.0014182625278789107,-0.000665496379616437,0.9999959032732596,2.217737821875881e-06,0.0028624171218860905,-1.09066646306418e-05,0.9999953927730904,0.00303550879371529,-0.0028623972021182362,-0.0030355275774884534,0.9999912960894128,162,120,115,154,162,120,154,154,221218_050707
0,0,0,0,-3.142460851257578e-06,-0.00019737210797998728,-3.092721324549075e-05,0.9999991807231118,0.0003319058671973762,-0.00123628135986024,-0.00033173414083919424,0.9999999353007053,0.0001391080314737105,0.0012363274506455033,-0.00013869780077043704,0.9999992261283779,162,142,77,128,162,142,128,128,221218_050707
0,0,0,0,0.00021246848523848172,-0.0020574062009943717,-0.0009404116229229098,0.9999920736600993,0.0009218159568266564,0.003873354142943928,-0.0009335597555501354,0.9999949700361842,0.003031232177362945,-0.00387054042192282,-0.0030348241583326697,0.9999879043064321,162,90,139,82,162,90,82,82,221218_050707
0,0,0,0,0.00037142268942193246,-0.0020915315646077293,-0.0009322310012036539,0.9999906872212954,0.0009340892728511701,0.004213424724910762,-0.0009459930030476353,0.9999955648149842,0.002824083497056331,-0.004210768091492297,-0.0028280430672998013,0.9999871357194997,162,162,137,81,162,162,81,81,221218_050707
0,0,0,0,0.0004284688572789991,-0.0026667826390569527,-0.0011855225138224235,0.9999892834900458,0.00010349525962352874,0.0046284115846285485,-0.00011620636698175337,0.9999962226062966,0.0027461371447592277,-0.004628109889119012,-0.002746645566648025,0.999985518163631,132,154,162,108,132,154,108,108,221218_050707
0,0,0,0,0.0005062516368674469,-0.0034538886406390024,-0.0015411539184475576,0.9999917864728544,1.3505646469528315e-05,0.004052999435838021,-2.413642095313334e-05,0.9999965598938128,0.0026229025855165934,-0.004052950069094518,-0.0026229788671351213,0.9999883467209006,127,154,162,120,127,154,120,120,221218_050707
0,0,0,0,0.0004419495959741837,-0.0029538356679570388,-0.0013103401301770567,0.9999951488683054,-0.0006279602948688516,0.003050886055497678,0.000619877039291274,0.9999962974101404,0.00264970158051305,-0.00305253866670372,-0.002647797552246034,0.9999918355545762,69,127,162,142,69,127,142,142,221218_050708
0,0,0,0,0.0004317143763410136,-0.0023072540111552797,-0.0011990657901327362,0.9999804223170023,-0.0006001381794825926,0.0062285485368347715,0.0006228007232806864,0.9999931914478092,-0.003637193599946822,-0.006226323310691468,0.003641001536657742,0.9999739876645996,18,82,162,90,18,82,90,90,221218_050708
0,0,0,0,0.0004471594585111205,-0.002562912174767229,-0.001149303642588806,0.9999944175041021,-0.0011794786566844797,0.0031263062437821296,0.0011705393139348089,0.9999952260125252,0.002859683526499529,-0.0031296642545196964,-0.002856008097961594,0.9999910241694162,140,92,162,162,140,92,162,162,221218_050708
0,0,0,0,0.0004988968112975001,-0.0032514333330124767,-0.00144623743372152,0.9999926954138383,-0.00025145793520167886,0.0038139071665163676,0.00023980534508568908,0.9999953033818518,0.003055439024626428,-0.003814657568438994,-0.0030545021105840096,0.9999880591309537,162,110,132,154,162,110,154,154,221218_050708
0,0,0,0,0.0004358145454323864,-0.002793282997056723,-0.0012513551411945656,0.9999869806013574,-0.0010408891877727348,0.0049955157370890745,0.0010279594320252465,0.9999961172230797,0.0025901425000762696,-0.004998192391938906,-0.002584973590458706,0.9999841678668467,162,122,127,154,162,122,154,154,221218_050708
0,0,0,0,0.0005083560798142955,-0.002676842842860516,-0.001371487031498475,0.9999781217505678,-0.000921041646380643,0.00655039712488341,0.0009446759130823535,0.9999930525558022,-0.0036058878998630373,-0.006547030443436958,0.003611997011733866,0.9999720445442262,162,135,69,127,162,135,127,127,221218_050708
0,0,0,0,0.00040663684560696134,-0.0021271230617836423,-0.0009604968557219706,0.9999916514655486,0.0008970688913700823,0.003986510580746585,-0.000907783009170478,0.9999959790559816,0.002686596708966623,-0.0039840844888794245,-0.002690193166392304,0.9999884448989963,162,162,18,82,162,162,82,82,221218_050708
0,0,0,0,-7.789137875176266e-05,0.0005427719315982404,0.00027600871701027874,0.9999650497628425,-0.0076177325496893,-0.003445200080944718,0.0076173970143785736,0.9999709811047927,-0.00011050358508776216,0.0034459418918015745,8.425626615148605e-05,0.9999940591750331,162,138,140,92,162,138,92,92,221218_050708
0,0,0,0,-0.00046406682827092316,-0.0023141470516561125,-0.001093116927419091,0.9998151689112899,-0.01889817587877267,0.0035336897634415635,0.01889342439285081,0.9998205603063239,0.0013732091824222947,-0.003559006827880627,-0.0013061918703001093,0.9999928136407765,134,154,162,110,134,154,110,110,221218_050709
0,0,0,0,-0.0006294502627723214,-0.00425584728237105,-0.0020367764375488484,0.9995726218500336,-0.029190119194220075,0.001584483915298497,0.029203915547351314,0.9995281054006914,-0.0095235408754803,-0.001305742912589817,0.00956574385664873,0.9999533947039307,110,154,162,122,110,154,122,122,221218_050709
0,0,0,0,-0.0010283274435553963,-0.0025262975493858253,-0.0011641232848923488,0.9986044716590727,-0.05280489634851524,-0.0008672393710869782,0.052793070859683676,0.9985514425311435,-0.010387891421070557,0.001414514654787988,0.010327610594620376,0.9999456683278833,53,130,162,135,53,130,135,135,221218_050709
0,0,0,0,-0.0015678687150011417,0.0019055435481059035,0.0010813600530181766,0.997545783269948,-0.06997768424378856,-0.0023524430329755043,0.06995979920199162,0.9975254057126764,-0.006977926151519884,0.0028349208037924093,0.006796224366197521,0.9999728869116404,82,162,162,162,82,162,162,162,221218_050709
0,0,0,0,-0.0015309759365287334,-0.0007595081734346198,-0.0003786417489514138,0.9950118378090073,-0.09914442239187014,0.011037487418980902,0.09925924164861553,0.9950073509775709,-0.010391075398567875,-0.009952163949787027,0.011434815660055248,0.9998850931099718,138,90,162,138,138,90,138,138,221218_050709
0,0,0,0,-0.0005830159737548746,-0.0016076285376385169,-0.000579826503213754,0.99122668117785,-0.13205348023818694,0.00561648271858221,0.132113694607428,0.9911593711941123,-0.012209528707818152,-0.0039545187217370934,0.012844424902447298,0.9999096871871003,162,111,134,154,162,111,154,154,221218_050709
0,0,0,0,-0.0007515119798005981,0.002228783737841189,0.0008288493289477783,0.986965755086384,-0.16057433626105846,0.010699571070135354,0.16069501521912258,0.9869362365139419,-0.011574849434087014,-0.008701170639072544,0.013143347747678868,0.999875763302368,162,123,110,154,162,123,154,154,221218_050709
0,0,0,0,0.008858011021064746,0.006483354097602589,0.002615897356883501,0.865419000517808,-0.5008928305014688,0.012503035430890869,0.500976157605176,0.8654490523013517,-0.004563702646539041,-0.008534814228362586,0.0102132376315974,0.9999114194383261,162,162,53,130,162,162,130,130,221218_050713
0,0,0,0,0.009158533603577115,0.0003948133211850724,-6.724415023151575e-05,0.8639651254922791,-0.5034613838055628,0.009533989180736524,0.5035356757180521,0.8639336563917533,-0.008394083198268742,-0.00401063739013348,0.012052898828196268,0.9999193179539848,162,162,82,162,162,162,162,162,221218_050713
