0,0,0,0,0,0,0,1,0,0,0,1,0,0,0,1,162,162,83,96,162,162,96,96,221218_065848
0,0,0,0,-0.0001015923121837764,0.00014339594945522727,-0.0007170177591466209,0.999997046288629,-0.0022432503820278516,0.0009355435542521935,0.002239426735379412,0.9999892168924239,0.004068300231452316,-0.000944659682233825,-0.004066193133620145,0.9999912868077826,151,162,136,85,151,162,85,85,221218_065848
0,0,0,0,-0.0018034940613226996,-0.0004606226759747978,-0.005046388888804321,0.9997999301691002,-0.003944360637957948,0.01960973362951143,0.003614694691437911,0.9998520257844156,0.016818457631056112,-0.019673169956830903,-0.01674420956503059,0.9996662432181511,78,154,162,92,78,154,92,92,221218_065848
0,0,0,0,-0.000752917183860155,-0.001621309906045365,-0.005384853238676546,0.9999052497369877,-0.007987107170255763,0.01121149711069975,0.007889738112780122,0.9999310088093093,0.008702278673365222,-0.011280229648554244,-0.008612998354116067,0.9998992812670824,78,154,162,103,78,154,103,103,221218_065848
0,0,0,0,-0.0009935459179574585,-0.010293074905879829,-0.0022315941329665856,0.9998807695153958,-0.007948535100787803,0.013238864870218747,0.007820463067884918,0.9999223936878454,0.009697781136561907,-0.013314920604502725,-0.009593090811639142,0.999865333681479,87,128,162,162,87,128,162,162,221218_065848
0,0,0,0,-0.005811167942254093,-0.012617166567488902,-0.002222292412023208,0.9988530962985518,-0.0018977421880791371,0.047842351419900786,0.00026196534327266384,0.9994158609176023,0.03417408843679396,-0.04787925844200828,-0.03412236101025983,0.9982701243101132,100,92,162,162,100,92,162,162,221218_065849
0,0,0,0,-0.0007745880832728744,-0.010621749257864299,-0.004225236149071332,0.9997379383082476,0.005834463254843106,0.022136254102775966,-0.006102846508959396,0.9999084582136214,0.012076028210704776,-0.022063770567671854,-0.012207957707394893,0.9996820273451711,130,156,151,162,130,156,162,162,221218_065849
0,0,0,0,0.0009952284949516846,-0.011071757513852587,-0.004402522714745061,0.9999505067404159,0.009665759558142986,0.0023573633046446822,-0.00968761032734808,0.9999085054992389,0.009440912902019588,-0.0022658940247456687,-0.00946328285756203,0.999952654880133,162,107,78,154,162,107,154,154,221218_065849
0,0,0,0,-0.0005018085232633002,-0.012588845399670756,-0.0016905451889648315,0.9998352395222797,0.009359460727996939,0.015552951626863439,-0.00938465515132603,0.9999547653861053,0.0015477174515006952,-0.0155377622943963,-0.0016934215364371211,0.9998778476725959,162,103,78,154,162,103,154,154,221218_065849
0,0,0,0,0.002675178971917727,-0.01121084020483687,-0.0033416488546791356,0.9999049653046486,0.012820261601932526,0.005069640181385214,-0.012905737281686215,0.9997687183532604,0.01720324816698515,-0.004847917524751961,-0.017267040705830086,0.9998391605658064,162,146,87,128,162,146,128,128,221218_065849
0,0,0,0,0.003134114222401903,-0.010314593715362919,-0.005175253538580116,0.9999090758835188,0.011907155427001595,0.0063292665771459405,-0.011991254194380763,0.9998380476086806,0.013419701073711808,-0.006168451070819863,-0.01349437674363845,0.9998899199450346,162,90,100,92,162,90,92,92,221218_065849
0,0,0,0,-0.0006084469565765874,-0.02259044750204775,-0.0006035248978788488,0.9995941045262676,0.010449910250139569,0.026503312473991233,-0.011046338621401815,0.9996867535652282,0.02245825347786616,-0.026260323672630505,-0.02274190233860797,0.9993964184839917,152,162,130,156,152,162,156,156,221218_065849
0,0,0,0,-0.0038084660969341724,-0.018244320510815926,-0.00129108942978301,0.9986786059211287,0.021125808330221648,0.046848076778309475,-0.022836090678168854,0.9990808098574733,0.03627738051559288,-0.04603862550044358,-0.03729927072918977,0.9982430612656922,129,154,162,107,129,154,107,107,221218_065849
0,0,0,0,0.00208615549654826,-0.021048768504162818,-0.0020389666369744486,0.9999089081548449,0.011853535849359366,0.006455159212138179,-0.011948565627288766,0.9998177801652538,0.014887519769030386,-0.006277513204803083,-0.014963293530865899,0.9998683376698517,116,154,162,103,116,154,103,103,221218_065850
0,0,0,0,-0.001815158331455409,-0.021603407327577373,-0.004116180308841699,0.9992306676531472,0.013202520873601051,0.03692920611153856,-0.014288199330025852,0.99946879654664,0.02929116060377441,-0.036522872030438976,-0.029796277824466217,0.9988885131216875,77,128,162,146,77,128,146,146,221218_065850
0,0,0,0,-0.0038202116734758,-0.024905951469396892,-0.00349972562205203,0.9983916825462589,0.01206395966972952,0.05539412513558462,-0.01415830251678298,0.9991935966937543,0.03757258037508674,-0.054896181035595966,-0.03829643851960931,0.99775738138308,140,82,162,90,140,82,90,90,221218_065850
0,0,0,0,-1.5498252182798156e-05,-0.02807751074205156,-0.0025711824277502293,0.9995618154514808,0.028806930620724158,0.006807190283285024,-0.028956687742748264,0.9993152462818048,0.0230336446031584,-0.006139000432402467,-0.023220665299435596,0.9997115150765957,137,81,152,162,137,81,162,162,221218_065850
0,0,0,0,-0.004911864033578052,-0.021748032329925726,-0.0024791931597373806,0.9987448109396475,0.010927150840578118,0.04888148929436144,-0.01269107263429759,0.9992740066179864,0.03592208753716894,-0.04845347558760363,-0.03649735705697428,0.9981584060815885,162,108,129,154,162,108,154,154,221218_065850
0,0,0,0,0.0006496465916762117,-0.02360332425225109,-0.004373257183195478,0.9996079297306735,0.027308107958232727,0.006184986604629273,-0.02741232037235468,0.9994720186057476,0.017442726735074545,-0.005705393182011032,-0.017605432794810607,0.9998287339463424,162,120,116,154,162,120,154,154,221218_065850
0,0,0,0,9.39166083190543e-05,-0.024840846574805786,-0.0038373410756842308,0.9996162131287821,0.026502973042748186,0.00806342792915744,-0.02663276419841592,0.9995101102421566,0.016438838002225304,-0.0076237996579747655,-0.01664728036669005,0.9998323588158007,162,143,77,128,162,143,128,128,221218_065850
0,0,0,0,0.000377804087634305,-0.024920053820630894,-0.004999380503458772,0.9996739594772808,0.02552352557857008,0.0007241443622633908,-0.025533020344204547,0.9994625666417762,0.020558277017683754,-0.00019903547361478595,-0.02057006377903211,0.9997883940419626,162,90,140,82,162,90,82,82,221218_065850
0,0,0,0,-0.005278137129667959,-0.033318339938430475,-0.0025987729048395636,0.9986673099435744,0.020680373259797796,0.047285581437692764,-0.022427940589002427,0.9990734877456997,0.03673082580855459,-0.04648216357917754,-0.03774239321343649,0.9982058506257719,162,162,137,81,162,162,81,81,221218_065851
0,0,0,0,-0.007536791044082156,-0.029132445601848578,-0.003254347568060867,0.998127440298046,0.024554924039536664,0.056023821982117285,-0.02736983569522354,0.9983719369148569,0.05004365768898958,-0.05470379345244578,-0.05148331075493182,0.9971744900946992,132,154,162,108,132,154,108,108,221218_065851
0,0,0,0,-0.00471147501642695,-0.032055801151938734,-0.004839490628239351,0.9991121712746246,0.020734019205804633,0.036673827976887535,-0.02215102813397058,0.9990067413660974,0.03866345377355534,-0.035835752587507624,-0.03944149024396884,0.998579074327027,128,154,162,120,128,154,120,120,221218_065851
0,0,0,0,-0.003804286779934732,-0.0361947163776275,-0.0026020483820270446,0.9993082654878213,0.021444626688685582,0.030382865465665664,-0.022312458747706952,0.9993442219179294,0.028518069778301052,-0.02975138168814521,-0.029176259277554375,0.9991314233784339,69,128,162,143,69,128,143,143,221218_065851
0,0,0,0,-0.002979396925805934,-0.03542218878308656,-0.002983684816893317,0.999421235401191,0.02101015526070865,0.026753833465099148,-0.02170290256859918,0.9994296546828234,0.025871786963216847,-0.026195004280496634,-0.02643744912984412,0.9993072015322675,18,82,162,90,18,82,90,90,221218_065851
0,0,0,0,-0.002245085129929117,-0.035745667894624966,-0.0037331664397383113,0.9993925058514325,0.025390835195597074,0.02387309649092146,-0.025940016220368147,0.999399267877139,0.022983013839042287,-0.023275197238301924,-0.02358832030282344,0.9994507773466432,140,92,162,162,140,92,162,162,221218_065851
0,0,0,0,-0.004698984081742574,-0.03666606672984807,-0.0002184651059158882,0.9991548549634882,0.01697773074632181,0.037434375400118645,-0.018107435648453823,0.9993844099304555,0.030048659906769998,-0.036901173113177775,-0.030701104974593517,0.9988472083237809,162,110,132,154,162,110,154,154,221218_065851
0,0,0,0,-0.00688346428749885,-0.04106352113839362,0.0018149649447047334,0.9986196195632993,0.03432662215345668,0.039755986150342745,-0.03416454966002225,0.9994049376365972,-0.0047491235104482965,-0.039895350227567995,0.003384322550146779,0.9991981321995635,162,122,128,154,162,122,154,154,221218_065851
0,0,0,0,0.0017379277084750705,-0.03732249304249646,-0.0017953646674060963,0.9998907501203784,0.008709386658581491,0.011942964780054952,-0.00886614836715639,0.9998744060134279,0.01313634699702325,-0.011827055290218371,-0.013240799950378648,0.9998423885692367,162,136,69,128,162,136,128,128,221218_065852
0,0,0,0,0.0010772758492448437,-0.035521888813212166,-0.0037585867483305724,0.9999466532343215,0.008519946654958135,0.0058396228026232925,-0.00862194760278847,0.9998066923357785,0.0176703135265139,-0.005687943830157075,-0.017719719794262442,0.9998268144160757,162,162,18,82,162,162,82,82,221218_065852
0,0,0,0,-0.003478821070379015,-0.04222758236642887,-0.0018168467197622884,0.9991278837461532,0.012078507601194704,0.03996975825623086,-0.01349514077350332,0.9992833515762429,0.035364734384034945,-0.039513960778906725,-0.03587328973871633,0.998574861483547,162,138,140,92,162,138,92,92,221218_065852
0,0,0,0,-0.008532702354809546,-0.04494880525270717,-0.004471499129882983,0.9971471722169889,0.011939946829996696,0.07453156787134177,-0.015968284940738126,0.9984300176322689,0.05368904699170709,-0.07377351025751021,-0.054726022699655284,0.9957723292117339,135,154,162,110,135,154,110,110,221218_065852
0,0,0,0,-0.005114786938526621,-0.04655436712445604,-2.2651100368198396e-05,0.9989377605276147,0.014452743409518621,0.04375464318233729,-0.015894267343317444,0.9993362342680753,0.03277900462981145,-0.04325185380644616,-0.033439633473479766,0.9985044156414458,111,154,162,122,111,154,122,122,221218_065852
0,0,0,0,-0.0007166873657153544,-0.04624246892422301,-0.0010326087683011909,0.9995390597337627,0.022123181469393887,0.02079021183682018,-0.022557797882787216,0.9995268850303375,0.02090817677919151,-0.0203178202872975,-0.02136752075517573,0.9995652130979501,53,130,162,136,53,130,136,136,221218_065852
0,0,0,0,-0.004199446188762633,-0.05194435112155982,0.00047176576266372283,0.9989506719714125,0.020934707277004493,0.040734420323485246,-0.022036264143402394,0.9993983300767229,0.02678396726511927,-0.040149197133522316,-0.027653496543528024,0.9988109561365708,82,162,162,162,82,162,162,162,221218_065852
0,0,0,0,0.001856869151825688,-0.04891405255928427,-0.0022036810887952063,0.9998027370037882,0.01387970031840856,0.014207075659902762,-0.014344455406157492,0.9993474002663587,0.03315132244677677,-0.013737673705391105,-0.03334857568083812,0.9993493627461937,138,90,162,138,138,90,138,138,221218_065853
0,0,0,0,-0.0011149028855081539,-0.04612917153798757,-0.004785598966842108,0.9994009717816802,0.025749345672988224,0.023122906375434887,-0.02602630137813299,0.9995921129912498,0.011757520242927278,-0.0228107263893275,-0.012352280886589816,0.9996634893395328,162,112,135,154,162,112,154,154,221218_065853
0,0,0,0,0.0013193843256623372,-0.05141567550173187,-0.0008200733405726024,0.9998338336978704,0.016287463807293335,0.008186789098685502,-0.016490483150744327,0.9995419838613848,0.025374918007800493,-0.007769746358489779,-0.025505705659198363,0.9996444818135852,162,124,111,154,162,124,154,154,221218_065853
0,0,0,0,0.0011788337990018063,-0.04864496778368477,-0.0026344513740050868,0.9998481971279989,0.01614178702280534,0.006559375854547395,-0.016248240849327366,0.9997316101132181,0.01651370369521651,-0.006291054696398544,-0.016617775186274587,0.999842123626858,162,162,53,130,162,162,130,130,221218_065853
0,0,0,0,0.001408259770274825,-0.04799600627912548,-0.003995483197042238,0.9999000975571362,0.013892751826638544,0.0026050627466275606,-0.01394168334749237,0.9997064753914697,0.019813947759162818,-0.0023290278376806492,-0.019848287257292416,0.9998002906192233,162,162,82,162,162,162,162,162,221218_065853
0,0,0,0,-0.0027407334045493684,-0.054669107621716284,-0.004146321960459054,0.9993857792570175,0.011175919811814372,0.03321389822353083,-0.01221635995966854,0.9994357076488142,0.031289404370313564,-0.032845468000608134,-0.031675938705476116,0.9989583625652011,162,162,138,90,162,162,90,90,221218_065853
0,0,0,0,0.004611769668717243,-0.050949409940820534,-0.004400119437777961,0.9998539135701667,0.013137380441564999,-0.010934384004371746,-0.013134818610774077,0.9999136877044373,0.00030607413124468475,0.010937461244893278,-0.00016240826744993205,0.9999401709927804,137,154,162,112,137,154,112,112,221218_065853
0,0,0,0,-0.0026456038181656358,-0.057370494088937685,-0.0016985388454601735,0.9995375583323726,0.013625135672668195,0.027185017212788792,-0.014240598685418382,0.9996436985931334,0.022576120395694527,-0.026867728449556372,-0.022952811177313674,0.9993754517832721,82,156,162,124,82,156,124,124,221218_065853
0,0,0,0,-0.004381215392484608,-0.05706172573305435,-0.0037757880986387105,0.9989361342865339,0.01300447077723127,0.04424345552147503,-0.014540999116387239,0.9992959278276473,0.03458623963049255,-0.0437625291930646,-0.03519278856363586,0.998421909150506,102,126,162,162,102,126,162,162,221218_065854
0,0,0,0,-0.002919967825776172,-0.061068814426946894,-0.0026358752851963763,0.9991980187667652,0.020981332884943003,0.03410429537379286,-0.021951087742241724,0.9993580351913729,0.028313728920272774,-0.03348834184464954,-0.029039648221173428,0.9990171318809734,58,162,162,162,58,162,162,162,221218_065854
0,0,0,0,-0.004292940411857224,-0.0652668524160126,-0.0012169807302799818,0.9987865995484417,0.03309163888951766,0.03647289401825412,-0.03309980531351368,0.9994519790568298,-0.00038006261734471904,-0.036465483003362664,-0.000827644242031505,0.9993345703788797,141,86,162,162,141,86,162,162,221218_065854
0,0,0,0,-0.00048596189888221175,-0.06129158114230482,-0.004801070610390423,0.9993929467034403,0.030422931935977417,0.016975962176970553,-0.030675647959972175,0.9994193645895723,0.014830317110922498,-0.016514923604149974,-0.015342062957553967,0.9997459069196309,162,112,137,154,162,112,154,154,221218_065854
0,0,0,0,-0.0021124264058147296,-0.062408645653678985,-0.003587646599324701,0.9990916240989095,0.03533922142433975,0.02381314940374895,-0.03554144823767324,0.9993351896711153,0.008123062363670875,-0.023510255476548576,-0.008962037386486045,0.9996834247767193,162,125,82,156,162,125,156,156,221218_065854
0,0,0,0,-0.0022922120483546277,-0.06173820720391754,-0.003295981234789913,0.9990761180223359,0.03475905691340016,0.025272877950729154,-0.03489428116535008,0.9993788528654686,0.004929258286338551,-0.025085843405693007,-0.005806583142514848,0.9996684370594253,162,162,102,126,162,162,126,126,221218_065854
0,0,0,0,-0.00020178551690312047,-0.06431665834259315,-0.0030809900982289307,0.9993015745445261,0.03495108909732665,0.013220608296999843,-0.03516787861336437,0.9992445878318579,0.016537049391488437,-0.012632633401933246,-0.016990440243018545,0.9997758456342507,162,162,58,162,162,162,162,162,221218_065854
0,0,0,0,-0.00042510267150663167,-0.07040437133565869,-0.0009395781569903616,0.9994473058648244,0.03134393901018972,0.011074307512028581,-0.03152398138383067,0.9993671995802095,0.016475405941003825,-0.010550895566603116,-0.01681540634461364,0.9998029409399675,152,162,141,86,152,162,86,86,221218_065854
0,0,0,0,-0.0013963082379562994,-0.07436876362568967,0.0005219443663400103,0.999145079723007,0.038948577507633426,0.013860662878772155,-0.03911207215079597,0.9991660177986114,0.01172666570408908,-0.013392366384549954,-0.012258759586369598,0.9998351700835622,124,162,162,112,124,162,112,112,221218_065855
0,0,0,0,0.005814991971828283,-0.06724805492219998,-0.002654761988691856,0.9984259128261332,0.04076333925691044,-0.038523327607165155,-0.04126705277479824,0.9990715536957038,-0.012371780443150541,0.03798324568260301,0.013942050375662682,0.9991811108496482,80,156,162,125,80,156,125,125,221218_065855
0,0,0,0,-0.003797578531318936,-0.08000347736484248,0.0008734779079019317,0.9991451046617009,0.019456439948764795,0.03647611238987982,-0.02030247425162776,0.9995300053240703,0.022969066069940362,-0.03601207255658897,-0.023689985255027177,0.999070525653117,88,120,162,162,88,120,162,162,221218_065855
0,0,0,0,-0.004305251809959422,-0.07708423894282834,-0.0017582283663965526,0.9987534738085571,0.04177696338805218,0.02731636662175798,-0.04240031234820011,0.9988438607192233,0.022652933944443933,-0.026338414305269474,-0.02378291894594983,0.9993701319822872,114,98,162,162,114,98,162,162,221218_065855
0,0,0,0,-0.005822437565601336,-0.07857799024593459,-0.0027841705636796332,0.9979795070926731,0.0538286749989551,0.033754661469532085,-0.05394774705936577,0.9985403066423959,0.002626137416174086,-0.03356402851691901,-0.004441819263183838,0.9994266987785291,138,156,152,162,138,156,162,162,221218_065855
0,0,0,0,-0.0026427628090948535,-0.07913086327780439,-0.0029885393127913606,0.9984509475674612,0.053686548872854845,0.01461026254939028,-0.053846536746392074,0.998490963744418,0.010786371084009285,-0.014009132095137284,-0.011556374468883588,0.999835083614831,154,128,124,162,154,128,162,162,221218_065855
0,0,0,0,-0.003936445557228385,-0.07718432705393052,-0.003721127791397716,0.9979586888958714,0.05942003998345576,0.023403292623025537,-0.0596129071222921,0.9981924022846488,0.007630814218109254,-0.022907565598802068,-0.009010375661804227,0.9996969823745443,162,143,80,156,162,143,156,156,221218_065855
0,0,0,0,-0.0021194351336924697,-0.07897441734180999,-0.0035601089304165834,0.9981033285538768,0.06026044755887107,0.012586659194430352,-0.060404962905376516,0.9981084477077078,0.011435343060433784,-0.011873751979567856,-0.01217395065351666,0.999855394014261,162,151,88,120,162,151,120,120,221218_065855
0,0,0,0,-0.002119100319596161,-0.08031692253508182,-0.0035824434222570534,0.9979878855522604,0.062020741163865224,0.013176037204466143,-0.06224364381101514,0.9979120744166616,0.017240085224890768,-0.01207928375592399,-0.018025520766925263,0.9997645580360532,162,162,114,98,162,162,98,98,221218_065856
0,0,0,0,-0.006123206813358831,-0.08405356591385038,-0.003008538245686032,0.9974022791002931,0.061022674336006416,0.0382743629917313,-0.062175971698897395,0.997623146414636,0.02970195752908189,-0.036370897553387835,-0.032004545843413536,0.9988257439896698,160,162,138,156,160,162,156,156,221218_065856
0,0,0,0,-0.007489419193027813,-0.08504035294535184,-0.0037180907925821183,0.9968899522972802,0.0642709689044162,0.04560335036829248,-0.06576297705746398,0.9973218154229714,0.032006676334278526,-0.043424116079261194,-0.034906146128086894,0.9984467472555657,123,162,154,128,123,162,128,128,221218_065856
0,0,0,0,-0.0019332349958107245,-0.08207480368646625,-0.004026442182992529,0.9978078348641293,0.06603167994983562,0.004397945743425245,-0.06608709033931101,0.9977164232219194,0.013944006731997562,-0.00346715650690869,-0.014204086604238794,0.9998931056615481,79,156,162,143,79,156,143,143,221218_065856
0,0,0,0,-0.005908834275675089,-0.09154757367760546,-0.000877316136849382,0.9973322581530623,0.06538636156042846,0.03244981616594006,-0.06607039767635338,0.9976048858468705,0.020474234670461843,-0.031033359441138646,-0.022563586956455196,0.9992636364570943,72,122,162,151,72,122,151,151,221218_065856
0,0,0,0,-0.0062478600795218275,-0.08843361606174271,-0.0031887508147612764,0.9976317983101657,0.06048290184401164,0.032750779913652585,-0.06098027062802485,0.9980350080941924,0.014405874237877429,-0.03181511581870667,-0.016368909644577146,0.9993597236243263,108,85,162,162,108,85,162,162,221218_065856
0,0,0,0,-0.005273123644829257,-0.0890357187973333,-0.0035286148188949373,0.9975576667028142,0.06778854504046887,0.016834926900151422,-0.0680341967049477,0.9975779879701471,0.014474321958062829,-0.01581295927869317,-0.01558432156782839,0.9997535092412134,145,86,160,162,145,86,162,162,221218_065856
0,0,0,0,-0.00524728776691135,-0.08810129483236806,-0.004707539762303314,0.9972852503068016,0.07119678850234124,0.018792201240251695,-0.07144776026925936,0.9973591138170679,0.01303900450722643,-0.01781423792946737,-0.014346267562885661,0.9997383845456804,154,127,123,162,154,127,162,162,221218_065857
0,0,0,0,-0.005687114361831905,-0.08865408191583857,-0.00395758709026911,0.9974050283013232,0.06842359551970778,0.022392433887223465,-0.06860515310665889,0.9976161342821006,0.007441880625836835,-0.021829853101891176,-0.00895880551149164,0.9997215598942324,162,162,79,156,162,162,156,156,221218_065857
0,0,0,0,-0.0038521225038654003,-0.09243721385819115,-0.003903492151209831,0.9967583415339807,0.08026010589428749,0.005578887368196227,-0.08033252935345316,0.9966659942996648,0.014268165065492507,-0.004415122886835538,-0.014670078680678706,0.9998826408541137,162,152,72,122,162,152,122,122,221218_065857
0,0,0,0,-0.007032208677691623,-0.09567198042925917,-0.0046217020588360525,0.9964150545609175,0.08017620356856525,0.026996581740960313,-0.08082343302934905,0.9964441968472467,0.02380200081494156,-0.024992233147814354,-0.02589862835704103,0.9993521147881305,162,162,108,85,162,162,85,85,221218_065857
0,0,0,0,-0.00831890828813854,-0.09472885658528907,-0.005529513409750386,0.9963349720662229,0.07657888909591395,0.03810901707778124,-0.07769161225025913,0.9965663761485483,0.028626409416924903,-0.03578598641583467,-0.031482243804813494,0.9988634699002963,160,162,145,86,160,162,86,86,221218_065857
0,0,0,0,-0.006399064264157664,-0.09732427994135784,-0.0037427458525496893,0.9968044894659053,0.07664759898643188,0.02249345127436564,-0.0770871146492289,0.9968362001969644,0.019369221252641292,-0.02093768219440228,-0.02104128195933497,0.9995593418691229,123,162,154,127,123,162,127,127,221218_065857
0,0,0,0,-0.006825914953363599,-0.09849188995187619,-0.003038509368093689,0.9967112912045549,0.07765375826911172,0.02316237923944983,-0.07811720689390582,0.9967470872290678,0.019822867791098552,-0.021547713856566123,-0.021567056522645837,0.9995351710172606,105,153,162,162,105,153,162,162,221218_065857
0,0,0,0,-0.0061776063689838595,-0.1018336502063969,-0.0029264319064926103,0.9968911634819592,0.07596083891704704,0.020927472914904793,-0.07625097529595319,0.9969981745037673,0.01343237888727735,-0.019844317524207875,-0.014986360037509644,0.9996907582221737,70,120,162,152,70,120,152,152,221218_065857
0,0,0,0,-0.006103782676301905,-0.1032239902678791,-0.003443876482625008,0.9960947721377765,0.0867814183863637,0.016253933143808342,-0.0870313154208489,0.9960872359883773,0.015354752917292455,-0.014857828102021159,-0.016709390290650265,0.9997499893574421,112,88,162,162,112,88,162,162,221218_065858
0,0,0,0,-0.006479199657778947,-0.10146044264912468,-0.004489664004720506,0.9961610835976985,0.08533804074916095,0.01950677642653226,-0.08565885810009853,0.9961920321455643,0.016247926596255277,-0.018045929026995755,-0.01785648035825239,0.9996776933365913,138,147,160,162,138,147,162,162,221218_065858
0,0,0,0,-0.007632562854906405,-0.10189054378488227,-0.004021477224316228,0.9955611798224291,0.09082627399838825,0.0246683031873851,-0.09105619549801845,0.9958106596008792,0.008360591288224828,-0.02380559791313156,-0.010569681964552734,0.9996607301135554,154,162,123,162,154,162,162,162,221218_065858
0,0,0,0,-0.006891567539725016,-0.10447731568109808,-0.002486682942886065,0.9958667863010471,0.08863961892242923,0.01980812711267842,-0.0887960271696792,0.9960240991818009,0.007159567582098466,-0.01909475062175757,-0.00888885855256759,0.9997781647407213,162,162,105,153,162,162,153,153,221218_065858
0,0,0,0,-0.0071463359784667835,-0.10357525872103246,-0.003473941508262801,0.995940221528018,0.08807258463710073,0.018609002607978053,-0.08837937054506824,0.9959525148715194,0.016360775750350894,-0.017092747139664993,-0.017939006562139148,0.9996929678850317,162,146,70,120,162,146,120,120,221218_065858
0,0,0,0,-0.007914594274357298,-0.10194479604190931,-0.004619957831921928,0.9959518146282329,0.08587919960712656,0.026547052822682767,-0.08639813570494048,0.9960783635869224,0.019059269154660174,-0.024806150153574482,-0.02127572957241171,0.9994658564682037,162,106,112,88,162,106,88,88,221218_065858
0,0,0,0,-0.009954513672596477,-0.10410421757659571,-0.0028577116208937103,0.995262498717776,0.08841346302425387,0.04044277688424132,-0.08964133700313814,0.995533430428535,0.029624645136828283,-0.037642918940213085,-0.03310964293452992,0.9987425905599544,124,162,138,147,124,162,147,147,221218_065858
0,0,0,0,-0.01509875681368869,-0.10201390428300605,-0.002043997414622911,0.9934007390933665,0.08522549210041264,0.07675667440031787,-0.08877109224494747,0.9950786426770235,0.04402485740682524,-0.07262688724152334,-0.05054809971002621,0.9960774191122457,122,162,154,162,122,162,162,162,221218_065858
0,0,0,0,-0.005435142901590237,-0.10596726801357315,-0.002817168747501597,0.9958051141768111,0.09106027583537524,0.008955486814972375,-0.09116583268790825,0.9957611860867264,0.012184056527940813,-0.007808042624632856,-0.012949380214555167,0.9998856674752523,97,149,162,162,97,149,162,162,221218_065859
0,0,0,0,-0.007372874702193596,-0.10818710880229876,-0.0026922649533562826,0.9960872654344605,0.08753543007806777,0.012153522960301522,-0.08767249290440819,0.9960859007415865,0.011243323874570669,-0.011121763674227925,-0.012264861388115486,0.999862930379912,44,122,162,146,44,122,146,146,221218_065859
0,0,0,0,-0.008231179790372994,-0.10609105421012377,-0.0026397419976050274,0.9960209358814072,0.08556456595844517,0.024919878375894124,-0.08574608053813638,0.9962970608095226,0.006306845063400735,-0.0242879591212171,-0.008418531620727211,0.9996695570872792,111,80,162,106,111,80,106,106,221218_065859
0,0,0,0,-0.007247199700744,-0.10701706152775392,-0.0018323521931042364,0.9967490479108845,0.078584563205903,0.017770816370748517,-0.07899680307207183,0.9965901251294064,0.02382493649404194,-0.015837947882783338,-0.025151320448243805,0.999558187644207,146,90,124,162,146,90,162,162,221218_065859
0,0,0,0,-0.009386699422054487,-0.10536838694184447,-0.00029170174169329544,0.9971677727617656,0.06326498066519455,0.04066909375401328,-0.06433715791658505,0.9975993579673932,0.0256173982726767,-0.03895077761170587,-0.028161377886692214,0.9988442189445591,154,162,122,162,154,162,162,162,221218_065859
0,0,0,0,-0.006803258535410181,-0.10719035449436198,-0.0027207100260311923,0.9972734140100136,0.07204520310546031,0.01597580728183171,-0.07222811366436539,0.9973254390547126,0.011183389951685897,-0.015127369411129509,-0.012306799901555171,0.9998098346040021,146,162,97,149,146,162,149,149,221218_065859
0,0,0,0,-0.0072017844180726764,-0.108528047255109,-0.00297453785281504,0.9975405198395777,0.0687731938288254,0.013533628071163241,-0.06889390128723896,0.9975863686070088,0.008664152290009627,-0.012905101456786248,-0.009575227415738699,0.9998708783519633,114,18,44,122,114,18,122,122,221218_065859
0,0,0,0,-0.009860416677632322,-0.110348500931023,-0.003921757703309492,0.997465186552423,0.06551077008483353,0.027776620003748594,-0.06609862672620027,0.9975962570824908,0.02080094709179049,-0.026347166087665214,-0.022584217008723158,0.9993977086131686,162,162,111,80,162,162,80,80,221218_065859
0,0,0,0,-0.006749821534992331,-0.10963719062089738,0.0008642143898560106,0.998421130425401,0.055153683401102306,0.01064507056607667,-0.05529467635610824,0.9983796332755831,0.013438996509605802,-0.009886611489233053,-0.01400639381864278,0.9998530271222156,162,162,146,90,162,162,90,90,221218_065900
0,0,0,0,-0.013433742468119,-0.1144147317352131,-0.0025720993402655323,0.9970732320608526,0.05679776396716655,0.05117600918454212,-0.05879963401462492,0.9975271544651053,0.038499079787645094,-0.04886279717200463,-0.041395532525615855,0.9979473117051061,120,162,154,162,120,162,162,162,221218_065900
0,0,0,0,-0.011350867455743485,-0.11554479449040345,-0.0014860003522492726,0.9978008353459346,0.05322758356473511,0.03950085227960268,-0.054252818657631256,0.9982053276180313,0.025352624769067706,-0.03808050223747125,-0.027439902748334716,0.998897856182755,96,148,146,162,96,148,162,162,221218_065900
0,0,0,0,-0.009498468109981797,-0.1217261886152241,0.0002724346089116314,0.9987582979829712,0.04246857952317669,0.026043846940174014,-0.042880655158692216,0.9989603740851996,0.015473216237070249,-0.02535964556773058,-0.016570780332906217,0.9995410434873785,100,116,114,18,100,116,18,18,221218_065900
0,0,0,0,-0.008800760233600574,-0.1158554322515043,-0.0013555584732871662,0.9987760957434761,0.045269575803204794,0.01992425853115763,-0.04540477820203747,0.9989482572574794,0.006386347834909108,-0.019614196079429325,-0.007283188096057419,0.9997810952820199,114,90,162,162,114,90,162,162,221218_065900
0,0,0,0,-0.011181221567052882,-0.11724578317902423,0.0023255109743990365,0.9981859871668487,0.04788431347832727,0.036494212506288155,-0.04880478291284763,0.9985013247008777,0.0247628297135311,-0.035253768430830994,-0.026499001741590502,0.9990270140081922,148,92,162,162,148,92,162,162,221218_065900
0,0,0,0,-0.013714068905556348,-0.11485974533482146,-0.0013693444685159428,0.9975726222937301,0.04954458073861125,0.048930540252969244,-0.050164388326831115,0.9986745263966137,0.011520610673662357,-0.048294900287785145,-0.013947216422441875,0.99873573970308,154,162,120,162,154,162,162,162,221218_065900
0,0,0,0,-0.009940724447543126,-0.11404180983258794,-0.003485843598209637,0.9979530699468193,0.057669414340464846,0.027638900726084,-0.05789720189467795,0.998294281655477,0.007512737632948095,-0.027158501366707367,-0.009097574599990646,0.9995897408136559,146,162,96,148,146,162,148,148,221218_065901
0,0,0,0,-0.008694456354350052,-0.11814343840550146,-0.0034999835369571852,0.9978607276601699,0.06425131518594457,0.012072145227460071,-0.06440711067385281,0.9978391215112219,0.012992754764037051,-0.011211257207046828,-0.013742491716888107,0.9998427134470944,162,162,100,116,162,162,116,116,221218_065901
0,0,0,0,-0.011654355233989139,-0.12125202440853167,-0.003575195940865028,0.9975546270006931,0.06219908428452837,0.031875383349459496,-0.0629801422871991,0.9977234117914615,0.02411421242110596,-0.030302934296748088,-0.02606276035595935,0.9992009130778629,158,162,114,90,158,162,90,90,221218_065901
0,0,0,0,-0.01019463414628416,-0.1197849447717999,-0.0039037973572441653,0.9978919722289717,0.061602878545487204,0.0204131603600039,-0.062030272506373274,0.9978531006988609,0.021010347889873993,-0.019075037451034647,-0.022232291392890634,0.9995708419945347,162,146,148,92,162,146,92,92,221218_065901
0,0,0,0,-0.0111129362678523,-0.12170285831346161,-0.0026000444168929326,0.9974383899759414,0.0656182390806069,0.02847639201448621,-0.06631891053408047,0.997500093033328,0.024400133279865406,-0.026804109904546607,-0.026226152948209146,0.9992966169230046,120,162,154,162,120,162,162,162,221218_065901
0,0,0,0,-0.013338210119721874,-0.12271225752441717,-0.002247675043570818,0.9974899245866947,0.05976524511646473,0.03797322509609502,-0.06092000273503045,0.9976912116545615,0.030016652944928463,-0.03609160033572495,-0.03225463785909366,0.998827830370072,93,148,146,162,93,148,162,162,221218_065901
0,0,0,0,-0.009984596567109247,-0.12623852022785964,-0.001683555544736648,0.9975575274478338,0.06746920152572024,0.018079996616344043,-0.06767749416244614,0.9976447541980574,0.011166969373545572,-0.01728398727311895,-0.012363303222819253,0.9997741807615174,88,112,162,162,88,112,162,162,221218_065901
0,0,0,0,-0.011038124296470803,-0.12369483256922054,-0.0025971137374712905,0.9971666951626025,0.07092992752039576,0.02505049780832838,-0.07099207904984518,0.9974755970567655,0.001599371260522285,-0.024873816970344482,-0.003373226674840023,0.9996849076439666,117,93,158,162,117,93,162,162,221218_065902
0,0,0,0,-0.008967399674729912,-0.12520803471442787,-0.002671105927011974,0.9982640510112715,0.05721473712791748,0.013977063852960206,-0.057431969965377076,0.9982264525557375,0.015669021790899185,-0.013055775904267583,-0.016444551479774038,0.9997795374192084,151,89,162,146,151,89,146,146,221218_065902
0,0,0,0,-0.009811151051059203,-0.12279363251971598,-0.0033173198220495803,0.9978939431506018,0.06204900282045707,0.01891030069382806,-0.062254030856361,0.9980055970305692,0.010452939193927731,-0.01822399148044531,-0.011608167152638585,0.9997665410433962,154,162,120,162,154,162,162,162,221218_065902
0,0,0,0,-0.009314003437052687,-0.12435397072596699,-0.0021199058340024557,0.9978858137220636,0.06383620727229462,0.01220005792383155,-0.06402558970426608,0.9978228612458308,0.015819653542506938,-0.01116363002240711,-0.016567323751064744,0.9998004286598653,146,93,93,148,146,93,148,148,221218_065902
0,0,0,0,-0.008281374230377794,-0.12747659717243642,-0.002914209333511719,0.9969734895252265,0.0772570458284102,0.00867237301790304,-0.0773647721444705,0.9969198913214643,0.012861660803838191,-0.00765200724835555,-0.013493671015174711,0.9998796765749393,162,137,88,112,162,137,112,112,221218_065902
0,0,0,0,-0.00900001658404083,-0.12660144855883027,-0.0020375183399555796,0.9966642036123692,0.08057675704947606,0.012955750117685972,-0.08075220807227634,0.9966408401033764,0.013642460536405365,-0.011812964453260924,-0.014643157495065564,0.9998230002402428,156,162,117,93,156,162,93,93,221218_065902
0,0,0,0,-0.009926755625965483,-0.13148873218251445,-0.0023328971839689516,0.9971627887022699,0.07250146250828096,0.02024625302800034,-0.07296355940526622,0.9970670055747279,0.023102064694735924,-0.018511937403407282,-0.024513757941325844,0.9995280805686084,162,146,151,89,162,146,89,89,221218_065902
0,0,0,0,-0.013781148696575984,-0.13635210766764105,-0.0018764568390593483,0.9957909535025246,0.08219541600342072,0.04054985216444154,-0.08338506406431438,0.9961077001915613,0.02857237669617414,-0.03804350159388119,-0.031833366254646986,0.9987689065941999,119,162,154,162,119,162,162,162,221218_065902
0,0,0,0,-0.012166152623769633,-0.1324954419559572,-0.002588642096459981,0.9966317183040174,0.07527230876746184,0.032546852431510266,-0.07607694708637616,0.9968074386677297,0.024232794694304907,-0.03061888620442209,-0.026627236985753745,0.9991763978688173,85,147,146,93,85,147,93,93,221218_065903
0,0,0,0,-0.01103559759975807,-0.13693511054903407,-0.0019364537334116694,0.996619664950449,0.07864508463834324,0.023752770286497065,-0.07907564641402237,0.9967103049500511,0.017765420078903707,-0.02227746794992189,-0.01958363267126977,0.9995600010770422,70,112,162,137,70,112,137,137,221218_065903
0,0,0,0,-0.014538403764909932,-0.14052101443972487,0.0005481827834645236,0.9954298611955509,0.08383505164246081,0.045728279612428605,-0.08513090301410917,0.9959994101787661,0.027164393524473484,-0.04326801118850823,-0.03093313821221553,0.9985845082756567,117,86,156,162,117,86,162,162,221218_065903
0,0,0,0,-0.01395656234422582,-0.13734691653454278,-0.002178508294224002,0.9954176638610739,0.08378951192999563,0.04607593909944535,-0.08419411842344719,0.9964254231503827,0.0069084384978744745,-0.045332382424280865,-0.010756104783492143,0.9989140510142128,151,89,162,146,151,89,146,146,221218_065903
0,0,0,0,-0.011291506204384627,-0.1410987865325326,-0.002430365748081531,0.995177524818881,0.09674643815659296,0.016180877583683095,-0.09695159375151349,0.9952116825400592,0.012413517020775432,-0.014902434848275714,-0.01392241501306868,0.9997920202701143,154,162,119,162,154,162,162,162,221218_065903
0,0,0,0,-0.011731739392454602,-0.13853585376751565,-0.0034716140061998857,0.9955997522867928,0.09052039995183617,0.0242320126906004,-0.09082642621737362,0.9957963641616475,0.011838978968770864,-0.02305848102234426,-0.013987791641378144,0.9996362579148175,162,135,85,147,162,135,147,147,221218_065903
0,0,0,0,-0.010722271737495723,-0.1449044430766302,-0.0025019420049059993,0.9949176882377249,0.1001122424930247,0.010785756103308487,-0.10023637605692469,0.9948953530369123,0.011657848023225916,-0.00956360531792311,-0.01267972430992399,0.9998738730683723,162,154,70,112,162,154,112,112,221218_065903
0,0,0,0,-0.012794725904978835,-0.1427020824499997,-0.004080156861542061,0.995306960974416,0.09333069219887587,0.02556238114008804,-0.0939091114938399,0.9953277178333851,0.022445776685658794,-0.023348066607537087,-0.024740978280246115,0.9994212083898492,160,162,117,86,160,162,86,86,221218_065904
0,0,0,0,-0.01465962058209408,-0.14826392313065917,-0.00222236929858588,0.9945837908637293,0.09762309982296985,0.035676509527817236,-0.09847536488314312,0.9948744970742114,0.02296383205100323,-0.03325184900521747,-0.026352712427553365,0.9990995191098055,155,162,151,89,155,162,89,89,221218_065904
0,0,0,0,-0.012454780982427041,-0.14530360445116997,-0.003967857655876761,0.9951892775085508,0.09544936759543692,0.02208438719184036,-0.09583892704009295,0.9952463684760103,0.01730797790375785,-0.02032737060742778,-0.019341257997978464,0.9996062793636523,117,162,154,162,117,162,162,162,221218_065904
0,0,0,0,-0.010439200897082793,-0.14609512590504092,-0.0030966186594684753,0.9952572980581987,0.09725310635356872,0.0021780648466005184,-0.09726782447145817,0.9952245724713941,0.008186615400756173,-0.0013714898775274676,-0.008359644353184875,0.9999641170371086,77,147,162,135,77,147,135,135,221218_065904
0,0,0,0,-0.015579997687891214,-0.15117469336165867,-0.002863924132648854,0.9941357583688902,0.10344602254315367,0.03151213024079231,-0.10390102636924492,0.9945006188186976,0.013156591072327516,-0.02997783600810432,-0.016353580318337186,0.9994167748037066,64,112,162,154,64,112,154,154,221218_065904
0,0,0,0,-0.015624494352021998,-0.14893248262465086,-0.0035582741735357137,0.9948889478145996,0.0931197286917158,0.039047376925221915,-0.0935817286263259,0.9955596383493461,0.010171851209454671,-0.037926792425247616,-0.013773983378087258,0.9991855862642496,119,87,160,162,119,87,162,162,221218_065904
0,0,0,0,-0.014594619119596988,-0.15145776854117055,-0.0034419489591074326,0.9948437125620662,0.09780887891457977,0.02682183403868968,-0.09811486911227792,0.9951214115611756,0.010336765043998363,-0.025679953948683543,-0.012915086448309875,0.9995867848802458,146,80,155,162,146,80,162,162,221218_065904
0,0,0,0,-0.014575821335624364,-0.15175701057526414,-0.0034095832958334626,0.9945414808325713,0.10078921924408281,0.026995855006350253,-0.10097560146038614,0.9948729792754722,0.005628766939471687,-0.026290127673120094,-0.008323964903447141,0.9996196980828346,154,162,117,162,154,162,162,162,221218_065904
0,0,0,0,-0.01539879979502784,-0.1522887696631242,-0.0027313402488539085,0.993687808170105,0.1085738481064212,0.02821806870530332,-0.10857565565589014,0.9940870978955593,-0.0014726834272803762,-0.02821111293421486,-0.0016004077440388725,0.9996007061832568,162,136,77,147,162,136,147,147,221218_065905
0,0,0,0,-0.013462867141687374,-0.15644841623432837,-0.002859850821648968,0.993997255290839,0.10831577025158623,0.015399687954097512,-0.10847499226307607,0.9940498051451184,0.009907620525455752,-0.014234905261491085,-0.011518628640440981,0.9998323302766517,162,151,64,112,162,151,112,112,221218_065905
0,0,0,0,-0.015082932400442756,-0.15606552203610247,-0.0030762262218635428,0.9944216996723413,0.10107060661597207,0.030169781223122232,-0.10164758153280333,0.9946532046607147,0.01824202912788446,-0.02816473662762964,-0.021206954907527102,0.9993783130898161,162,160,119,87,162,160,87,87,221218_065905
0,0,0,0,-0.016762051668538558,-0.15879798559513458,-0.0026938985053194253,0.9942557098622279,0.10150906676851636,0.033933652472772205,-0.10228512312422501,0.9945124717978577,0.021970366996856578,-0.03151724914741351,-0.025315070655625705,0.9991825710068609,149,162,146,80,149,162,80,80,221218_065905
0,0,0,0,-0.015499491621085881,-0.15860302117515457,-0.003166776952622574,0.9940629372930609,0.10636078141557545,0.022940376565363213,-0.10669705459563927,0.9941934829333289,0.013966282021782768,-0.021321708208013473,-0.01633103394047545,0.9996392759838558,116,162,154,162,116,162,162,162,221218_065905
