0,0,0,0,0,0,0,1,0,0,0,1,0,0,0,1,162,162,83,96,162,162,96,96,221218_073143
0,0,0,0,9.760237377157144e-05,0.0003097601506920622,-0.00033830940017193223,0.999998443854951,0.00011246103904806259,0.0017605795044002637,-0.00011237832647882375,0.9999999925773324,-4.7079164101038315e-05,-0.001760584785903682,4.688123986095998e-05,0.999998449070478,137,157,162,18,156,156,18,18,221218_073143
0,0,0,0,-0.001861458451364692,-0.0008002595130118806,-0.004061332370218662,0.9999022844349199,-0.002380393808653945,0.013775169949757587,0.002318067804514689,0.9999870132192559,0.004538717273198045,-0.01378579498914198,-0.004506341991912552,0.9998948168374359,154,162,72,48,162,18,24,24,221218_073143
0,0,0,0,-0.0015724820032131104,-0.001377102672315944,-0.0045245326761855775,0.9999285256182967,-0.007532628143249286,0.009284566122096622,0.0074463133218841,0.9999290625110682,0.00929636292586655,-0.009353933543295246,-0.009226562685670832,0.9999136835088693,138,162,74,18,162,18,26,26,221218_073143
0,0,0,0,-0.00018960137592073656,-0.002021137142801055,-0.003645785377722033,0.999298206029622,-0.03712594101935981,0.004975935028328712,0.037054936332897845,0.999219676545345,0.0136736863347588,-0.005479700661898677,-0.013479707268464609,0.9998941295820336,162,18,104,153,162,18,132,132,221218_073143
0,0,0,0,-0.0024934265985923215,-0.003169314419315561,-0.0032898399409237444,0.9991193015049225,-0.030707532478200624,0.02859490880238168,0.030081343764436698,0.9993036114295291,0.022077249403553455,-0.029252933487806918,-0.021197632721631297,0.9993472500834516,110,118,162,162,82,111,162,162,221218_073143
0,0,0,0,0.0005844564470255664,-0.0020137481405085866,0.0015963367909117565,0.9999240342245412,-0.00028890628197228695,-0.01232243130548685,0.0001623528933418585,0.9999472497191491,-0.010269927976796597,0.012324748340482678,0.010267147231379099,0.9998713348556769,136,44,162,114,162,120,144,144,221218_073144
0,0,0,0,0.00561334431429554,0.0007975809821632041,-0.00484823995886785,0.999366687920454,-0.003782420575309211,-0.03538243023723919,0.0043280810122747196,0.9998726927234974,0.015357931521316844,0.0353198356402293,-0.015501343182245355,0.9992558318918602,162,162,162,162,162,162,162,162,221218_073144
0,0,0,0,-0.002443129533199459,0.007545828316159242,-0.004390052418324741,0.9996591414548361,-0.0209665731895797,0.015556468573102283,0.02113192270941699,0.9997211168759405,-0.010541836411476614,-0.015331103951873336,0.0108669812279726,0.9998234173945957,162,162,159,160,162,162,143,143,221218_073144
0,0,0,0,-0.0004561118460928715,0.003310839892209372,-0.0053790765408941454,0.9999544802008477,-0.008700269560683717,0.003916993212305881,0.008704956942572983,0.9999614134725445,-0.0011812242036680458,-0.00390656510015615,0.0012152676918372382,0.9999916309017569,162,18,162,122,162,18,124,124,221218_073144
0,0,0,0,-0.0012619707936219193,-0.000886274720073299,-0.004396179335443118,0.9996484764122818,-0.020936185649677024,0.01626652197142906,0.020774463643809263,0.9997336922181156,0.010048199054864789,-0.016472561030901327,-0.009706738606575954,0.9998172002714831,111,150,162,120,94,154,135,135,221218_073144
0,0,0,0,-0.00200182810023658,0.0044857397216222505,-0.0030236340558374986,0.9997280673281961,-0.01708645064032846,0.0158696124951253,0.016949449619555152,0.9998182554406796,0.00872767123296602,-0.016015853203122783,-0.00845631669654077,0.9998359781254643,162,18,134,159,162,18,106,106,221218_073144
0,0,0,0,-0.0007510549638508057,0.0026365404256550873,-0.0016275421034808724,0.999745094702075,-0.01961369580128117,0.011182511173920818,0.019613338280289865,0.9998076299455961,0.00014164771006673114,-0.011183138228734004,7.77147711626078e-05,0.9999374637344935,162,154,130,162,162,162,144,144,221218_073144
0,0,0,0,-0.0024007835597051747,0.007023944107187541,-0.0033764946112070926,0.9994943933721148,-0.015021612438364147,0.02802336128057324,0.014449572223388241,0.9996853278304484,0.02050500385492132,-0.02832256132963663,-0.020089710806301432,0.9993969361767366,162,18,100,143,162,18,106,106,221218_073144
0,0,0,0,0.0007577433500928904,0.007807780383264129,-0.004999553871231854,0.9997191569311622,-0.02361324501717245,0.0020054736607150975,0.023602493879695763,0.9997077666765466,0.005225277911388227,-0.0021282733620864025,-0.005176476248500831,0.99998433715041,107,123,162,156,98,122,162,162,221218_073145
0,0,0,0,-0.0053743997400634985,0.004289417486468383,-0.0007527761205150529,0.9994447347044414,-0.018173291788657384,0.02792765183711271,0.01775562981972884,0.9997278570981513,0.015131072389091477,-0.028195032918502082,-0.01462679758195469,0.9994954211557054,162,18,133,162,162,18,145,145,221218_073145
0,0,0,0,0.0039809738998619615,0.010131076517798765,-0.004143285837112876,0.9992010387970083,-0.03119783546083358,-0.024979574246530335,0.03136232260926919,0.9994887255737461,0.006220303169591678,0.02477274283423807,-0.0069987508548502424,0.9996686094396184,162,162,18,18,162,162,90,90,221218_073145
0,0,0,0,-0.0002248460702339583,0.00819505568487966,-0.001707483756861694,0.9997463587907609,-0.021915834925086714,0.005187895927275253,0.021925954715249118,0.999757788355454,-0.001901876030632854,-0.005144958157335566,0.0020151432076652,0.9999847341851834,162,92,18,68,162,18,29,29,221218_073145
0,0,0,0,0.0028811829214984014,0.007403771055433661,-0.004305657726849099,0.9995930899253003,-0.027589362426190006,-0.007244422303160541,0.027584025372247082,0.9996191391166955,-0.0008356170541809194,0.007264717327840527,0.0006354467045657864,0.999973409691294,162,18,108,124,162,18,18,18,221218_073145
0,0,0,0,-0.006177446761785513,0.0058557152536478085,-0.003905523115964149,0.998286364553773,-0.026839846064177497,0.05199958662589483,0.025038089088241535,0.9990737412651469,0.034996479955437566,-0.05289072168936572,-0.033634538464401856,0.9980337115455893,120,56,162,114,76,33,150,150,221218_073145
0,0,0,0,-0.0038895966055900316,0.006551623626783631,-0.001996953975867688,0.9992988060292626,-0.023610178719962793,0.02905952045889714,0.023164856599485334,0.9996104539640492,0.015566943968312959,-0.029415738767111198,-0.014882868896779297,0.9994564595449801,162,18,22,76,162,18,162,162,221218_073145
0,0,0,0,0.001423958518239371,0.00493546824262614,-0.0014601757982053987,0.9998551381401727,-0.016284852088171934,-0.004950386566903257,0.016344586795611675,0.9997910587158325,0.012275723781337707,0.004749443880722594,-0.01235485752007439,0.9999123963020374,155,84,100,116,162,18,102,102,221218_073145
0,0,0,0,0.005768380732659173,0.011447371831706743,-0.003312539085245425,0.9990116589607837,-0.023844673651679176,-0.037511822121412894,0.02329489095240214,0.9996157137863622,-0.015025738148150907,0.03785569066784151,0.014137053788750065,0.9991832116254928,120,150,18,162,160,160,149,149,221218_073146
0,0,0,0,0.0014161080340880372,0.010188620532618264,-0.002915886779601251,0.9992986532532072,-0.036934329624219234,-0.006169027600560216,0.03687597284043044,0.9992763909164505,-0.009319720170987544,0.006508781252952603,0.009085694921314738,0.9999375410066361,154,162,18,67,162,18,44,44,221218_073146
0,0,0,0,0.00015001138424282356,0.006544095091449265,-0.003799167035210993,0.9989599515195776,-0.04535587973278621,-0.004675407326468345,0.045332904610898755,0.9989598776928257,-0.004908209395942956,0.004893160486078781,0.0046911548258713525,0.9999770247594978,162,18,58,114,162,18,99,99,221218_073146
0,0,0,0,0.0006238139367197859,0.007893950719006004,-0.005490811156836695,0.9979475938138235,-0.0638436929789854,-0.004958111334556333,0.06388343147534946,0.9979226928046477,0.008319036510031866,0.0044166938013783545,-0.008618703633723714,0.9999531042821653,162,18,128,156,162,18,82,82,221218_073146
0,0,0,0,-0.006144116082092102,0.006930582372691729,-0.003866178582461577,0.9989479491139248,-0.026974527509752988,0.03708597884254601,0.02594321257427586,0.9992708076226731,0.02801433123343825,-0.03781460937799198,-0.027022729298804046,0.9989193297853605,18,82,162,162,91,107,162,162,221218_073146
0,0,0,0,-0.005049161943747216,0.0071033545091016,-0.0031664347925942637,0.9992035336914871,-0.02697531270098192,0.029404604454582962,0.02641064069758446,0.9994624151933221,0.019425721965354203,-0.02991281191043942,-0.01863365558918533,0.9993788123444455,162,18,32,113,162,18,82,82,221218_073146
0,0,0,0,-0.0003342310330721743,0.010569272931535312,-0.003947215166476614,0.9992737954221969,-0.03806905665299843,-0.001621329105737669,0.03807721987272615,0.9992605150909252,0.0053430615739566475,0.0014167248435719777,-0.005400917123027345,0.9999844113709713,138,18,162,130,154,33,106,106,221218_073146
0,0,0,0,-0.0018895246708705987,0.011208533483257344,-0.002942227600567615,0.9988205971507991,-0.04669010173395875,0.013321002492089404,0.04648649472878006,0.9988031816892624,0.015205592893334586,-0.01401501035150435,-0.014568412661621628,0.9997956495391285,162,162,162,162,162,162,162,162,221218_073146
0,0,0,0,-0.004488390398895273,0.010743262111699958,-0.0020500419650504864,0.9985768837991283,-0.04664991382453462,0.0258455543988876,0.04640443945270475,0.9988725002442376,0.010017796908819331,-0.026283742905123298,-0.008804191955516374,0.9996157517080791,162,162,162,122,162,162,162,162,221218_073147
0,0,0,0,-3.394433991138479e-05,0.011268849646263845,-0.0046683219537290155,0.9989078125764184,-0.04615649311571898,-0.007263615976493192,0.04613709192877361,0.9989311471769724,-0.0028163714338726455,0.0073858460687502465,0.002478173310369402,0.9999696535069912,156,132,154,18,162,18,18,18,221218_073147
0,0,0,0,-0.0015676399711619243,0.009750836574016097,-0.00532190707514002,0.9989838609418187,-0.04501965062491292,0.0021158060847331008,0.04501935370734671,0.9989860972668793,0.00018777449998762065,-0.0021221144055466696,-9.233147247920938e-05,0.99999774405013,162,146,148,149,162,162,162,162,221218_073147
0,0,0,0,-0.003697215342673338,0.011238435328965068,-0.0046563867113560975,0.9975189963563548,-0.06752274224750612,0.0199130908597383,0.06706143207682465,0.9974839500073138,0.02298986310556476,-0.02141532712840872,-0.02159742478130272,0.9995373604857396,162,100,62,46,162,18,32,32,221218_073147
0,0,0,0,-0.003791362092286754,0.009708714457764334,-0.004115900666134542,0.9988145001508417,-0.04693625583353294,0.01290667179229262,0.04679813454306504,0.9988459466722074,0.01080321340115167,-0.013398839192780653,-0.010186398030255325,0.9998583441685402,162,162,149,160,162,162,162,162,221218_073147
0,0,0,0,-0.001443114878651952,0.015301326782969471,-0.0036293100432268077,0.9989916384993673,-0.04485601256721131,-0.0019090167414191174,0.044866116269322374,0.9989771581713693,0.005627527233412435,0.0016546356869402026,-0.005707502818687167,0.9999823431402768,162,122,73,21,162,18,55,55,221218_073147
0,0,0,0,-0.003653605207899771,0.009504942417867257,-0.0052997188104237924,0.9987094871422086,-0.04826577004380314,0.015804294803177524,0.04797168833955774,0.998677611671963,0.018486348017835077,-0.016675653210575417,-0.017704332443299827,0.9997041958513216,138,162,114,162,162,18,18,18,221218_073147
0,0,0,0,-0.005273279114963114,0.011209664892540938,-0.004115977337840748,0.9974230082764495,-0.06277209879326555,0.03474199438498896,0.06195969998264506,0.9977903624893428,0.023987248726089826,-0.03617095711781348,-0.021772830235758836,0.9991084053918805,162,162,162,162,158,162,162,162,221218_073148
0,0,0,0,-0.0020427991631792874,0.007590701904487407,-0.003755306820565907,0.9972691957636985,-0.07313747061028779,0.010249954807455898,0.07290317768867893,0.9971046315497344,0.02162129563561254,-0.011801604285795585,-0.020814997833267103,0.9997136880134645,162,162,72,80,162,18,18,18,221218_073148
0,0,0,0,-0.003543858691469781,0.00873903456370706,-0.005112511685176513,0.998700870518465,-0.04928729572248979,0.01293575301340284,0.048930441484207006,0.9984482347131904,0.02658823977391916,-0.01422614219739542,-0.025920746101890036,0.9995627703149518,160,129,82,42,162,18,18,18,221218_073148
0,0,0,0,-0.006134712096285161,0.0074824911402285865,-0.004740296021977786,0.9976614278992216,-0.0571729009566886,0.03745576962610127,0.05564747200108031,0.9976256434673612,0.040576278245086556,-0.03968669981210179,-0.0383970688012819,0.9984741513757348,162,130,138,18,162,50,18,18,221218_073148
0,0,0,0,-0.007569011881229215,0.008796345893562596,-0.0036048245100409604,0.9980670059630643,-0.04460568695156583,0.043273367092298676,0.043047449840875655,0.9984134755099952,0.036296680044462265,-0.0448237511830861,-0.034363710679024134,0.9984037092871026,162,162,136,160,162,162,162,162,221218_073148
0,0,0,0,-0.007609096087501974,0.008604542185529862,-0.003952029338080476,0.9979221295655785,-0.04849306007169239,0.04242459720710025,0.04693076238405595,0.9982097767851228,0.037077554836400926,-0.04414665180229122,-0.03500949379066027,0.9984114424820906,162,132,71,18,162,73,18,18,221218_073148
0,0,0,0,-0.00426108918348074,0.009383998936123183,-0.004759675043317868,0.9987668703568368,-0.0394303901751365,0.03016592462110452,0.03874524943463587,0.9989850857963477,0.022969632184958167,-0.031041010354972434,-0.021772521376747168,0.9992809479766147,160,152,92,18,162,162,18,18,221218_073148
0,0,0,0,-0.002340341235750734,0.01120790840919672,-0.004017804230390221,0.9989737796747464,-0.043102019597030486,0.013914144925535558,0.042833090695126544,0.9989000447396424,0.019079490576074814,-0.014721204565342608,-0.01846392498350981,0.9997211459253769,162,130,89,41,162,162,18,18,221218_073148
0,0,0,0,-0.004968623123694463,0.008799266588491617,-0.004580156138622393,0.9987212318790873,-0.03773699975415657,0.03364253027751297,0.036968270203249616,0.9990474108201131,0.023186589482015272,-0.03448547508876905,-0.02191323306093306,0.9991649324434475,162,121,48,62,162,18,54,54,221218_073149
0,0,0,0,-0.009362985117411099,0.006307493815254417,-0.005289890740550807,0.9974064956170751,-0.03201718090927356,0.0644607060734561,0.02960166057853777,0.9988359382072473,0.03808556467535992,-0.06560506224262493,-0.03607864565460903,0.9971932145456418,162,18,162,162,162,18,162,162,221218_073149
0,0,0,0,-0.006548313722024454,0.01089559640220572,-0.005074658242370966,0.9978072395084743,-0.0465621729867336,0.04703909896280174,0.04489136262398694,0.998343982390444,0.0359730230388171,-0.04863618350817073,-0.033782493566091754,0.9982450925410136,162,162,158,162,162,162,162,162,221218_073149
0,0,0,0,-0.0025299705372539977,0.012677562973674616,-0.002875271143259306,0.999371518144711,-0.03298595743673792,0.012980575222902472,0.03290297869734055,0.9994370541829248,0.006555052936504144,-0.013189492559536515,-0.006123833614634524,0.9998942623837194,162,162,97,18,162,162,18,18,221218_073149
0,0,0,0,0.001220510361321439,0.015718073605982097,-0.005420945094339269,0.9996050685421888,-0.027050995778553834,-0.007612527317297238,0.027039308719062963,0.999633035558953,-0.0016340144392645085,0.0076539355081640895,0.0014275316392950248,0.9999696892529572,154,114,80,64,162,162,69,69,221218_073149
0,0,0,0,0.001812070679957145,0.013287407735864343,-0.00510363784594875,0.9994989076688079,-0.029520274621210672,-0.011423088686868635,0.02953899457159242,0.999562542597698,0.0014735112230233247,0.011374593116204321,-0.0018101994125620028,0.9999336687048435,126,126,150,158,162,90,162,162,221218_073149
0,0,0,0,-0.006227211092134199,0.009332434168200843,-0.004251770572125724,0.9986749935880258,-0.01921663002628994,0.04773864590024169,0.018435098185124135,0.999689613755739,0.016757783379882988,-0.04804585660450639,-0.015855512585058004,0.9987192790688505,146,162,64,40,162,162,18,18,221218_073149
0,0,0,0,-0.0067954054547456205,0.008052124120001336,-0.0033624068888910563,0.9982252447389527,-0.038492868776329583,0.045438527916595826,0.03774558601196752,0.9991394942653422,0.01719132734287462,-0.04606117131024932,-0.01544571308049522,0.9988192020806184,162,18,162,154,162,18,159,159,221218_073149
0,0,0,0,0.005420468030045131,0.013699459407113812,-0.003297435471305843,0.9980256070126826,-0.04545112513033304,-0.04334839064317263,0.044243481473294856,0.9986163545850565,-0.0284234182035793,0.044580288178616756,0.026449415487684383,0.9986556094701876,162,138,162,162,162,162,162,162,221218_073150
0,0,0,0,0.0006839262278521552,0.015778396902176306,-0.0028235274953961054,0.9991814816863415,-0.039936375059692115,-0.0064383695279844905,0.03992209076027496,0.9992000739781441,-0.0023321302279810264,0.0065263561361335294,0.0020731881640355474,0.9999765540083532,162,162,76,154,162,162,162,162,221218_073150
0,0,0,0,-0.0006420776138306022,0.013984166498343109,-0.005210065219649229,0.9996822140911759,-0.024309155889661593,-0.00667351254565989,0.024300659897476595,0.9997037821515034,-0.0013512514672674963,0.006704383514695737,0.0011886512998989407,0.9999768189062063,162,146,156,162,162,162,162,162,221218_073150
0,0,0,0,-0.0009222886691559462,0.01144631422169029,-0.0050534054523965755,0.9995733057826967,-0.029018411228721595,-0.003337390659389928,0.028999497262667397,0.999563837064437,-0.005582543464458185,0.0034979315552367764,0.005483378774152693,0.9999788482923296,162,162,156,156,162,162,162,162,221218_073150
0,0,0,0,-0.0014168302954301881,0.011849761464655661,-0.004756970652215198,0.9996725669123823,-0.025567445939744547,-0.001031828923321762,0.025561997526927522,0.9996607993732125,-0.004987031075041262,0.0011589845737153325,0.004959022547672317,0.9999870323409847,162,162,162,162,162,162,162,162,221218_073150
0,0,0,0,-0.0010961593585198798,0.011237751523083928,-0.0051011339587365145,0.9995282600245474,-0.030343079034746544,-0.004749206985572582,0.030329648095807384,0.9995358157397676,-0.0028749782298268895,0.0048342381700922235,0.0027295802110606808,0.9999845896478536,162,146,162,114,162,162,162,162,221218_073150
0,0,0,0,-0.0016763313008877206,0.012138558168664826,-0.005666694911870218,0.9996249497958497,-0.027383036825620776,0.00035922117553661867,0.027384362149954485,0.9996151338590912,-0.004436312603056621,-0.00023760321208950158,0.004444485805872216,0.999990094996263,162,162,159,162,162,162,162,162,221218_073150
0,0,0,0,-0.0011585448796882503,0.012204209404147126,-0.005452722871375382,0.9996601382632354,-0.02578281211262561,-0.0038541623078509465,0.025773632172647012,0.9996648929380965,-0.00241282234998637,0.003915080096154886,0.0023126665623356317,0.999989661807167,162,162,162,162,162,162,162,162,221218_073150
0,0,0,0,-0.0016694899163510468,0.010514035101577113,-0.004954835653316503,0.9996110998234474,-0.02784215550608401,-0.0015695497867518262,0.027836985866443988,0.9996072750345087,-0.003224579965895005,0.0016587126422183975,0.0031796343909469955,0.9999935692780784,162,138,162,162,162,162,162,162,221218_073151
0,0,0,0,-0.0019244155582001932,0.011626974759937125,-0.005475994046368282,0.9996214823763391,-0.02723691761818572,0.0038784391693674515,0.02725513056610809,0.9996173515044398,-0.004723179974790757,-0.0037483102265848827,0.004827099533884788,0.9999813244658798,162,162,162,138,162,162,162,162,221218_073151
0,0,0,0,-0.0017477115939214666,0.01185287355772402,-0.005789322959534049,0.9996690262444878,-0.025648674253764474,0.0019958648306793733,0.02565402216120358,0.9996672306634778,-0.002701681803101195,-0.0019259061115587386,0.0027519895779254755,0.999994358703594,162,162,139,146,162,162,162,162,221218_073151
0,0,0,0,-0.0013942014031491229,0.009939492407560313,-0.00526714768894232,0.9994373225012912,-0.03334720852997091,-0.003605838974450527,0.033331468894122314,0.9994349272550471,-0.004340433625733155,0.0037485427583512825,0.00421780345178356,0.999984079153879,162,162,151,162,162,162,162,162,221218_073151
0,0,0,0,-0.0014393008906182642,0.010944860189503802,-0.006015631197285876,0.9993765602174839,-0.03530498750117937,0.00022078362855757966,0.035305356329404104,0.9993746062895194,-0.001981948062571673,-0.00015067290028771465,0.0019885072819805535,0.9999980115662566,151,143,162,50,162,102,18,18,221218_073151
0,0,0,0,-0.0021002179444008923,0.009969931435788615,-0.004635744289361365,0.9993005513095505,-0.037201097804153455,0.0038061101656633703,0.037207732601265,0.9993061278070406,-0.0016874720655043203,-0.0037406933983053984,0.001827908494673029,0.9999913329441587,161,145,85,18,162,18,18,18,221218_073151
0,0,0,0,-0.008353946237681806,0.010647091711525447,-0.004055080900719599,0.9983459133006559,-0.041955262170045755,0.03930894773614292,0.040625055699869364,0.9985941549284345,0.03404876785066052,-0.04068221042744109,-0.03239552004534573,0.9986468284812849,162,162,18,67,162,18,18,18,221218_073151
0,0,0,0,-0.00854577476079224,0.00979820653324015,-0.004355506165068801,0.9980330743602684,-0.04510063579917809,0.04354210759139643,0.043278955328071314,0.9981835589472833,0.041910794230680115,-0.04535321938629768,-0.03994390188558816,0.9981721145140516,162,18,98,162,162,18,124,124,221218_073151
0,0,0,0,-0.0072099515084138865,0.011133976995883699,-0.004075847291401535,0.9986419665293724,-0.04249436649514956,0.0301405292342958,0.04155090988554276,0.9986470462368008,0.031266578485614656,-0.0314284039370604,-0.029971751011402144,0.999056529715551,108,123,162,82,77,121,152,152,221218_073152
0,0,0,0,-0.0058581841398513,0.013981384579260459,-0.0017534154653983114,0.9996590699079483,-0.02312363402275425,0.01212606697810812,0.023015967314387962,0.9996950832453174,0.008944595224029047,-0.012329201083560112,-0.008662452581135191,0.9998864699134201,162,76,111,144,162,18,134,134,221218_073152
0,0,0,0,0.00289394802558951,0.014168104186662034,-0.0031846058225194485,0.9985221780191162,-0.04211760384229083,-0.03434483149681516,0.042317134095495805,0.9990911956176495,0.0051032343900967074,0.034098682759083385,-0.006549067558079113,0.9993970129774328,162,162,148,156,162,162,162,162,221218_073152
0,0,0,0,-0.0021582346045858347,0.015563998830295689,-0.0035949223211977355,0.9994816755777125,-0.030937126192810263,-0.008903617652328586,0.03095887175803013,0.9995179785242178,0.0023149225326053154,0.008827708866890303,-0.0025893686088015342,0.999957682467798,155,147,138,54,162,109,18,18,221218_073152
0,0,0,0,-0.0023637596503763153,0.015965028061714737,-0.005011602493286693,0.9993781711127074,-0.03349430973381619,-0.011018272045819153,0.03347774229347661,0.9994380433753811,-0.001684703214798042,0.01106850822613726,0.0013147887456032637,0.9999378777985173,146,79,111,128,162,18,90,90,221218_073152
0,0,0,0,-0.011275987453488623,0.008610113564228916,-0.003305752868340228,0.9978180522264041,-0.04448074980954304,0.04879136755089426,0.04307153216135557,0.998634480159663,0.029563798022461275,-0.05003976187372321,-0.02739777240252228,0.9983713659250254,153,162,162,128,162,162,139,139,221218_073152
0,0,0,0,-0.008420557746433383,0.01460117629832347,-0.003256875254434022,0.9992865848322339,-0.02148893406886827,0.03105715838440595,0.021154588923905246,0.9997151023769133,0.01105429540851822,-0.03128585529901381,-0.010389407687737724,0.9994564800260727,162,18,80,140,162,18,122,122,221218_073152
0,0,0,0,-0.00494086748540469,0.011643944828296449,-0.003663252980562637,0.9993428840781043,-0.035574787074934375,0.006945111016377376,0.03553128879256209,0.9993487746365624,0.0062892089440078295,-0.007164325452984349,-0.006038307459454892,0.9999561046785148,148,162,162,151,162,162,82,82,221218_073152
0,0,0,0,-0.005156602178519737,0.014038233872321282,-0.0025093265755426475,0.9998863849284639,-0.014702359726821792,0.003325335043562732,0.01470837832866455,0.999890218770438,-0.0017927671759213949,-0.003298612076265985,0.0018414737764409638,0.9999928640408896,157,149,65,84,162,71,68,68,221218_073153
0,0,0,0,-0.0075516538306261705,0.006251602181697402,-0.0034410606551604217,0.9990102127576739,-0.031398540812760015,0.03150756164314547,0.030684604924053553,0.9992669235457081,0.0228925867509677,-0.03220325801098253,-0.02190313087951744,0.9992413137131354,124,136,18,18,58,146,126,126,221218_073153
0,0,0,0,-0.008326651441599803,0.005749956372424925,-0.0023159307158253095,0.998878912235967,-0.039117155137115216,0.026660211257047612,0.03855860611476336,0.9990324362033343,0.02115243031230874,-0.027461838699877363,-0.020100735996709203,0.9994207361404968,162,37,18,122,162,18,66,66,221218_073153
0,0,0,0,0.00034491245245753255,0.004155777117998527,-0.0026150198102286026,0.9995562315438868,-0.020077736670426973,-0.022005101044457666,0.019947641476470167,0.9997823211497415,-0.006115710585098619,0.02212310062604274,0.005674046759365681,0.9997391527853965,18,18,162,106,114,18,162,162,221218_073153
0,0,0,0,-0.004009685080049383,0.008792864178184923,-0.0029922038156480757,0.9997951967058971,-0.018275485815468468,0.008693173300107217,0.018173002032089755,0.9997661009776264,0.011725413985678463,-0.008905427612346662,-0.011565031526221237,0.9998934660276758,162,116,84,84,162,162,84,84,221218_073153
0,0,0,0,-0.0013282476353372735,0.005479620613733971,-0.0006155043809646377,0.9997601397851016,-0.02048299466757047,-0.007753052709912369,0.020422817518514026,0.9997612942741803,-0.007762924437399294,0.00791020995169405,0.007602723239969237,0.9999398117776171,121,145,161,145,129,161,159,159,221218_073153
0,0,0,0,-0.007834690566853125,0.004480162477509042,-0.003824156790831479,0.999614979719205,-0.005909977474418965,0.027110228461345427,0.005602061632557926,0.9999190987428777,0.01141984565117518,-0.02717552624034169,-0.011263575608282414,0.9995672176687654,162,126,82,35,162,162,18,18,221218_073153
0,0,0,0,-0.006023439119640331,0.0019918939680290126,-0.004390741157891953,0.9995092118875258,-0.018694692927885385,0.025136503502074213,0.01869199365638797,0.9998252308080281,0.00034236358308877647,-0.025138510797723577,0.0001276558088925664,0.9996839695518115,134,64,162,114,120,70,122,122,221218_073153
0,0,0,0,-0.002558385664556198,0.006302072094915845,-0.003859002201857864,0.9999574625286954,-0.00734038690183098,-0.005584966723729164,0.007300371028664537,0.9999477761603717,-0.007151890293559844,0.005637172697156953,0.0071108137409657,0.999958828458414,148,100,57,94,162,162,134,134,221218_073154
0,0,0,0,-0.0032095420577751416,0.006515072769621044,-0.0033243644373219805,0.9999117413414811,-0.011293684548477546,0.006997300677191839,0.011287279115007494,0.9999358413279007,0.0009542316512286794,-0.007007628530927145,-0.0008751669462277972,0.999975063301675,162,162,162,162,162,162,159,159,221218_073154
0,0,0,0,-0.0028987397348840677,0.00773759261116469,-0.003788960363135252,0.9998885884621249,-0.014777388521285724,-0.0021070006432953843,0.014754035078265093,0.9998339108801929,-0.010699023456759096,0.0022647543198320887,0.010666744700701196,0.99994054395517,162,162,162,162,162,162,162,162,221218_073154
0,0,0,0,-0.0010425378028370014,0.004277305322300418,-0.005166060990455135,0.9997329823235963,-0.018047018961747218,-0.01443153356239581,0.017903998181891333,0.9997899126978038,-0.009978843461071935,0.01460859005760151,0.009717796782814791,0.999846064913103,162,162,152,160,162,162,162,162,221218_073154
0,0,0,0,-0.001986196767315221,0.0031720113383746362,-0.005674121350040584,0.9997905610312295,-0.02020349560991498,-0.0032638685634536367,0.020183186975483592,0.9997774463000585,-0.006139774690288766,0.0033871870884299203,0.006072613512730149,0.9999758248721583,162,162,162,162,162,162,162,162,221218_073154
0,0,0,0,-0.0027312477594935297,0.0025455546348628344,-0.0054058248927245645,0.9997816882765904,-0.020771135893516236,0.0022662083981172952,0.020779712427929312,0.9997767462306955,-0.003829000884961399,-0.00218616976083234,0.003875256127994513,0.9999901014768694,162,162,152,162,162,162,162,162,221218_073154
0,0,0,0,-0.0030275267610946482,0.0031154064777306756,-0.005885314465783609,0.9998238142136209,-0.01857227797198291,0.002722319279512731,0.018578936053511512,0.9998244164256628,-0.0024411993368540913,-0.0026765026522940173,0.002491347028040525,0.9999933147394228,162,162,154,162,162,162,162,162,221218_073154
0,0,0,0,-0.0028553970427515896,0.002476237643404766,-0.005345729450192238,0.9998246609104877,-0.01871530586110444,0.0006202916681220555,0.018717607248163095,0.9998170504418117,-0.003939140101466484,-0.0005464559742066572,0.003950059792050625,0.999992049175146,162,162,162,122,162,162,162,162,221218_073154
0,0,0,0,-0.0028074438468017743,0.002970115598561862,-0.005695077878978716,0.999817896641386,-0.0190410895983793,0.0012690399920229911,0.019045465216889056,0.9998123870233523,-0.0035300154871090255,-0.0012015865624788239,0.003553542116459934,0.9999929642393288,162,162,162,162,162,162,162,162,221218_073155
0,0,0,0,-0.0028278791386479596,0.002731101492422283,-0.005534955387129892,0.9998191128847492,-0.019012736506859758,-0.0005073074741617905,0.019011626007229134,0.9998170347178431,-0.002110726079011088,0.0005473453332851617,0.0021006995358901995,0.9999976437344971,162,162,153,162,162,162,162,162,221218_073155
0,0,0,0,-0.002870211975869022,0.0026908557215384876,-0.005457620462652801,0.9998109727122818,-0.01937399758152742,0.0016331141520270131,0.01938096182509681,0.9998026550156514,-0.004362263447938391,-0.0015482773836497717,0.004393090184147321,0.9999891517390463,162,162,140,162,162,162,162,162,221218_073155
0,0,0,0,-0.002925104974461662,0.0025977363602022185,-0.005455171268935188,0.9998226935712975,-0.018820240940013295,0.0006164014891574289,0.018822138676618933,0.9998176205079057,-0.0032330817415919385,-0.0005554416928112634,0.0032441104897239694,0.9999945836011596,162,162,162,162,162,162,162,162,221218_073155
0,0,0,0,-0.0028621600122018254,0.0029132717905850924,-0.005621394492624998,0.9998260248560419,-0.018613647909436964,0.0012050444262525172,0.018617958785397386,0.9998199320281189,-0.0036708486694929736,-0.001136499551683817,0.0036926455005301885,0.9999925363411353,162,162,162,162,162,162,162,162,221218_073155
0,0,0,0,-0.003042470019893148,0.003007711576289429,-0.005753722085669433,0.9998269265166098,-0.018454189567497486,0.002357943968307975,0.01846164217712847,0.9998245155907615,-0.0031789608087434656,-0.0022988650405113653,0.003221942132739333,0.9999921671235326,162,162,162,162,162,162,162,162,221218_073155
0,0,0,0,-0.0031435079489574996,0.0021362371716249218,-0.005117596382771372,0.9998230342647827,-0.01880700455338217,0.00044354626953402554,0.018808633470062175,0.9998150608239608,-0.004009919770799647,-0.00036804966106416506,0.004017552651609644,0.9999918618719547,159,162,162,138,162,162,162,162,221218_073155
0,0,0,0,-0.002961111423276222,0.002678782606358232,-0.0053687887475373786,0.9998461446719005,-0.0175409408442556,4.877535003389234e-05,0.017540995873986203,0.9998381934661199,-0.003987524313912584,2.1177470241892762e-05,0.003987766380264465,0.9999920486037932,162,162,162,162,162,162,162,162,221218_073156
0,0,0,0,-0.003011276603572713,0.0025665739134485,-0.0055908650376370606,0.9998351295196638,-0.01815778125303662,9.358613846272644e-05,0.01815799908044126,0.9998288289822443,-0.003549620456978573,-2.911688743893587e-05,0.0035507345663647757,0.9999936956982509,159,162,162,138,162,162,162,162,221218_073156
0,0,0,0,-0.00313409298965428,0.0021329402910734707,-0.0051356473374930545,0.9998345131778709,-0.018140856396345596,-0.0013621995365442562,0.018138063964121463,0.999833420717611,-0.0020350557127099943,0.0013988902757659143,0.0020100112754814015,0.9999970014758388,162,162,128,162,162,162,162,162,221218_073156
0,0,0,0,-0.002988043355284145,0.002110116297320941,-0.005017796430189625,0.9998390379782754,-0.017921134650689986,-0.000855024859046381,0.017916588678612472,0.9998266952005882,-0.005057214093936389,0.0009455076938695712,0.005041080945821954,0.9999868466725443,162,162,162,138,162,162,162,162,221218_073156
0,0,0,0,-0.002822060617972022,0.002959746338570435,-0.005653714995189407,0.9998326721128143,-0.0182610561766808,0.0010777769074509138,0.01826475762554467,0.9998269514604763,-0.0035306886199512927,-0.0010131162964997528,0.0035497831712733444,0.9999931862941903,162,162,162,146,162,162,162,162,221218_073156
0,0,0,0,-0.0029599624495465077,0.0024547813540473085,-0.005404151540830848,0.9998457505073939,-0.01754960520701614,-0.0006975309200442446,0.017547466889353474,0.9998416446039816,-0.002961776725594821,0.000749398474504785,0.002949079972313811,0.9999953706539062,162,162,162,162,162,162,162,162,221218_073156
0,0,0,0,-0.003111059547129272,0.002707318845945883,-0.005821451246087295,0.9998283770303997,-0.018522720520951497,0.0003539904796784252,0.01852338959519248,0.9998264452169899,-0.0019908497337028674,-0.0003170530897207452,0.0019970651617278383,0.9999979556019493,162,122,162,162,162,162,162,162,221218_073156
0,0,0,0,-0.0030543781423767458,0.002550345339228932,-0.005591490619504813,0.9998474310208028,-0.017449069249271726,0.0008029093569421572,0.0174513174377482,0.9998435552103964,-0.0028838557389052485,-0.0007524631474635482,0.0028974275780412136,0.9999955193462828,162,114,162,162,162,162,162,162,221218_073156
0,0,0,0,-0.003395358355660752,0.0028783356336729016,-0.005581552578210747,0.999889850544699,-0.014563289311649056,0.0028631070753185697,0.014575355858693722,0.9998847849284334,-0.0042397960107682375,-0.002801031826304604,0.0042810598040313634,0.9999869132882001,162,114,162,162,162,162,162,162,221218_073157
0,0,0,0,-0.003523640412733897,0.0030105179224932943,-0.005601792381448589,0.999846919321952,-0.015924317723013483,0.007249415663208797,0.015969552297503204,0.999853099200083,-0.00622522444624032,-0.007149218266269851,0.006340041407220962,0.9999543452343892,162,162,127,162,162,162,162,162,221218_073157
0,0,0,0,-0.00316915131140226,0.0019354637142886544,-0.004984326488360891,0.9998629655968322,-0.016550311898513782,0.00037041054453749284,0.016552224915601443,0.9998452723309226,-0.005954430942335784,-0.00027180554250341254,0.005959746099089558,0.9999822036157351,162,82,162,18,162,102,18,18,221218_073157
0,0,0,0,-0.0019672720470026994,-0.0018173016658920016,-0.005371666196851699,0.99923831623848,-0.038447903109252606,0.0066742870323748425,0.0384273751330664,0.999256344632633,0.0031771924415318047,-0.006791480050151184,-0.0029182970941033443,0.9999726792971889,162,120,130,18,162,18,18,18,221218_073157
0,0,0,0,-0.004942635902500991,0.0016307306548973832,-0.004162425595352848,0.9991874647445451,-0.03336695986477186,0.02260655406628376,0.032953055667144626,0.9992867635879648,0.01844072233100774,-0.023205741090669026,-0.017680783559389276,0.9995743511481069,160,130,146,18,162,18,18,18,221218_073157
0,0,0,0,-0.0059092736408277585,-0.0011827755675614116,-0.0040622160677765695,0.998594164947974,-0.0447770210354434,0.02836744822943001,0.04398672430188686,0.9986425553909325,0.027896498838708806,-0.02957806310507397,-0.026609489838396762,0.9992082231614652,162,162,142,162,152,162,162,162,221218_073157
0,0,0,0,-0.008386940051114275,-0.0024804665464711606,-0.0042595595841374845,0.9981606072221688,-0.044033389595830516,0.041670886606526084,0.042402618428779223,0.9983296774588906,0.039241216280982774,-0.043329206550033854,-0.03740208156679665,0.9983604880774355,162,18,74,146,162,18,106,106,221218_073157
0,0,0,0,-0.0033518575755242808,-0.0033993790651482003,-0.004573834171760327,0.9992969153441215,-0.036306479075183404,0.00935492174671376,0.03614664103612879,0.9992065609343652,0.01672330492231968,-0.009954663506573968,-0.01637339802493342,0.999816391399735,106,40,158,162,138,18,162,162,221218_073157
0,0,0,0,-0.005580814417052854,0.00182398726533739,-0.0028787979328383506,0.9995447017397141,-0.02222109507156964,0.02041107929253953,0.021977079701734382,0.9996852182304412,0.012102579036659377,-0.020673586816265955,-0.011648492837068489,0.9997184180671951,156,141,154,18,162,136,18,18,221218_073158
0,0,0,0,-0.0014482006994587238,0.005917753097340217,-0.0033789978993930547,0.9989991753782521,-0.04464160565845185,-0.0027883037509553754,0.04464305198087372,0.999002896684883,0.0004586120874242798,0.0027650503440848333,-0.0005826314864475659,0.9999960075106029,159,127,146,70,162,18,18,18,221218_073158
0,0,0,0,-0.009378504633661258,0.0010695341942997816,-0.0035447105082632158,0.9985074934527842,-0.031355521943920904,0.04471707461655213,0.029868962726754968,0.9989911758985542,0.03353320059958873,-0.04572341396118294,-0.032147499443173175,0.9984367319441356,162,106,138,162,162,162,162,162,221218_073158
0,0,0,0,-0.009740137093659854,0.002958370731303561,-0.004433596825369368,0.9981340215085881,-0.03470507472114981,0.05023975413647409,0.03286661920654703,0.9987758012361972,0.03696869225337035,-0.051461251918562774,-0.03524849860053572,0.9980527455487421,162,18,39,88,162,18,40,40,221218_073158
0,0,0,0,-0.0057212132785839365,0.005240046493363404,-0.004123095192921533,0.9998148740702615,-0.004568283138010231,0.018690863464214096,0.004332907488883658,0.9999110492097979,0.012614261011023652,-0.01874682641301437,-0.012530940001948293,0.9997457336953771,162,18,142,150,162,18,137,137,221218_073158
0,0,0,0,-0.004721584195256978,0.006492689810611019,-0.0037217226051496355,0.9996614990501194,-0.019006673913141203,0.01776608183105435,0.018746976014063596,0.999716606902055,0.014671631626073094,-0.0180399059641763,-0.014333604954880104,0.9997345195409636,162,162,162,151,162,162,161,161,221218_073158
0,0,0,0,-0.0024882691038361493,0.0068895479097427215,-0.002986392133723481,0.999706494238527,-0.02416569345493698,0.0017159945092096287,0.024165564060440244,0.9997079654969483,9.610199676804868e-05,-0.0017178157510000479,-5.460581503831067e-05,0.9999985230625348,147,140,78,30,162,156,18,18,221218_073158
0,0,0,0,-0.0006334771814044959,0.008452810173823821,-0.00462180632546999,0.9996638513722148,-0.02521641388278399,-0.0060263364129819865,0.025193270304939185,0.9996750464288601,-0.0038859591864606924,0.006122368088621164,0.0037328298044118726,0.9999742909648421,156,88,45,93,162,18,27,27,221218_073158
0,0,0,0,-0.008143679841594892,0.0031752215644108572,-0.004966559074621124,0.9980714813333527,-0.024005064493334307,0.057245742441841385,0.022696046147199427,0.9994683292387297,0.02340829635036912,-0.05777722421794744,-0.02206390100171218,0.9980856559605773,123,48,162,162,114,162,159,159,221218_073159
0,0,0,0,-0.007853582993179092,0.006381002806829628,-0.0031380127172824235,0.9987588093998312,-0.019148769856332192,0.045980052840566284,0.01808025445785933,0.9995593138298106,0.023543205703924767,-0.046410613494879474,-0.022682653042964067,0.9986648848367311,162,18,18,75,162,18,18,18,221218_073159
0,0,0,0,-0.004004035828079136,0.004030022677069867,-0.0029481609742716963,0.9996738982010676,-0.014858152018599684,0.020768547712218855,0.014875956125844383,0.9998890996932734,-0.0007030248339844396,-0.02075579882405106,0.0010117475808860846,0.9997840632766699,162,18,143,157,162,18,114,114,221218_073159
0,0,0,0,-0.003704782410918886,0.008228825809030171,-0.003375421612551277,0.9992284981735201,-0.03612405625820863,0.015409769542259479,0.03595899444609865,0.9992942841466282,0.010857457819547745,-0.015791110040691128,-0.010294961453623403,0.9998223115195777,162,162,18,58,162,162,145,145,221218_073159
0,0,0,0,-0.003423264821390659,0.0090528954501925,-0.0039997244348290995,0.9993596575443605,-0.032765526380502195,0.014376896529762383,0.032589282329706426,0.9993928130673267,0.01232655128616533,-0.014772053007404456,-0.01185012533201162,0.999820664409154,162,78,18,122,162,18,112,112,221218_073159
0,0,0,0,0.0011966858085200038,0.009428859353947439,-0.00443164916091876,0.9990620518971021,-0.04057731726754257,-0.015116143109979737,0.040472233689019796,0.9991547644033775,-0.0071940996833794995,0.015395283673046451,0.006575567914806269,0.9998598637545286,73,49,162,82,131,80,162,162,221218_073159
0,0,0,0,-0.002887651833364424,0.0083025220812033,-0.0027026045795042197,0.9995035744819566,-0.030441330826992005,0.008119727536960162,0.030409932120946594,0.9995296554122299,0.003962824738492476,-0.008236542125932706,-0.0037139371279294583,0.9999591821893621,161,121,78,18,162,18,18,18,221218_073159
0,0,0,0,0.00033866308995422756,0.006487987337450152,4.495270753362979e-05,0.999519551227248,-0.02755632847985286,-0.014188568468704433,0.027215698489265472,0.999349415867535,-0.023665391629102864,0.014831468916532326,0.023267869819299472,0.9996192443945097,155,92,88,52,162,18,56,56,221218_073159
