0,0,0,0,0,0,0,1,0,0,0,1,0,0,0,1,162,162,82,95,162,162,95,95,221218_050639
0,0,0,0,0.0001559271432131082,-0.0014220723387237122,-0.0007247946400509298,0.9999918189578507,0.0003789220957592786,0.004027211866159613,-0.00039105821045026974,0.9999953839364099,0.0030131676601484517,-0.004026051520488928,-0.0030147178835621784,0.9999873511126212,150,162,135,85,150,162,85,85,221218_050640
0,0,0,0,7.903634024185313e-05,-0.0007510907266097266,-0.0003449554377924491,0.9999999000681754,-0.0003973192115057898,-0.0002049416581059026,0.00039738978750383276,0.9999998617193243,0.00034444547977050384,0.0002048047749599832,-0.0003445268870712571,0.9999999196781107,78,154,162,91,78,154,91,91,221218_050640
0,0,0,0,7.471948915480087e-05,-0.0008205642756107245,-0.00036503711341862033,0.9999999237708784,-0.00038332145773367616,7.431620451343605e-05,0.0003833060597731797,0.9999999050932623,0.00020709884058275655,-7.439558288979123e-05,-0.00020707033894379294,0.9999999757935855,78,154,162,102,78,154,102,102,221218_050640
0,0,0,0,9.948238843451862e-05,-0.0011481855747312864,-0.0005071797870173089,0.9999993934981394,5.552316897528232e-05,0.0010999638777181102,-5.625774354369765e-05,0.999999775440885,0.0006677973077458009,-0.0010999265524884638,-0.0006678587842105137,0.9999991720627688,86,127,162,162,86,127,162,162,221218_050640
0,0,0,0,4.009019174412709e-05,-0.0006111893247049416,-0.00029203419222556537,0.9999996347001525,-0.0006411959176471818,-0.0005652144335130725,0.0006415810731251897,0.9999995619555806,0.0006815147632567072,0.0005647772014399835,-0.0006818771451816503,0.9999996080350587,100,92,162,162,100,92,162,162,221218_050640
0,0,0,0,0.00029130245073674677,-0.002747568264060307,-0.0013035456627742414,0.9999815956717408,0.001561572701034493,0.005862576950356598,-0.0015788500032028253,0.9999944212732702,0.0029435786051243626,-0.005857947632648783,-0.0029527805601740217,0.9999784825367475,130,155,150,162,130,155,162,162,221218_050640
0,0,0,0,0.00026093973562245354,-0.0027132501832372036,-0.0012976338921919517,0.999987541620076,0.0001972820115765254,0.0049877534466316945,-0.0002137330375533753,0.9999945388547684,0.003297965862021334,-0.004987075578446417,-0.0032989908224040844,0.9999821227085656,162,106,78,154,162,106,154,154,221218_050640
0,0,0,0,0.0002916859547433537,-0.0028893679515062942,-0.0013543590262896643,0.9999883729040968,-0.0011115797378149926,0.00469238181574921,0.0010966254431888586,0.9999943160575773,0.0031883012993265177,-0.0046958991956435455,-0.0031831184433530214,0.999983908014384,162,102,78,154,162,102,154,154,221218_050640
0,0,0,0,0.00024751988777801937,-0.002633792047328276,-0.001247942319669293,0.9999786815809958,0.0005204805233407024,0.006508877288600617,-0.0005394273655532139,0.9999956218852508,0.0029095065642846074,-0.006507334450489716,-0.002912955604733058,0.9999745843210187,162,146,86,127,162,146,127,127,221218_050641
0,0,0,0,0.0003265453666931456,-0.002894174668245153,-0.0013644797762792926,0.9999924768544124,-0.0010531256696590975,0.0037332507152203114,0.0010418402545210757,0.9999948861842191,0.0030236028663262445,-0.0037364158578573033,-0.0030196906684456597,0.9999884602658191,162,90,100,92,162,90,92,92,221218_050641
0,0,0,0,0.0003477137613943915,-0.003387485991513728,-0.001514465713636004,0.9999960226047476,0.00027062122205975353,0.0028074078505899605,-0.0002721697906265485,0.9999998110326136,0.0005512334726188347,-0.0028072581446054717,-0.0005519953717519521,0.9999959072930343,152,162,130,155,152,162,155,155,221218_050641
0,0,0,0,0.00028553157605633317,-0.002757818323912309,-0.001294432574593496,0.9999866429088519,0.0008122236625406038,0.005104340957170875,-0.0008259124042101608,0.9999960670594937,0.0026802489145050005,-0.005102143920511806,-0.002684428852687272,0.9999833808464763,129,154,162,106,129,154,106,106,221218_050641
0,0,0,0,0.00031874401692789933,-0.002971702329705783,-0.0013640721987072668,0.9999852173729613,0.0001746632399678616,0.005434567904122822,-0.0001861963084044919,0.9999977317834985,0.002121734854268493,-0.005434184988262288,-0.00212271538593454,0.9999829817116406,115,154,162,102,115,154,102,102,221218_050641
0,0,0,0,0.00034708000233628356,-0.003356418934006289,-0.0015684989119083559,0.9999884943673182,-0.0002310567681700954,0.00479142418852288,0.0002159546010349546,0.9999950085058847,0.0031521939859039737,-0.004792128607912325,-0.0031511229878183485,0.9999835528284056,77,128,162,146,77,128,146,146,221218_050641
0,0,0,0,0.00029881183078608875,-0.002627013297818559,-0.0012550379637498166,0.9999899001290171,-0.0004398610072014076,0.004472824862727699,0.0004248194557905543,0.9999942539574933,0.003363269306119749,-0.004474278532710419,-0.003361335194509195,0.9999843410060588,139,82,162,90,139,82,90,90,221218_050641
0,0,0,0,0.00028191414625911015,-0.0023260195569287934,-0.0011258038108485913,0.999982302379983,0.0005314444019777827,0.005925579606749031,-0.0005518665004230996,0.9999939125597549,0.0034453282569055325,-0.0059237125347221965,-0.0034485374116750484,0.9999765083338337,137,81,152,162,137,81,162,162,221218_050641
