0,0,0,0,0,0,0,1,0,0,0,1,0,0,0,1,180,180,68,92,180,180,92,92,221213_035628
0,0,0,0,8.969722214269282e-05,1.0036188453178135e-05,-0.00022102042823979318,0.9999968691240659,0.002484307768683529,0.00029992828532091157,-0.0024857123239956386,0.9999855000456697,0.004777125982662347,-0.00028805608518383126,-0.004777856561508769,0.9999885444895704,180,180,180,84,180,180,84,84,221213_035628
0,0,0,0,0.00010272968442032182,4.158826980492358e-05,-0.00041742948985767914,0.999986328023014,-8.460304901249372e-05,0.0052284423467441835,8.401246590851176e-05,0.9999999900666205,0.00011317536681975511,-0.0052284518697892305,-0.00011273456515448916,0.9999863251974814,0,150,180,155,0,150,155,155,221213_035628
0,0,0,0,-1.9238710572966333e-05,1.4610462805167423e-05,-4.153523781691426e-06,0.9999991724101152,0.0008752025331669949,0.0009429738125026056,-0.000877177432841043,0.9999974187580545,0.002095957294267103,-0.000941136991325758,-0.0020967827150221476,0.999997358878217,149,78,180,150,149,78,150,150,221213_035628
0,0,0,0,-0.0001435911094579967,-7.53644446410337e-06,0.00031992863991570086,0.9999974791500577,0.00040994458402952925,-0.0022076319818550086,-0.0004130057243673636,0.9999989537435416,-0.001386339818315234,0.002207061349605671,0.0013872480882061206,0.9999966022056979,180,99,131,180,180,99,180,180,221213_035628
0,0,0,0,-9.334202727939722e-05,1.1680825402076572e-05,0.00018017082850729782,0.9999999412662587,-0.00015926970266345365,0.0003034808744311989,0.00016003013676394568,0.9999968438326962,-0.002507332247929296,-0.00030308057453320606,0.0025073806667500744,0.9999968105870926,180,90,97,87,180,90,87,87,221213_035628
0,0,0,0,-0.00031441930967446297,6.801018929013594e-05,0.0007379645581462313,0.9999919113168059,0.002349435883343444,0.0032645753155875704,-0.0023814975274130605,0.9999486305324191,0.009852145241774721,-0.0032412606325327694,-0.00985984012893528,0.9999461374404843,180,180,180,83,180,180,83,83,221213_035629
0,0,0,0,-0.000544990516176791,-0.0001056621911905628,0.0011614647889066632,0.9999956486159569,-0.00041391828163270884,0.002920859600766769,0.0004105868874855312,0.9999992646998308,0.0011410601229090687,-0.002921329758703421,-0.0011398558910660442,0.9999950832684071,34,145,180,180,34,145,180,180,221213_035629
0,0,0,0,-0.0003524933132186825,-8.114236250298876e-05,0.0007197792378783596,0.9999978929453048,0.00018725726774618818,0.0020442699592381165,-0.00019634392160258187,0.9999900988051387,0.004445642895279359,-0.0020434172395809233,-0.004446034908047354,0.9999880285381327,150,126,180,180,150,126,180,180,221213_035629
0,0,0,0,-0.00010157198582616545,-5.410499357133905e-05,0.0002516897309429167,0.9999991776185697,0.0011831193423496515,0.0004949654583333016,-0.0011839239627002762,0.9999979731754255,0.0016284867487050228,-0.0004930377609539992,-0.0016290714109346003,0.9999985515190031,180,152,135,180,180,152,180,180,221213_035629
0,0,0,0,-0.00015262093937373766,-6.844456221835604e-05,0.00038208814514939515,0.9999991172512765,-0.00012982295835000477,-0.0013223625322448848,0.00012798603144455412,0.9999990269891381,-0.0013891149528540863,0.0013225415845845529,0.0013889444826820363,0.9999981608567994,144,144,129,80,144,144,80,80,221213_035629
0,0,0,0,-0.0001800697597018064,-9.009327301536668e-05,0.0004390710312754953,0.9999982357007582,0.0011543381584993306,-0.0014819240149653507,-0.0011541781237515666,0.9999993280129279,0.00010884185762022768,0.0014820486594410449,-0.00010713126131171318,0.9999988960267225,180,180,180,82,180,180,82,82,221213_035629
0,0,0,0,-0.0001111601417989605,-6.834259860371769e-05,0.00029982693212404765,0.999999375045117,0.00034609635164442864,0.0010630741699969941,-0.00034845273013183327,0.9999974813318485,0.0022171852997864725,-0.0010623041327228458,-0.002217554345242718,0.9999969769767584,83,135,140,180,83,135,180,180,221213_035630
0,0,0,0,0.004510352893882075,-1.3688721716711982e-05,-0.0008129164781490728,0.9999799188979773,0.004083624378762402,0.00484621633104562,-0.0041280426607198445,0.9999492390153132,0.009191227147990312,-0.0048084368130803514,-0.0092110479657781,0.999946016308274,154,62,180,180,154,62,180,180,221213_035630
0,0,0,0,0.0014214112794854739,-0.00026802936316931356,-0.0029605742287860393,0.9978320467771484,0.062350612837866574,0.021061991911226482,-0.06279838806618894,0.9977986433807867,0.02131266580578127,-0.0196867691817197,-0.02258912008474834,0.9995509805772702,180,150,140,180,180,150,180,180,221213_035630
0,0,0,0,0.0025575956924731025,-0.00133091907408988,-0.0019029591839156978,0.9985488586961367,0.05383966162443257,-0.0012114589589749024,-0.0538111377155226,0.9984046607946236,0.017102478221968198,0.0021303179114120015,-0.017012470124543835,0.9998530079996047,180,180,0,80,180,180,80,80,221213_035630
0,0,0,0,0.0017582505875613497,-0.004430564554420098,-0.0013096955043438996,0.9988287804798945,0.04115028527316761,-0.025450369486187036,-0.0397752569317377,0.9978358822211747,0.05235915476688489,0.02754988604442366,-0.05128553571744516,0.9983039605276111,83,180,180,81,83,180,81,81,221213_035630
0,0,0,0,0.006257452321452361,-0.007957977438950329,-0.005509628995015614,0.9994251646665964,0.02013637819147741,-0.027273916192505195,-0.01857371209865817,0.9982363410593013,0.056384613215065355,0.028361196202243196,-0.05584562347996666,0.9980365268306123,79,132,180,136,79,132,136,136,221213_035631
0,0,0,0,0.012207057428410578,-0.004455547824673466,-0.0026397745477990675,0.9995138556027516,0.029897994465554988,-0.008840949330219651,-0.029592352203091494,0.9990208806473644,0.03288727294337608,0.009815556490083052,-0.03260966049350437,0.9994199642258946,150,130,180,180,150,130,180,180,221213_035631
0,0,0,0,0.009757494574985537,-0.0013399098815926325,-0.0018794125623036173,0.9987384880867304,0.05021126634751008,-0.000511024472141051,-0.050209202543386705,0.9987327094903055,0.0034656852294142485,0.0006843932998080632,-0.0034356550949834865,0.999993863921114,170,180,82,180,170,180,180,180,221213_035631
0,0,0,0,0.011171328230994898,-0.0011355288225406816,-0.0018533679924512825,0.9979307004494764,0.06302955971429319,0.012711872507188634,-0.06310969609940562,0.9979885346060974,0.006004252910506222,-0.012307857598186216,-0.006794070723440457,0.999901173738859,180,180,0,0,180,180,0,0,221213_035631
0,0,0,0,0.013787755704276788,-0.0029662450551796934,-0.004629695657503041,0.998985695870305,0.04502840925340789,-0.00014767067996305307,-0.04501584784421888,0.9987744720398968,0.02057006184458701,0.0010737268685218368,-0.02054255002504988,0.9997884029878923,180,180,180,101,180,180,101,101,221213_035631
0,0,0,0,0.015246663638398467,-0.00837733774131531,-0.00422983104570962,0.9983506097416023,0.0463515335510902,-0.03387617696897356,-0.043323396036239296,0.9954189938569118,0.0852297484730524,0.03767151954007402,-0.0836215403251748,0.9957852653103414,61,133,180,166,61,133,166,166,221213_035631
0,0,0,0,0.014887323706241351,-0.008409509626874898,-0.005890841836190375,0.9988022325726774,0.042925864188438946,-0.023483406727110703,-0.041282324030175455,0.9969329499186175,0.06648656322318773,0.026265375125871755,-0.06543747817756342,0.9975109355386828,154,84,180,180,154,84,180,180,221213_035631
0,0,0,0,0.012387454206073789,0.0038293171952585095,-0.0007565413677805832,0.9984717292300432,0.05524224137023846,0.001581359149605644,-0.055221767647357665,0.9984143634802957,-0.010923148545043063,-0.0021822708972354054,0.010819129568879236,0.9999390902095502,170,180,86,180,170,180,180,180,221213_035632
0,0,0,0,0.013198855001734594,0.002471313410725602,-0.003989936088339863,0.9983496842878398,0.05668016653140224,0.009233991788102986,-0.056682924121163755,0.9983922299101538,3.698789416317057e-05,-0.009217049172295324,-0.0005603365083208225,0.9999573651049093,180,180,114,94,180,180,94,94,221213_035632
0,0,0,0,0.013465022401882548,0.00034176847932809035,-0.004932191965117738,0.9992429960503245,0.03890288978158275,3.3184916821210247e-06,-0.038896613148887635,0.9990802376121903,0.018048055250175773,0.000698806064711194,-0.018034521879154913,0.9998371205804845,180,180,180,99,180,180,99,99,221213_035632
0,0,0,0,0.017744912504399385,-0.005744302017964175,-0.006318096601519718,0.999274972454464,0.02543844310916058,-0.028326931325365956,-0.023443421285822448,0.997364513140815,0.06866173552860012,0.029998923723117448,-0.06794787369422267,0.997237760534512,0,140,180,152,0,140,152,152,221213_035632
0,0,0,0,0.016478127110122698,-0.006100036584322854,-0.004167058587767225,0.9992366565786531,0.027224393654479314,-0.028016718931033153,-0.025468390888590257,0.9977985954525848,0.06123172362749158,0.029622039346751804,-0.060471442044931836,0.997730293958215,160,80,180,180,160,80,180,180,221213_035632
0,0,0,0,0.01732123259835952,0.005469950050963672,-0.001986335307672338,0.9997294640429496,0.023257714444326585,0.0002782862245799925,-0.0232591650221781,0.9997000521614552,0.007669221006987372,-9.983420103742434e-05,-0.007673618912163435,0.9999705523693802,170,180,99,174,170,180,174,174,221213_035632
0,0,0,0,0.018761563749522592,0.00494244548946032,-0.002671744164198908,0.999498518501127,0.031653584763876266,0.0008729751705897327,-0.03165339596357094,0.9994988794231457,-0.0002292506220202966,-0.00087979430876502,0.0002015030283334803,0.9999995926791689,180,180,117,97,180,180,97,97,221213_035632
0,0,0,0,0.01841875629825665,0.0029726733976673456,-0.004257619419120839,0.9999887538138106,0.004709392906066239,-0.0005602359840670005,-0.004705388520966843,0.9999648037160737,0.006946268634223884,0.0005929289740719103,-0.006943554387225377,0.9999757174490306,180,180,180,96,180,180,96,96,221213_035633
0,0,0,0,0.0225189328838927,-0.004683401477256217,-0.006882010603432187,0.9996014995690342,-0.0023089541238716592,-0.028133801559534332,0.004149757299006704,0.9978407401697429,0.06554873585247212,0.0279217043479933,-0.06563936310135644,0.9974526818039798,36,133,180,180,36,133,180,180,221213_035633
0,0,0,0,0.02234793208155042,-0.004726213122756111,-0.005477672516177701,0.9993919652138511,-0.0076438415294323514,-0.03401869416467765,0.009699970764770789,0.9981093722401863,0.06069259933026504,0.033490452865847384,-0.06098567645746342,0.9975766320608488,160,81,144,160,160,81,160,160,221213_035633
0,0,0,0,0.02128648556275181,0.008303011533642771,-0.002380697145158761,0.9999707307887227,0.0049166907625245735,-0.005862057472726474,-0.005005766753717837,0.9998707424734637,-0.015278764504115666,0.005786178797376927,0.015307661399134892,0.9998660888526094,180,171,96,173,180,171,173,173,221213_035633
0,0,0,0,0.020418886543492998,0.006891075218109201,-0.003435664508733005,0.999896772251679,0.012032513371544854,0.007852608651745488,-0.012221714776949378,0.999624919688756,0.024508154258495864,-0.007554768599021069,-0.02460159668011296,0.9996687886056083,108,110,110,80,108,110,80,80,221213_035633
0,0,0,0,0.018186180627461856,0.003352130941938411,-0.004642863468146796,0.999909811704048,-0.009664492162685445,-0.009325558922276692,0.009888365863246325,0.9996566148193743,0.024266698754129786,0.009087831343618218,-0.02435672472042346,0.9996620235271336,180,180,180,95,180,180,95,95,221213_035633
0,0,0,0,0.024288542551979098,0.00638601896171493,-0.0008326528392795796,0.9999445095341074,-0.007706999024962197,0.007181923044834715,0.007557978760271825,0.9997602488174475,0.020550470591535253,-0.007338583627103218,-0.020495049414517217,0.9997630209903967,82,124,180,180,82,124,180,180,221213_035633
0,0,0,0,0.023528665971411594,0.0020400096780249823,-0.0034513530766765443,0.9994322303347656,-0.01478737179291481,-0.030274586760746673,0.016579403453325495,0.9980712610460415,0.05982375159663045,0.029331558929039814,-0.060291720073502586,0.9977497522632469,160,75,180,180,160,75,180,180,221213_035634
0,0,0,0,0.020708664720025055,0.011925465661178586,-0.00021222052701785898,0.9998914670024049,0.0012364536158625064,-0.01468078329770428,-0.0015707198107069334,0.9997392839986986,-0.022779307914078405,0.01464879022494975,0.022799895004669543,0.9996327214195829,180,173,99,170,180,173,170,170,221213_035634
0,0,0,0,0.020091294423526473,0.009754687570922113,-0.0024031531847545917,0.9999982215528795,0.0018748460777855554,0.00020455625778736104,-0.0018751790247738943,0.9999968973939012,0.0016397884604836773,-0.00020148127216632267,-0.0016401691238108996,0.9999986346243389,180,180,100,0,180,180,0,0,221213_035634
0,0,0,0,0.0201156821803129,0.0068401596296923,-0.005394907178673081,0.9998179409567262,-0.016716240088016938,-0.00920066619174312,0.01689593853569498,0.999660934051378,0.01981272804343968,0.008866352240360085,-0.019964574847590778,0.9997613733032022,180,180,180,94,180,180,94,94,221213_035634
0,0,0,0,0.02509082977254895,0.0007052149901012952,-0.005831634968908483,0.9987606532692926,-0.0307629468471121,-0.039125421178273966,0.03307839444162829,0.997651415219564,0.05997894240117935,0.03718840279253313,-0.06119881380943304,0.9974325680897225,35,130,180,172,35,130,172,172,221213_035634
0,0,0,0,0.024579108210268902,0.0006140746770604451,-0.004242927288185427,0.9988559388543671,-0.03299964214686841,-0.03460978233880017,0.0350032964093757,0.9976452415778723,0.058980854499615536,0.03258193757034609,-0.060124833265515515,0.9976589706753285,160,96,174,160,160,96,160,160,221213_035634
0,0,0,0,0.023204767583319158,0.012621724739275001,-0.0010630099601995902,0.9998399944968767,-0.016375094240050885,-0.0072001175764773015,0.016321653138326165,0.9998392650972018,-0.007419407572005843,0.0073204537644753695,0.007300702604325979,0.9999465539208411,180,113,85,170,180,113,170,170,221213_035635
0,0,0,0,0.02149962736683489,0.010402262336343261,-0.0023446520070220522,0.9997357632574104,-0.02086395983922359,-0.00964877422009218,0.0209312563548029,0.9997569198557492,0.006927027353357393,0.009501903574157243,-0.007127157944924102,0.9999294562358364,179,180,115,85,179,180,85,85,221213_035635
0,0,0,0,0.01999899923373938,0.00913115574366724,-0.004294368078531341,0.9997410646839365,-0.019935934335408963,-0.010970966539158277,0.020091786646668292,0.9996960987097063,0.01428391871781496,0.010682869182660697,-0.014500646425819738,0.9998377906236889,180,180,180,180,180,180,180,180,221213_035635
0,0,0,0,0.027587326144034086,0.0026480632388405888,-0.004363878762862927,0.9981639794403588,-0.03143140733583246,-0.05177583201336232,0.03593254378645193,0.9954338153041967,0.08843286519142196,0.048759844593904075,-0.09013093798368282,0.9947355887739012,57,123,180,169,57,123,169,169,221213_035635
0,0,0,0,0.02429139820602519,0.008021744180358156,-0.0046036314697768255,0.99922258578922,-0.03701232517613078,-0.013576149445289933,0.03733436450639455,0.9990076121841168,0.024288598664624753,0.012663699128146114,-0.024776573274846826,0.9996128011090835,167,79,172,180,167,79,180,180,221213_035635
0,0,0,0,0.022653271236027894,0.006923113408248284,0.005380220261376856,0.9988633231060471,-0.027697022735152444,-0.03879351344171435,0.02825029079546544,0.999505798318199,0.013786957542207292,0.038392483945633375,-0.014867214261837446,0.9991521321183161,180,138,75,170,180,138,170,170,221213_035635
0,0,0,0,0.024222609251503657,0.011593751537897603,-0.0008289379589875301,0.9999752557802141,0.00695854124557639,-0.0010327298914746847,-0.006954494757691293,0.9999683229986484,0.0038714340928878003,0.001059636711503378,-0.0038641561826554933,0.999991972701299,180,180,116,50,180,180,50,50,221213_035636
0,0,0,0,0.02463125775303915,0.0058094487068038846,-0.00424226456526311,0.9995834487773401,-0.01790515785274992,-0.02263480180312784,0.01869155265105283,0.9992117211055063,0.035022310958359844,0.021989879260507862,-0.035430801961559254,0.9991301734421142,180,180,180,180,180,180,180,180,221213_035636
0,0,0,0,0.02925464139211556,0.0015002370681521417,-0.005670649411618767,0.9988607050958521,-0.029066730185088357,-0.03784728539491747,0.0313518672445977,0.9976296650861356,0.061254483594273934,0.03597710710568923,-0.06237127974052871,0.9974043669584741,0,130,180,180,0,130,180,180,221213_035636
0,0,0,0,0.02733472488177821,0.003028667831055945,-0.0032368228788557385,0.9991055638059368,-0.03294734638106387,-0.026505560519763986,0.03406762864636366,0.9984945992006474,0.042987580131375214,0.025049332335098186,-0.04385211207666163,0.9987239474529395,169,78,172,180,169,78,180,180,221213_035636
0,0,0,0,0.025578866033085484,0.009995912776137116,-0.0025006277229200347,0.9998000840136458,-0.01999231318511296,-0.0003153090777204442,0.019994115815928463,0.999771985574096,0.007497479174122065,0.00016534523095419442,-0.0075022846343959235,0.9999718437967237,180,141,65,170,180,141,170,170,221213_035636
0,0,0,0,0.025592730544205827,0.010668611029453656,-0.0029473457808143477,0.9999136991827045,-0.008824602693453523,-0.00973244954070494,0.008859341786386291,0.9999545171656072,0.0035320904870078103,0.009700837586089093,-0.0036180087616120033,0.9999464004449085,180,120,120,80,180,120,80,80,221213_035636
0,0,0,0,0.027716034369619558,0.008766257820712761,-0.00557268833715141,0.9997192327092859,-0.021793024727205956,-0.00930160332396896,0.022046102383033325,0.9993638595834723,0.02803293648804222,0.008684763720095972,-0.028230129855620314,0.9995637221545512,180,180,180,180,180,180,180,180,221213_035637
0,0,0,0,0.028173153488113917,0.005647773409909379,-0.0038840938788532453,0.9989313175901277,-0.02475423738164761,-0.03903140362968931,0.026947683787324643,0.9980269250657466,0.05671048564690716,0.037550566921806826,-0.057701686071229503,0.9976274206077077,97,117,180,180,97,117,180,180,221213_035637
0,0,0,0,0.027873648539354257,0.009837555840410985,0.0010193650283223388,0.9990230193214334,-0.043702807444258494,-0.006562887121998118,0.043716690694489156,0.9990419924887777,0.0019870074924168233,0.006469762021008566,-0.0022719739308638136,0.9999764898805615,173,87,130,180,173,87,180,180,221213_035637
0,0,0,0,0.03128959043768029,0.013605163386654033,-0.0025652612646873685,0.9989472357746525,-0.04574013089559827,-0.003501508794020553,0.04567050707870071,0.9987963226000393,-0.017891638935889985,0.004315660013883814,0.01771288757632193,0.9998338005350456,180,144,43,170,180,144,170,170,221213_035637
0,0,0,0,0.02787590640056206,0.01181776423643854,-0.002637675520681171,0.9989533229674591,-0.04316606342908074,0.015131077301617122,0.04297532859394717,0.998995259049093,0.01271194437041819,-0.0156645990856213,-0.012048376051189547,0.9998047094158018,180,120,124,78,180,120,78,78,221213_035637
0,0,0,0,0.02877476398628609,0.008740770806877806,-0.0042889843552662565,0.9982121934897615,-0.05883176047677658,-0.010547071989996186,0.059005649561939405,0.9981126711091113,0.0170126156486569,0.009526284067389881,-0.01760453721739026,0.9997996450195553,180,180,180,180,180,180,180,180,221213_035637
0,0,0,0,0.03067964308282206,0.005580486311466813,-0.005168929076684536,0.9973412777743955,-0.059753267075458166,-0.041712380909567234,0.061911708472512116,0.9966983598945085,0.052529227460626486,0.03843586868213841,-0.05497205160265078,0.9977478426642901,46,120,180,180,46,120,180,180,221213_035638
