0,0,0,0,0,0,0,1,0,0,0,1,0,0,0,1,162,162,83,96,162,162,96,96,221218_080035
0,0,0,0,5.105258138599078e-05,0.002355285412199537,-0.0032349381234734187,0.999970257678405,-0.005807459009126012,0.005075153046082333,0.005820977831069327,0.9999795386214565,-0.0026530276118977335,-0.005059641852348509,0.0026824910580679684,0.9999836019985774,151,162,136,85,151,162,85,85,221218_080035
0,0,0,0,-0.0017042334716694252,0.00028743236387773763,-0.0023370658516448928,0.9999980678151474,0.001957393808004502,-0.00018159144001598853,-0.0019572536088132107,0.999997788857785,0.000769049967403754,0.00018309637213573555,-0.0007686930609554425,0.9999996877932996,78,154,162,92,78,154,92,92,221218_080035
0,0,0,0,0.0010871031284012123,0.006094312491467857,-0.004425529137469464,0.9999671233143888,-0.006818089190792347,0.004389299503592498,0.006822890774095796,0.9999761407190045,-0.001079886202919738,-0.0043818320176148545,0.001109798410928664,0.999989783895644,78,154,162,103,78,154,103,103,221218_080035
0,0,0,0,-0.0009425657258133047,0.0006050979372411724,-0.002694506217817194,0.9999944157042523,0.003324684377915245,0.00033916677123254735,-0.0033243409032616467,0.9999939660383698,-0.001008287861462929,-0.0003425169636147056,0.0010071547249149515,0.9999994341605848,87,128,162,162,87,128,162,162,221218_080035
0,0,0,0,-0.0004687771093554449,0.0018357929155554675,-0.0030500620501099363,0.9999960562823008,-0.0005496001846577502,0.0027541531333644706,0.0005518757570280302,0.9999995069573101,-0.0008255412078946471,-0.002753698057849103,0.0008270579025385972,0.9999958665525733,100,92,162,162,100,92,162,162,221218_080036
0,0,0,0,0.0012620529140673353,0.005831862146667088,-0.004249440558978412,0.9999590570523075,-0.0055348282479286,0.0071589032207969305,0.005526007500123791,0.9999839485771919,0.0012513309226534555,-0.007165714211952715,-0.0012117195365856268,0.9999735917891021,130,156,151,162,130,156,162,162,221218_080036
0,0,0,0,-0.00024185691466099835,-0.00019543115960041213,-0.002370754114037754,0.9999936576669347,0.0027282151294675196,0.0022894252798910616,-0.0027278877159335217,0.9999962686315667,-0.00014612170732266458,-0.002289815388654516,0.0001398754854729679,0.9999973685867052,162,107,78,154,162,107,154,154,221218_080036
0,0,0,0,0.0008765064043654847,0.002224482676884909,-0.003293280250619479,0.9999934297942663,0.0009610549574466238,0.0034952455803655344,-0.0009629612027227937,0.9999993885258857,0.0005437403580036252,-0.0034947208787467175,-0.0005471025714058462,0.9999937437828079,162,103,78,154,162,103,154,154,221218_080036
0,0,0,0,0.0012990692384745595,0.003942501008456167,-0.0038343347707119335,0.9999875923676963,-0.000614098829030016,0.004943479876089545,0.0006142773034500755,0.9999998107336278,-3.458473095071999e-05,-0.004943457702012242,3.7620969324176334e-05,0.9999877803306454,162,146,87,128,162,146,128,128,221218_080036
0,0,0,0,0.0019498066344968978,0.005643962891999532,-0.004623060211829011,0.9999781655497524,0.0016727240397565555,0.006392997578416367,-0.0016739455935299184,0.9999985817041057,0.00018573079289488741,-0.006392677834891968,-0.00019642826769083002,0.9999795473338619,162,90,100,92,162,90,92,92,221218_080036
0,0,0,0,0.0013570891854798317,0.0034519770992305077,-0.003623086357226357,0.9999929144363382,0.0013252502381551198,0.003523462632877964,-0.001330642604499475,0.9999979465166222,0.0015285132643350111,-0.0035214297349384248,-0.0015331909034510805,0.9999926244019381,152,162,130,156,152,162,156,156,221218_080037
0,0,0,0,0.0004372613304122752,-0.0007076721132792674,-0.0019827198380097943,0.999993759717891,-0.0033879585198621255,0.001001130532856737,0.003389725043193771,0.999992691710432,-0.0017681317419750067,-0.0009951328593054655,0.001771514265573073,0.999997935721769,129,154,162,107,129,154,107,107,221218_080037
0,0,0,0,0.007143964628764321,0.0005060023326768359,-0.0038323840224744887,0.9998741001857219,-0.014431022410678477,0.0065976791355051466,0.01445165861315329,0.9998907920067914,-0.003090893618495562,-0.006552353861129404,0.0031858518820684673,0.9999734581510973,116,154,162,103,116,154,103,103,221218_080037
0,0,0,0,0.011022115142036604,0.004365132639660763,-0.005660522676512736,0.999835785751262,-0.01435025801718687,0.01106668992952177,0.01437301272775562,0.9998947437895178,-0.001979355254318208,-0.011037120833070048,0.002138091891193621,0.9999368032664772,77,128,162,146,77,128,146,146,221218_080037
0,0,0,0,0.011150995559561117,-0.0009883331889595226,-0.003385845948498556,0.9999413856791062,-0.010776960347681348,0.0010403517744166837,0.010776445053792485,0.9999418075982781,0.0004996489689844289,-0.001045675930974806,-0.0004884083886651911,0.9999993340093251,140,82,162,90,140,82,90,90,221218_080038
0,0,0,0,0.05584903607624481,-0.018355018586778016,-0.0011270168493422439,0.9990252003651751,-0.04346338274689475,-0.007719028146008263,0.04347487406062456,0.9990536392420974,0.001327118131328412,0.007654042117389476,-0.0016614082335767685,0.9999693272105633,137,81,152,162,137,81,162,162,221218_080038
0,0,0,0,0.06571427931123885,-0.02507266207454828,0.004244710593277523,0.8578481269176391,-0.48902142879699484,-0.15797035583059238,-0.4766203005416656,-0.6421431445997507,-0.6004042562766495,0.1921709662136059,0.5903475451129523,-0.783938834172437,162,108,129,154,162,108,154,154,221218_080038
0,0,0,0,0.168262193497116,-0.043479981723090644,0.007381670271109864,0.98980314282014,-0.14220473896481747,-0.008218922029145023,0.14217074599815932,0.9898315298446374,-0.004584921782574286,0.008787345771047556,0.0033696797137926296,0.9999557129257909,162,120,116,154,162,120,154,154,221218_080038
0,0,0,0,0.17804475441930964,-0.043903450596989524,0.00776000657176279,0.990218839040122,-0.1391312056935397,-0.010447890327482806,0.13911405080985384,0.9902735664335084,-0.0023546741459294198,0.010673878269241143,0.000878194353226532,0.9999426469039969,162,143,77,128,162,143,128,128,221218_080038
0,0,0,0,0.17704814580532718,-0.03953293383392764,0.0061730014290521384,0.9900464113976329,-0.14063149147184997,-0.005557597059170411,0.1406341692914421,0.9900616253312147,9.205552349502664e-05,0.00548941767177091,-0.0008727272863586846,0.999984552201037,162,90,140,82,162,90,82,82,221218_080038
0,0,0,0,0.17589581351480574,-0.03540183507037575,0.0046934861812029105,0.9897045119116628,-0.1431232706472078,0.0008417249803283931,0.1431240712120963,0.9897042657399309,-0.0009831662418974781,-0.0006923448354805695,0.0010935151715909118,0.9999991624412484,162,162,137,81,162,162,81,81,221218_080038
0,0,0,0,0.17326377179344812,-0.042337943469977546,0.007192846384163509,0.99008974435509,-0.14035103307114657,-0.004887293600151814,0.14034533819054876,0.9901014911937209,-0.0014910345906815562,0.005048184926558842,0.0007903491835623938,0.9999869455033477,132,154,162,108,132,154,108,108,221218_080039
0,0,0,0,0.17451977387861184,-0.03470321123899822,0.004419359152246172,0.990079937757142,-0.1404986766580894,0.0013559897267490166,0.14050002546680812,0.9900802130706238,-0.0009563105434711136,-0.0012081782317493591,0.0011373404744973413,0.9999986233800553,128,154,162,120,128,154,120,120,221218_080040
0,0,0,0,0.17441886791582284,-0.034750631246697194,0.004429547682334167,0.9904965865749138,-0.13753726571094177,0.00011191158265774252,0.13753717709756458,0.9904964290598182,0.0005907078658496478,-0.00019209236769579562,-0.0005697021216234529,0.9999998192699912,69,128,162,143,69,128,143,143,221218_080040
0,0,0,0,0.17416524969047503,-0.03629630934516914,0.0049908335112292534,0.9902723584616586,-0.13914206174344923,0.000377783756599921,0.1391421591516828,0.990272386530086,-0.0002449951342958983,-0.0003400196941374469,0.0002951775570362923,0.9999998986284035,18,82,162,90,18,82,90,90,221218_080040
0,0,0,0,0.17416465438847464,-0.036013026909837986,0.004868170167433794,0.990297664288222,-0.13895602625157324,0.0013262253447314748,0.13895593113371,0.9902985521001784,0.0001640458918206516,-0.001336154203896385,2.1832614164192556e-05,0.9999991071072417,140,92,162,162,140,92,162,162,221218_080040
0,0,0,0,0.17447271170808717,-0.03432766503718998,0.004085194808877646,0.990636631490534,-0.1365002381512432,0.002597947986465801,0.1365018749796618,0.9906397044567016,-0.0004626888542211061,-0.00251047328671526,0.0008129812992257765,0.9999965182865808,162,110,132,154,162,110,154,154,221218_080040
0,0,0,0,0.1744606916977907,-0.03515080542798121,0.004318256879932203,0.9906075249588587,-0.13672567086947085,0.0016800060052698928,0.13672891193377845,0.9906064932360085,-0.0019950438749664233,-0.0013914511452769811,0.0022060108683076072,0.9999965986840951,162,122,128,154,162,122,154,154,221218_080040
0,0,0,0,0.17468176478251446,-0.033423128171395255,0.0037852558249813484,0.9905032510642463,-0.1374602675271885,0.0028256826629494756,0.1374643967050956,0.9905058260992394,-0.0013221580721679276,-0.0026171109380456127,0.0016980326314455364,0.9999951336959199,162,136,69,128,162,136,128,128,221218_080040
0,0,0,0,0.17470343380807907,-0.03325219369176913,0.0038156041292365384,0.9905494230863078,-0.13714721699917795,0.0015752119736173909,0.13714748417965328,0.9905506366132654,-6.235581143062974e-05,-0.0015517752972660941,0.000277802872270029,0.9999987574087235,162,162,18,82,162,162,82,82,221218_080041
0,0,0,0,0.1742185359099345,-0.036164960327661255,0.004849197853814491,0.9906303379617871,-0.1365704980056666,0.00018051093910406287,0.13657037064969224,0.9906301955632216,0.0005911843871566796,-0.0002595579330731008,-0.0005609927433869639,0.9999998089583926,162,138,140,92,162,138,92,92,221218_080041
0,0,0,0,0.17483540099572234,-0.032786858248900375,0.00355374566211325,0.9902482525582387,-0.13927316608612736,0.0033739463097473775,0.13927934392223149,0.9902517234276825,-0.0016699117036429129,-0.0031084822579291395,0.0021235481749095294,0.9999929139154943,135,154,162,110,135,154,110,110,221218_080041
0,0,0,0,0.17472042704341997,-0.033174175550482854,0.0036562412189786175,0.9903392520441274,-0.13863293660917406,0.0030124322058905266,0.138636168806292,0.9903429803880696,-0.0008910077383979168,-0.0028598180696829917,0.0013000319970240396,0.9999950656665338,111,154,162,122,111,154,122,122,221218_080041
0,0,0,0,0.17455604282646794,-0.03436840694445764,0.004094191894574495,0.9905962893421555,-0.1367916482995308,0.0026526396380626162,0.13679579621294827,0.9905982068045219,-0.0014501083174368176,-0.0024293373618083872,0.0017993418697522107,0.9999954303339683,53,130,162,136,53,130,136,136,221218_080041
0,0,0,0,0.17467297487190772,-0.033664678855785946,0.003794626803259482,0.990694371298146,-0.13607887353993842,0.0026838133826652256,0.13608215384431188,0.9906969681531623,-0.0010792113908893982,-0.0025119879109115877,0.0014343877560247242,0.9999958162154986,82,162,162,162,82,162,162,162,221218_080041
0,0,0,0,0.17431022240190855,-0.03559103270869435,0.0044785432207036235,0.9906096160447051,-0.1367140217262509,0.001365599940294748,0.1367152753656612,0.9906100015608647,-0.0008707980684078372,-0.0012337266529434006,0.0010493193120752098,0.9999986884229036,138,90,162,138,138,90,138,138,221218_080041
0,0,0,0,0.1748174981645273,-0.03281349200520545,0.0035664741719389492,0.9907418666020366,-0.13574490287207297,0.001968528934114468,0.1357462868356215,0.9907434588997686,-0.0005867347481659521,-0.0018706609137273398,0.0008485231729329957,0.9999978903158601,162,112,135,154,162,112,154,154,221218_080041
0,0,0,0,0.17474164578709162,-0.03290318350720667,0.0035773590651064224,0.9904664262323801,-0.1376793413001904,0.004545050671054094,0.1376851100141896,0.9904755674130112,-0.0009802235735207124,-0.004366805106403877,0.001596664341437966,0.9999891907796522,162,124,111,154,162,124,154,154,221218_080042
0,0,0,0,0.17478755798068962,-0.03289611791866509,0.0035720037005769756,0.990743477841536,-0.13572685750629354,0.0023624703011889195,0.13572858960732792,0.9907458826308428,-0.0005882289003389922,-0.00226076926360317,0.0009034387084589333,0.9999970363560271,162,162,53,130,162,162,130,130,221218_080042
0,0,0,0,0.1746424463539327,-0.03406168996651715,0.004003205874971327,0.9906090927356178,-0.13671192301138752,0.0018642682328519056,0.13671380580764791,0.9906101577107439,-0.0009223567015432249,-0.0017206658897901208,0.0011685661404541657,0.999997836878696,162,162,82,162,162,162,162,162,221218_080042
0,0,0,0,0.17506625843455442,-0.03135646343479803,0.0030229853898642856,0.9904285468457403,-0.13797539702489411,0.003752786812162164,0.1379785538991354,0.9904350383785803,-0.0005944879521038612,-0.003634866839112399,0.0011066019359540291,0.9999927815615559,162,162,138,90,162,162,90,90,221218_080042
0,0,0,0,0.17494042822328118,-0.032146680698960095,0.0033266416863276804,0.990210423978655,-0.13956511818316922,0.0022122455854089737,0.13956615685999366,0.9902126965805177,-0.000321543266190914,-0.0021457174426791794,0.0006271501083285902,0.9999975012865772,137,154,162,112,137,154,112,112,221218_080042
0,0,0,0,0.173753514950402,-0.03940023707657114,0.005776468002172408,0.9904287577545912,-0.13799746085251827,-0.00275256443241853,0.13799676505356454,0.9904325809659479,-0.0004420360658728927,0.0027872293497710515,5.7960244330482706e-05,0.9999961139890305,82,156,162,124,82,156,124,124,221218_080042
0,0,0,0,0.17454328130077199,-0.03420985486289485,0.004011269383889959,0.9906912030410822,-0.13610622044543383,0.0024570252484169565,0.1361075721415186,0.9906939871058303,-0.00039079162524367246,-0.0023809709686802238,0.000721573566603604,0.999996905149628,102,126,162,162,102,126,162,162,221218_080042
0,0,0,0,0.17483862296785954,-0.032336997466851036,0.003376034803571737,0.990475052063627,-0.13763577666357935,0.003945151678792136,0.13763086580697018,0.9904824681664035,0.0014916541872489748,-0.0041129085546763346,-0.0009344716174838955,0.999991105333451,58,162,162,162,58,162,162,162,221218_080042
0,0,0,0,0.1749837693831987,-0.03213099042752554,0.0032484990213021425,0.9905017545590068,-0.1373439957612663,0.0065498888432086975,0.13733614237920086,0.9905231480300283,0.0016362191427830332,-0.006712541391232729,-0.0007211414650306954,0.9999772106118512,141,86,162,162,141,86,162,162,221218_080043
0,0,0,0,0.1725456149767061,-0.045655710398509575,0.007909559032893476,0.992218829694727,-0.12420609026996841,-0.00863951034925314,0.12423680182630742,0.9922477179253508,0.003111807176721119,0.008186029024944391,-0.00416093881025801,0.9999578368696453,162,112,137,154,162,112,154,154,221218_080043
0,0,0,0,0.17347499920877069,-0.04034180702882062,0.006085595015744127,0.9908610878141667,-0.13488256046538968,-0.0009997689865647841,0.13488373543140503,0.9908606821326704,0.001219229121330316,0.0008261790343237189,-0.00134293926893226,0.9999987569703891,162,125,82,156,162,125,156,156,221218_080043
0,0,0,0,0.1743833508992129,-0.03434609093145213,0.003943745648347097,0.9906024366733077,-0.13677004137984247,0.000876491792115666,0.13676621231091882,0.9905971568840314,0.003503704239708643,-0.0013474520511495924,-0.003350903494708566,0.9999934778881006,162,162,102,126,162,162,126,126,221218_080043
0,0,0,0,0.17336864976802743,-0.04014473021560949,0.006278937896663284,0.9902454463537634,-0.13925761728843244,-0.0046121581481793576,0.13925206858494807,0.9902558242015785,-0.0015046692881602694,0.004776753128249702,0.0008477393480949642,0.9999882319145311,162,162,58,162,162,162,162,162,221218_080043
0,0,0,0,0.17383846514539508,-0.03762282075631651,0.005426460179505821,0.9901856402084477,-0.1397103273201625,-0.0036636546069313235,0.13970853675009856,0.9901923929263592,-0.0007414512245862092,0.0037313113153719124,0.00022233053120847157,0.9999930139180989,152,162,141,86,152,162,86,86,221218_080043
0,0,0,0,0.1735516854734641,-0.03991796834583461,0.0058726304386575445,0.9908911589422024,-0.13466494746560914,0.0002511060808891231,0.13466440134736596,0.990890042662461,0.0015563939548096635,-0.00045841022536518764,-0.0015084019595944355,0.9999987572910246,124,162,162,112,124,162,112,112,221218_080043
0,0,0,0,0.17340312965062146,-0.03983331076796803,0.005810165364868003,0.9917406542081819,-0.12817877237991304,-0.004547208144040824,0.12819011764919536,0.991746952727432,0.0022968441259474197,0.004215273159857962,-0.002860780843041073,0.9999870236183849,80,156,162,125,80,156,125,125,221218_080044
0,0,0,0,0.17415245102092525,-0.03505310051837496,0.004267429880518148,0.9907043723479138,-0.13599160024706278,0.0033363562411817833,0.1359855327453225,0.9907088370917405,0.0019836815023594697,-0.0035751216337113205,-0.001511545756847594,0.9999924668389903,88,120,162,162,88,120,162,162,221218_080044
0,0,0,0,0.17282579042970114,-0.04288842064463694,0.007243956655530903,0.990276026128526,-0.13905359721105714,-0.0041820064275391745,0.13904705409419904,0.9902841064313264,-0.001818047643745471,0.004394180562949639,0.0012188733220083578,0.9999896027084508,114,98,162,162,114,98,162,162,221218_080044
0,0,0,0,0.1731293418872298,-0.04220763934719041,0.006867945451843105,0.9908072663672227,-0.13511501186142771,-0.006700334588488793,0.13512864220560006,0.9908267335315023,0.0016230141603994373,0.00641957705634691,-0.002513501338806281,0.9999762353883404,138,156,152,162,138,156,162,162,221218_080044
0,0,0,0,0.17375785325649398,-0.03806743761524345,0.005304503690290119,0.9907224201844063,-0.13589911315934872,0.000719156767219966,0.1358979605396039,0.9907217591648808,0.0014629553720381934,-0.0009112985951871132,-0.0013516507488340662,0.9999986712866791,154,128,124,162,154,128,162,162,221218_080044
0,0,0,0,0.17380017429228872,-0.03745426569554278,0.005061858563819355,0.990869415314621,-0.1348220979304538,-0.00089649522648003,0.1348243363385306,0.9908641185263979,0.0032706188680880887,0.0004473532550227145,-0.003361625579479845,0.9999942496577312,162,143,80,156,162,143,156,156,221218_080044
0,0,0,0,0.17453522856696882,-0.03270537169184129,0.003483210133045589,0.9904034254124547,-0.13815037542302686,0.003940647377256543,0.13814641708268766,0.9904110144605202,0.0012609054285982072,-0.00407705512487363,-0.0007044187394504648,0.9999914406712431,162,151,88,120,162,151,120,120,221218_080044
0,0,0,0,0.1734271870021262,-0.03971765825809093,0.006057462036065997,0.9906509938223118,-0.13640314120456176,-0.0021889514369774544,0.13640430035304635,0.9906531763652533,0.000388590569362027,0.002115486719647563,-0.0006835400229961645,0.9999975287414345,162,162,114,98,162,162,98,98,221218_080044
0,0,0,0,0.1735986699302501,-0.03862891401824209,0.005725386304913982,0.990418753131326,-0.13803965898231382,-0.003968122205328497,0.13802624594024127,0.9904224682210278,-0.0034770496992977532,0.0044100881435597756,0.002896030216320404,0.9999860819689202,160,162,138,156,160,162,156,156,221218_080045
0,0,0,0,0.17354887577297398,-0.03863765598098179,0.005668282498534072,0.9901670660160569,-0.1398785640081712,-0.0017800865613097558,0.1398814189003819,0.9901669782833976,0.001594918036020073,0.001539488086905775,-0.001828236346223619,0.9999971437600673,123,162,154,128,123,162,128,128,221218_080045
0,0,0,0,0.1745528827608636,-0.03290293057996685,0.003511074570455852,0.9902827639890742,-0.13898546459856542,0.00480499495110433,0.13897708612741538,0.9902935013378822,0.0020373363719506246,-0.005041515416239023,-0.0013497548964288787,0.9999863805492691,79,156,162,143,79,156,143,143,221218_080045
0,0,0,0,0.17431790407515152,-0.03367410483619193,0.003768988911772575,0.9907939842439459,-0.13531644377610563,0.004091555913735532,0.13530201527798388,0.9907977904395954,0.0036198234394415785,-0.004543726193711809,-0.0030329035270727734,0.9999850779129017,72,122,162,151,72,122,151,151,221218_080045
0,0,0,0,0.17305584440473654,-0.041347353797822395,0.006658456703959759,0.9905090578651049,-0.1373880093280405,-0.004042422548481584,0.13738580955046042,0.9905172738598021,-0.0008182417188721396,0.004116505963416409,0.00025510433969745417,0.9999914946140437,108,85,162,162,108,85,162,162,221218_080045
0,0,0,0,0.1741204845969123,-0.03592576509569034,0.004736065051476779,0.9906111472346706,-0.13670435476940782,-0.0012142328813289523,0.13670625969235753,0.9906102448731743,0.0016556911657731785,0.0009764913393919785,-0.0018061393607946784,0.9999978921604152,145,86,160,162,145,86,162,162,221218_080045
0,0,0,0,0.17373273552453977,-0.03785678325647779,0.005352981182481731,0.9906627027574163,-0.13627955608271855,-0.003910493481359381,0.13628027571019066,0.9906703182936009,-8.309278499794224e-05,0.0038853336697165625,-0.00045060620683650017,0.9999923505389037,154,127,123,162,154,127,162,162,221218_080045
0,0,0,0,0.17403480189574494,-0.037106824692356044,0.004951207191817908,0.9912180621452922,-0.1322275811561844,-0.001618659481396715,0.1322302461969732,0.9912176253830949,0.0016676692077515765,0.0013839319419443306,-0.001867059582140976,0.9999972994068019,162,162,79,156,162,162,156,156,221218_080045
0,0,0,0,0.1741838712859302,-0.0356996174381492,0.004439184766824256,0.9910848586487704,-0.13320006779651922,-0.002923165433026258,0.1332062548083706,0.9910862502568257,0.002034264435310946,0.002626144907199019,-0.002405512599843017,0.9999936584159215,162,152,72,122,162,152,122,122,221218_080046
0,0,0,0,0.1744581976134777,-0.03434630835763075,0.004036299201258142,0.9903295409005723,-0.1386621954990239,0.00449399143867984,0.138660624729555,0.9903397369412893,0.0006607455395927915,-0.004542198726384704,-3.1216166460231694e-05,0.9999896836749272,162,162,108,85,162,162,85,85,221218_080046
0,0,0,0,0.17321838546585183,-0.04077229051515863,0.006450846033792812,0.9904431123723889,-0.13789055343990572,-0.0029387797009517735,0.1378917500581659,0.9904472839002906,0.00020755826739202497,0.0028820860484273006,-0.0006108081323537371,0.9999956602373008,160,162,145,86,160,162,86,86,221218_080046
0,0,0,0,0.17467129895307532,-0.03213914748629976,0.003326996666144777,0.9906072737831203,-0.1366623869840779,0.0045410474328725645,0.1366614536924603,0.990617676073145,0.0005166489195363166,-0.004569048329466703,0.00010878996577827767,0.9999895559265138,123,162,154,127,123,162,127,127,221218_080046
0,0,0,0,0.17355793277466122,-0.03888271896990125,0.005734844254073779,0.9904523143228867,-0.1378509233560094,-0.0011558470192203144,0.1378509810789063,0.9904529802660927,-2.995994143068061e-05,0.0011489421305083628,-0.00012966075224929888,0.9999993315598117,105,153,162,162,105,153,162,162,221218_080046
0,0,0,0,0.1744413344915172,-0.03355614451578304,0.003710175966875562,0.9903111388592611,-0.13878917667455484,0.004627384712020858,0.1387840100180731,0.9903216543153163,0.0014211113538295864,-0.0047798341579226855,-0.0007651353970259222,0.9999882838079891,70,120,162,152,70,120,152,152,221218_080046
0,0,0,0,0.17383853051084805,-0.03698294298956384,0.005040525510515037,0.9903868776160989,-0.13832468314237156,-0.0003386434645136202,0.1383250713850427,0.9903852307319869,0.0018081411095814475,8.527693967867663e-05,-0.0018376021092109045,0.9999983079717345,112,88,162,162,112,88,162,162,221218_080046
0,0,0,0,0.17369000156671188,-0.03768423287975864,0.00531867546872683,0.9905828423087731,-0.136897071980028,-0.0021964076960213057,0.13690076964148545,0.9905834228293952,0.0016314677960515358,0.001952381889144462,-0.0019167939105793578,0.9999962570460269,138,147,160,162,138,147,162,162,221218_080047
0,0,0,0,0.17407432857629407,-0.036181809389620456,0.004632765633427072,0.9904822533523877,-0.13763020143607002,-0.0016832844806070036,0.13763289715769939,0.9904820064293148,0.001606412069516857,0.0014461721730260112,-0.0018227979662340493,0.9999972929931461,154,162,123,162,154,162,162,162,221218_080047
0,0,0,0,0.17349834129761282,-0.03931672079042792,0.005898670355456825,0.9906764440351464,-0.13622660196450384,-0.0015799212264765944,0.13622693500258384,0.9906776525353254,0.00010462743665358441,0.00155093961166906,-0.0003188797631204049,0.9999987464502232,162,162,105,153,162,162,153,153,221218_080047
0,0,0,0,0.1746073488890125,-0.0332967861429363,0.0036899015222194853,0.9901609803254051,-0.1397874298670779,0.00638024232998598,0.13978739813276056,0.9901814369136094,0.00045311695422492416,-0.006380937572622835,0.00044321874716847954,0.9999795433871819,162,146,70,120,162,146,120,120,221218_080047
0,0,0,0,0.17455143641256887,-0.03319591240809294,0.003646079747451403,0.9900713753847719,-0.1404332140102511,0.006097872289323463,0.14043061456880526,0.9900901536207253,0.0008545145501102845,-0.006157445536386335,1.0297557237630767e-05,0.9999810426995237,162,106,112,88,162,106,88,88,221218_080047
0,0,0,0,0.1741829254400073,-0.03540943683093256,0.004474832948974716,0.9900448700530105,-0.14072482531039157,0.002771068941229643,0.14072273189870754,0.9900486018001255,0.0009374436416803214,-0.002875414523469912,-0.0005381588767196913,0.9999957211790166,124,162,138,147,124,162,147,147,221218_080047
0,0,0,0,0.1746545046715638,-0.0328226332823478,0.0035181919116935023,0.9901462113277254,-0.13991956507625175,0.005744171152033427,0.13991713015309842,0.9901628730266466,0.000825572128018995,-0.005803178704145734,-1.372917203470546e-05,0.9999831613224484,122,162,154,162,122,162,162,162,221218_080047
0,0,0,0,0.1737759672456045,-0.037233593008481725,0.005172329435974288,0.9908956010992931,-0.13460063579093956,-0.0029285775977062004,0.13460318231925744,0.9908993428646002,0.0006896521097599901,0.002809098004646836,-0.0010775691061701569,0.9999954738963681,97,149,162,162,97,149,162,162,221218_080047
0,0,0,0,0.17472846691989477,-0.032323554080312844,0.003366459575953773,0.9899951880525285,-0.1409301267487513,0.006944566755340533,0.1409306446404773,0.9900193833265414,0.00041717976350651544,-0.006934048893540186,0.0005656963111552203,0.9999757991839732,44,122,162,146,44,122,146,146,221218_080048
0,0,0,0,0.17512213521889763,-0.029481148792546596,0.0023042987424882755,0.9899267700453468,-0.14146327905613487,0.005755920975266682,0.14145039771097292,0.9899419597153415,0.002588702833008908,-0.006064234081481411,-0.0017484489229432744,0.9999800837973569,111,80,162,106,111,80,106,106,221218_080048
0,0,0,0,0.1745977118126064,-0.03233187946028182,0.0033059098403993015,0.9902969336369317,-0.13891084890805908,0.0039697965857601195,0.13890563180694007,0.990304389824008,0.0015623532296978851,-0.004148334799018132,-0.00099576650973729,0.9999908998423204,146,90,124,162,146,90,162,162,221218_080048
0,0,0,0,0.17481409093019126,-0.03120871210798093,0.002877656217920521,0.9901272532198181,-0.14004732207101145,0.0058966102225141755,0.14003837829397603,0.9901442432247255,0.0019053119766942728,-0.006105328506408298,-0.0010607495810188222,0.9999807997027518,154,162,122,162,154,162,162,162,221218_080048
0,0,0,0,0.1747474221582641,-0.03228824115956641,0.0033248651293247833,0.9902742508861199,-0.13901280883736786,0.0056874432814987925,0.1390132114092603,0.9902904727982321,0.0003264027255057608,-0.005677595055933267,0.000467401540782169,0.9999837730934342,146,162,97,149,146,162,149,149,221218_080048
0,0,0,0,0.17423801500789318,-0.034866770578940276,0.004324706459986283,0.9901040683838713,-0.14033498618971016,0.00015943914323894757,0.1403347229968747,0.9901034845047094,0.0011204878509144846,-0.0003151048983710879,-0.0010870247317634509,0.9999993595428629,114,18,44,122,114,18,122,122,221218_080048
0,0,0,0,0.17496294365169696,-0.030465824185397228,0.002640882044465498,0.9901637038402689,-0.13981064603173135,0.0053686919738542135,0.13980399965177193,0.9901779108529348,0.0015957882960000674,-0.0055390683952775245,-0.0008295270388688606,0.9999843151800956,162,162,111,80,162,162,80,80,221218_080048
0,0,0,0,0.1749021934544097,-0.030857069413109617,0.00276771589908531,0.9899660817393721,-0.1412199905075356,0.004906249753692192,0.14121161317517486,0.989977382352936,0.002015622507855277,-0.005141722479756031,-0.0013025784740078792,0.9999859328906884,162,162,146,90,162,162,90,90,221218_080048
0,0,0,0,0.1749175007925024,-0.030844528662129944,0.0027864244690538054,0.9901854809867758,-0.13968795092449432,0.004470974111269652,0.13967952322747837,0.9901944375400943,0.0021463120932652623,-0.004726947633717659,-0.001500743540193088,0.9999877017918245,120,162,154,162,120,162,162,162,221218_080049
0,0,0,0,0.17487606915039594,-0.03090916552170464,0.0028108208014262503,0.9900394102138486,-0.14067891788321948,0.0056043096470956445,0.14067186211461383,0.9900549233136656,0.0016358580559442024,-0.005778705099002047,-0.0008311952709766612,0.99998295769568,96,148,146,162,96,148,162,162,221218_080049
0,0,0,0,0.17500285624549408,-0.03038009284928811,0.0026543306422056046,0.9901944515327099,-0.13959191619996228,0.005389349261172533,0.1395849067513818,0.9902087188203043,0.0016574014178988802,-0.005567940467017772,-0.0008888778738947101,0.9999841038411966,100,116,114,18,100,116,18,18,221218_080049
0,0,0,0,0.17503276060712367,-0.030116875507640195,0.0025665499433150107,0.9899451454507379,-0.14137792220136675,0.004570789050204891,0.14136484545457695,0.9899528073237405,0.0030691597302000733,-0.004958776877494744,-0.002392150887836464,0.9999848439581518,114,90,162,162,114,90,162,162,221218_080049
0,0,0,0,0.17502669990214406,-0.029931467544445534,0.002447804266870357,0.9900278134064868,-0.14075324245348358,0.0057838931872465915,0.14074026157523237,0.9900431524091148,0.002595214742236109,-0.006091588734131975,-0.001755308136479754,0.9999799055181261,148,92,162,162,148,92,162,162,221218_080049
0,0,0,0,0.1748581006957529,-0.030743651200942246,0.002741538814617861,0.9901772701474894,-0.13970083934113992,0.00571394527863047,0.1396910489484533,0.9901929530870491,0.0020800241417345006,-0.005948489467674986,-0.0012614056168974471,0.9999815119935581,154,162,120,162,154,162,162,162,221218_080049
0,0,0,0,0.17482879264774565,-0.031989853232492926,0.003218207683843066,0.9901493115113194,-0.1398967331023205,0.005765846074747578,0.13989211591043177,0.9901660262976283,0.0011984456884764252,-0.005876803532694977,-0.00038004376591786244,0.999982659223136,146,162,96,148,146,162,148,148,221218_080049
0,0,0,0,0.1740805770329133,-0.03560482103671836,0.004565473642621942,0.9905663747413703,-0.13702866815302558,-0.0011837803623005886,0.13702999444623482,0.9905662622176714,0.0011228437902156493,0.0010187510996536595,-0.0012744647191460156,0.9999986689420526,162,162,100,116,162,162,116,116,221218_080050
0,0,0,0,0.17494743860593392,-0.030212282871412643,0.002575443266937927,0.9901106351886004,-0.14013637004768786,0.00653665635347432,0.1401241935393433,0.9901312937076979,0.002287270353490394,-0.006792677776443943,-0.0013487070025678559,0.9999760199715025,158,162,114,90,158,162,90,90,221218_080050
0,0,0,0,0.17479300871043923,-0.03137316308900506,0.0029728351688296795,0.9903044635026452,-0.1388369004659742,0.0046243524668308595,0.13882956578533015,0.9903145182485726,0.0018725944446932863,-0.004839548593932196,-0.0012124417919013287,0.9999875542997064,162,146,148,92,162,146,92,92,221218_080050
0,0,0,0,0.17466283183089376,-0.03269028259073048,0.003476269774350671,0.990385527626252,-0.13821981351798623,0.005638246138976509,0.13821403841667484,0.9904013885652883,0.001403250691812715,-0.005778083854056543,-0.0006104744083470236,0.9999831203915257,120,162,154,162,120,162,162,162,221218_080050
0,0,0,0,0.17513038177427334,-0.029361759074951532,0.0022406587581977333,0.9898867293723014,-0.1417617284807224,0.005279711238872889,0.14174933357650674,0.989899026305333,0.0026540818318558606,-0.0056026282425467346,-0.0018788448344355055,0.9999825400970079,93,148,146,162,93,148,162,162,221218_080050
0,0,0,0,0.17474695845058139,-0.03151694680312822,0.003024126884179079,0.9901267940224175,-0.14007664600594186,0.005240706308722473,0.14006652803338338,0.990139533492441,0.0022520968107840158,-0.005504496667424666,-0.0014958138579840735,0.9999837313963366,88,112,162,162,88,112,162,162,221218_080050
0,0,0,0,0.17479501192337324,-0.03124170977899343,0.0029196491279313563,0.9899410982933781,-0.14139061443399065,0.005031506700706186,0.1413838552478261,0.9899534307773151,0.0016764150697538963,-0.005217986677102006,-0.0009481783602964303,0.9999859366875291,117,93,158,162,117,93,162,162,221218_080050
0,0,0,0,0.1741928918664563,-0.035562553448236445,0.004408372459545118,0.9903807439481729,-0.13836900211355782,3.5647738305389006e-05,0.13836884028938945,0.9903799195165408,0.0012957836934191437,-0.00021460110080723287,-0.001278386682075882,0.9999991598365764,151,89,162,146,151,89,146,146,221218_080050
0,0,0,0,0.17517488504253106,-0.029327257243652927,0.002227955508099344,0.9902380835659523,-0.13927126814095714,0.005661424382666105,0.1392568364420653,0.9902521379449106,0.002869982523039306,-0.006005943704274614,-0.0020535739441958894,0.9999798555342387,154,162,120,162,154,162,162,162,221218_080051
0,0,0,0,0.17483130365375046,-0.03090232460314124,0.0028145049331160243,0.9900897439936879,-0.14032623796909477,0.005553897366231479,0.14031810737329162,0.9901047833194563,0.0018294237098682694,-0.005755656495228418,-0.0010319812855840633,0.9999829035703237,146,93,93,148,146,93,148,148,221218_080051
0,0,0,0,0.17504284902260597,-0.030045129121694103,0.002500922754352153,0.9902635025093557,-0.13910496998880575,0.0052917787478998675,0.13909211437493108,0.9902756947219524,0.0027261991245468653,-0.00561954772329497,-0.001963610798761827,0.9999822823010499,162,137,88,112,162,137,112,112,221218_080051
0,0,0,0,0.17439585689016304,-0.03437216854934255,0.004069742287716338,0.9902333508030142,-0.13935922000462467,0.0041132416823001445,0.13935892601341474,0.9902418697317904,0.00035940294411657494,-0.00412319024809903,0.00021732416163797495,0.9999914759998642,156,162,117,93,156,162,93,93,221218_080051
0,0,0,0,0.17379674985300547,-0.037065372107780714,0.0050529991924183615,0.9905585302956442,-0.13707956624484668,-0.0017293283834110542,0.13708238123015284,0.9905583092583429,0.0016299434116175263,0.0014895686637559627,-0.001851614803003702,0.9999971763499221,162,146,151,89,162,146,89,89,221218_080051
0,0,0,0,0.17323445397220283,-0.040789621704427015,0.006384725521275836,0.9907845122121774,-0.13540167667138234,-0.003526515994013346,0.13540441397319838,0.9907902624037933,0.000548272193255436,0.003419800732840618,-0.0010207254290901268,0.9999936315209944,119,162,154,162,119,162,162,162,221218_080051
0,0,0,0,0.17434494801403727,-0.03444514767598106,0.0040782096090780096,0.9901329396233427,-0.1400443426036029,0.004933961649898839,0.14004290905642264,0.9901452309742936,0.000636554693790405,-0.004974484481080487,6.0692572431083716e-05,0.9999876253337135,85,147,146,93,85,147,93,93,221218_080051
0,0,0,0,0.1744107597389322,-0.03353954206589882,0.0037724468668204336,0.9903227780611877,-0.1387830206083615,0.0002616180243363945,0.13878185780794977,0.9903194570107194,0.0026398881356188963,-0.0006254570693343633,-0.0025780335167830824,0.9999964812671297,70,112,162,137,70,112,137,137,221218_080051
0,0,0,0,0.1746346933251458,-0.03203037082604787,0.003213273949894846,0.9900534636864016,-0.14059090229765292,0.005323272836437555,0.14058351197592112,0.9900672953218159,0.0017397973044242434,-0.005514998012275832,-0.0009741279568049301,0.9999843178128587,117,86,156,162,117,86,162,162,221218_080052
0,0,0,0,0.17474801160560652,-0.03131282316226547,0.0029459996009192357,0.9902967829989205,-0.1388671879919897,0.005309018853353798,0.13885157074393384,0.9903080115332347,0.0032068044896051886,-0.005702883825768782,-0.0024385225628646362,0.999980765176901,151,89,162,146,151,89,146,146,221218_080052
0,0,0,0,0.17379133305135083,-0.03733472748393951,0.005137110679518719,0.9905686793343665,-0.1370098186483419,-0.0014146079730853792,0.13701299856996343,0.9905661709235223,0.00246966491241712,0.0010628944614846701,-0.002640192390884465,0.9999959498115495,154,162,119,162,154,162,162,162,221218_080052
0,0,0,0,0.1745117872246363,-0.033445746949173794,0.003720775071467397,0.990246350930747,-0.1392305375703896,0.005198257034812218,0.1392282912680827,0.9902599929243118,0.0007932995102773704,-0.005258077491782061,-6.181750071770808e-05,0.9999861743042687,162,135,85,147,162,135,147,147,221218_080052
0,0,0,0,0.17357457513420943,-0.039055503908896005,0.005677395402913621,0.9910600218525619,-0.13340976692948936,-0.0013664455419403864,0.13341171728402101,0.9910596375350024,0.0014520813743863956,0.0011605071857872342,-0.0016213996449567754,0.9999980121411557,162,154,70,112,162,154,112,112,221218_080052
0,0,0,0,0.17460342320233707,-0.032838140543570926,0.003532373504585573,0.9902684528720266,-0.13907122434731278,0.005252219053126834,0.13906500591347362,0.9902820679956136,0.0015329502982764202,-0.00541436762034125,-0.0007876324465219017,0.9999850320171803,160,162,117,86,160,162,86,86,221218_080052
0,0,0,0,0.1723956898270085,-0.04595709792551661,0.00815147363712071,0.9912814167641598,-0.13140511953200537,-0.009687483616457966,0.1314175752621324,0.9913268826051735,0.0006578271289610937,0.009517021081279435,-0.0019251974156483521,0.9999528588511808,155,162,151,89,155,162,89,89,221218_080052
0,0,0,0,0.17333877542802972,-0.040161959445984996,0.006161678537256965,0.9907332962839704,-0.13579932201197717,-0.0024657200540364834,0.13580110213732072,0.9907359573764579,0.0005686999591133192,0.0023656484494823785,-0.0008982774859886864,0.9999967983973609,117,162,154,162,117,162,162,162,221218_080052
0,0,0,0,0.17341927718041686,-0.03938040364935924,0.005862020222718256,0.9909476173105863,-0.1342129312939548,-0.00311589793722995,0.13421849380101294,0.9909503895984264,0.0016496292053625064,0.00286629870364713,-0.002052907258472509,0.9999937849324514,77,147,162,135,77,147,135,135,221218_080053
0,0,0,0,0.17338205618025598,-0.039377104916069605,0.005870694521429187,0.9905975335624525,-0.13679079363142985,-0.002192094356892545,0.13679448496957786,0.9905981040948499,0.0016324967372919373,0.0019481739896399276,-0.001917013660065857,0.9999962648313909,64,112,162,154,64,112,154,154,221218_080053
0,0,0,0,0.1734904556000286,-0.0394481270786502,0.005782021742223364,0.9902801789650599,-0.13908685541513094,0.00011747195116683642,0.13908668191759904,0.990279750057762,0.0009547453533538733,-0.000249122623360478,-0.000929126615479072,0.9999995373307187,119,87,160,162,119,87,162,162,221218_080053
0,0,0,0,0.174405398674578,-0.03418277163905281,0.003976548073401254,0.9899306594327468,-0.14144274292032838,0.005589274570280726,0.1414407633003187,0.9899464370107296,0.0007498845146274298,-0.005639148168946425,4.82175894523574e-05,0.999984098715071,146,80,155,162,146,80,162,162,221218_080053
0,0,0,0,0.17471933592312439,-0.03211871074127948,0.0032203394672358776,0.9900869359791115,-0.1403800063509722,0.004616602689863538,0.14036924796455422,0.9900958660478812,0.002578809950765674,-0.004932892595685797,-0.0019052169948984992,0.9999860182616764,154,162,117,162,154,162,162,162,221218_080053
0,0,0,0,0.17272808298479866,-0.04409090692534501,0.007496219786238101,0.9909442703624346,-0.13406617046641206,-0.007464246266873388,0.13407678148046545,0.9909705029354884,0.0009375391322835583,0.007271155595990264,-0.0019298311470168925,0.9999717026236508,162,136,77,147,162,136,147,147,221218_080053
0,0,0,0,0.1725282587166284,-0.045206006014019584,0.007864469455717449,0.9911727168515494,-0.13227711746038182,-0.008911204491496745,0.1322874762368263,0.9912112219477897,0.0005806166224313678,0.008756083599878315,-0.001754332107514371,0.999960125864451,162,151,64,112,162,151,112,112,221218_080053
0,0,0,0,0.17354166091865528,-0.03934716344492739,0.0057825912310446315,0.9905997198960665,-0.13678894517376428,-0.0009896565480602643,0.13678967372991307,0.9905998592108456,0.0007099945902523848,0.0008832342260958612,-0.0008386952385451326,0.9999992582435243,162,160,119,87,162,160,87,87,221218_080054
0,0,0,0,0.17255968289464907,-0.04505376405284078,0.00785444965075488,0.9910326788529101,-0.133469350603753,-0.006337341322358955,0.13347436661545642,0.9910521954226708,0.00037336913120899427,0.006230802695188734,-0.0012158936293306661,0.9999798491471995,149,162,146,80,149,162,80,80,221218_080054
0,0,0,0,0.17419752976924288,-0.03554553770904323,0.004417747910124781,0.9900468699382372,-0.14073568271341483,0.000814209240744494,0.14073405785966808,0.9900458122411644,0.0017929367210155788,-0.001058434622581154,-0.0016605044182416084,0.999998061218734,116,162,154,162,116,162,162,162,221218_080054
