0,0,0,0,0,0,0,1,0,0,0,1,0,0,0,1,162,162,82,95,162,162,95,95,221218_045053
0,0,0,0,0.0004870652190082092,-0.00011342125971749994,-0.0003607669868939123,0.999999507324729,-0.0006168367738936459,-0.0007777291906877151,0.0006160652040741544,0.9999993182691553,-0.0009919298808924502,0.0007783405193132438,0.0009914502603006325,0.9999992056058931,150,162,135,85,150,162,85,85,221218_045053
0,0,0,0,0.00020999725435622008,-3.0249287531119995e-05,-0.00014193499754355798,0.9999998059151388,-0.0002628422744500956,-0.0005648748744650417,0.0002622869166679179,0.9999994824570132,-0.0009830011593813567,0.0005651329563782624,0.0009828528093066607,0.9999993573123419,78,154,162,91,78,154,91,91,221218_045053
0,0,0,0,0.0008872739616448966,-0.00015510502423934924,-0.0006161932284168836,0.9999999026440083,-0.0004090871220841497,0.0001654076820451383,0.0004094831146090386,0.9999970334317515,-0.002401135413910067,-0.00016442491777598234,0.002401202911798078,0.9999971035903168,78,154,162,102,78,154,102,102,221218_045053
0,0,0,0,0.0005392306215520337,-6.944038594597357e-05,-0.00037853434710055645,0.9999999880023117,0.00013130538957882972,-8.218437601728903e-05,-0.00013136548608742304,0.999999723706635,-0.0007316623287763575,8.208828210298942e-05,0.0007316731161887326,0.9999997289579458,86,127,162,162,86,127,162,162,221218_045054
0,0,0,0,0.0010449102856741055,-0.00017579276592874504,-0.0007390253178128914,0.9999998646224709,0.00010428531304015686,0.0005097838893556162,-0.0001030712951424019,0.9999971603825469,-0.002380882851185965,-0.000510030732877789,0.0023808299847823066,0.999997035754224,100,92,162,162,100,92,162,162,221218_045054
0,0,0,0,0.0008855945384186326,-0.00014954146631263043,-0.0006223633658353211,0.9999990320711694,0.001384377148716884,0.00013912812375175773,-0.0013843826044762165,0.9999990409765486,3.9125274224263925e-05,-0.00013907382618935546,-3.9317842907623545e-05,0.999999989556289,130,155,150,162,130,155,162,162,221218_045054
0,0,0,0,0.00038795482187692354,-3.999882492614071e-05,-0.00025728925957058113,0.9999999310498271,-0.0003134508452206881,-0.00019912033777637328,0.0003132319930560104,0.9999993479462809,-0.0010981770037260656,0.0001994644324490933,0.0010981145571464287,0.9999993771789858,162,106,78,154,162,106,154,154,221218_045054
0,0,0,0,0.0002635995789439516,-4.312093719108234e-05,-0.00018737942081425984,0.9999998716924619,-0.00010947611439047641,-0.0004946008897107812,0.00010891565025992586,0.9999993521681417,-0.0011330492833278012,0.0004947246111253071,0.0011329952681715248,0.9999992357843487,162,102,78,154,162,102,154,154,221218_045054
0,0,0,0,0.0010541836781596814,-0.0001839392413665042,-0.0007412173513025033,0.999999200759114,0.0012102149264991303,0.00036587014807422846,-0.0012102014922679137,0.9999992670237072,-3.6937734150310005e-05,-0.00036591458249748314,3.649492802949374e-05,0.9999999323873169,162,146,86,127,162,146,127,127,221218_045054
0,0,0,0,0.0004967835017805067,-0.0001006749410694674,-0.000347214947786445,0.9999983392933199,0.0018187390308859487,0.00011661449099432292,-0.0018189050630242386,0.9999973092304427,0.001439832019658374,-0.00011399549851962037,-0.0014400417392076757,0.9999989566418636,162,90,100,92,162,90,92,92,221218_045054
0,0,0,0,0.0011634845344457023,-0.00019895317537885204,-0.0008152006664481348,0.9999999635563803,0.00010597838983562936,-0.00024830589766143557,-0.000106435533328637,0.9999982982936869,-0.0018417603555245816,0.00024811028832079753,0.0018417867169749948,0.9999982731299959,152,162,130,155,152,162,155,155,221218_045054
0,0,0,0,0.000872909396954169,-0.00012845950764023284,-0.0006120526869042298,0.9999998346594078,-0.0004324788739660927,-0.00037900287698754446,0.0004319097484358816,0.9999987810712712,-0.0015004365833153693,0.00037965132213383534,0.0015002726401955008,0.9999988025227223,129,154,162,106,129,154,106,106,221218_045055
0,0,0,0,0.0011797746367792072,-0.00020564262111380516,-0.0008320025549394261,0.999998997419356,0.00140847647630776,0.00014613110370616708,-0.001408310899268466,0.9999983732032636,-0.0011270542302165756,-0.00014771829535142823,0.0011268473022279166,0.9999993541970229,115,154,162,102,115,154,102,102,221218_045055
0,0,0,0,0.001072170473495726,-0.00018838864140321987,-0.00077925989604688,0.9999979991285893,0.0019980561969372237,9.752051796053228e-05,-0.001998189188553718,0.9999970469450544,0.001383235749057554,-9.475644721699855e-05,-0.0013834278458252768,0.9999990385738434,77,128,162,146,77,128,146,146,221218_045055
0,0,0,0,0.00047228487875183855,-8.586748550690193e-05,-0.0003416963928618566,0.9999994910507033,-0.00048228585106127776,-0.0008861708029123573,0.00048116484881499053,0.9999990844134683,-0.0012647737395058535,0.000886779974025511,0.0012643467015603731,0.9999988075236369,139,82,162,90,139,82,90,90,221218_045055
0,0,0,0,0.0007147694758806722,-0.0001281635451754748,-0.0005008902391382408,0.9999990674288082,-0.0010437674330177505,-0.0008807332514475767,0.0010417128530821594,0.9999967428475149,-0.002330049075178872,0.0008831624121068973,0.00232912943109413,0.999996897585311,137,81,152,162,137,81,162,162,221218_045055
0,0,0,0,0.00029447294544504565,-3.908746616751446e-05,-0.00020418650279763195,0.9999997467697629,0.00015264589219611958,-0.0006950968576543324,-0.00015323421092168176,0.9999996300552816,-0.0008464092250890995,0.000694967399615458,0.0008465155233713194,0.9999994002157112,162,108,129,154,162,108,154,154,221218_045055
0,0,0,0,0.001050367118512474,-0.0001715059301935773,-0.0007398832647818043,0.9999999866036949,-4.049479237851757e-05,-0.00015859628795854885,4.0344208819627245e-05,0.9999995485387988,-0.0009493653368800347,0.00015863466071054018,0.0009493589257208509,0.9999995367762299,162,120,115,154,162,120,154,154,221218_045055
0,0,0,0,0.0007801282898622919,-0.00013981225491221938,-0.0005718584442531149,0.9999986205234618,0.0016427057120753728,-0.0002459046905123223,-0.0016425644010581106,0.9999984863892049,0.0005737608277254999,0.0002468468384972019,-0.0005733561219449547,0.9999998051646788,162,142,77,128,162,142,128,128,221218_045056
0,0,0,0,0.0011097174943583976,-0.00018996799248424678,-0.0007871392680440792,0.9999986399889164,0.0016295297765557776,-0.0002542695914546946,-0.001629595011809909,0.999998639296711,-0.0002565634897627302,0.0002538511676230092,0.0002569774972911913,0.9999999347610732,162,90,139,82,162,90,82,82,221218_045056
0,0,0,0,0.0010897366867688163,-0.00019154143907904042,-0.0007604617300269734,0.9999984805900647,0.0017105415936100627,-0.0003359538942380392,-0.0017105819462896557,0.9999985297700336,-0.00011986315777328105,0.000335748369391542,0.00012043765231837724,0.9999999363839001,162,162,137,81,162,162,81,81,221218_045056
0,0,0,0,0.0005671260674265932,-8.332855522721894e-05,-0.00040510980107222316,0.9999996395406155,0.0002078395770457615,-0.0008232383308787313,-0.00020830626405501882,0.9999998176467166,-0.0005668465698441611,0.0008231203676071446,0.0005670178512202619,0.9999995004816836,132,154,162,108,132,154,108,108,221218_045056
0,0,0,0,0.0009806391911265644,-0.00014978226314632526,-0.0006834835247987447,0.9999999981923122,2.6646900757256436e-06,6.006892084780717e-05,-2.576887594932441e-06,0.9999989317881681,-0.001461648344160886,-6.00727515213851e-05,0.001461648186728094,0.9999989299873489,127,154,162,120,127,154,120,120,221218_045056
0,0,0,0,0.00030897547773556244,-5.784995074936683e-05,-0.00022767161038361738,0.9999997728878103,-0.0005048615292715,-0.0004464741478304058,0.0005049063689486642,0.999999867502357,0.00010032361184911217,0.00044642343914141826,-0.00010054901670514148,0.9999998952979987,69,127,162,142,69,127,142,142,221218_045056
0,0,0,0,0.0003278806414548363,-5.3904251349795596e-05,-0.0002278921744793827,0.9999991845996535,-0.0005189744286602293,-0.0011668185681314158,0.0005176136845678291,0.999999186026576,-0.0011661999229097,0.0011674228463105895,0.001165595010731475,0.9999986392551586,18,82,162,90,18,82,90,90,221218_045056
0,0,0,0,0.0009126320169119406,-0.00015767836881541708,-0.0006487564413631963,0.9999988694468939,0.001411383537820243,-0.0005187498845999523,-0.0014118694144762752,0.9999985638955583,-0.0009374601735561541,0.0005174260237645544,0.0009381915208035628,0.9999994260333254,140,92,162,162,140,92,162,162,221218_045056
0,0,0,0,0.0009030261206705026,-0.00016138918450694928,-0.0006480421931648328,0.9999978901757708,0.0019646450832027608,-0.0005998447333628511,-0.001964517127143509,0.9999980474726801,0.00021383003712246518,0.0006002636622805247,-0.00021265118072639322,0.9999997972314851,162,110,132,154,162,110,154,154,221218_045057
