0,0,0,0,0,0,0,1,0,0,0,1,0,0,0,1,162,162,82,95,162,162,95,95,221218_052138
0,0,0,0,2.849324661178057e-05,0.00024192980619019977,0.00015649534524420083,0.9999994602430045,0.0008952428772113385,0.0005273081535878488,-0.0008952685741002586,0.9999995980709723,4.8498179688480575e-05,-0.0005272645239975487,-4.897023592996157e-05,0.999999859797009,150,162,135,85,150,162,85,85,221218_052138
0,0,0,0,-6.323872149126275e-06,0.00047718185164691285,0.000275708433891686,0.9999966778549336,-0.00220137987469125,-0.0013409719393522362,0.002202459920532948,0.9999972509900592,0.0008044766142213887,0.0013391972943787645,-0.000807427378584598,0.9999987773050701,78,154,162,91,78,154,91,91,221218_052138
0,0,0,0,1.799448018471872e-05,0.0006169032518679174,0.0003647699446490682,0.9999970737855062,-0.002243500995332169,-0.0009050545334410535,0.0022443660727953347,0.9999970244872616,0.0009559485096796207,0.0009029071690067311,-0.0009579769860576765,0.9999991335189937,78,154,162,102,78,154,102,102,221218_052138
0,0,0,0,9.412408926639387e-06,0.00015498774565170237,9.829735703592579e-05,0.9999996561571686,0.00010900539219633954,0.0008220726055324653,-0.00010901100395259085,0.9999999940353056,6.78154676310422e-06,-0.0008220718614038814,-6.871159391374552e-06,0.9999996620752639,86,127,162,162,86,127,162,162,221218_052139
0,0,0,0,1.2523555012668164e-05,0.0007317137568058074,0.00043608156111074603,0.9999957813221607,-0.002539692530352002,-0.0014097161884456626,0.0025414825736272137,0.9999959646680878,0.0012694541610640112,0.0014064864765224111,-0.0012730315747722318,0.9999982005915816,100,92,162,162,100,92,162,162,221218_052139
0,0,0,0,4.6022431442971357e-05,0.0005119042343739721,0.00032757076119926953,0.9999991946100476,-0.001267263006111181,-6.945307070947072e-05,0.0012673093980310377,0.9999989711456896,0.0006720375370656549,6.860135094292805e-05,-0.0006721250143423974,0.9999997717708838,130,155,150,162,130,155,162,162,221218_052139
0,0,0,0,7.356737269481606e-06,-3.870833277874741e-05,-1.081914148837182e-05,0.9999984428992268,-0.0011518798979909429,-0.0013369262589997175,0.00115214988288765,0.9999993160360006,0.00020119189521806388,0.001336693595690532,-0.00020273192137512078,0.9999990860745822,162,106,78,154,162,106,154,154,221218_052139
0,0,0,0,4.252554185606855e-06,0.000581816763747911,0.0003431842926370221,0.9999982186857398,-0.0017050577161660165,-0.0008095699663013377,0.0017060633084188673,0.9999977720602363,0.0012430698095085215,0.0008074486568577136,-0.0012444487728256186,0.9999988996863539,162,102,78,154,162,102,154,154,221218_052139
0,0,0,0,5.552409489523527e-05,0.001118733295237373,0.000693140150411109,0.9999983897093755,-0.0017645303172791281,0.00032712599234243137,0.0017641705808906479,0.999997842436251,0.0010967337889052642,-0.0003290605065678003,-0.0010961549167930085,0.9999993450815763,162,146,86,127,162,146,127,127,221218_052139
0,0,0,0,2.5474933987527232e-05,9.6992827204323e-05,6.938262238465054e-05,0.99999964048689,0.0004068860451417264,-0.0007439555333867542,-0.0004066842789581105,0.999999880491655,0.0002713384827660932,0.0007440658483199519,-0.0002710358301961685,0.999999686452747,162,90,100,92,162,90,92,92,221218_052139
0,0,0,0,5.029601402251754e-05,0.001182416778312545,0.0007194731680918443,0.9999990190314525,-0.0011135001986507366,-0.0008497372771979466,0.001114345866941992,0.999998883717568,0.000995387817357459,0.0008486279641187644,-0.0009963337421362056,0.9999991435744598,152,162,130,155,152,162,155,155,221218_052139
0,0,0,0,1.1521962055498214e-05,7.363549467032104e-05,5.19781273301545e-05,0.9999999636826379,5.902208361632001e-05,0.00026296599729637785,-5.913671653280817e-05,0.9999999032310972,0.0004359365145141873,-0.0002629402419680242,-0.0004359520496278837,0.9999998704041115,129,154,162,106,129,154,106,106,221218_052140
0,0,0,0,2.792772381342637e-05,0.0005384207963966547,0.00033125115914889314,0.9999989710573423,-0.0005942330277036063,-0.0013056689337183713,0.0005954889030433588,0.9999993602768668,0.0009616854074550189,0.001305096633220289,-0.0009624619292965446,0.9999986851940419,115,154,162,102,115,154,102,102,221218_052140
0,0,0,0,2.965594101558139e-05,0.0005795727252791982,0.00034752514476243945,0.9999962821515544,-0.00234000460277341,-0.001400021973953889,0.0023416561100226543,0.9999965631135395,0.0011791555329416124,0.00139725793286281,-0.0011824295190295173,0.9999983247639478,77,128,162,146,77,128,146,146,221218_052140
0,0,0,0,1.814296915845018e-05,0.0005341076898974784,0.00033225419393090316,0.9999965010849047,-0.002072986627537369,-0.0016433333169268722,0.0020746760714331495,0.999997320468951,0.0010270219650552349,0.0016411999107644492,-0.0010304277559027232,0.9999981223389838,139,82,162,90,139,82,90,90,221218_052140
0,0,0,0,5.301912898241293e-05,0.00047584765721009337,0.0002956456140685848,0.9999985861072476,-0.0016247208446761017,-0.0004336654047153735,0.0016250830168854087,0.999998330019356,0.0008361002851801964,0.0004323062509409019,-0.0008368038453080952,0.9999995564352167,137,81,152,162,137,81,162,162,221218_052140
0,0,0,0,2.8470320096275065e-05,0.00021188665041760313,0.00013482477075266175,0.9999997946585192,0.0006271053152634825,-0.00013199182445085186,-0.0006270535990050499,0.9999997267690668,0.0003914914743505515,0.00013223729477099074,-0.00039140862801244033,0.9999999146562883,162,108,129,154,162,108,154,154,221218_052140
0,0,0,0,-1.914497386096281e-06,-0.00030668033451619614,-0.0001936543071714425,0.9999998754968344,-0.0003498953612164272,-0.0003557802012150829,0.0003500099108093539,0.9999998869186809,0.0003219560330105608,0.00035566751006047736,-0.000322080519522225,0.999999884882374,162,120,115,154,162,120,154,154,221218_052140
0,0,0,0,2.3218639709970956e-05,0.0005568434519084287,0.00032819837055242385,0.9999973928827367,-0.0015497913039970467,-0.0016770136082999152,0.0015517554246700506,0.999998110949971,0.0011705347459352016,0.0016751963557669735,-0.001173134009178036,0.9999979087346965,162,142,77,128,162,142,128,128,221218_052141
0,0,0,0,1.9581157447053077e-06,0.000156571021001084,8.223114899186257e-05,0.9999968580344721,-0.0022674322066874035,-0.0010689585451299978,0.0022689350275306706,0.9999964364686287,0.0014067636207939895,0.0010657649947216632,-0.0014091845982771318,0.999998439170654,162,90,139,82,162,90,82,82,221218_052141
0,0,0,0,6.978505276601307e-05,0.0011449157558029999,0.0007064049866887245,0.9999963936442938,-0.0025555422118156874,-0.0008257738242696634,0.0025567433983719394,0.999995670312499,0.0014568525835291328,0.0008220472006534124,-0.0014589586213741516,0.9999985978380875,162,162,137,81,162,162,81,81,221218_052141
0,0,0,0,7.122028285051415e-05,0.000545993531676503,0.0003200936140574928,0.9999995183196974,-0.0006307984160679274,-0.000751966575387878,0.0006317218231956022,0.9999990459981967,0.0012283852136966914,0.0007511909945632257,-0.001228859655703215,0.9999989628074802,132,154,162,108,132,154,108,108,221218_052141
0,0,0,0,2.545184132701772e-05,-0.0003212400651539937,-0.00020212294462318425,0.9999987408943273,-0.0006556589676415982,-0.001445102445301121,0.0006564660960073137,0.99999962877531,0.0005581232008196765,0.0014447359703617354,-0.0005590711588445096,0.9999988000879878,127,154,162,120,127,154,120,120,221218_052141
0,0,0,0,5.432869483740915e-05,0.0008221377596747681,0.0004914641638691375,0.9999942761804409,-0.002866609329655176,-0.0017972638390195829,0.0028698472413385334,0.9999942590990832,0.0018015953169871256,0.0017920890511619505,-0.0018067428776503331,0.9999967620432612,69,127,162,142,69,127,142,142,221218_052141
0,0,0,0,1.5976118228643033e-05,-0.0005120660334062554,-0.00031308661360729406,0.9999996628422005,-0.0002629062882010375,-0.0007779432934306423,0.0002629155880443672,0.9999999653674589,1.1852154961668766e-05,0.0007779401504823938,-1.2056684383514855e-05,0.9999996973318336,18,82,162,90,18,82,90,90,221218_052141
0,0,0,0,7.123806489574974e-05,0.0009446068945727637,0.0005994102424858871,0.9999981806123359,-0.001873270032812565,-0.00036004360960135295,0.001873833930975916,0.9999970083199696,0.0015722905295828878,0.00035709720773406206,-0.0015729623309091035,0.9999986991346989,140,92,162,162,140,92,162,162,221218_052141
0,0,0,0,9.335185746431329e-07,-0.00014291842133806743,-8.880168438141212e-05,0.999998635722236,-0.001392780948738611,-0.0008880962193641258,0.001393521467147296,0.9999986814753193,0.0008337538863875827,0.000886933811858378,-0.0008349903300624335,0.999999258069506,162,110,132,154,162,110,154,154,221218_052142
0,0,0,0,4.6174291433769e-05,0.0006531411244004026,0.00042418474221539437,0.9999990868630657,-0.0012936535173287452,-0.0003908114785000181,0.0012940674013981945,0.9999986002071378,0.0010606475973523434,0.00038943882094989946,-0.0010611523652302936,0.9999993611463274,162,122,127,154,162,122,154,154,221218_052142
0,0,0,0,-0.004050781796267614,0.0034122612891975823,0.002581155150801151,0.9998401885924609,0.009962752881165741,-0.014843881918882808,-0.009881589907873089,0.9999358783740282,0.005531122964958428,0.014898035316293549,-0.005383557874648925,0.9998745250521811,162,135,69,127,162,135,127,127,221218_052142
0,0,0,0,-0.011214172401806607,0.0034921890589937332,0.002874254174808577,0.9999578115009659,0.006499071752144314,-0.006491323790873994,-0.006507927780647252,0.9999779198958324,-0.0013440970224896296,0.006482445078777454,0.0013862853834855798,0.9999780278179297,162,162,18,82,162,162,82,82,221218_052142
0,0,0,0,-0.014057936054090111,0.002593312425435035,0.0024962521737238452,0.9996803910965008,0.024704940554667355,0.005364845695497585,-0.024693420823507017,0.9996926436484873,-0.002202998667808052,-0.00541762172722842,0.002069818177407854,0.999983182472352,162,138,140,92,162,138,92,92,221218_052142
0,0,0,0,-0.017747476927064146,-0.0012761396419929127,0.00045502107846251416,0.9997551077932255,0.022127777351876585,0.00029310547874604047,-0.022127654677630865,0.9997550671891945,-0.00041536489628657175,-0.0003022247895421311,0.0004087774398424532,0.9999998707805825,134,154,162,110,134,154,110,110,221218_052142
0,0,0,0,-0.021882805983625145,-0.003488390224112181,-0.0010650863100705177,0.9995024923207615,0.03145704715148858,-0.0022851759438196105,-0.03146061642832142,0.999503801069677,-0.0015431335707159048,0.002235499616465616,0.0016142588937543896,0.9999961983476182,110,154,162,122,110,154,122,122,221218_052142
0,0,0,0,-0.025922575847850782,0.001814184911435146,0.002018293356469636,0.9990429715166582,0.043169640753094964,0.007037270807224225,-0.04317587884348952,0.9990672152132412,0.0007368664407631027,-0.006998896288544121,-0.0010400015903525058,0.999974966610382,53,130,162,135,53,130,135,135,221218_052142
0,0,0,0,-0.029250087774582458,-0.0002620430549504782,0.0008489756657122927,0.9990734962159568,0.04271459465915679,-0.005254765639576355,-0.04268329398040781,0.9990710471615715,0.005931200423392103,0.0055032330320475545,-0.005701414437163268,0.9999686036569403,82,162,162,162,82,162,162,162,221218_052143
0,0,0,0,-0.03342941904281879,-0.0009256039656514448,0.0007097057830266484,0.9988718999482448,0.043144270587375265,-0.019836819535070122,-0.04300172168886728,0.9990464131810936,0.007557528814650938,0.020143967473583612,-0.006695985773164462,0.999774666786946,138,90,162,138,138,90,138,138,221218_052143
0,0,0,0,-0.0384643264129923,-0.00021951316471369164,0.0008967472328079706,0.9989445101173023,0.043568098611038206,-0.014549449815100882,-0.043408869463107305,0.9989958782309515,0.011086267609228642,0.015017847996241073,-0.01044299099814611,0.9998326900939848,162,111,134,154,162,111,154,154,221218_052143
0,0,0,0,-0.04387076242479053,-0.0009486045955543476,0.0003769882701630811,0.9989390899410895,0.04446773934194739,-0.011971413679455822,-0.04433441838845959,0.9989541772558032,0.011180835806792173,0.01245608019503116,-0.010638228282851471,0.9998658280815368,162,123,110,154,162,123,154,154,221218_052143
0,0,0,0,-0.04822045828931705,-0.0050114624557456855,-0.0016192185494177114,0.999313637362111,0.03651839664269676,0.006217788091661483,-0.036526548619298535,0.9993319594034457,0.001202564273116683,-0.006169718637681539,-0.0014288532169640443,0.9999799462741321,162,162,53,130,162,162,130,130,221218_052143
0,0,0,0,-0.05265960903530223,-0.0059107397661077865,-0.001633385875708715,0.9996433647134424,0.026436262417609893,-0.0037772230241568472,-0.026443997380154495,0.9996482701066917,-0.002012728311823136,0.003722685448078794,0.0021118953776397306,0.9999908407135382,162,162,82,162,162,162,162,162,221218_052143
0,0,0,0,-0.05825188351256526,-0.004132408284644784,-0.0002440296031028799,0.9995907804234914,0.02473505529147852,-0.014368323913447847,-0.024700591705561634,0.9996915874490787,0.0025711384512885466,0.014427489793771814,-0.0022151801886210695,0.9998934645825938,162,162,138,90,162,162,90,90,221218_052143
0,0,0,0,-0.06223675068269584,-0.005629645817964213,-0.0009217505722211028,0.9998308650158353,0.0181975233755791,-0.0026629879237424236,-0.018207259700040383,0.999827466280252,-0.0036787723260015477,0.0025955839231343583,0.0037266358296082856,0.999989687511572,137,154,162,111,137,154,111,111,221218_052144
0,0,0,0,-0.06595106292605224,-0.01097759823789457,-0.00371093182293325,0.9999702893926352,0.007702570534099525,-0.000301229440698818,-0.0077038464061892275,0.9999602329924724,-0.0044925698870459255,0.0002666131252709712,0.004494757035410209,0.9999898629869376,82,156,162,123,82,156,123,123,221218_052144
0,0,0,0,-0.06925754661559895,-0.010532319052253825,-0.0032962053749532316,0.9999587841710061,0.008919695593326511,-0.001693809246986039,-0.008926348011059241,0.9999523126463792,-0.003961406864108354,0.001658393930356379,0.0039763631222433,0.9999907190898785,102,126,162,162,102,126,162,162,221218_052144
0,0,0,0,-0.07411284511722313,-0.003178361142061159,0.0014824886252911007,0.9998409875420221,0.01524615420703547,-0.009249562848506856,-0.015219738226121656,0.9998799104839134,0.002919619668554068,0.009292965044672979,-0.0027783794873937158,0.9999529595976516,58,162,162,162,58,162,162,162,221218_052144
0,0,0,0,-0.07830472228653225,-0.004416666908557909,0.0009171649174616325,0.999805863684229,0.0056903070161160325,-0.01886412862274312,-0.005621564650794691,0.9999773718454092,0.003695105955790349,0.01888472804966994,-0.0035883426829000594,0.9998152283513589,141,86,162,162,141,86,162,162,221218_052144
0,0,0,0,-0.08181272537222127,-0.00801516077977249,-0.0011629460726232388,0.9998858799553413,0.007976730997577704,-0.012829607496855475,-0.007981355138466985,0.9999681006535778,-0.0003092659530596704,0.01282673130944716,0.00041162831333504203,0.9999176493722105,162,112,137,154,162,112,154,154,221218_052144
0,0,0,0,-0.08465826757920242,-0.009450824907733746,-0.001939179745800379,0.9999589956513002,0.008739605106713908,0.002371986218543692,-0.008742616685632096,0.9999609859166189,0.0012622591455204505,-0.002360862031201434,-0.0012829447536978826,0.9999963901850989,162,125,82,156,162,125,156,156,221218_052144
0,0,0,0,-0.08882903154689833,-0.007663503094203827,-0.000636323723344101,0.9999155728594914,0.01198390230799415,0.005023269706797069,-0.011987968215805934,0.9999278374375029,0.0007800869280063879,-0.005013558729245969,-0.0008402398650822083,0.9999870790294431,162,162,102,126,162,162,126,126,221218_052144
0,0,0,0,-0.09322881716216025,-0.007862284086820326,-0.0004228940762814881,0.9999258481973925,0.012065109032546715,-0.0016526496169545673,-0.01206315254705427,0.9999265309201507,0.0011887441353873678,0.0016668705259130902,-0.0011687198234307497,0.9999979278161653,162,162,58,162,162,162,162,162,221218_052145
0,0,0,0,-0.09767653325329892,-0.007810245101937396,-0.000203989138613192,0.9999081693029579,0.007385098436827063,-0.011362802571769495,-0.0073694388405963806,0.999971837941432,0.0014193995943917713,0.011372964977583715,-0.0013355317713268527,0.999934433861794,151,162,141,86,151,162,86,86,221218_052145
0,0,0,0,-0.10222963906469937,-0.006042617465642941,0.0010140513266678752,0.9998707468107336,0.00559340804958832,-0.015073269669753748,-0.005468244230990628,0.999950335519271,0.008332154578909422,0.015119126204134789,-0.008248653301442617,0.999851674870596,123,162,162,112,123,162,112,112,221218_052145
0,0,0,0,-0.10680776946645941,-0.007798423542254573,0.00022574993771939944,0.9999760339861916,0.00691307288549637,-0.00037533521775445284,-0.006912479911780437,0.9999748935540688,0.0015588081977187744,0.0003861019491063964,-0.0015561763421467847,0.9999987146194125,80,156,162,125,80,156,125,125,221218_052145
0,0,0,0,-0.11191132760680297,-0.007994271892344473,0.000135183413058515,0.9999787580342898,0.005396720614785261,0.0036549810948240074,-0.005400463258983455,0.9999849023830248,0.0010148904378372093,-0.003649448833171824,-0.0010346074706842033,0.9999928055294177,88,120,162,162,88,120,162,162,221218_052145
0,0,0,0,-0.11477280415083181,-0.00984316170229016,-0.0009579104338017785,0.9999941994044789,0.001966008246861838,0.002781360992046773,-0.00196410115805357,0.9999978343187437,-0.0006882328553612739,-0.002782708039974879,0.0006827659888554848,0.9999958951748597,114,98,162,162,114,98,162,162,221218_052145
0,0,0,0,-0.11880874670755197,-0.011369837133001437,-0.0016745373274804631,0.9999915164028481,0.0036758270904989707,-0.0018588753406029944,-0.003675919545428789,0.9999932427120106,-4.6322918833814204e-05,0.0018586925046069006,5.315560204588358e-05,0.9999982712168333,138,155,151,162,138,155,162,162,221218_052145
0,0,0,0,-0.12388791295776196,-0.010263164868891339,-0.0009477517147675751,0.9999330450878653,0.00762264739022888,-0.008706353316542485,-0.007617549203990909,0.9999707947234865,0.0006185824138941799,0.008710814280709316,-0.0005522199219864769,0.9999619076583491,154,127,123,162,154,127,162,162,221218_052145
0,0,0,0,-0.12891509309128987,-0.009744197357039464,-0.0007300467917495945,0.9998584951007784,0.012074530998171093,-0.011713047254236005,-0.012067970033103831,0.9999269805168618,0.0006306613281361527,0.011719806913335492,-0.000489219383207786,0.9999312010285054,162,142,80,156,162,142,156,156,221218_052146
0,0,0,0,-0.1323881304980854,-0.010332590687172405,-0.0010589450784694865,0.9997307889704657,0.0123110965407567,-0.019666888072435995,-0.012281419452349764,0.9999232535042192,0.001629060395574101,0.01968543422749419,-0.001387084532807781,0.999805260876224,162,150,88,120,162,150,120,120,221218_052146
0,0,0,0,-0.13614730548275636,-0.010828148709896457,-0.0012814635468566538,0.9998638095364959,0.013816927935594001,-0.009025235818985008,-0.013772522558792926,0.9998928329307856,0.00496389726075948,0.009092854421644994,-0.004838920961375217,0.9999469510141009,162,162,114,98,162,162,98,98,221218_052146
0,0,0,0,-0.14011914181069532,-0.010625065102432107,-0.0011066079810828633,0.999911382284199,0.012201540264300936,-0.005324471211316369,-0.012185396037624153,0.9999210913034685,0.0030540612121597115,0.005361315315083179,-0.0029889097778305887,0.9999811611807656,160,162,138,155,160,162,155,155,221218_052146
0,0,0,0,-0.1434846102589768,-0.01005995996319331,-0.000683276082082962,0.999977646425293,0.003951379696773654,-0.005393815738618687,-0.003935133715342378,0.9999876993151824,0.0030192616599688466,0.0054056796402137276,-0.002997968782510613,0.9999808952229071,122,162,154,127,122,162,127,127,221218_052146
0,0,0,0,-0.14693513355091845,-0.014651570783159262,-0.003203850959349941,0.9999889175780153,-0.004700757572305142,0.0002599988353101354,0.0047011175879190185,0.9999879670809172,-0.0014018512044228154,-0.00025340594410081175,0.0014030579536135992,0.9999989836063866,78,155,162,142,78,155,142,142,221218_052146
0,0,0,0,-0.1501539409552915,-0.013350845748291151,-0.0021243666158671237,0.9998750880379639,-0.014359900093578864,-0.006603150034225354,0.014374406941798786,0.9998943611135548,0.0021547710755259624,0.006571510187439545,-0.002249418284533183,0.9999758773946691,72,122,162,150,72,122,150,150,221218_052146
0,0,0,0,-0.15434612353447993,-0.011468900555784867,-0.0006885356477194238,0.9997526951660517,-0.020824241509786217,-0.007803811489104344,0.020846793049648506,0.9997787058049712,0.002819687656662462,0.007743366694178151,-0.0029816747773864813,0.999965574351318,107,85,162,162,107,85,162,162,221218_052146
0,0,0,0,-0.15838925799816425,-0.011334981906448549,-0.00028746953648650653,0.9995588678122861,-0.029590146711254716,-0.0025481356766137264,0.029597367663065408,0.9995578550666907,0.0028443280212982936,0.0024628449478896973,-0.0029184914051312975,0.9999927083747564,145,86,160,162,145,86,162,162,221218_052147
0,0,0,0,-0.16009198644710218,-0.017251829542632047,-0.003797161292923512,0.9990763500973903,-0.04232073964397887,-0.007443229948346657,0.04230528973222829,0.9991022615975576,-0.0022211103792617965,0.007530546909065071,0.0019041708513683642,0.9999698320432567,154,126,122,162,154,126,162,162,221218_052147
0,0,0,0,-0.16380196178278508,-0.015989158623857525,-0.002730676908085594,0.9983800426858871,-0.05475787257189245,-0.015455282524922724,0.054730593213897186,0.9984987718290264,-0.0021828473103582603,0.015551608694270429,0.0013334344100151881,0.9998781772894608,162,162,78,155,162,162,155,155,221218_052147
0,0,0,0,-0.16740228107261285,-0.015825111224452293,-0.002439193621164848,0.9983560909373744,-0.056607511417106376,-0.008983615052128713,0.056604802637464306,0.9983965081617949,-0.0005557055949655447,0.009000667009526564,4.627630850532194e-05,0.9999594921054988,162,151,72,122,162,151,122,122,221218_052147
0,0,0,0,-0.16832985865772657,-0.018695748176264293,-0.0041406604696486715,0.9981172860989166,-0.06069235585423382,-0.008849922677425487,0.06069010173204133,0.9981565196510085,-0.000523287626247019,0.008865367577705842,-1.4800282254673443e-05,0.9999607017471556,162,162,107,85,162,162,85,85,221218_052147
0,0,0,0,-0.1684265757091182,-0.01780554609278817,-0.003598777557910049,0.9981086940976491,-0.060576444786111155,-0.010465615307276965,0.06057884606157544,0.9981634113302489,-8.770067260049488e-05,0.010451706871733097,-0.0005464600948381646,0.9999452301025452,159,162,145,86,159,162,86,86,221218_052147
0,0,0,0,-0.1683872050542588,-0.017748535263405696,-0.003583900764081993,0.9981356775848744,-0.060346259877509516,-0.009137726794920907,0.06034511498568486,0.9981774922980368,-0.00040120688730069514,0.009145284552544378,-0.00015095826583942296,0.999958169616137,122,162,154,126,122,162,126,126,221218_052147
0,0,0,0,-0.16838517110980408,-0.01776107769946267,-0.0036017944761316256,0.9981309194088656,-0.06018288393291323,-0.01061546991560084,0.06018481240884469,0.9981872416114265,-0.0001379836348897799,0.01060453088654588,-0.0005011643331459787,0.9999436447915391,105,153,162,162,105,153,162,162,221218_052148
0,0,0,0,-0.168329350622055,-0.018213824405746037,-0.0038773857856737592,0.9981443632808429,-0.060090325164377435,-0.00984798823717764,0.06008534317960386,0.9981929220054241,-0.0008012448206996632,0.009878339216155493,0.00020803824852967057,0.999951186375824,70,119,162,151,70,119,151,151,221218_052148
0,0,0,0,-0.16834837403555192,-0.018094839166923338,-0.0037963117855223105,0.9981698891996098,-0.05987062571888827,-0.008507671318682629,0.05987359748652889,0.998205962382137,9.48091359877243e-05,0.00848673195400102,-0.0006040205128461206,0.9999638046149276,111,87,162,162,111,87,162,162,221218_052148
0,0,0,0,-0.16847599846740843,-0.017386894218446414,-0.003360009022380206,0.998083474905762,-0.060828867505195255,-0.011367761348386296,0.06083914184183352,0.9981474266656372,0.0005598756246742083,0.01131264513664813,-0.0012504074540880938,0.9999352281729108,138,146,159,162,138,146,162,162,221218_052148
0,0,0,0,-0.1684073321291144,-0.018156271304310634,-0.0038157522666051324,0.9980723035536395,-0.06120107344818632,-0.0103007518133737,0.06120167316551773,0.9981253874169355,-0.00025728492503422656,0.010297188008003432,-0.0003736342880422789,0.9999469127491453,154,162,122,162,154,162,162,162,221218_052148
0,0,0,0,-0.16831407595242365,-0.01896365865995575,-0.004296742055747704,0.9981234284788078,-0.06051088147470766,-0.009383748976967924,0.06050689546769376,0.9981675279401964,-0.0007083548679902668,0.009409416696610355,0.00013924407097380394,0.9999557207639338,162,162,105,153,162,162,153,153,221218_052148
0,0,0,0,-0.16835408045486236,-0.018513752807595485,-0.0040254643161018455,0.9980976117429418,-0.060865620040910194,-0.00982515801763441,0.06086369909520656,0.9981459639887382,-0.0004946771065845448,0.009837050649665648,-0.00010425942248195053,0.9999516096114295,162,146,70,119,162,146,119,119,221218_052148
0,0,0,0,-0.1683392344796902,-0.018808652646271184,-0.0042168111110197914,0.9981909384686483,-0.059352906496413914,-0.009595980903838144,0.059347206951339715,0.9982370151283733,-0.000877869392118685,0.009631167434622724,0.00030678660777115645,0.9999535721701401,162,106,111,87,162,106,87,87,221218_052148
0,0,0,0,-0.16837226424509816,-0.019346272074267534,-0.004464245908780362,0.9981742056480013,-0.059604606526263516,-0.009774766484659306,0.05959285238979265,0.9982216552025313,-0.0014896404824979027,0.009846173014359689,0.0009044144890534349,0.9999511162608917,124,162,138,146,124,162,146,146,221218_052149
0,0,0,0,-0.16832602866982818,-0.01875395108220612,-0.004131238294496464,0.998139224211971,-0.060328957314666615,-0.008860361101481576,0.06032850961422805,0.9981785260070237,-0.00031803485798177316,0.008863408895538567,-0.00021708931347793128,0.9999606956550745,122,162,154,162,122,162,162,162,221218_052149
0,0,0,0,-0.16823240607516357,-0.016684983544406506,-0.002413466220178795,0.9989777136514391,-0.04462412234975412,-0.00722601773155398,0.04464254397957865,0.9990001216534989,0.0024083611284602584,0.007111321591233922,-0.002728486908134016,0.9999709918114716,97,149,162,162,97,149,162,162,221218_052149
0,0,0,0,-0.16825112630441377,-0.016516847325315553,-0.002367453811499942,0.9990167021048241,-0.043746412113301915,-0.007202801039418541,0.04375449001673638,0.9990418450636213,0.0009676855120082402,0.007153566870842445,-0.0012818888750526548,0.9999735912722578,43,122,162,146,43,122,146,146,221218_052149
0,0,0,0,-0.1684790082289761,-0.014664458477713027,-0.0013639664710770605,0.9989688787436093,-0.04505922452066049,-0.005553880385089857,0.045078430119791985,0.998977723628968,0.0033827253833413192,0.005395779801864873,-0.003629597592126551,0.9999788555672809,110,79,162,106,110,79,106,106,221218_052149
0,0,0,0,-0.1680688959069068,-0.017933286775816515,-0.003480968084988767,0.9989174588835522,-0.04590871693096998,-0.007503335750129558,0.045910067027044504,0.9989455769391504,7.699333571448497e-06,0.007495070593355816,-0.0003521696459407902,0.9999718495504467,146,90,124,162,146,90,162,162,221218_052149
0,0,0,0,-0.16827072891309613,-0.015212256920137612,-0.0018834736585033873,0.9991501232413967,-0.040948595289720106,-0.004716330194092775,0.040956234800608726,0.9991597627174593,0.001534730382314966,0.004649522304322602,-0.001726589177458484,0.999987700340436,154,162,122,162,154,162,162,162,221218_052149
0,0,0,0,-0.16677951213283773,-0.013308296774299233,-0.0010123160390417274,0.9991142778087576,-0.040857384022325687,-0.010066481487436744,0.04088064238622387,0.9991617974524303,0.002115558961253905,0.00997160753210705,-0.0025252093935105415,0.9999470937808382,146,162,97,149,146,162,149,149,221218_052149
0,0,0,0,-0.16133286848892373,-0.011195687731906712,-0.0009259712889916338,0.9996764029649112,-0.024041261342742468,-0.00831306851807059,0.024076423050080516,0.9997014830727822,0.004155790561680565,0.008210676479421754,-0.004354594714661666,0.9999568102156319,114,18,43,122,114,18,122,122,221218_052150
0,0,0,0,-0.1542371862054962,-0.012578889584830555,-0.0008438050046102319,0.998965207929961,-0.045042078654732164,-0.006302737175917063,0.045060197701838944,0.9989804528314445,0.0027628687541267714,0.006171865886339072,-0.0030440123426586706,0.999976320749816,162,162,110,79,162,162,79,79,221218_052150
0,0,0,0,-0.14868724896723476,-0.008443312263578528,0.0016711171715435569,0.9994951627586646,-0.031173567287357602,-0.006134193069154876,0.03120072420891958,0.9995035315644646,0.004382373672111705,0.0059945334153726345,-0.004571552552871551,0.9999715828344266,162,162,146,90,162,162,90,90,221218_052150
0,0,0,0,-0.13988937075716215,-0.010068703223656938,-0.0006155604840540896,0.9999419796131146,-0.006028526762897851,-0.00892716486205865,0.006052781654937384,0.9999780570189603,0.002692455166449761,0.00891073743542046,-0.0027463331288671896,0.9999565272614118,120,162,154,162,120,162,162,162,221218_052150
0,0,0,0,-0.13447726793890288,-0.011653237981116615,0.0006064251035833301,0.998251931019443,-0.05820576972357558,-0.010255271173291065,0.05822643820363716,0.998301905784971,0.001728236156690643,0.010137263440873736,-0.002322342993907448,0.999945919844143,95,148,146,162,95,148,162,162,221218_052150
0,0,0,0,-0.12591515331227104,-0.008223407801251859,0.0014669300460136148,0.9998712054799797,-0.015680555196266495,-0.003419450357707377,0.015690772583046717,0.9998724456853855,0.0029819481673412844,0.003372255589230204,-0.003035217926680238,0.9999897076192228,99,115,114,18,99,115,18,18,221218_052150
0,0,0,0,-0.11861165166102096,-0.009238764458184057,0.0013615221652070186,0.9994660196363665,-0.03154133478015322,-0.00853345138404109,0.03156087493698254,0.999499486920981,0.0021649059811368744,0.008460896255695573,-0.00243307315576595,0.999961245943846,114,90,162,162,114,90,162,162,221218_052150
0,0,0,0,-0.1090444027658613,-0.007588274573551046,0.0017777050887329837,0.9998706646963093,-0.010223959757051015,-0.012414689953686383,0.010264820507914281,0.9999420919019611,0.00323207405091048,0.012380926447575085,-0.003359090593667771,0.9999177111996185,147,91,162,162,147,91,162,162,221218_052150
0,0,0,0,-0.10195934380323535,-0.011914440956938499,-0.0011112828770452055,0.9999379124229669,-0.007069503605198581,-0.008613560121989801,0.007062007067188176,0.9999746583261787,-0.0009004230253184858,0.00861970738378243,0.000839538097779779,0.9999624972069705,154,162,120,162,154,162,162,162,221218_052151
0,0,0,0,-0.09556129423403913,-0.009122282766752643,0.0020393817964785566,0.9994392829691424,-0.03286703671607464,-0.006393555789240268,0.03288098345209831,0.9994570919619687,0.0020886010023688233,0.006321438550580591,-0.0022976562903218568,0.9999773798392756,146,162,95,148,146,162,148,148,221218_052151
0,0,0,0,-0.08563334524731057,-0.008843900536100402,0.0015008259966742266,0.9999089006408076,-0.01242386649248261,-0.005276169128057564,0.01243742532753696,0.9999194138836145,0.002544835922094195,0.005244127240336742,-0.0026102260487180897,0.9999828427775458,162,162,99,115,162,162,115,115,221218_052151
0,0,0,0,-0.07725673689491513,-0.009255055653308975,0.0020781671344245467,0.9996638340234661,-0.02589093728323809,-0.0013705152678734663,0.025895285884840656,0.9996593567208881,0.0032564841964929057,0.0012857349829632555,-0.00329087936197362,0.9999937584798111,158,162,114,90,158,162,90,90,221218_052151
0,0,0,0,-0.06895826790886096,-0.01127083295272402,0.0011507796175853624,0.9992408459029211,-0.038620615024318426,-0.005116637016311264,0.03863126822692101,0.9992515328052939,0.0019998253550632516,0.005035572896203517,-0.0021959693564486465,0.9999849102482462,162,146,147,91,162,146,91,91,221218_052151
0,0,0,0,-0.06063319362571813,-0.012672010012609314,0.0004417490937667079,0.9993655843826282,-0.035282774053631207,-0.004853308834931767,0.035290848614084436,0.9993758219468545,0.0015882418413220348,0.004794241928041923,-0.0017585116232645586,0.9999869613556001,119,162,154,162,119,162,162,162,221218_052151
0,0,0,0,-0.052223058197684684,-0.012549946660815547,0.0011744572760092886,0.9991871913860134,-0.04029640713093697,0.0010752406558068868,0.04029255800705498,0.999182177876123,0.003388979783818739,-0.0012109250093373766,-0.0033429009953618127,0.9999936793168029,93,147,146,162,93,147,162,162,221218_052151
0,0,0,0,-0.04320922810903771,-0.009717224219464193,0.0029871027407604167,0.9990476315180925,-0.04341578852056741,-0.004347328516108384,0.04344215137405096,0.9990369202340388,0.006165346160700535,0.0040754683269094245,-0.0063483317828067895,0.9999715442158802,88,112,162,162,88,112,162,162,221218_052151
0,0,0,0,-0.036453732602319905,-0.01032170704598312,0.0027440946015730994,0.9990037472779606,-0.04426002720498217,-0.00570639259127886,0.044294349619860084,0.9990002917120004,0.006035540662712302,0.00543355466938231,-0.006282288687404213,0.9999655040712669,117,93,158,162,117,93,162,162,221218_052152
0,0,0,0,-0.028065411884720178,-0.009049219782287454,0.0037771425650321433,0.9989995598028211,-0.04449155134891162,-0.00451457332835864,0.04451646094501462,0.9989930904627642,0.005575832905181421,0.004261950105403874,-0.005771227445065818,0.9999742640263682,150,89,162,146,150,89,146,146,221218_052152
0,0,0,0,-0.019186383698068656,-0.009761613185348739,0.003341441686202873,0.9989582615417942,-0.04495453874218941,-0.007840991255797021,0.044985105759232084,0.9989805573412358,0.0037664723581864387,0.007663677787276376,-0.004115276499978427,0.9999621655553284,154,162,119,162,154,162,162,162,221218_052152
0,0,0,0,-0.010637920317207323,-0.01036227428143699,0.0032314950524043873,0.9986964268716326,-0.05010774540742393,-0.009729378398318993,0.050137079893837457,0.9987384354922008,0.002794761226023345,0.009577064975860566,-0.0032789206724631115,0.999948762940218,146,93,93,147,146,93,147,147,221218_052152
0,0,0,0,-0.001947939794815584,-0.010612189980449438,0.003437773925088705,0.9984019647550073,-0.05591218969611876,-0.008206327846592235,0.05594059864557699,0.9984287309387537,0.0032739363470381806,0.00801038054745177,-0.003727771373785953,0.9999609680002866,162,137,88,112,162,137,112,112,221218_052152
0,0,0,0,0.006252348600500227,-0.01198061826388741,0.0029696384797948117,0.9984509745238652,-0.05511465026236517,-0.0076175323300901685,0.055139570716874815,0.9984738413582033,0.003100945751188919,0.007434999226736053,-0.0035161697698230135,0.9999661780963635,155,162,117,93,155,162,93,93,221218_052152
0,0,0,0,0.01465037661029368,-0.01275481597810868,0.002526131094138462,0.9986412358429303,-0.051186447265738066,-0.009779043430522369,0.05120252801128328,0.9986873075514979,0.0014010213392416657,0.00969449324915826,-0.001899829426837484,0.9999512025337992,162,146,150,89,162,146,89,89,221218_052152
0,0,0,0,0.022653526579396333,-0.013472628029730482,0.0019816875750499063,0.9989375825551006,-0.04601692881269444,-0.002479601100770491,0.04601927419841183,0.9989401490411559,0.0008972379194197245,0.002435684959700284,-0.0010103941211606102,0.9999965232652048,118,162,154,162,118,162,162,162,221218_052153
0,0,0,0,0.029792880125716546,-0.013238687303262608,0.0021849226849828263,0.9992349094778985,-0.03909636560597444,-0.0010343486345732612,0.039098882872712855,0.9992321255847603,0.0025370371435911596,0.0009343654529984839,-0.0025755379566313264,0.9999962467756738,85,146,146,93,85,146,93,93,221218_052153
0,0,0,0,0.034560650778735366,-0.01182460564469523,0.002374712487420161,0.9996639895295981,-0.02534386126029486,-0.005440288060829744,0.02536130409452194,0.9996733510944354,0.0031615449144314985,0.0053583852410091,-0.0032984554021098554,0.999980203753839,70,112,162,137,70,112,137,137,221218_052153
0,0,0,0,0.034591906268323896,-0.011767221676770023,0.0024852986662461385,0.9996647282462694,-0.02548970183954128,-0.0045504066237124375,0.02550075011643343,0.9996719539293826,0.0023866860935480654,0.0044880779637906255,-0.002501924687355333,0.9999867986773875,117,86,155,162,117,86,162,162,221218_052153
0,0,0,0,0.03446654188508917,-0.012118613979514747,0.0023147373249293723,0.9996869289571733,-0.02501410442916821,-0.0005819379536825638,0.025016328219926297,0.9996782480158173,0.004193300182176338,0.0004768590653314419,-0.004206545332167854,0.9999910387507481,150,89,162,146,150,89,146,146,221218_052153
0,0,0,0,0.03443982569487666,-0.012349680019179132,0.00217816597248921,0.9996661496170548,-0.025790415207314524,-0.0015632636520026368,0.02579535710563476,0.9996620322123521,0.0032281426334792285,0.001479480180378756,-0.0032673898609782326,0.9999935676302585,154,162,118,162,154,162,162,162,221218_052153
0,0,0,0,0.03441678531653722,-0.012335064598282708,0.002209565205645081,0.9996753867941103,-0.02541590157172141,-0.0017756647603437844,0.02542208824318516,0.999670492272434,0.0035530703827610106,0.0016847751779579512,-0.0035970581154209187,0.9999921113216415,162,134,85,146,162,134,146,146,221218_052153
0,0,0,0,0.03458325396699505,-0.012530754818339207,0.0020550895666638924,0.9996551347959024,-0.026104874063215197,-0.0028542996213544217,0.02611249774684793,0.9996554526112493,0.0026671194232588923,0.0027836913632173998,-0.0027407325190057655,0.999992369694716,162,154,70,112,162,154,112,112,221218_052153
0,0,0,0,0.03490186163297365,-0.01109704085654839,0.002917921405883761,0.9996552268731531,-0.025680894727550134,-0.005469829172490087,0.025695348127651306,0.9996664682454086,0.0025886966508820936,0.005401524764595987,-0.0027283533026294152,0.9999816896416024,160,162,117,86,160,162,86,86,221218_052154
0,0,0,0,0.03696116170019731,-0.013939782193321482,0.0018721318151037059,0.9990110361026308,-0.04446036321531068,0.0004752345834601862,0.04445814637368535,0.9990034406547008,0.003949529223181158,-0.0006503584877869933,-0.003924495232694319,0.9999920876542006,154,162,150,89,154,162,89,89,221218_052154
0,0,0,0,0.038900954101467974,-0.011059356134335618,0.003879845354314626,0.9990596409579582,-0.04329313192587381,0.002353409654989991,0.043281786764017685,0.9990519661939818,0.004675016412007354,-0.002553574645358363,-0.004568760443196822,0.9999863027484641,117,162,154,162,117,162,162,162,221218_052154
0,0,0,0,0.04640414489854636,-0.011536550194343076,0.0030107291955449034,0.9989782135017058,-0.044161490298734125,-0.009606858151068072,0.04420432727907705,0.9990132860544518,0.004293219827807151,0.009407783944381415,-0.004713497775586094,0.9999446367374423,77,146,162,134,77,146,134,134,221218_052154
0,0,0,0,0.05462256739560932,-0.013130849825763957,0.002219385446397548,0.9986008293516188,-0.05197944418195844,-0.009722191151861922,0.052018064824653536,0.9986390562371613,0.0037624845048545032,0.00951338794314708,-0.004262949716545402,0.9999456598783544,63,112,162,154,63,112,154,154,221218_052154
0,0,0,0,0.063037255747726,-0.015622643272887538,0.00015965109021498503,0.9993227912363396,-0.03677661740703094,-0.0011997198449436946,0.03677699892621604,0.9993234530628896,0.0002975036852412049,0.00118796699894786,-0.00034142430858699976,0.9999992360816337,118,86,160,162,118,86,162,162,221218_052154
0,0,0,0,0.06976866276148826,-0.01180814406555919,0.0028455646934238965,0.9989941868190972,-0.04483786438355451,0.0004249931426000271,0.04483663120821478,0.9989910362397298,0.0025663231614178475,-0.0005396327897968598,-0.0025446866589547237,0.9999966166774065,146,80,154,162,146,80,162,162,221218_052154
0,0,0,0,0.07407104437518748,-0.009887137700646864,0.0029084972561103095,0.9995280140950311,-0.029929201472217126,-0.006927621415649001,0.029948429307647406,0.9995478292357275,0.0026886152847225924,0.006844020839241121,-0.0028948176764408756,0.9999723893235115,154,162,117,162,154,162,162,162,221218_052154
0,0,0,0,0.07959581710622646,-0.01044051294327708,0.0014157809387104203,0.9999811844882381,-0.002973891450301982,-0.005365318177145443,0.0029815051557997127,0.9999945589638308,0.0014116195448698272,0.005361090980959572,-0.0014275897083334548,0.9999846102271367,162,136,77,146,162,136,146,146,221218_052155
0,0,0,0,0.08418937805678654,-0.01100761997952715,0.001368995275812801,0.9998474289309572,-0.017240179855859683,-0.002809814707682115,0.017244149679061235,0.999850335730503,0.001394790825071656,0.00278534773413089,-0.0014430308857337005,0.999995079737827,162,150,63,112,162,150,112,112,221218_052155
0,0,0,0,0.09053810027709645,-0.008882566706772344,0.0006340948978716954,0.999788249808742,0.019590767440613523,-0.006297410218496222,-0.019591106056662703,0.9998080758329482,7.917966369505833e-06,0.006296356712323162,0.00011545694173432812,0.9999801710843301,162,159,118,86,162,159,86,86,221218_052155
