0,0,0,0,0,0,0,1,0,0,0,1,0,0,0,1,162,162,82,95,162,162,95,95,221218_062917
0,0,0,0,-0.00021950928074410125,7.848546547534196e-07,0.00015879954708336586,0.999999757868384,-0.0005367089074003734,-0.0004429522805278957,0.0005361027273468349,0.9999989212877893,-0.0013674856941277458,0.00044368574446232954,0.0013672478950908676,0.9999989668875431,150,162,135,85,150,162,85,85,221218_062917
0,0,0,0,-0.00023699487430350885,9.23546240547135e-06,0.00016793307921164624,0.9999993640374526,-0.0010534330211939271,-0.00040274503174672936,0.0010527771078884612,0.9999981249231925,-0.0016253647161842875,0.00040445648943227756,0.00162493968176327,0.9999985979920066,78,154,162,91,78,154,91,91,221218_062917
0,0,0,0,-4.679465061363519e-05,-8.943907498629167e-06,3.357146357146901e-05,0.9999990350153231,-0.0011550124025412813,-0.0007719551625200435,0.0011530783635599865,0.9999962073370108,-0.002501144114710749,0.0007748410872271666,0.0025002515763494835,0.9999965741758041,78,154,162,102,78,154,102,102,221218_062917
