0,0,0,0,0,0,0,1,0,0,0,1,0,0,0,1,162,162,83,96,162,162,96,96,221218_071219
0,0,0,0,-5.044707501594692e-05,0.00025602955905790203,-0.0004097129619476947,0.9999988077012865,-0.0012945516384353264,0.000841862257352001,0.001292587869119437,0.9999964524241046,0.002329024646800992,-0.0008448743134542515,-0.0023279336889668596,0.9999969334513652,162,146,162,18,162,148,18,18,221218_071219
0,0,0,0,-0.003774890451136423,-0.003374424299009249,-0.003062910785407047,0.9997379587141338,0.00036139755335813596,0.02288849706523479,-0.0007820386667651861,0.9998309228909732,0.018371555364439875,-0.022877987709160972,-0.018384640948177614,0.9995692085371509,162,120,52,18,162,18,18,18,221218_071219
0,0,0,0,-0.006185266854597721,-0.002821049562128475,-0.004333356662972465,0.9990316432159754,-0.0013035419079900593,0.04397813811067581,0.00032809709106802607,0.9997539363363109,0.022180151765712204,-0.043996229446242284,-0.02214424436609475,0.998786245518013,162,76,52,66,162,18,32,32,221218_071220
0,0,0,0,-0.007513781410608822,-0.000893045108564916,-0.0033917162578868676,0.9987423292894276,-0.006241235893787044,0.04974742867774234,0.0045178835782265555,0.9993882730917785,0.034679508857621555,-0.04993343983246645,-0.03441114036399238,0.9981595689093739,162,18,128,162,162,18,152,152,221218_071220
0,0,0,0,-0.006623214032804234,0.0018688152038691674,-0.0033137511797378116,0.9991035628675188,-0.0008767582213576855,0.04232377535677622,-0.0002683734157912769,0.9996342297330366,0.027043201026292114,-0.04233200492699672,-0.027030317072872657,0.9987378851920061,162,162,160,143,162,162,133,133,221218_071220
0,0,0,0,-0.0031841609021747985,0.0026256119214710383,-0.0021313205162338256,0.9997345707736461,0.003059733148398427,0.022834754938320066,-0.0032687546722193323,0.9999530515103601,0.009121952532875241,-0.02280577214052144,-0.009194172511965037,0.9996976362625327,162,102,103,111,162,18,88,88,221218_071220
0,0,0,0,-0.0017883465495247136,0.00025140072963425464,-0.0036256558345917345,0.999728068906355,0.00013679471785747852,0.023318866352679584,-0.00039804837488220966,0.9999372071152457,0.011199258192061804,-0.023315870094427434,-0.01120549480238981,0.9996653475478547,116,124,162,150,108,124,162,162,221218_071220
0,0,0,0,-0.0059337348994615985,-3.921833973730138e-05,-0.002335649043514243,0.9992499195968428,-0.000872010730323379,0.03871482639750125,7.332447734999354e-06,0.9997506750352033,0.02232907774383899,-0.038724645020163394,-0.02231204526576175,0.9990007880397898,162,18,62,138,162,18,121,121,221218_071220
0,0,0,0,0.001503563537264968,0.0024910626370616695,-0.0037959619001449174,0.9998523078753098,-0.010522570448190048,-0.013588154678942475,0.010536360799822246,0.999944045710297,0.0009436893660264515,0.013577464325563863,-0.0010867196908396991,0.999907231448399,137,162,155,140,160,162,160,160,221218_071220
0,0,0,0,-0.002844079501459318,0.006080637856217708,-0.00429589306214867,0.999814223034442,-0.004770249258527464,0.018675227978418165,0.004724775318814855,0.9999857670320641,0.0024783525739566783,-0.018686784534025416,-0.0023896558969103278,0.9998225310666256,154,117,76,88,162,18,53,53,221218_071220
0,0,0,0,-0.0012095624969630514,0.007508035312472017,-0.004252085236540193,0.9998691947822376,-0.015642975676306292,0.0041098220777241,0.015671178877897558,0.9998532376804626,-0.006922228865929993,-0.004000934652927506,0.0069857291592119375,0.9999675955299838,114,19,162,98,139,84,90,90,221218_071221
0,0,0,0,-0.007660903770145985,0.005046738287115993,-0.0037400392316763176,0.9987164853976114,-0.014088321721110816,0.04865080663386369,0.013196399211745648,0.9997398029600537,0.018605951339206936,-0.04890027446638066,-0.01794005486265785,0.9986425374420207,162,160,66,18,162,18,18,18,221218_071221
0,0,0,0,-0.005247351402931977,0.00582823703901636,-0.002403049110399069,0.9993078767548552,-0.00843301150946503,0.03623053646557325,0.008292816001194067,0.9999575412265819,0.004018077507807985,-0.036262882655303905,-0.003714843330430575,0.9993353807809259,162,129,73,24,162,18,48,48,221218_071221
0,0,0,0,-0.009059355709612957,0.001650974330803634,-0.0030129921672201743,0.9989117043744462,-0.005046635753504616,0.04636742748213284,0.003608869493208906,0.9995116385284768,0.031039660228510044,-0.04650142927610273,-0.03083854590754551,0.9984420870343899,162,60,58,108,162,18,83,83,221218_071221
0,0,0,0,-0.008497573083157933,0.0031312579489601866,-0.004411848993521428,0.9986176059052231,-0.008605143549791147,0.051853916733527836,0.006843036013471739,0.9993962130839611,0.034064382154310895,-0.052115736915431574,-0.033662453533931574,0.9980735389678645,18,82,162,122,63,122,162,162,221218_071221
0,0,0,0,-0.006070542805517554,0.0077460865960473635,-0.00406852399435903,0.9994297704452391,0.0049850956620860285,0.03339584957770345,-0.005580262533194597,0.9998268459828846,0.017752146968112868,-0.03330157080135062,-0.017928381777414296,0.9992845333082093,162,156,81,65,162,162,18,18,221218_071221
0,0,0,0,0.0013134193138138045,0.008390335196034937,-0.002788698087552721,0.9996892542919071,0.010102858009402105,-0.02278874970973115,-0.010157669270081814,0.9999457857206087,-0.0022907148650727453,0.02276437146706554,0.0025214836178897204,0.999737678349713,153,125,162,162,162,82,162,162,221218_071221
0,0,0,0,-0.008200051406381983,0.0023712563548841104,-0.0015469292558535908,0.9989438952809897,0.0015173410636814563,0.0459215826920094,-0.002087074981331356,0.9999214185002979,0.01236126783035351,-0.045899217845894624,-0.012444054823404733,0.998868563576153,162,162,162,162,162,162,162,162,221218_071222
0,0,0,0,0.00022658010560250297,0.010290860661538392,-0.0033513201123264724,0.999884904447899,0.005393908153087607,-0.014180395341840617,-0.005465219806933581,0.999972590509121,-0.004994957751448256,0.014153064321083923,0.005071881831520513,0.9998869770054065,78,154,74,114,162,162,162,162,221218_071222
0,0,0,0,-0.0001780356048398518,0.011117591104816693,-0.004913624843598974,0.9999726218609799,0.004915776484114536,-0.005530883296157328,-0.004957121916379791,0.9999596875659311,-0.007486667172394004,0.005493857550358727,0.0075138794641833925,0.9999566786339366,136,162,153,162,162,162,162,162,221218_071222
0,0,0,0,-0.0006935619710345675,0.006253700488038971,-0.004424816782009844,0.9999430325851019,-0.01048270388509276,-0.0020110951660369867,0.010463560792939626,0.9999019685024588,-0.009304153934683342,0.0021084307059648006,0.009282580684555805,0.9999546930815381,162,154,151,151,162,162,162,162,221218_071222
0,0,0,0,0.0001606304033442557,0.00787039905372744,-0.005587927631737988,0.9999975876327121,0.0014472614837581148,-0.001652320475444738,-0.0014521617899946482,0.9999945399760017,-0.0029683740196121454,0.0016480154403473077,0.002970766295463328,0.9999942292797126,162,162,162,162,162,162,162,162,221218_071222
0,0,0,0,0.0004964027978759666,0.008664024420523941,-0.005893308956266663,0.999980665307874,0.0056013366214020975,-0.002700747762211842,-0.00560211805419416,0.9999842682900254,-0.0002818612600898406,0.002699126475033066,0.00029698571818835556,0.9999963132510816,133,162,162,114,162,162,162,162,221218_071222
0,0,0,0,9.523504998723564e-05,0.007624423910947198,-0.0056511978330697765,0.9999811545506392,0.0051483552721959995,-0.0033443955450349495,-0.005149225108245693,0.9999867110186358,-0.00025152915516384457,0.0033430561399727912,0.0002687454604966483,0.9999943758599459,162,162,162,162,162,162,162,162,221218_071222
0,0,0,0,0.00012685346760057947,0.007075648560663006,-0.005303541954700064,0.999971415920081,0.0029312537950382743,-0.006969583486629349,-0.0029587443522710315,0.9999878715667421,-0.003937327935947792,0.006957957649046605,0.003957836606830468,0.9999679606641145,162,162,162,162,162,162,162,162,221218_071222
0,0,0,0,2.123172283120811e-05,0.0075097859716733995,-0.005694008937480732,0.9999697745702523,0.004400130030636006,-0.006410054729260494,-0.004392482190175173,0.9999896249450415,0.0012066907161469246,0.006415297820648203,-0.0011784981921648184,0.9999787273216785,162,130,162,162,162,162,162,162,221218_071223
0,0,0,0,-0.0002151716485599281,0.007438049394756674,-0.005592994321738931,0.999984998204459,0.005036096638211869,-0.0021543204676733644,-0.005037533927229469,0.9999870922480841,-0.0006622606391077456,0.002150957451661045,0.0006731031664554168,0.9999974601538589,162,162,162,162,162,162,162,162,221218_071223
0,0,0,0,-0.0003136588056731754,0.007374744185578597,-0.005683151300399425,0.9999931094774048,0.002974082222012621,-0.0022216733887710236,-0.002975158655577842,0.9999954583480447,-0.000481367071815728,0.0022202316734532533,0.00048797358575755585,0.99999741622321,162,114,78,154,162,162,162,162,221218_071223
0,0,0,0,-0.0003308039233592269,0.006573923054695174,-0.005751587963795601,0.9999917421903035,-0.004038790170324445,-0.0004513592381041891,0.0040382454623442065,0.9999911247085197,-0.001201281722105566,0.00045620695697037053,0.0011994491027547188,0.9999991765981924,18,90,162,18,162,162,18,18,221218_071223
0,0,0,0,-4.597469866338133e-05,0.009870552836253932,-0.0048568861796312035,0.9999720407845408,0.0073826959205659844,-0.001188886093884557,-0.007397694269824006,0.999886192931658,-0.013148205357580718,0.0010916815881874943,0.013156632759918765,0.9999128518254634,162,162,156,162,162,162,162,162,221218_071223
0,0,0,0,-0.009662778837855351,0.005300730021711941,-0.0018547508528019008,0.9982523789061518,0.005271374587873323,0.05885915916967969,-0.004985215352591779,0.9999750357472865,-0.005007545316982903,-0.058884086441887265,0.004705368441225364,0.9982537372190183,162,18,42,18,162,18,18,18,221218_071223
0,0,0,0,-0.0008990976564286074,0.005785734594031533,-0.005338813730261016,0.9998602600785564,0.005909245056841602,0.015637811179918023,-0.005853638122194247,0.9999763896488165,-0.0035993146086821994,-0.015658711197763672,0.0035072735530712043,0.9998712436088204,162,84,56,32,162,18,44,44,221218_071223
0,0,0,0,-0.0055771010978653696,0.006495593498934693,-0.0036026851974577667,0.9990156110215842,0.00264986787734531,0.04428077613820483,-0.0038696212279467367,0.9996147834466695,0.027482917356421634,-0.04419089235036348,-0.027627213306815546,0.9986410276561737,162,18,96,146,162,18,121,121,221218_071223
0,0,0,0,-0.006299591849591835,0.007525374594675949,-0.004115409569043937,0.998697615563457,0.008692032205813053,0.05027445916167729,-0.010063514187868437,0.9995823033228671,0.02709141129474963,-0.050017980267665886,-0.027562065595376658,0.9983679352774004,92,118,162,162,56,128,18,18,221218_071224
0,0,0,0,-0.002382275390178143,0.008645302171773617,-0.0031727700701688066,0.9995912322500582,0.015664214839432537,0.02391653784044606,-0.015940361564013274,0.9998079585409493,0.011399601369666296,-0.023733379068685376,-0.01177617984080017,0.9996489625395203,162,18,106,132,162,18,113,113,221218_071224
0,0,0,0,-0.0052057766649450665,0.007856401029517901,-0.002409010024100433,0.999124595989072,-0.004487442370977835,0.041592121256800764,0.00426702343030414,0.9999763871812568,0.005386797839733006,-0.04161531209445032,-0.005204607659379111,0.9991201518628245,132,156,146,162,162,162,123,123,221218_071224
0,0,0,0,-0.0006512011356311215,0.010333377513975561,-0.0015312588626615886,0.9999518776819861,-0.006717260861006325,0.00714987599859996,0.0067517480847745235,0.9999656368035184,-0.0048103128727192725,-0.00711731817961712,0.004858355550893499,0.9999628693922946,154,18,133,149,162,18,144,144,221218_071224
0,0,0,0,-0.003996602971927041,0.009990547014675055,-0.003820382213599205,0.9996129371222987,0.006037878052200936,0.027157318835960693,-0.005940265469357225,0.9999756087327304,-0.003673579420554524,-0.027178837059095,0.0035108358310114254,0.9996244218944849,146,146,162,128,162,162,128,128,221218_071224
0,0,0,0,-0.001197568923107975,0.014207689930526235,-0.0037638670544742903,0.9998420749258983,0.016549742326029866,0.006475433330394807,-0.01652847911365433,0.999857871668441,-0.0033235283728086334,-0.006529516526042697,0.0032159744397909987,0.9999735111103388,146,45,102,109,162,18,82,82,221218_071224
0,0,0,0,-0.0043291240606433,0.0085272765517036,-0.004246277227506812,0.9996167059759562,0.012356711803273374,0.024774034939616284,-0.012426495372571287,0.9999192371921488,0.002664827541571038,-0.024739105613056176,-0.0029716605596363087,0.9996895247460506,80,138,162,162,134,162,162,162,221218_071224
0,0,0,0,-0.0058909305172198945,0.00953488023614868,-0.0022443680327091653,0.9993367929777195,0.015550149698861248,0.03292669198916694,-0.01599516351148871,0.9997836717155668,0.01329528168864741,-0.032712825393829865,-0.013813131986727381,0.9993693353507852,162,162,48,89,162,18,57,57,221218_071225
0,0,0,0,-0.00033753145335573,0.009103380578320275,-0.004218583562176692,0.9998488094818339,0.017146484658287362,-0.0028907164547983676,-0.017122813741150465,0.9998211996338684,0.008023590983971242,0.003027775973348887,-0.007972880693658648,0.999963632211742,123,123,162,162,18,90,162,162,221218_071225
0,0,0,0,-0.0048592236702593855,0.011468428761785665,-0.0034530284830745495,0.9995370622116991,-0.005557404181972606,0.029912815380079706,0.005152623260245951,0.9998943465512772,0.013592137739587836,-0.029985191991089746,-0.013431715957097573,0.9994600928840057,162,89,50,50,162,18,18,18,221218_071225
0,0,0,0,-0.0013473645529974154,0.012674178427876548,-0.002961777910113983,0.9998893109699833,0.012125099264901722,-0.008622515629903916,-0.01205242854836557,0.9998918259415099,0.008430621652029156,0.00872380502178954,-0.008325766221159242,0.9999272857777073,128,80,162,114,162,18,82,82,221218_071225
0,0,0,0,-0.005702070164333009,0.014499301180812996,-0.002869450084572567,0.9997478135088,0.009265728413705829,0.020456188827274537,-0.009562949026944398,0.9998494295307452,0.01447992655201903,-0.02031894166244225,-0.014671896401189502,0.9996858886999013,162,154,162,162,162,162,156,156,221218_071225
0,0,0,0,-0.010348038674659027,0.0137129224763346,-0.0017584499321911529,0.9993840517378234,0.00468139245015403,0.03477932858492972,-0.005116490109900581,0.9999096320138556,0.012431787275800193,-0.03471798757195118,-0.012602078028765864,0.9993176917118554,122,162,138,18,162,135,18,18,221218_071225
0,0,0,0,-0.005215851949392961,0.014967448652331794,-0.004557149555854789,0.9999483022405211,0.008361665357752367,0.005785792836270128,-0.008422535227760602,0.9999085852506728,0.010577430800293046,-0.005696818992771489,-0.010625615014803394,0.9999273186381702,154,139,77,19,162,18,18,18,221218_071225
0,0,0,0,-0.004850366569713535,0.014931615441132307,-0.004808379087323844,0.9999957587626055,-0.0008897085507196075,0.0027732427760909294,0.0008767037355237651,0.9999886312578639,0.0046870828437850336,-0.002777381385492966,-0.004684631652452491,0.999985170079497,149,72,123,144,162,18,140,140,221218_071225
0,0,0,0,-0.013493883350757394,0.009838917460535002,-0.002317133366576185,0.9976108119626482,-0.032176341543183766,0.061133876861540065,0.030662949024889256,0.9992035681012593,0.025534546222882492,-0.061906796172331524,-0.02359899444060852,0.9978029044100191,153,162,162,148,162,162,98,98,221218_071226
0,0,0,0,-0.011405598528195948,0.01786121268179608,-0.003405159862728546,0.9990971082726333,-0.01555473112709852,0.039535029794179125,0.014736981560231741,0.9996731167643448,0.02089212754014147,-0.03984707788227822,-0.020290637205958202,0.9989997499629416,125,52,162,162,146,18,90,90,221218_071226
0,0,0,0,-0.005984670792070074,0.021192018621439046,-0.0036969340501040726,0.9999075939385964,-0.012819758812641783,0.004522982192288775,0.012792343205692733,0.9998999373713487,0.006039139018057181,-0.004599949916448791,-0.00598072142448968,0.9999715353108851,162,162,156,154,96,162,162,162,221218_071226
0,0,0,0,-0.013440733349208436,0.015795034202131686,-0.002854317993200406,0.9986671321423528,-0.016409618217103145,0.04893550458038492,0.016025177639903004,0.9998376504578795,0.008238107093046777,-0.049062744115851334,-0.007442926631095357,0.9987679660376514,162,129,72,18,162,18,18,18,221218_071226
0,0,0,0,-0.004509990323837212,0.013264830385793402,-0.0022567109850516465,0.9997098270274616,-0.01719872899012702,-0.016866104050601644,0.01749177597812616,0.9996958692021645,0.017384098287219707,0.016561990153740765,-0.01767407200542156,0.9997066207947684,162,162,162,162,162,162,162,162,221218_071226
0,0,0,0,-0.008424159068180545,0.014965317523994992,-0.0016492578775371691,0.9987643701604054,-0.04426473535812566,0.022591283756411118,0.04357655883954296,0.9985966777556295,0.030095825210882755,-0.023891764643730964,-0.029074187505332534,0.9992916867477252,160,137,72,18,162,18,18,18,221218_071226
0,0,0,0,-0.003331879436166696,0.019376900200342106,-0.004562019208643631,0.9994037874139925,-0.03303377844943343,-0.01004187153482357,0.033079546527654734,0.9994429206830406,0.004426273610766351,0.009890060874073328,-0.004755815167391366,0.9999397826459356,162,162,18,82,162,162,153,153,221218_071226
0,0,0,0,-0.004328540117851318,0.022202588135007528,-0.0049071538355050515,0.9992373946712666,-0.03869967233541806,-0.005192730660411317,0.03877202345112137,0.9991407952959647,0.01464245105347201,0.004621610983844368,-0.014832617317213376,0.999879309804656,146,56,116,152,162,18,82,82,221218_071226
0,0,0,0,-0.005609800781009214,0.014040071575362578,-0.0017118960024388175,0.9998189900930087,-0.018438490633691806,-0.004691387060097566,0.018435437954140408,0.9998298126265491,-0.0006931165831925919,0.004703368668883224,0.0006065033471590306,0.9999887551752042,105,132,162,145,162,114,138,138,221218_071227
0,0,0,0,-0.007636333994924152,0.017503897907416133,0.0012125911212239049,0.9996842926113948,-0.017022071912028706,0.018481454863637958,0.01711889739174035,0.9998404868425346,-0.0050935471504884805,-0.01839180410253519,0.005408321209479443,0.9998162289158691,162,18,140,151,162,18,98,98,221218_071227
0,0,0,0,-0.009363500368751151,0.015951651780971243,-0.0030726100510575227,0.9992988170839195,-0.03250639418897592,0.0185797877143468,0.03250037116481947,0.9994715272886389,0.0006261097860059167,-0.018590321375066325,-2.1820771641046647e-05,0.999827184804967,115,162,162,124,151,162,29,29,221218_071227
0,0,0,0,-0.012591015622801793,0.016813556098047022,-0.0036232650322640114,0.9989413260798127,-0.014607716285832583,0.043621573502326205,0.0138273116873514,0.9997398607838711,0.01813880402192857,-0.04387519232330568,-0.017516431850057974,0.9988834477124121,127,53,157,162,138,18,162,162,221218_071227
0,0,0,0,-0.01432211910379437,0.00968468119722643,-0.0013541957237181435,0.9990003143402356,0.002910868183879549,0.044608281680942025,-0.0033882948035476104,0.9999377511073013,0.010630774609409544,-0.044574560081221695,-0.01077129318549518,0.9989479905564043,160,152,162,18,162,162,18,18,221218_071227
0,0,0,0,-0.008745862192803933,0.006961276391557303,-0.0026690439960792567,0.9999259751808696,0.009274661428415284,0.007875583405344694,-0.009425849927816591,0.9997677174145639,0.019382068228413905,-0.007693991923868493,-0.01945486754159167,0.9997811313568659,162,162,162,162,162,162,162,162,221218_071227
0,0,0,0,-0.014283477985859064,0.0025617470906210693,-0.0038487462465917055,0.9987163907375813,0.008520127651668543,0.049929733595300486,-0.010218252290392783,0.9993745404250078,0.03385432425014142,-0.04961006140117436,-0.03432106314063008,0.9981787948221845,162,146,162,146,162,162,160,160,221218_071227
0,0,0,0,-0.010552235105760227,0.0007982614939959776,-0.001993727090676023,0.9996990313023812,0.02192180943580043,0.011012769140389643,-0.021963615315839964,0.9997519623854323,0.0036896217603791994,-0.010929154374281073,-0.003930391524684852,0.9999325505288474,162,162,162,162,162,162,162,162,221218_071227
0,0,0,0,-0.007398636022705851,0.006801259554987449,-0.005327126697012741,0.999842586186962,0.01733459161319078,-0.0037834878844080493,-0.017328780544808596,0.9998486232397436,0.0015633203184089875,0.0038100146715498856,-0.0014975109989542527,0.9999916205893981,162,162,162,162,162,162,162,162,221218_071228
0,0,0,0,-0.00703164787176816,0.00724662191157921,-0.006170896900669631,0.9998216979751605,0.018660272853161085,0.002892485974346147,-0.018651870724895582,0.999821818268387,-0.0029050702157075985,-0.0029461799890692334,0.0028506019613390057,0.9999915970106599,162,162,162,122,162,162,162,162,221218_071228
0,0,0,0,-0.006745252209635316,0.007884040391875291,-0.006604878313792528,0.9998083457897399,0.019573520926280008,0.00038596338216412236,-0.0195733872136061,0.999808362611296,-0.00034722543794277633,-0.0003926858415251225,0.0003396042799962081,0.9999998652333725,162,146,159,162,162,162,162,162,221218_071228
0,0,0,0,-0.007147134689566348,0.006540886715081795,-0.005340393807210242,0.9998761223629865,0.015616843669926656,-0.0019631918259417343,-0.015621743476430663,0.9998748332596511,-0.002505782261268747,0.0019238136897751148,0.0025361403299830596,0.9999949334537219,162,162,155,162,162,162,162,162,221218_071228
0,0,0,0,-0.006987961017898309,0.006181271418497558,-0.005633213569842532,0.9998103540264842,0.01937824915265632,-0.0019337634842897919,-0.019386750702169258,0.9998020266776595,-0.004478989669182802,0.0018465856729465836,0.0045156296374138805,0.9999880995343546,162,162,162,162,162,162,162,162,221218_071228
0,0,0,0,-0.006662539485620636,0.005320880227116631,-0.005503572833321924,0.9999099884293263,0.011487211267569014,-0.00693246107518766,-0.011481161746801121,0.999933673568725,0.0009118049668996717,0.006942475366074251,-0.0008321301869949797,0.9999755544987803,162,162,162,122,162,162,162,162,221218_071228
0,0,0,0,-0.00694012512265188,0.005664006859376625,-0.005715060396526084,0.999887868843184,0.013853546283809474,-0.005685859266445548,-0.013848919014413619,0.9999037358041166,0.0008523890559544091,0.00569712053301384,-0.0007735504720752811,0.9999834720820638,162,138,162,162,162,162,162,162,221218_071228
0,0,0,0,-0.0066592820855994606,0.00695147619248182,-0.006277799555543251,0.9998662791206373,0.0160772339592508,0.002991057617348433,-0.016073768462180456,0.9998701134404486,-0.0011790742167977477,-0.0030096253712038903,0.001130838982358342,0.9999948316658047,162,162,162,122,162,162,162,162,221218_071228
0,0,0,0,-0.006642574817041363,0.004538502138131784,-0.005479561806281175,0.9998574432892303,0.01664743121017151,-0.0028206618418236177,-0.016652853653257724,0.9998595074194927,-0.0019099445152133709,0.0027884698898304923,0.0019566443086621904,0.9999941979725296,162,162,160,162,162,162,162,162,221218_071229
0,0,0,0,-0.006124252275282072,0.002726974129512949,-0.005373506692260277,0.9999319815024014,0.008905298405129653,-0.007531801178737596,-0.008918684176482006,0.9999587042688907,-0.0017455169554348156,0.0075159457981420685,0.0018125719839874768,0.9999701121241387,162,162,159,162,162,162,162,162,221218_071229
0,0,0,0,-0.006598130887605108,0.003056980444478885,-0.005822485161382784,0.9999479370564823,0.009559257625574332,-0.0035698417518443075,-0.009562477996819753,0.9999538858323652,-0.0008861282718378016,0.0035612064031235184,0.0009202186705959037,0.9999932354803971,162,122,162,162,162,162,162,162,221218_071229
0,0,0,0,-0.006964192589557494,0.003108743282805637,-0.0057507428394592,0.9999163953166014,0.012850754144134169,-0.0014354424337526533,-0.0128503982392239,0.9999173972247686,0.00025688973776018405,0.001438625089086021,-0.00023842225365177262,0.9999989367557759,162,130,162,162,162,162,162,162,221218_071229
0,0,0,0,-0.006801079957465844,0.0034179112958787616,-0.0063299178119748944,0.9999478978683911,0.009230588912767873,0.004358643929971152,-0.009232861745951008,0.9999572504066421,0.0005016205413876815,-0.004353827346707723,-0.0005418371626936239,0.9999903752536444,162,162,156,162,162,162,162,162,221218_071229
0,0,0,0,-0.006621540888649469,0.0035526102929447356,-0.006419052172001116,0.9999441336076436,0.009104788612895385,0.005369589181131808,-0.009099798914365437,0.999958141894782,-0.0009529522825915001,-0.0053780408493940245,0.0009040368627844476,0.9999851295864219,162,162,156,162,162,162,162,162,221218_071229
0,0,0,0,-0.006072474381369278,-0.0006317795476237231,-0.0059349084105706496,0.9999942709369135,-0.0022489056164577814,-0.0025299242832466395,0.0022539439067705315,0.9999954790252892,0.0019903933902970395,0.0025254366386485605,-0.0019960842946300543,0.9999948188952147,162,162,154,162,76,154,162,162,221218_071229
0,0,0,0,-0.005564290292823071,-0.0006124164452938619,-0.005797922921163601,0.999972869220881,-0.004289382650370328,-0.005988490514046866,0.004315778739273014,0.999980998656534,0.004401860942110959,0.005969495458727369,-0.004427586516235197,0.9999723804193842,150,126,84,18,162,18,57,57,221218_071230
0,0,0,0,-0.004933150377509396,-0.0007923092452903902,-0.0055212424093691315,0.9999099104035982,-0.00773729406391459,-0.010968379881988273,0.007794448092602712,0.9999562182303161,0.005177663706300392,0.010927838560246823,-0.005262689720317428,0.9999264405151556,152,120,90,50,162,18,18,18,221218_071230
0,0,0,0,-0.008472908702708157,-0.0005638444860678327,-0.0008693749296219133,0.9993158075504808,-0.03303802243307115,0.01662545799197802,0.03273573307059428,0.9992994580866076,0.018137388129025135,-0.017213034597709335,-0.01758073211001155,0.9996972688261253,146,88,65,18,162,18,18,18,221218_071230
0,0,0,0,-0.014426476001584865,0.004530390501600312,-0.003416500731937333,0.998868759109898,-0.020319899741630343,0.04299190329286103,0.019193892041954076,0.9994660168894938,0.026443819529941407,-0.043506282104248305,-0.025588723249517182,0.9987253980248652,162,146,114,18,162,162,120,120,221218_071230
0,0,0,0,-0.014197530715447437,0.005742974722108163,-0.0038921700803613013,0.9987721245121995,-0.01633009002901252,0.0467714812362352,0.015070254507512834,0.9995174098288002,0.02716311613576378,-0.04719248591106366,-0.0264249050853646,0.9985362255145097,162,18,162,162,162,18,90,90,221218_071230
0,0,0,0,-0.010567762360133778,0.003690397706792914,-0.0044654799183300176,0.9996452551331257,-0.0129889126496365,0.02325192546880926,0.012562549992211017,0.9997519686374451,0.018389767351571894,-0.02348502134382995,-0.018091140199883938,0.9995604856229302,138,162,162,122,162,162,123,123,221218_071230
0,0,0,0,-0.013900759518697375,0.006339435998093057,-0.004199856103423549,0.9988400295162951,-0.01473633656918596,0.04584142035762882,0.01389472330039581,0.9997300046338378,0.018624030155469987,-0.046103493363199584,-0.017965472978635814,0.9987751046558796,162,18,162,138,162,18,149,149,221218_071230
0,0,0,0,-0.010261710496474022,0.0045182493359881,-0.004299809348745798,0.9996753605130473,-0.018716649911135783,0.017287585117995795,0.018585671967484667,0.9997975726003867,0.0077062714649290594,-0.01742832122222402,-0.007382468318801258,0.9998208603449406,132,146,146,93,72,155,159,159,221218_071230
0,0,0,0,-0.006629547501038113,0.003095224815526265,-0.004657816976928464,0.999665200024025,-0.025097685539501795,-0.006292379636103137,0.02514084397578782,0.9996602701512559,0.006876208643033444,0.006117665004694296,-0.007032102223212681,0.9999565609131293,116,68,162,114,162,18,158,158,221218_071231
0,0,0,0,-0.007668379695841984,0.007155064934078803,-0.0040652597490924425,0.9995133396111242,-0.03118834215137233,-0.0006093055600871796,0.031179914820434296,0.9994550165670435,-0.010838946939638338,0.0009470222843653508,0.010814673958042323,0.9999410712516884,128,162,162,127,132,162,136,136,221218_071231
0,0,0,0,-0.0065229442845258084,0.006343429446185711,-0.00546645216251862,0.9995769972453266,-0.028645321822035108,-0.005027137926060216,0.02865661357961639,0.9995869187799464,0.002188675892003002,0.0049623659845018046,-0.002331810825030611,0.9999849686780857,90,35,160,153,143,60,162,162,221218_071231
0,0,0,0,-0.007931214263023983,0.005301730547718986,-0.005155014934141722,0.9997531145890779,-0.021688702720641072,0.004828047610866093,0.021682986429446598,0.9997641358507329,0.0012331934713849279,-0.004853655214121626,-0.001128202523080718,0.9999875845179927,162,162,152,128,162,162,140,140,221218_071231
0,0,0,0,-0.008075661302625325,0.004315807556177775,-0.004466824129313984,0.9998375347410074,-0.017792755032731828,0.0028847861912106552,0.017800876486728432,0.9998375905923695,-0.0028144688217930976,-0.002834240520500781,0.0028653632910671523,0.9999918783539605,154,18,162,142,162,18,140,140,221218_071231
0,0,0,0,-0.009495512941648535,0.0030502730128763034,-0.004629963335862353,0.999784160593749,-0.01854264361479297,0.009370303817230674,0.01849801319331104,0.9998172431472898,0.004827402329823196,-0.009458104130983214,-0.004653028382533622,0.9999444452533947,88,138,162,162,93,132,144,144,221218_071231
