0,0,0,0,0,0,0,1,0,0,0,1,0,0,0,1,162,162,82,95,162,162,95,95,221218_051957
0,0,0,0,-0.00019805613972309621,0.001499761108267661,0.0007777687345230655,0.9999833133899394,0.0002273517221236965,-0.005772456398423957,-0.0002123738012342138,0.9999966099046298,0.0025952026157054567,0.005773026853030159,-0.002593933392063981,0.9999799716346882,150,162,135,85,150,162,85,85,221218_051957
0,0,0,0,-0.0002930297508279833,0.0023452666649130816,0.001090900127503791,0.9999858070997256,-0.0013163820178057962,-0.005162628932385782,0.001317072808191935,0.9999991241560483,0.00013040841342161724,0.0051624527434380885,-0.000137206120733746,0.9999866650391654,78,154,162,91,78,154,91,91,221218_051957
0,0,0,0,-0.00024725889136439916,0.002179241846322455,0.001009205715183703,0.9999752505956946,-0.0007177892922472684,-0.006998783795090757,0.000719358026900206,0.9999997167022404,0.00022162912352865,0.006998622729339304,-0.00022665826964155106,0.9999754836524352,78,154,162,102,78,154,102,102,221218_051957
0,0,0,0,-0.0002202909219420901,0.0016066648928723115,0.0007321268977709128,0.9999993991700619,-0.0006489731569945782,-0.0008834553516472141,0.0006484726230275885,0.9999996291486604,-0.0005667325637002191,0.0008838228182377382,0.0005661593265810199,0.9999994491602698,86,127,162,162,86,127,162,162,221218_051958
0,0,0,0,-0.00023943311208546314,0.001903014751661214,0.0008903815336426257,0.9999762521880464,-0.0010983758441365146,-0.006803574829078462,0.0011066963489635418,0.9999986442440815,0.0012193166898393651,0.006802226337093202,-0.0012268172251592325,0.9999761120328601,100,92,162,162,100,92,162,162,221218_051958
0,0,0,0,-7.084024607040273e-05,0.0007808372487252413,0.000373716548046521,0.999988884873964,-0.0011570764720410256,-0.0045707004457235505,0.0011593000913775815,0.9999992109439475,0.0004838747571327717,0.004570136959087834,-0.0004891681922484998,0.9999894372255413,130,155,150,162,130,155,162,162,221218_051958
0,0,0,0,-0.00044105810642883214,0.0037919422926573354,0.0016937304648942941,0.9999136206683681,-0.0015460158571000229,-0.013052242598322989,0.001578734778359498,0.9999956366960702,0.0024968350607864984,0.013048325500825,-0.002517225415168667,0.9999116984903386,162,106,78,154,162,106,154,154,221218_051958
0,0,0,0,-6.400130600267562e-05,0.0007723536625325877,0.0002719772947553656,0.9999997622717478,0.0004962870948002112,-0.0004787019609415899,-0.0004973033627579123,0.9999976181291023,-0.0021251883415939884,0.0004776461171873342,0.0021254258964715496,0.9999976272066576,162,102,78,154,162,102,154,154,221218_051958
0,0,0,0,-5.7150542418865635e-05,0.0010474668820528166,0.0003948225982087772,0.9999452700871799,-0.0009300302481203388,-0.010420742488648969,0.0009401535166492433,0.9999990909002897,0.0009665971028564824,0.01041983405061155,-0.0009763412987782131,0.9999452354084327,162,146,86,127,162,146,127,127,221218_051958
0,0,0,0,-0.00037453294043185426,0.003369216818413401,0.0014721319385500031,0.9999174097247837,-0.0008336182175152862,-0.01282492923746458,0.0008662481939009547,0.9999964017505137,0.002538917109975644,0.012822766602613894,-0.002549816991901659,0.9999145338927536,162,90,100,92,162,90,92,92,221218_051958
0,0,0,0,-5.5398687975688476e-05,0.0006919205483164603,0.00029548080577934677,0.9999820292688076,-0.00041549861244560886,-0.005980677247708493,0.00041373214570706386,0.9999998704281038,-0.000296596505277842,0.0059807997082171795,0.00029411677679150663,0.9999820716043721,152,162,130,155,152,162,155,155,221218_051958
0,0,0,0,5.020256185103711e-05,-7.234258411514816e-05,-4.3083201470284216e-05,0.99999992188301,-0.00038892071572921896,7.053120570237093e-05,0.0003889565084384548,0.999999795237166,-0.0005081716840320687,-7.033355276512098e-05,0.0005081990779067832,0.9999998683934357,129,154,162,106,129,154,106,106,221218_051959
0,0,0,0,-0.00038459009969488145,0.0032948597902953125,0.0014621840918993545,0.9998857845151858,-0.0031890852269363633,-0.014773207500990086,0.0032223451076343608,0.9999923259823802,0.0022281086949544303,0.014765988502612397,-0.002275458583354664,0.9998883877072362,115,154,162,102,115,154,102,102,221218_051959
0,0,0,0,-0.00040887057309893504,0.0035899052878045623,0.0015391368123404137,0.9999741117350812,-0.0012425095561093915,-0.007087455794488867,0.0012469447775784602,0.999999029494817,0.0006214001500677652,0.007086676820451681,-0.0006302217290856319,0.9999746905958246,77,128,162,146,77,128,146,146,221218_051959
0,0,0,0,-2.172143099543611e-05,0.0004425936059468949,0.00021559634442402942,0.9999933888852578,-0.0016343448889493207,-0.0032482460748044636,0.0016367208998127184,0.9999983948859656,0.0007289514307288391,0.003247049502954028,-0.0007342630837858044,0.9999944587482719,139,82,162,90,139,82,90,90,221218_051959
0,0,0,0,-0.00032170910553014354,0.002597044976632157,0.0011334038701463767,0.9999591281439788,-0.000616734495942802,-0.009020070958431624,0.0006353991973741816,0.9999976628751155,0.0020665217555616493,0.009018775382146061,-0.0020721686388289794,0.9999571829872209,137,81,152,162,137,81,162,162,221218_051959
0,0,0,0,-0.0003742665205553608,0.002968204848195821,0.0012555931017015354,0.9999837270453211,0.0007789882726981518,-0.005651444224255108,-0.0007733361409116089,0.9999991987347958,0.0010022379854637967,0.005652220427586679,-0.0009978512100235549,0.9999835282129405,162,108,129,154,162,108,154,154,221218_051959
0,0,0,0,-4.724128826627538e-06,0.0002615347332839413,0.0001746333258417776,0.9999842635139603,0.00019001243268822955,-0.0056068368728510705,-0.00017724988098242998,0.9999973927038206,0.0022766572074028268,0.005607254847341129,-0.0022756275696499805,0.9999816899384915,162,120,115,154,162,120,154,154,221218_051959
0,0,0,0,0.00014381313222169845,-0.0005499128070720616,-0.000313534685349115,0.9999866990089932,-0.0029620629365796794,-0.004222320245651711,0.0029517384143054742,0.9999926439040694,-0.0024493627909505543,0.0042295443526002,0.002436867027131759,0.9999880862458619,162,142,77,128,162,142,128,128,221218_052000
0,0,0,0,-0.00017237765006727912,0.0017724241936338814,0.0006984844839695858,0.999977689866528,-3.568483167949162e-05,-0.006679707762645914,3.6927814458368567e-05,0.9999999820275763,0.00018596016470193478,0.00667970100663818,-0.00018620268291470287,0.9999776732122687,162,90,139,82,162,90,82,82,221218_052000
0,0,0,0,-0.00013002920839944032,0.0015481069832545824,0.0006876259607825341,0.999961968824012,-0.0021006576377855554,-0.008464522614639529,0.002096265669597301,0.9999976635953133,-0.0005277065056089103,0.008465611368790697,0.0005099425481437219,0.9999640360446719,162,162,137,81,162,162,81,81,221218_052000
0,0,0,0,-0.00033369684135764466,0.002552379883415501,0.001167104243388506,0.9999856456844904,0.000964010328347154,-0.005270589061886539,-0.0009618603981788262,0.9999994531855889,0.0004104303818103089,0.005270981838979633,-0.0004053549194698812,0.9999860261212867,132,154,162,108,132,154,108,108,221218_052000
0,0,0,0,-0.00012841477654521039,0.0014767376823099365,0.0005646268868172433,0.9999888379205413,5.559432039434908e-05,-0.00472450458761167,-5.329622671731831e-05,0.9999998802169541,0.00048654454066034467,0.004724531070809203,-0.0004862873115441591,0.9999887211017991,127,154,162,120,127,154,120,120,221218_052000
0,0,0,0,-6.568946166415901e-05,0.0006780225705689258,0.0003820585935072618,0.9999827926372286,-0.0012120040100685897,-0.005739814955920236,0.0012283654348631305,0.9999951904302141,0.002847847397215858,0.005736335747414115,-0.002854848983567098,0.9999794719340362,69,127,162,142,69,127,142,142,221218_052000
0,0,0,0,5.9832156002276315e-05,-9.860688486407199e-06,-1.4580303950517681e-05,0.9999854156200225,0.0004155135441658962,-0.005384783723202949,-0.000416756690472984,0.9999998867660499,-0.00022974278691988826,0.005384687652223048,0.00023198358090719513,0.9999854755557734,18,82,162,90,18,82,90,90,221218_052000
0,0,0,0,0.00014075323700879494,-0.00026056735456903013,-0.00014435326008732652,0.9999911268570049,-0.002156924782974317,-0.003618547047960658,0.0021540683695159516,0.9999973654929954,-0.0007930930132053881,0.0036202481568485623,0.0007852913782382819,0.9999931385368271,140,92,162,162,140,92,162,162,221218_052000
0,0,0,0,6.1422609658745575e-06,0.0003074095767687801,0.00021354438521814512,0.9999923961364245,0.0010833115614217789,-0.00374621213939594,-0.0010699626298406196,0.9999930783549109,0.0035634845641643593,0.00375004657347243,-0.0035594491609212482,0.999986633646854,162,110,132,154,162,110,154,154,221218_052001
0,0,0,0,-1.7317095446583997e-05,0.000529254046054195,0.00021070847116821945,0.9999832156240208,-0.0016562014050022793,-0.0055520687268957375,0.0016518256523669569,0.9999983216089349,-0.0007926230673768623,0.005553372151791,0.0007834387141465837,0.9999842730170935,162,122,127,154,162,122,154,154,221218_052001
0,0,0,0,-3.8581236750073744e-05,0.0006650553578715357,0.0003667399974405239,0.9999844686979313,0.00040122159424676676,-0.005558901343625083,-0.00038782875932591183,0.9999970204318629,0.0024101278492111764,0.005559851775837759,-0.002407934514976341,0.9999816447813441,162,135,69,127,162,135,127,127,221218_052001
0,0,0,0,-2.964227459492652e-05,0.0007726465439432673,0.0002796749915212615,0.999998958031664,-0.0012969298165217387,-0.0006339626473939195,0.0012959823607051786,0.9999980462393044,-0.0014926309974780628,0.000635897246428288,0.0014918078377954291,0.9999986850711691,162,162,18,82,162,162,82,82,221218_052001
0,0,0,0,-8.998214952068984e-05,0.0009271102443488832,0.00048464791421909403,0.9999859426838604,0.000479338956612737,-0.005280593606356899,-0.00046404534691198005,0.9999956959128825,0.0028970360070676737,0.005281959540438833,-0.0028945448476247735,0.9999818610922592,162,138,140,92,162,138,92,92,221218_052001
0,0,0,0,-0.00019298140381732165,0.001895920769021897,0.0007489977957418903,0.9999829719462168,0.001202034539914455,-0.005710598092778042,-0.001196812560549431,0.9999988626721659,0.0009177658033636345,0.005711694784151082,-0.0009109156600725181,0.9999832732477845,134,154,162,110,134,154,110,110,221218_052001
0,0,0,0,-0.0002218494459753917,0.0017746135164178334,0.0007892729404451737,0.9999906306491346,-0.0007394222498059508,-0.004265192690018212,0.0007447201193011521,0.9999989530732839,0.001240662839071603,0.004264270850966344,-0.001243827589675413,0.9999901343948534,110,154,162,122,110,154,122,122,221218_052001
0,0,0,0,-0.00024185905750859216,0.0017958292241566642,0.0008719116971767082,0.9999837437977729,0.0005642292013321385,-0.0056739567850565996,-0.0005407710092893349,0.9999913044396859,0.004135046762851262,0.005676240560955606,-0.004131911231357362,0.9999753534976101,53,130,162,135,53,130,135,135,221218_052001
0,0,0,0,-0.0001816613275322787,0.001767514111736146,0.0007906636945180789,0.9999724531340576,-0.0018576440782635695,-0.007186245997313795,0.0018661010061968874,0.9999975740351338,0.0011702952113601974,0.007184054571764253,-0.001183673234281395,0.9999734937875027,82,162,162,162,82,162,162,162,221218_052002
0,0,0,0,-4.874622267508899e-05,0.0005453886810193875,0.0002598810072772517,0.9999895000960853,0.0007520819647479023,-0.004520405988472259,-0.0007388970934640879,0.9999954704963575,0.002917707636840307,0.0045225798685689916,-0.0029143368863446028,0.9999855263511795,138,90,162,138,138,90,138,138,221218_052002
0,0,0,0,-8.824305135779476e-05,0.0016571468324759753,0.0006085794793717625,0.9999814012964685,-0.0005489870646377023,-0.006074180961590498,0.0005525025697440684,0.9999996808487077,0.0005770991195164368,0.006073862203056169,-0.0005804443868119313,0.9999813854678757,162,111,134,154,162,111,154,154,221218_052002
0,0,0,0,4.014905088534082e-05,0.00028854834513758476,0.00020028682259509711,0.9999934971003078,0.001710025429644471,-0.003175148835301685,-0.0016979571090797905,0.9999913396453791,0.0037996810255094774,0.0031816188885650043,-0.003794265050027789,0.9999877403518395,162,123,110,154,162,123,154,154,221218_052002
0,0,0,0,-0.00028137305057424067,0.00264793427208021,0.0011339776320683503,0.999968725721495,-0.0010307296974786835,-0.007841248320239576,0.0010473582775750864,0.999997211002179,0.0021168439955977685,0.007839044557043902,-0.0021249903891635514,0.9999670163541788,162,162,53,130,162,162,130,130,221218_052002
0,0,0,0,7.31016631197734e-05,-2.8678616693422754e-05,3.767848865687817e-05,0.9999942030673878,0.0009387734265076669,-0.0032730010806541958,-0.0009266291050153882,0.999992688607795,0.0037099985789408787,0.0032764599985379795,-0.0037069442142674534,0.9999877616123463,162,162,82,162,162,162,162,162,221218_052002
0,0,0,0,-0.0002554456843210373,0.0012755952915404212,0.0006799322767518934,0.9999944316850654,0.003208405546132665,-0.0009180047470602228,-0.0032003250365610805,0.9999572733418947,0.008672335919689632,0.0009457898944479428,-0.008669349715816657,0.9999619732054716,162,162,138,90,162,162,90,90,221218_052002
0,0,0,0,0.00014161728672693052,-0.003973967826670366,-0.00108517914094719,0.9999934226278367,-0.002007891702917712,0.0030204423474036817,0.0020011973750209237,0.9999955384265923,0.00221773216971328,-0.0030248818375012984,-0.0022116730815670235,0.9999929792713794,137,154,162,111,137,154,111,111,221218_052002
0,0,0,0,-0.0010614549845593957,-0.0015957245420394894,0.0014476179015003865,0.9998620915871945,-0.011648368196272126,-0.011836947463133523,0.011630892395102219,0.9999311666050356,-0.001544148304103837,0.011854119493849484,0.0014062610908320236,0.9999287486020041,82,156,162,123,82,156,123,123,221218_052003
0,0,0,0,-0.0024335689247036996,-0.00661218914456696,0.002032223879456896,0.9999128986715993,0.00379866088816548,-0.012639827752632901,-0.003619639466880871,0.9998932452565025,0.014156140030028143,0.012692252766522775,-0.014109155392038497,0.9998199030094541,102,126,162,162,102,126,162,162,221218_052003
0,0,0,0,-0.0035539549495404443,-0.015020353778948614,0.001178722498809015,0.9998517526515905,0.015191684889617741,-0.008104654820343912,-0.015172116087895487,0.9998818446291862,0.002470561545731641,0.0081412292043515,-0.002347230527746939,0.9999641048037133,58,162,162,162,58,162,162,162,221218_052003
0,0,0,0,-0.004088202833626264,-0.025640245622321478,-0.0005394866880371607,0.9996077871520705,0.02790709484221855,0.0023379312241791446,-0.027931005714410352,0.9995503220057756,0.01090929410780359,-0.002032433202627484,-0.010970316112874618,0.9999377587528437,141,86,162,162,141,86,162,162,221218_052003
0,0,0,0,-0.005519675452783562,-0.037449407088974596,-0.001778903600545556,0.9994152283988855,0.033406351575521895,0.007294992722146359,-0.03349112288051048,0.9993690565656932,0.011825120176961308,-0.006895355872330603,-0.01206252268017232,0.999903470147986,162,112,137,154,162,112,154,154,221218_052003
0,0,0,0,-0.007806450082770172,-0.042905191961482236,0.0004061266469042035,0.9998429612246774,0.017653389714359414,-0.001552649690253191,-0.017643705684665112,0.9998260693591183,0.006044061515838737,0.0016590778102942214,-0.006015717869653655,0.9999805291101082,162,125,82,156,162,125,156,156,221218_052003
0,0,0,0,-0.008135676391843039,-0.05845772939358418,-0.003198868999227056,0.9996702376509666,0.022506059811412068,0.01236500006567892,-0.022554830275594902,0.9997383130912196,0.003819027200909307,-0.012275813052429614,-0.004096658307367704,0.9999162573958953,162,162,102,126,162,162,126,126,221218_052003
0,0,0,0,-0.009772835122505596,-0.05892812728644925,-0.0012907810590827573,0.9997575030418498,0.021498553151278164,0.004769415470207065,-0.021529760374714435,0.9997464799721365,0.006591297408702863,-0.00462650297018727,-0.006692383411331933,0.9999669031895719,162,162,58,162,162,162,162,162,221218_052004
0,0,0,0,-0.010600929057507313,-0.06298409718487896,-0.0013976383898591793,0.9996366517075242,0.026100811993717977,0.0067314319604957875,-0.026101156621193656,0.9996593061032572,-3.666320470253908e-05,-0.006730095542123533,-0.0001390482766965744,0.9999773429831151,151,162,141,86,151,162,86,86,221218_052004
0,0,0,0,-0.012130478250686583,-0.06459264409850451,0.0001990980033962364,0.9997924740221358,0.0202091906120638,-0.002568560589546317,-0.020186778204118152,0.9997603391546059,0.008471023503967227,0.00273913753481491,-0.008417414583606113,0.9999608213611637,123,162,162,112,123,162,112,112,221218_052004
0,0,0,0,-0.013300643217529856,-0.06751299130710331,0.0011921272521890902,0.9996285568219812,0.027145193829161755,-0.0024262806887519594,-0.02713344562752798,0.9996205325006476,0.004750487501261123,0.002554312898090983,-0.004682889609941374,0.999985772914055,80,156,162,125,80,156,125,125,221218_052004
0,0,0,0,-0.014158166635485248,-0.07379139719225036,0.0009171482950147691,0.999780825523005,0.020618324509071428,-0.003631199660918348,-0.02057354644882452,0.9997167448338996,0.011964918939528498,0.003876867686275185,-0.011887589879788928,0.999921824496192,88,120,162,162,88,120,162,162,221218_052004
0,0,0,0,-0.014913943114198941,-0.08197262511444037,0.0003137260308559986,0.999864056276405,0.014655767214355016,-0.007554962200559562,-0.014654779657038217,0.99989259563927,0.00018606172814096512,0.0075568776420491665,-7.532012785046312e-05,0.9999714435558555,114,98,162,162,114,98,162,162,221218_052004
0,0,0,0,-0.01528705369588726,-0.08817975128712119,-0.00026073239363355594,0.9998972854317317,0.014294477082027591,0.0010423584822434819,-0.014300385360649866,0.9998803372005478,0.005900021886008363,-0.0009578960230764649,-0.005914321995787521,0.9999820514541945,138,155,151,162,138,155,162,162,221218_052004
0,0,0,0,-0.015371779932788793,-0.09454599529324459,-0.0010556259223992726,0.9998732092263087,0.01557032658070089,0.0033362256597887887,-0.015603823811618385,0.9998255970449287,0.010261392508220755,-0.0031758705796491545,-0.010312149335716787,0.9999417850165775,154,127,123,162,154,127,162,162,221218_052004
0,0,0,0,-0.016295369122222292,-0.09536116362344438,0.0005741322560620654,0.9999480558554258,0.009084705737796165,-0.004621007748551205,-0.009041571103813427,0.9999161435197507,0.009271241586953166,0.0047048467487477525,-0.009228978830109966,0.9999463437439151,162,142,80,156,162,142,156,156,221218_052005
0,0,0,0,-0.0163321612583483,-0.10229811023281732,-0.001118882609188132,0.9999820550322186,0.005978818849293483,-0.00037860098843535997,-0.00597979975288079,0.9999786227030526,-0.0026450201928804513,0.0003627787983836698,0.0026472366861753417,0.9999964302583639,162,150,88,120,162,150,120,120,221218_052005
0,0,0,0,-0.017295026845184025,-0.09902350738172805,0.0008960596975913226,0.9999507144237985,0.00833754764779083,-0.005390178341807748,-0.00828757358896535,0.9999230760940891,0.009228110236799935,0.005466703517034608,-0.009182983924404583,0.9999428923488087,162,162,114,98,162,162,98,98,221218_052005
0,0,0,0,-0.016615221245335432,-0.1048127670627923,-0.0016966859443549032,0.9999524570293141,0.008761942164927579,0.004279258175942803,-0.008806999557874052,0.9999047533607169,0.010626427689078823,-0.00418574244615133,-0.010663609902002222,0.9999343813391118,160,162,138,155,160,162,155,155,221218_052005
0,0,0,0,-0.017929439093537086,-0.10085709541626131,0.0010099303814641303,0.9998901060092755,0.01183016196442896,-0.008934381492538293,-0.01176469960743488,0.9999038213987728,0.007344371673442265,0.009020407302647346,-0.0072384542566918805,0.999933116279318,122,162,154,127,122,162,127,127,221218_052005
0,0,0,0,-0.017913963147821177,-0.10634299329554042,-0.0005797100982741776,0.9998727536791041,0.015814741235009328,0.002090552519220357,-0.015835593740228575,0.9998208758550603,0.01036581763845949,-0.0019262453271463407,-0.010397603766688818,0.9999440881443574,78,155,162,142,78,155,142,142,221218_052005
0,0,0,0,-0.017860007574656417,-0.10931101378597274,-0.0017058913194606395,0.9998468664688811,0.017488229046837757,0.0006367551844254536,-0.01749372693760556,0.9997969164806937,0.01000476454144243,-0.0004616602560812293,-0.010014371697842969,0.9999497483520386,72,122,162,150,72,122,150,150,221218_052005
0,0,0,0,-0.019184577658026114,-0.10793539840627386,0.0002597882939269214,0.9996301932541227,0.027063393892733767,-0.002655079232644253,-0.02706080439190727,0.9996332827399473,0.0010064314279211305,0.0026813430194227088,-0.0009342106630304624,0.9999959688168994,107,85,162,162,107,85,162,162,221218_052006
0,0,0,0,-0.01918006699723465,-0.10971387783232145,-0.0001282215556325239,0.9996183416406038,0.027619084959788383,0.0005976635118773358,-0.02762220820358513,0.9995999945662272,0.006071612401636319,-0.00042973206446131573,-0.006085803905968795,0.9999813889874004,145,86,160,162,145,86,162,162,221218_052006
0,0,0,0,-0.01914758088527896,-0.11037404192477784,-0.0004247743534387949,0.9994005824781252,0.034250142189278056,0.005040188726325062,-0.03430023112119942,0.9993594015375581,0.010211792375760151,-0.0046872046482994015,-0.010378550886687906,0.9999351557946533,154,126,122,162,154,126,162,162,221218_052006
0,0,0,0,-0.020148626233232103,-0.10662559907568703,0.0020698138350611073,0.999566683649897,0.029022863852035435,-0.004911039703744063,-0.028981306725341036,0.999545231267312,0.008331537149152354,0.005150611384799819,-0.008185598609889717,0.9999532324952805,162,162,78,155,162,162,155,155,221218_052006
0,0,0,0,-0.02050658798655086,-0.10677975645980897,0.002449868468343386,0.9994465616995716,0.032579020700053224,-0.006721437132812026,-0.0325177675635535,0.999430368597035,0.009029569130222214,0.007011782910754216,-0.008806005690451316,0.9999366425750145,162,151,72,122,162,151,122,122,221218_052006
0,0,0,0,-0.020559802909568187,-0.10893635308308802,0.002027092055602142,0.9995203421560551,0.030419724208888537,-0.005807408655957578,-0.030400235257501462,0.9995319715830284,0.0034151836894474384,0.005908579569633301,-0.0032369989804249166,0.9999773050050037,162,162,107,85,162,162,85,85,221218_052006
0,0,0,0,-0.02015421828840913,-0.11519932691087331,-0.0004777375226432401,0.9994532377237987,0.03269197913748099,0.004945715670139283,-0.032722857654101864,0.99944462701664,0.0062969924979169945,-0.004737107805902006,-0.0064553874898375906,0.9999679433771822,159,162,145,86,159,162,86,86,221218_052006
0,0,0,0,-0.020231804129187847,-0.11473967257577034,-0.0002709379084887553,0.999571783352615,0.02869985215620021,0.005706874055521111,-0.02872339290997183,0.9995790441850797,0.004086701087831621,-0.005587183996675048,-0.004248871880177223,0.999975364927923,122,162,154,126,122,162,126,126,221218_052006
0,0,0,0,-0.020166066055660764,-0.11494706390844578,-0.00036752026862185705,0.9995892413499509,0.028062805364080956,0.00581614412893202,-0.028087627981356222,0.9995965102550092,0.004231056651508008,-0.005695062055124896,-0.004392680400968846,0.999974134979042,105,153,162,162,105,153,162,162,221218_052007
0,0,0,0,-0.020182028216535502,-0.11465498077896985,-0.0002171754880908594,0.9996370189699295,0.026552157446123898,0.004562152986195536,-0.026573232275736377,0.9996361808342249,0.004622693325766054,-0.0044377507064911155,-0.0047422465267607915,0.9999789085108479,70,119,162,151,70,119,151,151,221218_052007
0,0,0,0,-0.019941878423708592,-0.11606948563453434,-0.0008817732946455603,0.9994648343532738,0.032125684478522994,0.0061632205841901586,-0.03216846825918508,0.9994581367519361,0.0069729857454769615,-0.005935869021533441,-0.007167515408787894,0.9999566951532572,111,87,162,162,111,87,162,162,221218_052007
0,0,0,0,-0.020210826784656716,-0.11461345005022028,-0.00012377070590696704,0.9994694121107944,0.03232650305832162,0.003986408775214681,-0.03235312758517277,0.9994533293727673,0.006805699166726828,-0.003764225067701913,-0.00693106093688274,0.9999688950182046,138,146,159,162,138,146,162,162,221218_052007
0,0,0,0,-0.020102720859242446,-0.1151651969554417,-0.0004266150713746475,0.9994632077187261,0.032400681784906786,0.004846879044029637,-0.032431937599051844,0.9994527099794445,0.006515361718009068,-0.004633124233759245,-0.006669058000835539,0.9999670283690439,154,162,122,162,154,162,162,162,221218_052007
0,0,0,0,-0.020346200861091845,-0.11371902858728888,0.0002713853011580003,0.9996519648570222,0.025956679266016233,0.004711683242272856,-0.025977884050070555,0.9996524052076298,0.004496476718721603,-0.004593331881699522,-0.004617311347752337,0.9999787906441528,162,162,105,153,162,162,153,153,221218_052007
0,0,0,0,-0.020269625831742938,-0.11425738098956639,-6.480204234549092e-06,0.9996506882469764,0.0260630113248924,0.004384167882704814,-0.026081523523094577,0.999650913204967,0.004219698945428494,-0.004272659366187405,-0.004332570732754638,0.9999814864350172,162,146,70,119,162,146,119,119,221218_052007
