0,0,0,0,0,0,0,1,0,0,0,1,0,0,0,1,162,162,83,96,162,162,96,96,221218_075426
0,0,0,0,-7.799921178387736e-05,-0.00035324647385204244,0.0003065030825873949,0.9999999255301851,0.0003726064350606273,-0.00010051899254678864,-0.00037263285141731417,0.9999998960117881,-0.0002629090571259607,0.00010042102048747929,0.0002629464942265173,0.9999999603873794,151,162,136,85,151,162,85,85,221218_075426
0,0,0,0,0.00015177442734443103,-0.0006935728371896266,0.000794977830295529,0.9999898392285886,0.0007444099399120296,-0.004446042444997714,-0.0007655189054820908,0.9999884351856894,-0.004747997017882389,0.004442456571167655,0.004751352304116208,0.9999788443916678,78,154,162,92,78,154,92,92,221218_075427
0,0,0,0,0.0011236419646545176,-0.0010501851799963324,0.0012386684815787752,0.9999041266332288,0.0029975081211828522,-0.013518597815698346,-0.003116465761039688,0.9999565364003109,-0.008787090044726137,0.013491670875003938,0.00882837784404936,0.9998700088319699,78,154,162,103,78,154,103,103,221218_075427
0,0,0,0,-0.0066505333947396855,-0.010676627007944473,0.0009108155413453667,0.9987710242347198,-0.002589437405802785,0.04949480743522488,0.0012601644842831045,0.9996381642261529,0.02686917579756241,-0.04954647449214837,-0.026773782633187432,0.9984128962653227,87,128,162,162,87,128,162,162,221218_075427
0,0,0,0,-0.0031979732755529483,-0.009447635351666817,0.002795816433843634,0.9995066513510027,0.005570271552533009,0.03090996570583153,-0.0057759548522285315,0.9999617427137057,0.006568976671746679,-0.03087219219054029,-0.006744270442380995,0.9995005865758911,100,92,162,162,100,92,162,162,221218_075427
0,0,0,0,-0.0003077793363053666,-0.012416930257502345,0.0020691190070966647,0.9995048592261581,0.03099071252643967,-0.005441701976501296,-0.03103081631725071,0.9994906872879128,-0.007446775370668062,0.005208149573747976,0.007611948623034443,0.9999574658035101,130,156,151,162,130,156,162,162,221218_075427
0,0,0,0,0.0059702992317208214,-0.014629525994556802,0.0007616126886113572,0.9985045713709305,0.03520940185547267,-0.04182007857875318,-0.0343758838072873,0.9991989925541304,0.02048589493480102,0.042507876491553256,-0.019017657578988382,0.9989151160816356,162,107,78,154,162,107,154,154,221218_075427
0,0,0,0,-0.00047679849787216066,-0.010100691390594663,0.0012466667204474313,0.9995627925149972,0.02853271769290211,0.007752924653153966,-0.028387652515522974,0.9994309665262618,-0.018217692857250996,-0.008268313266818799,0.017989640614542005,0.9998039847021424,162,103,78,154,162,103,154,154,221218_075427
0,0,0,0,0.001653817540349406,-0.008832952761007262,0.0009599872874962445,0.999235133399251,0.038200332562759266,-0.008359591657257456,-0.03826328665047224,0.9992395087050485,-0.007505007501518544,0.00806654047812881,0.007819132623805028,0.9999368940536828,162,146,87,128,162,146,128,128,221218_075427
0,0,0,0,0.002099718059167699,-0.008270056223572908,0.0008222929524976386,0.9991781376396837,0.03958545529846356,-0.008720148605674743,-0.039623644599124326,0.9992056322990044,-0.004251019951710726,0.008544943041003197,0.004593050267622517,0.9999529428116433,162,90,100,92,162,90,92,92,221218_075428
0,0,0,0,-0.0018968954668343169,-0.015375788553818714,0.0019722922710722623,0.9991258500873615,0.03636948844845367,0.020610579739640734,-0.03652253610230738,0.9993076185300822,0.007098443800743526,-0.020338142586331546,-0.007844989339345349,0.9997623798175264,152,162,130,156,152,162,156,156,221218_075428
0,0,0,0,-0.005623902013471363,-0.013629524978876262,0.0026977796591682868,0.9982783652825298,0.04765499345503316,0.03419513134409213,-0.04830864119041391,0.9986601849432434,0.01855020742372024,-0.03326530617888264,-0.020170191073163958,0.9992430048776411,129,154,162,107,129,154,107,107,221218_075428
0,0,0,0,0.0015064142548331383,-0.014182684402793577,0.0008458449234731158,0.9991953666100154,0.0400052795150927,-0.002863032657275954,-0.04003267127137877,0.9991457685215704,-0.01025273018853541,0.0024504236276712576,0.010359095344695446,0.9999433406787029,116,154,162,103,116,154,103,103,221218_075428
0,0,0,0,-0.006081053886293111,-0.02044730649677018,0.0008033790931709639,0.9981503495100881,0.048001644385324796,0.03730578921819877,-0.04876937426939595,0.9986108317442579,0.01994880588939694,-0.036296389713846765,-0.021731287567608025,0.9991047608906658,77,128,162,146,77,128,146,146,221218_075428
0,0,0,0,-0.00536001291296799,-0.020574272253223613,0.0014406217074173777,0.9981871243364907,0.04984905845971244,0.03372738026481948,-0.05024922424094434,0.9986747750752337,0.011122458883452955,-0.0331282397967485,-0.012797069942411534,0.9993691783964813,140,82,162,90,140,82,90,90,221218_075428
0,0,0,0,0.000673060221786384,-0.025801750403539825,0.0019330517983234818,0.9971365445587449,0.07349136517718928,-0.01782500350178363,-0.07324902034490072,0.9972169733380278,0.01388845221961049,0.01879607735560581,-0.012543019211381073,0.9997446574726495,137,81,152,162,137,81,162,162,221218_075428
0,0,0,0,-0.005561652261822939,-0.020534275751968867,0.002492399896013242,0.9978342492694624,0.05672295477368333,0.033306416597848894,-0.05734907298977101,0.9981891250097765,0.01815363708549644,-0.032216374905639375,-0.02002441294921404,0.9992803050565836,162,108,129,154,162,108,154,154,221218_075429
0,0,0,0,0.001353835794382835,-0.025966722955911514,0.0018124245304606545,0.9970702617022762,0.07396870204179162,-0.01948138463269315,-0.07390127765526923,0.9972568878431637,0.004159424273537703,0.019735612224429933,-0.002707539034097089,0.9998015677335709,162,120,116,154,162,120,154,154,221218_075429
0,0,0,0,0.00037904077716775786,-0.022812944124281254,0.0005324342061087672,0.9978154725492588,0.06597233413518633,-0.003454543392894388,-0.06598243188589532,0.9978165839461298,-0.0028954247528717226,0.0032559827581318855,0.0031170387921360425,0.9999898412711238,162,143,77,128,162,143,128,128,221218_075429
0,0,0,0,0.000566659635063041,-0.024322922102068878,0.0006928437139694377,0.9975420268859947,0.068954799651307,-0.012455528942139318,-0.06900258307340768,0.9976105236867858,-0.003447688874404305,0.012188032055168952,0.004298678218399011,0.999916483132565,162,90,140,82,162,90,82,82,221218_075429
0,0,0,0,-0.005124035493476592,-0.028400209625689676,0.0008051356228599982,0.9971239199302099,0.06708419163435551,0.035264706659438254,-0.06770581433334964,0.9975649209702421,0.016737716543581072,-0.03405599812763016,-0.019077203212219992,0.9992378342062168,162,162,137,81,162,162,81,81,221218_075429
0,0,0,0,-0.008829335779216449,-0.02625877243070107,0.001026239710828547,0.9960914458876914,0.06950853229056879,0.054501333636688964,-0.07117626409806908,0.9970339648957272,0.029278187671858344,-0.05230459691469417,-0.033042953607654586,0.9980843613435059,132,154,162,108,132,154,108,108,221218_075429
0,0,0,0,-0.0023337095465918584,-0.028123140358260246,0.00018764505829532707,0.997496114161884,0.07015812591113782,0.008907277955526479,-0.07015248971336802,0.997535832446056,-0.0009440196879150137,-0.00895155958232181,0.0003167882452388713,0.9999598838084718,128,154,162,120,128,154,120,120,221218_075429
0,0,0,0,-0.0049712345598526,-0.03201533144394875,0.0006143496436299967,0.9969263486625645,0.07303069812656209,0.028361461060280955,-0.07325100503520426,0.9972903079476725,0.006806756567523143,-0.0277875080505497,-0.008863340498028078,0.9995745572950309,69,128,162,143,69,128,143,143,221218_075429
0,0,0,0,-0.0048370733676336986,-0.0321939980455469,0.0016341080975418865,0.9969674447953624,0.07372007190034836,0.02492518840877752,-0.07377003943146244,0.9972746830055839,0.0010899166908553135,-0.024776910632402817,-0.0029253435900737875,0.9996887250861611,18,82,162,90,18,82,90,90,221218_075430
0,0,0,0,-9.650656912760236e-06,-0.035455824337376596,0.0020818163014001967,0.9963765631558262,0.08405760396680044,-0.012963934940598795,-0.08388752444657459,0.9963884705538721,0.013149106035795353,0.014022397655497534,-0.012013948671264374,0.9998295041662429,140,92,162,162,140,92,162,162,221218_075430
0,0,0,0,-0.0047345944061302075,-0.03194405937017952,0.002126353269001402,0.9973946978392505,0.06576565229591476,0.029642801828478168,-0.0660652024920461,0.9977725177911917,0.009240766218837647,-0.028969047996690093,-0.011175048935870898,0.9995178400306052,162,110,132,154,162,110,154,154,221218_075430
0,0,0,0,-0.0021994426672543033,-0.03700722285409164,0.002140846585050815,0.9954960423755558,0.0947403949548533,-0.003447778763773296,-0.09476345328776331,0.9954731487029369,-0.007286846536001809,0.0027418124632082918,0.007580750309815446,0.999967506816675,162,122,128,154,162,122,154,154,221218_075430
0,0,0,0,-0.0016294535274743727,-0.036125604924838184,0.0005045017077475178,0.9959472484866965,0.08987504427480214,-0.0033992129060124512,-0.08988445552405133,0.9959484718306869,-0.002725089588516733,0.003140523351749517,0.0030195818788301748,0.999990509574143,162,136,69,128,162,136,128,128,221218_075430
0,0,0,0,-0.001234461135146192,-0.03768560555050826,0.0006696157586131846,0.996183530893529,0.08712065843681434,-0.005325753471186512,-0.0871324426645868,0.9961946846987344,-0.0020217846800586778,0.005129348087467706,0.0024781145102615518,0.9999837742366983,162,162,18,82,162,162,82,82,221218_075430
0,0,0,0,-0.0052881215730035125,-0.04062231015022266,-0.0004083023030040378,0.9956649819246833,0.08976629113115919,0.024356862389805525,-0.09015067395277745,0.9958126148476846,0.01516878690198766,-0.022893225084727086,-0.017298817496402625,0.9995882408064065,162,138,140,92,162,138,92,92,221218_075430
0,0,0,0,-0.006974784355865168,-0.044815030158054325,0.0013469841071228061,0.995004787498566,0.09612152446162749,0.02694671390180759,-0.0963688542018669,0.9953132811858466,0.008032199878231972,-0.02604835493370822,-0.010588901276208824,0.9996046010173275,135,154,162,110,135,154,110,110,221218_075430
0,0,0,0,-0.002393156565889551,-0.04187566446586344,0.0013584566189698832,0.995803749119676,0.09142022373137391,-0.004151618010170951,-0.09143579096188685,0.9958039937659209,-0.0037285561571088017,0.0037933323570409285,0.00409251667658405,0.9999844308472413,111,154,162,122,111,154,122,122,221218_075431
0,0,0,0,-0.005918926467777821,-0.0460626256333998,0.001029534241498764,0.9951445088584571,0.09678982595412473,0.01786438021958946,-0.09693784875959828,0.9952613219220685,0.007612789488635006,-0.017042886103036697,-0.009307560244620955,0.9998114368997646,53,130,162,136,53,130,136,136,221218_075431
0,0,0,0,-0.006390554672312962,-0.04664751168790493,0.0006083476015355527,0.9953325958728464,0.09352992400903781,0.023773449642075443,-0.09366810067414628,0.9955920796209355,0.004764232588722527,-0.023223059856932862,-0.006968809864320497,0.9997060193776752,82,162,162,162,82,162,162,162,221218_075431
0,0,0,0,-0.0024092979953023314,-0.05069265027880243,0.0013071044706372548,0.9956036264528879,0.09345688454453763,-0.006263363719844584,-0.09337694158434193,0.9955581594333455,0.012029046763731701,0.007359740091369007,-0.011391308832553262,0.9999080319253711,138,90,162,138,138,90,138,138,221218_075431
0,0,0,0,-0.00259054651496185,-0.04968321102218953,-0.0007849533069401171,0.9942412084662254,0.10694774833607618,-0.006826310384275862,-0.1069164857186241,0.9942564556651515,0.0047922280569604484,0.00729962116814528,-0.004034785497886855,0.9999652174134798,162,112,135,154,162,112,154,154,221218_075431
0,0,0,0,-0.004791350582821055,-0.049941117788678935,0.0012948474007789534,0.9945212211733645,0.1044021083606611,0.005266916145918954,-0.10438535308368249,0.9945312423602901,-0.003362444184520647,-0.0055891589201173,0.0027942331949631968,0.9999804765911272,162,124,111,154,162,124,154,154,221218_075431
0,0,0,0,-0.0031819503735459886,-0.05209567818736682,0.0018903632744620702,0.9944686360724284,0.10482454050544872,-0.00662929680015654,-0.10485078698677937,0.9944809210496534,-0.0037430116867575376,0.006200349707560361,0.004417394713598613,0.9999710207238249,162,162,53,130,162,162,130,130,221218_075431
0,0,0,0,-0.002640886802818432,-0.05145872084256364,0.0004244119009968461,0.9946266452686473,0.1029633438356212,-0.010788250452413608,-0.10299328509801357,0.9946794927939857,-0.0022560673348780225,0.010498559251423923,0.0033550620393442403,0.9999392600615082,162,162,82,162,162,162,162,162,221218_075431
0,0,0,0,-0.005589790573944126,-0.05470196888977308,-0.0006175037956420715,0.9946477381562309,0.10269300035168348,0.011402835588681224,-0.1027228802346566,0.9947078698677615,0.0020648243113807487,-0.011130447295134599,-0.0032251049455165816,0.9999328536662353,162,162,138,90,162,162,90,90,221218_075432
0,0,0,0,-0.0010950677899131261,-0.055695058644249174,0.00144057291559746,0.9945039636863751,0.10245887557099358,-0.02154170440833539,-0.1027727682053859,0.9946062667386816,-0.0140047234726573,0.01999060598107151,0.016141653597796235,0.9996698568485691,137,154,162,112,137,154,112,112,221218_075432
0,0,0,0,-0.0016741567894040799,-0.054290851749187685,0.0010669825894479845,0.9951004879374026,0.09706905670766439,-0.01877810258323507,-0.09740032785702558,0.99508943942115,-0.017612032416680547,0.01697630819955225,0.01935473539954829,0.9996685446574417,82,156,162,124,82,156,124,124,221218_075432
0,0,0,0,-0.011248687085387607,-0.05979267664100518,-5.7446120408255474e-05,0.9938529255978884,0.1040242264479214,0.03788565153760299,-0.1045615628671313,0.9944400606224116,0.012483805512654808,-0.03637639140019326,-0.016368449566358162,0.9992040992747646,102,126,162,162,102,126,162,162,221218_075432
0,0,0,0,-0.006979336512434778,-0.06409210020019374,0.0033770765165676564,0.9946803768352903,0.10226442582829216,0.012366695145148708,-0.10224150999522079,0.9947565321603337,-0.002472925038207673,-0.012554743036020827,0.0011953804235993312,0.9999204715840868,58,162,162,162,58,162,162,162,221218_075432
0,0,0,0,-0.010872263086092376,-0.057798366021467484,-0.0010942377614837628,0.9919498175834066,0.12157670572941975,0.03542123685344313,-0.12077679095387525,0.9923915229675314,-0.023917188569487983,-0.03805950818296976,0.019446587519835797,0.9990862345517048,141,86,162,162,141,86,162,162,221218_075432
0,0,0,0,-0.0039242836876280385,-0.06500558098272624,-0.00014056073040669137,0.9924781531557424,0.12107062182252122,-0.018138909561329998,-0.12098124398817674,0.9926369589769583,0.005950317306670015,0.01872576064247655,-0.0037110920878957333,0.9998177702380949,162,112,137,154,162,112,154,154,221218_075432
0,0,0,0,-0.006502717838832675,-0.06284341947135441,-0.00039409668554524213,0.9928994444176977,0.11895286458916257,0.0009535622995205536,-0.1189441267012445,0.9928791959521642,-0.006572440084419922,-0.001728582744620639,0.006412351473317874,0.9999779466319635,162,125,82,156,162,125,156,156,221218_075432
0,0,0,0,-0.0035798966593371118,-0.06492434546204096,0.0004400006177398552,0.9919664058848758,0.12512656974076203,-0.01860083709814731,-0.12509146576862795,0.9921405456669126,0.0030434906963057356,0.018835466219283833,-0.0006922345502272338,0.9998223572333389,162,162,102,126,162,162,126,126,221218_075433
0,0,0,0,-0.0048334647297954975,-0.06549822702285024,0.0003717703579510512,0.9931442634011207,0.11665894428845329,-0.007427165741277273,-0.11669303134508649,0.9931585773010116,-0.0043332169259061295,0.006870844849036727,0.005170208016688781,0.999963029536655,162,162,58,162,162,162,162,162,221218_075433
0,0,0,0,-0.005014674159399435,-0.06992706041720353,0.0008352891574505139,0.9935278718823358,0.1128667753762379,-0.012785101060433315,-0.11298343410420249,0.9935578973866099,-0.008800463551520797,0.011709458184603184,0.010188010447098043,0.9998795392606818,152,162,141,86,152,162,86,86,221218_075433
0,0,0,0,-0.006192801196068118,-0.06926074115168046,0.00041736377413437165,0.9927443078014222,0.12011652253018426,-0.005546200783486048,-0.12015107710775744,0.9927350869574679,-0.006384809581779316,0.004738986993096904,0.007004865366699496,0.9999642362922156,124,162,162,112,124,162,112,112,221218_075433
0,0,0,0,-0.0014057488848036592,-0.06743324544629115,2.158503902649489e-05,0.9928836363521747,0.11408275172540841,-0.03416446140128837,-0.11475609999091153,0.9932225921039962,-0.01843692081384619,0.031829580251037555,0.0222262973294909,0.9992461506195879,80,156,162,125,80,156,125,125,221218_075433
0,0,0,0,-0.014808906550944814,-0.07595021559824955,-0.00024062384466405629,0.9922718513526051,0.11605835071028651,0.043897975393873474,-0.11664293050460095,0.9931131117118477,0.01098972744477137,-0.04232020529926401,-0.01602518569064409,0.9989755720972404,88,120,162,162,88,120,162,162,221218_075433
0,0,0,0,-0.00905579420594442,-0.07744616998745635,0.0012274479370210645,0.9915651231709277,0.1287465686975497,0.014930758843051386,-0.12878348265088752,0.991671549507255,0.0015337842709707097,-0.014608939295198124,-0.00344368211199113,0.999887353628488,114,98,162,162,114,98,162,162,221218_075433
0,0,0,0,-0.008853170781068703,-0.07907471197329452,-0.000427169360586066,0.9903798922475733,0.138230985456271,0.00631376998887109,-0.13820105364259563,0.9903917959712418,-0.004955728496792053,-0.0069381412323927085,0.004035484189741916,0.9999677880129908,138,156,152,162,138,156,162,162,221218_075434
0,0,0,0,-0.004612321792403645,-0.08214303940126311,-0.0008127199604414659,0.9894844802571142,0.1418085287228757,-0.028474629264696603,-0.14135401583821447,0.9898062436180953,0.017396617517369532,0.030651354565800034,-0.013188679846337106,0.9994431215367849,154,128,124,162,154,128,162,162,221218_075434
0,0,0,0,-0.0093681908722974,-0.07868513561887258,-0.0002084378310124868,0.9895173896148419,0.14436471661310185,0.003763541822172345,-0.1442899574515907,0.9894121669177582,-0.01561960734862857,-0.005978614258053849,0.014912831801035541,0.9998709234792398,162,143,80,156,162,143,156,156,221218_075434
0,0,0,0,-0.007181628011599869,-0.08031357657302807,-0.0006899206303074279,0.9878570512269063,0.15481197492538565,-0.013103387385800714,-0.15482927972131072,0.9879411914296977,-0.0003105115944595251,0.012897305232517337,0.002335529098927785,0.999914098721269,162,151,88,120,162,151,120,120,221218_075434
0,0,0,0,-0.007102585539648029,-0.079622516506761,-0.0014058226000101537,0.9885844464043934,0.1502754383719937,-0.01086668990187387,-0.15030060363570663,0.9886391551159983,-0.0015328138400538937,0.010512890851739402,0.0031485859732848145,0.9999397809529874,162,162,114,98,162,162,98,98,221218_075434
0,0,0,0,-0.01023048569859332,-0.0824149089544135,-0.0010336478379590064,0.9888532857848809,0.14858569473345387,0.009564021801606122,-0.148642779054589,0.9888753279516286,0.005559676563340965,-0.008631536790942444,-0.00691932721708956,0.9999388078695066,160,162,138,156,160,162,156,156,221218_075434
0,0,0,0,-0.010708960441020682,-0.08468048187859134,-0.0003285044239482726,0.9889325609912321,0.1480215565668709,0.010099930833572711,-0.14802779153269346,0.9889831927938766,-0.0001315491702348748,-0.010008133955727309,-0.001364977198109948,0.9999489857447595,123,162,154,128,123,162,128,128,221218_075434
0,0,0,0,-0.007234227547877739,-0.08113711406243895,-0.0017479218467626456,0.9885444548651048,0.15003578818937083,-0.016404969303398523,-0.15015269889561864,0.9886437728371216,-0.006136566201441424,0.015297966198579574,0.008529518906552794,0.9998465980026188,79,156,162,143,79,156,143,143,221218_075434
0,0,0,0,-0.013508028463904906,-0.08894492511185137,-0.00015922935139289773,0.9889598282510217,0.14615751460620416,0.024422101257797577,-0.1462694457273312,0.9892406766846464,0.0028518133043022825,-0.023742522029646912,-0.006392536010101476,0.9996976683633064,72,122,162,151,72,122,151,151,221218_075435
0,0,0,0,-0.012560058450824738,-0.08870858837995332,-0.0005327546831433438,0.9892333386291923,0.14586981146609423,0.011806771251572262,-0.1457917306561857,0.9892888966905701,-0.007228427009288152,-0.012734716989987134,0.005429271369207015,0.9999041704061368,108,85,162,162,108,85,162,162,221218_075435
0,0,0,0,-0.010586995565962334,-0.09217903055597787,0.0006167972859780768,0.9881153126646479,0.15350723107265868,-0.007978651894287097,-0.15349850980527596,0.9881474206060705,0.0016978330687291085,0.008144713942457762,-0.00045294367753144824,0.9999667286849202,145,86,160,162,145,86,162,162,221218_075435
0,0,0,0,-0.006989187601360386,-0.09361969373963264,-0.0008073702886631784,0.9876478626928537,0.15413741386894186,-0.028166593049804685,-0.1536768869481199,0.9879598186454892,0.017855283809207402,0.0305796294315936,-0.013306178556109551,0.9994437612372492,154,127,123,162,154,127,162,162,221218_075435
0,0,0,0,-0.0108569419367089,-0.0890190216739557,-0.001597161365648636,0.9878533833478029,0.15535556280746993,-0.003215915588475023,-0.15537434760908947,0.9878323545976089,-0.0067861119350536075,0.0021225252290056843,0.0072033544213451735,0.9999718028883282,162,162,79,156,162,162,156,156,221218_075435
0,0,0,0,-0.011119671395985534,-0.09565279896976797,-7.356899896693303e-05,0.9862212061613893,0.16496430197937045,-0.012430269105408098,-0.16505027401082575,0.9862654543965205,-0.006233820095025955,0.011231187226875399,0.008199544894985773,0.9999033092739469,162,152,72,122,162,152,122,122,221218_075435
0,0,0,0,-0.014148059557493944,-0.09414389576196347,-0.003142741700352225,0.9863738312205702,0.16421471323194503,0.010009647416510635,-0.1642610632042441,0.9864088175767974,0.003993459872804202,-0.009217819604665108,-0.00558323964149887,0.9999419279322384,162,162,108,85,162,162,85,85,221218_075435
0,0,0,0,-0.01405758887140389,-0.09717270166657443,-0.001166185998147773,0.9861498976969243,0.165805462276842,0.0041143591855302385,-0.16581309437243624,0.9861559210142501,0.00158656332164219,-0.0037943388070136325,-0.0022468038852395873,0.9999902773853949,160,162,145,86,160,162,86,86,221218_075435
0,0,0,0,-0.0124496712506693,-0.09605152513657622,-0.001941138063567105,0.9869074357893564,0.1612467711764026,-0.0036320750076771226,-0.16125768547030375,0.9869079482547289,-0.002942880969731097,0.0031099936394083537,0.003490051120862851,0.9999890736816762,123,162,154,127,123,162,127,127,221218_075436
0,0,0,0,-0.012592641006949831,-0.09784853473636446,-0.000669369894978844,0.9860579437257744,0.16583516587450667,-0.0137269579540669,-0.16595032988708477,0.9861039152627852,-0.007717273726842334,0.012256411614563114,0.009887672263083276,0.9998759994677103,105,153,162,162,105,153,162,162,221218_075436
0,0,0,0,-0.015413489695585106,-0.10122130593554612,-0.0012992483483393324,0.9862848772617075,0.16488730685578928,0.007370001540228926,-0.16489241371586663,0.986311555446275,8.655695063695803e-05,-0.007254845540304448,-0.0013006271544928943,0.9999728374236929,70,120,162,152,70,120,152,152,221218_075436
0,0,0,0,-0.01319284863076746,-0.10285185898113824,-0.002767966977538283,0.9858677529199977,0.16734683647606244,-0.0077336972999785475,-0.16729799178451252,0.9858843760613449,0.006586272314688687,0.00872672317326969,-0.005199361459645235,0.9999484041404684,112,88,162,162,112,88,162,162,221218_075436
0,0,0,0,-0.01286538493406876,-0.10231387242000456,-0.002997537124626415,0.9855005113778861,0.16935073191173236,-0.010443738549269015,-0.16922910915822947,0.985508415250622,0.011604830189224839,0.012257678713238579,-0.009669181514960226,0.9998781206934144,138,147,160,162,138,147,162,162,221218_075436
0,0,0,0,-0.01345778535068455,-0.1031560979846412,-0.0024488675392175807,0.985479229152173,0.1695879063905397,-0.008404220113198258,-0.16954573936667264,0.9855069504709856,0.005503892803003344,0.009215810992304205,-0.003999072323947527,0.9999495368508864,154,162,123,162,154,162,162,162,221218_075436
0,0,0,0,-0.01397136996753888,-0.10421946610241206,-0.0014266119227522855,0.9848791166591682,0.17308272325118731,-0.00744959600304507,-0.17310168547827884,0.9849019761879014,-0.001975800026793456,0.006995144975963394,0.0032354618093428937,0.9999702994257609,162,162,105,153,162,162,153,153,221218_075436
0,0,0,0,-0.01475952104261831,-0.10296292645698646,-0.0018430033636255838,0.9842172120733039,0.17693812725520838,-0.003062447072396382,-0.176950861900437,0.9842091234081184,-0.004560029924976615,0.0022072451934539473,0.005029962588716704,0.9999849136587075,162,146,70,120,162,146,120,120,221218_075437
0,0,0,0,-0.015120677214145992,-0.10178393302343935,-0.002012330590441036,0.984899085224373,0.17312939887240292,5.630517556266627e-05,-0.1731293865920961,0.984899073030939,-0.00017731622195412346,-8.615356613574378e-05,0.00016489050429131333,0.9999999826943423,162,106,112,88,162,106,88,88,221218_075437
0,0,0,0,-0.017005758598464468,-0.10110875847514922,-0.001779581497531102,0.9849737022902273,0.17163396926803107,0.019198603855055278,-0.1718557946534241,0.9850655189262961,0.010559794813714008,-0.01709946317060668,-0.01370051151483587,0.9997599233533564,124,162,138,147,124,162,147,147,221218_075437
0,0,0,0,-0.01811702453717469,-0.09961863656955594,-0.0007640880440912823,0.9841751090020032,0.17537914512594463,0.02532805313852618,-0.17562691553174634,0.9844251281092309,0.007896435140619641,-0.023548701911146656,-0.012219762764389944,0.9996480060682772,122,162,154,162,122,162,162,162,221218_075437
0,0,0,0,-0.014832998580159504,-0.10533228768397784,-0.002375697083070283,0.985017459257528,0.17245282374650844,-0.0007928049566241801,-0.1724539165478728,0.9850162554943932,-0.0016195922646355025,0.0005016225103569858,0.00173204897737258,0.9999983741892771,97,149,162,162,97,149,162,162,221218_075437
0,0,0,0,-0.015130892604682242,-0.10562029592787536,-0.0024788263967796542,0.9854563959832168,0.1699250433766129,-0.0010822426837709103,-0.16992754830206114,0.9854521501703062,-0.002947550300172307,0.0005656357671165762,0.0030885851417082914,0.99999507033685,44,122,162,146,44,122,146,146,221218_075437
0,0,0,0,-0.014230706694502285,-0.10611498874576064,-0.0022753582019718888,0.9852493823191404,0.17093067312533464,-0.00814614170458909,-0.17089775660272424,0.9852781054859232,0.004583845353622751,0.008809734837514627,-0.003124073461021278,0.9999563134142925,111,80,162,106,111,80,106,106,221218_075437
0,0,0,0,-0.013419440389634704,-0.10613904894576243,-0.0019263825476340535,0.9864138300482442,0.16378472934432206,-0.012740420839227481,-0.16361976416414653,0.9864369089564361,0.01306894882315298,0.014708115597266678,-0.010806807210284163,0.9998334282536756,146,90,124,162,146,90,162,162,221218_075437
0,0,0,0,-0.01715113227302585,-0.10579534937030333,0.000859421707015251,0.9886099148438596,0.14995806196765948,0.012767768924901755,-0.15005318128622785,0.9886542341336955,0.006844568313568926,-0.011596510608736697,-0.008682452442729105,0.9998950624746986,154,162,122,162,154,162,162,162,221218_075438
0,0,0,0,-0.015119554082816303,-0.10841633094819014,-0.0023730479037025742,0.9851760678580526,0.17151413289080725,-0.0033192677595700556,-0.17152285401273806,0.9851768454115607,-0.0025482967353012307,0.002832996835545897,0.003079851236773471,0.9999912442843135,146,162,97,149,146,162,149,149,221218_075438
0,0,0,0,-0.016237300848522998,-0.10807234875369498,-0.0035573843111116332,0.9859467100339094,0.16703038373518944,-0.003152123504105368,-0.16703109725208173,0.985951627187434,3.7379375319712845e-05,0.003114084789371938,0.0004896485754455396,0.9999950313477549,114,18,44,122,114,18,122,122,221218_075438
0,0,0,0,-0.01664745911726627,-0.11170645845905403,-0.00064648560454722,0.9863119324828985,0.16482643745409,-0.0045844692214815855,-0.16485322006070838,0.9862982929767508,-0.006252448061669044,0.0034910854279801245,0.006922628643884563,0.9999699443159248,162,162,111,80,162,162,80,80,221218_075438
0,0,0,0,-0.015367100906646322,-0.11104657629445991,0.0022190118841443063,0.9853796208081743,0.17012883708330248,-0.009120399586654688,-0.17015458397615343,0.9854151022327664,-0.002119868743350531,0.00862672868701158,0.0036407532558493123,0.9999561612730284,162,162,146,90,162,162,90,90,221218_075438
0,0,0,0,-0.01835331000721087,-0.11004651388082631,-0.002276412079566914,0.9857926797552266,0.1674343915258299,0.013361028230768653,-0.1675805332934924,0.9858004883787425,0.010684660654519739,-0.011382328499784405,-0.012771908495155748,0.9998536497664618,120,162,154,162,120,162,162,162,221218_075438
0,0,0,0,-0.0178041069391094,-0.11182062161641892,-0.0018028565753847592,0.9852935934055702,0.17086599840619426,0.001159906286404978,-0.17086484174941055,0.9852939353163183,-0.0010329002042859298,-0.0013193361541893496,0.0008195227498394739,0.9999987938665601,96,148,146,162,96,148,162,162,221218_075438
0,0,0,0,-0.02017214559462628,-0.11578720748906046,-0.0019657837999670358,0.9859217714192766,0.16680661916536385,0.01156773288488359,-0.1667161195482001,0.9859691813099942,-0.008396963123100905,-0.012806097151942046,0.006350221218332216,0.9998978340641675,100,116,114,18,100,116,18,18,221218_075438
0,0,0,0,-0.016498905563612706,-0.11720598760003453,-0.0012983548098294828,0.9872162083494338,0.15906749514539978,-0.010084144006078514,-0.1590772426831584,0.9872661257311902,-0.00016686536662779711,0.00992919092830051,0.0017688900178544588,0.9999491398044275,114,90,162,162,114,90,162,162,221218_075439
0,0,0,0,-0.019137885017896636,-0.11722507807863636,0.002009064039481201,0.9892258535500651,0.14564998100948542,0.014774765652309296,-0.14569601610099178,0.989327211733758,0.002083030342604082,-0.014313684376976383,-0.004213211963000238,0.9998886774459003,148,92,162,162,148,92,162,162,221218_075439
0,0,0,0,-0.017273772570345333,-0.11845951953432265,-0.0007643383037406748,0.9877921006753638,0.15570695373990392,-0.004702169753483544,-0.15567798294107402,0.9877896143879648,0.006003610136871329,0.005579558293434532,-0.00519829436606682,0.9999709227097228,154,162,120,162,154,162,162,162,221218_075439
0,0,0,0,-0.014503163029921565,-0.11916286850316693,-0.002219118826923494,0.9866497073458813,0.16115211861181494,-0.02350212035561652,-0.16091533333851937,0.986899421040216,0.011652821419740262,0.025072105831771736,-0.007715401312354312,0.9996558718337778,146,162,96,148,146,162,148,148,221218_075439
0,0,0,0,-0.016895444741398022,-0.12130435866181433,-0.001948460034354671,0.9866624257216632,0.16262483948340137,-0.007100651522201437,-0.16263737217164076,0.9866851547279027,-0.0012209064986228118,0.006807557722489453,0.002359453871787975,0.999974044730803,162,162,100,116,162,162,116,116,221218_075439
0,0,0,0,-0.01777209315462004,-0.12131666160248544,-0.0022381790890477204,0.9859711070599853,0.16675407454009575,-0.007352187918008816,-0.16677580610340975,0.9859918122679155,-0.002444716586779788,0.0068415306374705045,0.0036365869861648206,0.9999699838963312,158,162,114,90,158,162,90,90,221218_075439
0,0,0,0,-0.01846967145248947,-0.11944882609020024,-0.0032143899951270205,0.985575662234782,0.16922933319781827,0.0014306627459344159,-0.16922944848640487,0.9855766799630775,-4.0962732799445065e-05,-0.0014169599352425895,-0.00020173839495849185,0.9999989757625566,162,146,148,92,162,146,92,92,221218_075439
0,0,0,0,-0.019168334767784553,-0.12150594860147135,-0.0018159890771966003,0.9848637795070904,0.1732949687939163,0.0034913615860495462,-0.1732942786585421,0.9848699616951146,-0.0005015325312315329,-0.0035254502158652656,-0.00011109176333584971,0.9999937794103501,120,162,154,162,120,162,162,162,221218_075439
0,0,0,0,-0.0211232250202235,-0.1193553702090685,-0.0031338675754373213,0.9850852147618452,0.1699428159835227,0.02695475752439555,-0.17025092485077334,0.9853543344345788,0.009563377982959375,-0.024934759775557237,-0.014009814651848994,0.999590907745942,93,148,146,162,93,148,162,162,221218_075440
0,0,0,0,-0.020678221113550957,-0.12801190342851665,-0.0012676449372809873,0.9878855879335433,0.1550371260517937,0.006749422108331259,-0.15501821331360974,0.9879062871876312,-0.0032436516777338215,-0.007170682969732572,0.0021580733885768174,0.9999719616194234,88,112,162,162,88,112,162,162,221218_075440
0,0,0,0,-0.02122707915542639,-0.1261326238689725,-0.0026491510196865464,0.9853864973035982,0.17004759312219359,0.00986240361646149,-0.1699225179951017,0.985379672081224,-0.012379003485912322,-0.011823231789552094,0.010522258429099244,0.9998747387886154,117,93,158,162,117,93,162,162,221218_075440
0,0,0,0,-0.01677492982124175,-0.1276278936388784,-0.003972045687516967,0.9853467377529987,0.16904828116788773,-0.022682262534965723,-0.16871497882114325,0.9855367102368336,0.01589492676737507,0.02504121244875253,-0.011835176793853907,0.9996163595446779,151,89,162,146,151,89,146,146,221218_075440
0,0,0,0,-0.020112106852923486,-0.12690292722921326,-0.0022827803952928938,0.9859366909055635,0.1671008686254158,0.0024781506852044966,-0.1671017075686165,0.9859396540249882,0.00013397290788333795,-0.0024209200399127116,-0.0005461920165793656,0.9999969204054789,154,162,120,162,154,162,162,162,221218_075440
0,0,0,0,-0.019124381183557734,-0.12696928930503915,-0.0022657487006422228,0.9866629116176802,0.1627563677045794,-0.0025813968567193163,-0.16276556785309373,0.9866571404198872,-0.003880358219481651,0.0019154006317441967,0.004248768064191612,0.9999891395462037,146,93,93,148,146,93,148,148,221218_075440
0,0,0,0,-0.020750122506511523,-0.13093208723833005,-0.0015825974898645012,0.9834057419683055,0.18128731620482688,-0.006932218044575469,-0.18134257855154098,0.9833840533279925,-0.00840671543984772,0.005293001799040477,0.009524318529924703,0.999940633982086,162,137,88,112,162,137,112,112,221218_075440
0,0,0,0,-0.019335415431807987,-0.13171151875839882,-0.001008991214427546,0.983178155901866,0.18214652254267483,-0.013540977919480696,-0.18216561735383904,0.9832678452304034,-0.00017997237275270742,0.013281626839349575,0.002643645507833612,0.9999083005590711,156,162,117,93,156,162,93,93,221218_075441
0,0,0,0,-0.019245201168512402,-0.13325917150131028,-0.0030418878366546,0.9844181670397724,0.17450692135414334,-0.021638086827456722,-0.1746659116679485,0.9846114035126673,-0.005674801672354596,0.02031481487137322,0.009365814023081861,0.9997497636030864,162,146,151,89,162,146,89,89,221218_075441
0,0,0,0,-0.024561393588386007,-0.1346961268639011,-0.004539459172602511,0.9837257470479355,0.1789448950123736,0.016198121619221014,-0.17911903630402848,0.9837764240052058,0.010015907599699196,-0.014143034628276891,-0.012754298120247606,0.99981863477881,119,162,154,162,119,162,162,162,221218_075441
0,0,0,0,-0.02334099092372506,-0.1364262277534698,-0.0019495304648057266,0.983603842382683,0.1803272853679797,0.002356141302351738,-0.18032405412420274,0.9836060817878935,-0.001520320387216365,-0.002591670162861111,0.0010705240227893641,0.9999960686043139,85,147,146,93,85,147,93,93,221218_075441
0,0,0,0,-0.02485857778912924,-0.14011355891770894,-0.003523958763635704,0.9839368799723797,0.17826536776391258,0.009469682477008995,-0.17820332125402977,0.9839684892076623,-0.00704191312240338,-0.01057319839270563,0.0052412691580699675,0.9999303658622242,70,112,162,137,70,112,137,137,221218_075441
0,0,0,0,-0.026872673226740848,-0.14268424395419765,-0.00044155304308884924,0.9851879141794109,0.16919265903840197,0.02790372524120543,-0.1693913913686036,0.9855366699048876,0.004901918297317613,-0.026670775861046398,-0.00955596150578693,0.9995985960947875,117,86,156,162,117,86,162,162,221218_075441
0,0,0,0,-0.026938955287479235,-0.14121564039182888,-0.001815556468514834,0.9831281292993768,0.18137205123124073,0.023733107939743446,-0.1809732974847875,0.9833231244514532,-0.018008290216310008,-0.026603514387951745,0.013409397868823551,0.999556122021673,151,89,162,146,151,89,146,146,221218_075441
0,0,0,0,-0.020457703285620674,-0.1481666411710002,-0.0026670138805356958,0.982438065020581,0.18382588398498045,-0.031992073639508026,-0.183069740788367,0.9827776306790794,0.02517138543058853,0.03606824650985094,-0.018872546567847513,0.9991711107611896,154,162,119,162,154,162,162,162,221218_075441
0,0,0,0,-0.02779574298219782,-0.14712588569046736,-0.00035889173183006884,0.9840459504680239,0.17764147801911487,0.009852545593214848,-0.17751060951170425,0.984034744628444,-0.012868755760237929,-0.011981271980274936,0.010914515619930803,0.9998686526091901,162,135,85,147,162,135,147,147,221218_075442
0,0,0,0,-0.025832338093144072,-0.14790376345941225,-0.0030272575221221287,0.9858950155398237,0.16736209991994405,-0.0009725451744208239,-0.16736446556565576,0.9858892851466423,-0.003384242746239046,0.00039242789413316073,0.0034992775582494014,0.9999938005092425,162,154,70,112,162,154,112,112,221218_075442
0,0,0,0,-0.021963170732587037,-0.1459136490810019,-0.003370277113521558,0.9859979163532788,0.1658487129265467,-0.017387160998826715,-0.16597589954018813,0.9861107152975508,-0.006136607138948872,0.016127917373816168,0.008936531539712302,0.9998299998925934,160,162,117,86,160,162,86,86,221218_075442
0,0,0,0,-0.023820025530136166,-0.1461187247234238,-0.004125022445442439,0.9860065332177306,0.16653287565730554,-0.007610373004021416,-0.1665469981505211,0.9860327164615358,-0.001256771473093291,0.00729478299898253,0.0025066696618574556,0.9999702509315986,155,162,151,89,155,162,89,89,221218_075442
0,0,0,0,-0.025422404940664403,-0.14799928584210398,-0.004060504627676487,0.9860379111458315,0.16651917652142262,-0.0007756505599735483,-0.16652047648364354,0.9860357037805609,-0.0021264481265282657,0.0004107247548462888,0.0022259201696738186,0.999997438289006,117,162,154,162,117,162,162,162,221218_075442
0,0,0,0,-0.02245042958628267,-0.14839396501687885,-0.0030754134096052654,0.9868311705982772,0.1608521664535554,-0.017053483011744905,-0.16105376086059925,0.9868822684297366,-0.011183665393543717,0.015030863191815706,0.013782917186704187,0.9997920305471202,77,147,162,135,77,147,135,135,221218_075442
0,0,0,0,-0.028683043196978633,-0.15517140121938044,-0.0027626815503080104,0.9857107854129634,0.1679548922064839,0.012860859398436609,-0.1678825097315678,0.9857854326906291,-0.006522547138938447,-0.013773541548493324,0.004270231710101818,0.9998960219314578,64,112,162,154,64,112,154,154,221218_075442
0,0,0,0,-0.02791174709849638,-0.1557371067340816,-0.0023219181191333482,0.9866925278048791,0.1622138228240739,0.011159357455437778,-0.16223221622360506,0.986752316766721,0.0007572150859784125,-0.010888691068984588,-0.002557545758903075,0.9999374457267292,119,87,160,162,119,87,162,162,221218_075442
0,0,0,0,-0.023191587669060057,-0.15756580782452778,-0.004750589425804808,0.986046615397936,0.16528138085349464,-0.01985289413249099,-0.16487491398696671,0.9860988532598545,0.020623150520496722,0.022985538933515858,-0.017062143557091056,0.9995901901565327,146,80,155,162,146,80,162,162,221218_075443
0,0,0,0,-0.02555775094460798,-0.15576828298126333,-0.004027771742474318,0.9860006005935888,0.16662655602459553,-0.006197294285713378,-0.1666314378104964,0.9860192125929338,-0.00027628032489013807,0.006064615592772027,0.0013050766236370928,0.9999807584212401,154,162,117,162,154,162,162,162,221218_075443
0,0,0,0,-0.027091812977885835,-0.15519248486118853,-0.003359135502896571,0.9843323093848205,0.17632322173165485,0.00016180023243189914,-0.1763030510592151,0.9842327820650535,-0.014250084059289965,-0.0026718698241860604,0.013998292276368887,0.9998984493062223,162,136,77,147,162,136,147,147,221218_075443
0,0,0,0,-0.026880830578277407,-0.16079913548020552,-0.00283325516967442,0.982999477647596,0.18323789881518832,-0.01165758904522672,-0.18328039565099408,0.9830570280101062,-0.0026788523574826856,0.010969207563342525,0.004769918000646723,0.9999284596248372,162,151,64,112,162,151,112,112,221218_075443
0,0,0,0,-0.02784323656335276,-0.15899465153547077,-0.00403317152027477,0.9847016268881235,0.17424086311328418,0.0016815544651432074,-0.1742448689824598,0.9846988253633459,0.0026360882632440606,-0.0011965104123805434,-0.002888762638903201,0.9999951116946768,162,160,119,87,162,160,87,87,221218_075443
0,0,0,0,-0.030080887205120352,-0.16250469591081118,-0.002702144859116018,0.9832140412359361,0.18236536750159393,0.005746464348336149,-0.18239269834010777,0.9832147507533506,0.004653761193058344,-0.004801323641725571,-0.005623756487981767,0.9999726599533867,149,162,146,80,149,162,80,80,221218_075443
0,0,0,0,-0.027582045248065692,-0.16161166867914611,-0.0034140281723262222,0.9836113513346025,0.179935712044143,-0.011482554458130595,-0.17999110722883344,0.9836601857986038,-0.00397997401926981,0.010578792192652859,0.005981505314104527,0.9999261526482452,116,162,154,162,116,162,162,162,221218_075443
