0,0,0,0,0,0,0,1,0,0,0,1,0,0,0,1,180,180,68,92,180,180,92,92,221213_020708
0,0,0,0,0.00015521464049295108,-4.593677562379772e-05,-0.0007092797335851442,0.9999135810948621,-0.0011453268361168352,0.013096509782652548,0.0011668009044725938,0.9999979873200854,-0.001632155454388727,-0.013094614072127647,0.0016472954247610235,0.9999129049572696,180,150,143,83,180,150,83,83,221213_020709
0,0,0,0,0.0003185138674702548,-5.63509769602559e-05,-0.00146932981132053,0.9997807198773413,-0.0019362158622915572,0.020850976708040814,0.0021227849177909226,0.9999578795921595,-0.008929323924272375,-0.020832809357776243,0.008971628039903886,0.9997427188754995,180,180,180,84,180,180,84,84,221213_020709
0,0,0,0,-0.00012584469643311946,2.2085737971980213e-05,0.0006043272990613469,0.9999726575154619,0.00039821033788288966,-0.007384148562349412,-0.0003858081156960561,0.9999985128252935,0.0016809221571681544,0.007384806941410732,-0.0016780273321374225,0.9999713240141992,131,180,180,97,131,180,97,97,221213_020709
0,0,0,0,-3.623882415454416e-05,1.7584169425519797e-05,0.00020732447971794077,0.9999980422283603,-0.0005097753268642788,-0.0019119802725382192,0.0005032750412143082,0.999994097732607,-0.0033987077223536465,0.0019137015648596255,0.0033977388165094785,0.9999923965297213,0,150,180,155,0,150,155,155,221213_020709
0,0,0,0,0.0002817536150185318,-4.210828815220599e-05,-0.0013203230111149544,0.9998144000441178,-0.002016029970089285,0.019159882243370587,0.0022242493045818656,0.9999386374557637,-0.010852374769647111,-0.019136827831466575,0.01089297692412395,0.9997575330420267,97,87,180,180,97,87,180,180,221213_020709
0,0,0,0,0.00016313494357278469,-3.792601847471544e-05,-0.000767121693385775,0.9999080700996371,-0.0010233046407730302,0.013520510242987968,0.0010595099917799433,0.9999958718091724,-0.0026709180427347385,-0.013517721264913213,0.002684997621201603,0.9999050264898053,149,78,180,150,149,78,150,150,221213_020709
0,0,0,0,-5.7315812750924344e-06,1.3349562247990526e-05,3.9703248557176885e-05,0.9999988593420233,-0.0005737563898892189,-0.0013971822561529381,0.000568192795491245,0.9999919217006811,-0.003979156986968175,0.0013994540360442746,0.003978358579219114,0.9999911070561659,180,83,180,180,180,83,180,180,221213_020709
0,0,0,0,0.00022127669588586918,-4.344386145496357e-05,-0.0010449864118766694,0.9998401621939101,-0.0009405593454906464,0.017854002693303162,0.0010520325489891862,0.9999800073533657,-0.0062352322393159,-0.01784778113858217,0.006253018605437261,0.9998211622419028,180,99,131,180,180,99,180,180,221213_020710
0,0,0,0,0.00030235776388803925,-4.3761854624600055e-05,-0.0014301832686393068,0.9997686832436532,-0.001760292223313952,0.02143551670803189,0.001993575953833578,0.9999389700616584,-0.010866545308655627,-0.021415080204567737,0.010906765025308936,0.9997111766988076,180,180,0,150,180,180,150,150,221213_020710
0,0,0,0,0.00029793971462355184,-4.8351079552061416e-05,-0.0014152950594540359,0.9998197001931427,-0.0017435978405920102,0.01890838365020958,0.001916441950544731,0.9999565127819736,-0.009126872145728368,-0.018891647782642535,0.009161463392087349,0.9997795623199006,180,90,97,87,180,90,87,87,221213_020710
0,0,0,0,0.00030589619779719524,-3.991439602647057e-05,-0.0013878604645244375,0.9997902624544138,-0.0019940371990022883,0.020382711227483967,0.0022158262222548015,0.9999385250745173,-0.010864445956961415,-0.02035979409244537,0.010907331820750746,0.9997332188624449,180,180,149,78,180,180,78,78,221213_020710
0,0,0,0,0.0003388967266807208,-4.520775873224567e-05,-0.0015084688223613307,0.9998363736389881,-0.002006686555243919,0.01797774061183714,0.002164210607499813,0.9999594022188625,-0.00874700557576213,-0.01795945825697084,0.008784481952001166,0.9998001253930463,180,180,180,83,180,180,83,83,221213_020710
0,0,0,0,0.0002495679330757339,-3.081460978403977e-05,-0.00122287144007438,0.9997671171962514,-0.001290380673779702,0.02154173370026109,0.0014099884094701963,0.9999836705136392,-0.00553810786770699,-0.02153423566745248,0.005567191732456513,0.9997526109345415,135,180,180,99,135,180,99,99,221213_020710
0,0,0,0,0.00037360082218507173,-4.6197979603632144e-05,-0.0017409358746413028,0.9997093056394815,-0.0020154489479886255,0.024025864882749597,0.0022929350456681328,0.9999309269179837,-0.011527525398759205,-0.02400097220327615,0.011579264159727265,0.9996448739301457,34,145,180,180,34,145,180,180,221213_020710
0,0,0,0,0.00031693192433079886,-4.2514105256047374e-05,-0.001456698749964791,0.9997718413988012,-0.0020022630948353277,0.02126631346869136,0.002236854657458338,0.9999368522647719,-0.011013081497055674,-0.021242919462517176,0.011058138420115698,0.9997131868428017,129,80,180,90,129,80,90,90,221213_020710
0,0,0,0,0.00014888367399978897,-3.157308793973884e-05,-0.0007184249560115985,0.9999180325874376,-0.000768368510873304,0.012780364482253505,0.0008038009104270861,0.9999958474053208,-0.002767503606403687,-0.012778184947955011,0.0027775496299003834,0.9999144979484443,150,126,180,180,150,126,180,180,221213_020711
0,0,0,0,0.00030643132953434016,-4.2784365247360706e-05,-0.0014107748181048096,0.9997938172948848,-0.0018759458231494164,0.02021889527619948,0.002085546093063189,0.9999442576998506,-0.010350458472339693,-0.02019835132913144,0.010390491824861799,0.999741998859317,180,82,180,180,180,82,180,180,221213_020711
0,0,0,0,0.00022365572707971904,-3.508911869725198e-05,-0.0010813150616609812,0.9998419048095413,-0.001094621086719633,0.017747315050560708,0.0012535812579467496,0.9999591782186199,-0.008948208221277296,-0.017736795676138183,0.008969041254120366,0.9998024616783681,180,152,135,180,180,152,180,180,221213_020711
0,0,0,0,0.0001919367513883996,-2.7331131486063587e-05,-0.00087263947398597,0.9998928168903003,-0.00146065374811964,0.014567814585871097,0.0015818679454186239,0.9999641982463744,-0.008312636121558772,-0.014555151149454673,0.008334789506297626,0.9998593295353613,140,180,34,145,140,180,145,145,221213_020711
0,0,0,0,-1.4741025149506148e-05,2.327180832841641e-05,6.724170284444497e-05,0.99999972303141,-8.566158124884547e-05,0.0007393234718983812,8.354088007881363e-05,0.9999958838210506,0.0028679891696632605,-0.0007395661051977714,-0.002867926611586887,0.9999956140098449,144,144,129,80,144,144,80,80,221213_020711
0,0,0,0,0.00017184630273711643,-2.261192601876738e-05,-0.000807185965543411,0.9998814133482712,-0.0010152637532524968,0.015366472600237734,0.0010473427790050984,0.9999972889670868,-0.00207969506881791,-0.015364319502203459,0.002095542408859575,0.999879765966012,180,180,150,126,180,180,126,126,221213_020711
0,0,0,0,0.00033084415531781097,-4.004216106385031e-05,-0.0015065366523007162,0.9997877145056057,-0.0021424086223986697,0.020492340250738636,0.0023665738674573463,0.9999375637159759,-0.010920988869497814,-0.020467663564443284,0.01096716713889658,0.9997303616441586,180,180,180,82,180,180,82,82,221213_020711
0,0,0,0,0.00037647404076585067,-4.431165827080072e-05,-0.001651843145621723,0.9997836573697588,-0.0019882310416681234,0.020704719116004973,0.002226828920563995,0.9999313107943394,-0.01150716846459856,-0.02068041801575234,0.011550784840826,0.9997194104748865,140,180,180,152,140,180,152,152,221213_020711
0,0,0,0,0.0003138802153832554,-3.991899197674023e-05,-0.0014770058358259952,0.9997660382049512,-0.0019564344199792345,0.02154161591748054,0.0021778525792775557,0.9999449935175896,-0.010259965752876844,-0.021520358038816648,0.010304479776659697,0.9997153054177041,83,135,140,180,83,135,180,180,221213_020712
0,0,0,0,0.00022503346894239828,-3.6604206409537876e-05,-0.0010451472354202629,0.9998853903257585,-0.0016080547546535374,0.015053915537504936,0.0017247980888722807,0.9999685176213977,-0.007745246130070349,-0.015040986824570996,0.007770323414683291,0.9998566851251104,0,80,144,144,0,80,144,144,221213_020712
0,0,0,0,0.000320457659226836,-3.062919089876284e-05,-0.0014927107215112478,0.99974399017451,-0.0014659296825973913,0.022578865341613415,0.0016533632699072558,0.999964313147331,-0.008284854958558397,-0.022565914558172747,0.00832006502091817,0.9997107361723194,154,62,180,180,154,62,180,180,221213_020712
0,0,0,0,0.000262959506980992,-2.4097961181454575e-05,-0.0012273890311155222,0.9998098983395055,-0.0016541708813622897,0.019427580936432085,0.0017960786815574526,0.9999718198896093,-0.007289274863194621,-0.019414975758831582,0.007322782623893312,0.9997846946072574,180,81,180,180,180,81,180,180,221213_020712
0,0,0,0,0.00038030412893361176,-4.828385789422754e-05,-0.0018068256563337215,0.9997171488049612,-0.0021244325333967394,0.023687743068707454,0.0023505885135751774,0.9999518864343547,-0.00952363113604036,-0.023666371055104732,0.009576617502362253,0.9996740425150067,180,150,140,180,180,150,180,180,221213_020712
0,0,0,0,0.00018872221138901968,-3.0450728012405143e-05,-0.0009271759526956469,0.999888383587275,-0.001160488863767637,0.014895423217314133,0.0012233470899340223,0.999990383082003,-0.0042115514250954215,-0.01489039251072241,0.004229303619479456,0.9998801874233587,180,136,83,135,180,136,135,135,221213_020712
0,0,0,0,0.0003025022368977892,-3.940166699604661e-05,-0.0014376103991514677,0.999781253603463,-0.0015627805129472992,0.020856717386864537,0.0016809276120025546,0.9999826350260893,-0.005648373982076015,-0.020847528041722227,0.005682197052772097,0.9997665193489944,180,180,0,80,180,180,80,80,221213_020712
0,0,0,0,0.0003117184850461585,-2.4006475864542243e-05,-0.001469443864050679,0.9997532634138007,-0.002050888894158357,0.022118005068264012,0.002225790099817613,0.9999664284790525,-0.007885922474910528,-0.02210108938236956,0.007933206766028688,0.9997242650243716,180,180,154,62,180,180,62,62,221213_020712
0,0,0,0,0.00031694487021824425,-4.098802688883019e-05,-0.0015571503347552307,0.999761114041085,-0.0019252795730415903,0.02177172822478422,0.0021079693892264565,0.9999627380822561,-0.008371314836525081,-0.021754799846983613,0.008415209183601516,0.9997279194550956,83,180,180,81,83,180,81,81,221213_020713
0,0,0,0,0.0003204924599128911,-3.7334175928053354e-05,-0.0014859113278153924,0.9997726951998009,-0.0020377723119488003,0.02122275705299608,0.002269898278967581,0.999937806757407,-0.010919257254522205,-0.021199186180817862,0.010964948754643218,0.999715141629894,82,180,180,150,82,180,150,150,221213_020713
0,0,0,0,0.0003199918745784014,-2.9820034594462558e-05,-0.0014116066894704904,0.9998102077207626,-0.0016704192787348872,0.019410261121342313,0.0018015075676099718,0.9999756764356189,-0.006738034402571972,-0.01939853365203937,0.006771723307964313,0.999788898045778,79,132,180,136,79,132,136,136,221213_020713
0,0,0,0,0.00030861674931428884,-2.8711500536508783e-05,-0.001453246220931237,0.9997586276982341,-0.0018173879974494203,0.02189482687325919,0.0019777667369821035,0.9999713583916159,-0.007305534556812666,-0.021880922779383673,0.0073470740634230345,0.9997335873726706,0,0,180,180,0,0,180,180,221213_020713
0,0,0,0,0.00038990570293934157,-3.566963692873057e-05,-0.0018173636964022855,0.9997193523442534,-0.0024937601754703408,0.02355838934590782,0.0028306443596505183,0.9998940651922702,-0.014277459360310961,-0.023520289132902283,0.01434013784673588,0.9996205062150543,150,130,180,180,150,130,180,180,221213_020713
0,0,0,0,0.0003305686102895722,-3.786131690834346e-05,-0.0015632741374634884,0.9997678953219399,-0.002176619285107443,0.02143403396530918,0.0023533280246834567,0.999963425199993,-0.008222536683125066,-0.021415352687886517,0.008271069506707696,0.9997364513102783,180,101,83,180,180,101,180,180,221213_020713
0,0,0,0,0.0003902578719917893,-3.752583939283308e-05,-0.0017856287724641318,0.9997239357077863,-0.0024640855874214166,0.02336622894586638,0.0027652909942156995,0.9999133918034607,-0.012867092049702085,-0.023332499622845594,0.012928154327515168,0.9996441653343623,170,180,82,180,170,180,180,180,221213_020713
0,0,0,0,0.0003806127819119265,-4.299418225699528e-05,-0.001761003377789283,0.9997247620534963,-0.0021972113894189356,0.023357491286320482,0.0023807427259823345,0.999966490724095,-0.007832591717320956,-0.0233394987339705,0.00788604406833771,0.9996964929956488,180,166,79,132,180,166,132,132,221213_020714
0,0,0,0,0.00034590571693418615,-3.993751189609873e-05,-0.0016320658992013959,0.999773528723776,-0.0020939187498590487,0.021177978361438574,0.002319221386645616,0.9999409211861522,-0.01061957388739124,-0.02115449066671889,0.010666285279281823,0.999719319550729,180,180,0,0,180,180,0,0,221213_020714
0,0,0,0,0.00041722889285958353,-4.4930956455396104e-05,-0.0019925013295650773,0.9996468103634755,-0.0019902798443564925,0.02650081727551577,0.0022650376626078992,0.9999439555605365,-0.01034192159778913,-0.026478748733958193,0.010398294287477955,0.9995952937771341,180,180,150,130,180,180,130,130,221213_020714
0,0,0,0,0.00032505391051892984,-3.795022017859945e-05,-0.0015271168916437539,0.9997831977162093,-0.002126611136789371,0.02071316222655928,0.0022641826206135237,0.9999755205543054,-0.0066205565631451265,-0.020698575830510407,0.006666019593293502,0.9997635386136916,180,180,180,101,180,180,101,101,221213_020714
0,0,0,0,0.0003144847685299379,-3.655582604760246e-05,-0.001477215573492674,0.9997710606336565,-0.0018971306089517876,0.021312606947669267,0.0020320673301829264,0.9999780179828648,-0.006311438300885279,-0.02130016483079092,0.006353302016499141,0.9997529387462025,86,180,170,180,86,180,180,180,221213_020714
0,0,0,0,0.0003487550603560041,-3.860067295355027e-05,-0.0016551836017700827,0.9997633912657538,-0.0020078277705008964,0.021659411636581853,0.0022501675319606803,0.9999350807478117,-0.011170095610377613,-0.02163557789560987,0.011216189973019718,0.9997030053228869,61,133,180,166,61,133,166,166,221213_020714
0,0,0,0,0.00042157978037116184,-4.92593162049193e-05,-0.0019755905756922987,0.9996900637601482,-0.0020852004457562593,0.024807828569450664,0.0023388467825584437,0.9999452451392954,-0.010199829363384292,-0.024785201531517795,0.010254689776656159,0.9996402028343131,114,94,180,180,114,94,180,180,221213_020714
0,0,0,0,0.000226457612088643,-3.244743405187572e-05,-0.0010666194625373882,0.9998775686509824,-0.0015189760988704745,0.015573709263068461,0.0015836107165151958,0.9999901814254571,-0.004138747368358782,-0.015567269693111322,0.004162903348819902,0.9998701567453697,154,84,180,180,154,84,180,180,221213_020714
0,0,0,0,0.0003664456892733259,-2.6608747322177245e-05,-0.0017271877328108864,0.9996882330781868,-0.0020695119787781024,0.024882800589604206,0.0022695303400628356,0.9999653209979519,-0.008012866746575132,-0.024865354955195026,0.008066840870658398,0.9996582617081297,180,99,180,180,180,99,180,180,221213_020715
0,0,0,0,0.0003752950015394607,-4.1979078864915614e-05,-0.0017583519381464408,0.9997257926671881,-0.0017088267976102893,0.023354215613844397,0.001945843345360534,0.9999467988508541,-0.010129815477304955,-0.023335663042593782,0.010172481452659069,0.9996759312154403,170,180,86,180,170,180,180,180,221213_020715
0,0,0,0,0.0003432443095784665,-4.8546261011302855e-05,-0.0016157133016790892,0.9997850739251516,-0.0019456248599493862,0.020640264057976913,0.002079623324629839,0.9999768899501347,-0.006472614037971243,-0.020627193781664072,0.006514146879003493,0.9997660150090782,180,152,61,133,180,152,133,133,221213_020715
0,0,0,0,0.0003715440760646005,-3.840874904580474e-05,-0.0017159035126013134,0.9997433593428061,-0.0023843780307171098,0.02252843073467424,0.0026833242115411812,0.9999086299381462,-0.01324883188793749,-0.022494782086878228,0.013305882782652953,0.9996584107895247,180,180,114,94,180,180,94,94,221213_020715
0,0,0,0,0.00043961157069402623,-4.436278749410383e-05,-0.0020209976488198,0.9996725208807132,-0.0021301469167243673,0.02550124448165514,0.002464087981701074,0.999911536854345,-0.01307083532142503,-0.02547114576179111,0.013129392205831038,0.9995893355743082,180,180,154,84,180,180,84,84,221213_020715
0,0,0,0,0.0003968406612210873,-3.920248944222493e-05,-0.0018699794127200464,0.9996826884554618,-0.0022459828265491396,0.025089399426896624,0.002461971817695329,0.9999601500131852,-0.008581205065478987,-0.025069126375452035,0.0086402515443573,0.9996483806599308,180,180,180,99,180,180,99,99,221213_020715
0,0,0,0,0.00030155304926973714,-3.117769240171264e-05,-0.0014407779321838898,0.9998004239150603,-0.0019662112153522,0.019880803623640465,0.0020711925689709362,0.9999840141678287,-0.005261327792225656,-0.01987014093073759,0.005301454729753557,0.9997885136753377,99,174,170,180,99,174,180,180,221213_020715
0,0,0,0,0.00046941390470628397,-3.865380121259934e-05,-0.0021772883067227022,0.9996280900250666,-0.002690370105837384,0.027137493280141766,0.003142037159701974,0.9998570283286642,-0.01661476765588974,-0.027088913513154723,0.01669385547037444,0.9994936247691684,0,140,180,152,0,140,152,152,221213_020715
0,0,0,0,0.0003697321025209477,-2.4621697843962148e-05,-0.0017327682481823592,0.9996869972208114,-0.00197342555834184,0.024940192044221005,0.0021778524741857836,0.9999642355499642,-0.008172183280902915,-0.024923172876614646,0.008223941423774094,0.9996555417948828,117,97,180,180,117,97,180,180,221213_020716
0,0,0,0,0.0003149673174155099,-2.625286486251932e-05,-0.001499772898703844,0.9997632558057931,-0.0022914426002539727,0.02163750520301917,0.0025559928522468542,0.999922228206435,-0.01220673745181932,-0.021607851377223968,0.012259152886236758,0.999691359335156,160,80,180,180,160,80,180,180,221213_020716
0,0,0,0,0.00034218140591291135,-2.337527494358088e-05,-0.00160041126381405,0.9997148459261658,-0.0020305478694363547,0.023792934038759844,0.0022161495896207755,0.9999673034252053,-0.0077769377984093484,-0.023776364646834997,0.007827448873920055,0.9996866586727597,180,96,180,180,180,96,180,180,221213_020716
0,0,0,0,0.00040142283166524906,-3.8958855329219305e-05,-0.0018745207094228444,0.9996844834392972,-0.002086529258999221,0.025031579381973167,0.002342175668825509,0.9999453580654821,-0.010187987849969991,-0.02500895407331238,0.010243401727263672,0.9996347457632778,170,180,99,174,170,180,174,174,221213_020716
0,0,0,0,0.0003839412833017142,-3.483766427948842e-05,-0.0018024874764920318,0.9997047667501111,-0.0023112887812769063,0.024187543928133538,0.002630388257467929,0.999909822155549,-0.013169229835966812,-0.024154924854381497,0.013228964472969167,0.9996206951160286,180,180,0,140,180,180,140,140,221213_020716
0,0,0,0,0.0003823283848586323,-4.1572190499834794e-05,-0.0017816903339881174,0.9997061630516315,-0.0020393133214122584,0.024154269969531548,0.0023241687507527435,0.9999280186090914,-0.011770974475932746,-0.02412852660652792,0.011823654328173585,0.9996389425198109,180,180,117,97,180,180,97,97,221213_020716
0,0,0,0,0.0003340649776545912,-2.8963857739955357e-05,-0.0015460577984836021,0.9997430651026775,-0.0021032364597196266,0.022569452263995923,0.002303850614742485,0.9999580384646095,-0.008866430079526665,-0.02254985701611507,0.008916148630697328,0.9997059598912813,144,160,160,80,144,160,80,80,221213_020716
0,0,0,0,0.0004117479514358924,-4.1601204994783786e-05,-0.0019064147249574503,0.999682708562349,-0.0022883334597211718,0.02508477090632411,0.002587598716970119,0.999925794466381,-0.011904196472539475,-0.025055668706414118,0.011965328693939296,0.9996144478622347,180,180,180,96,180,180,96,96,221213_020717
0,0,0,0,0.00037912551393159966,-4.8419183016307904e-05,-0.00179494599969654,0.9997213708481845,-0.001814483965276403,0.023534832002082947,0.002032982443913798,0.9999550267686029,-0.009263445502849982,-0.023516965191309247,0.009308710337167082,0.9996800989616875,96,173,170,180,96,173,180,180,221213_020717
0,0,0,0,0.00036957320714212094,-2.4400598373507804e-05,-0.0017256536644358889,0.9996897724584033,-0.0021338079058871038,0.024815432816812415,0.002365078803697025,0.9999540126707487,-0.00929402743266321,-0.02479445995211952,0.009349834623540556,0.9996488460195385,36,133,180,180,36,133,180,180,221213_020717
0,0,0,0,0.00041719576892529364,-3.802807100619643e-05,-0.001954195583707352,0.9996996736782291,-0.0024499742798210415,0.024383602557250944,0.00283432894684195,0.9998720890971985,-0.015740775833026386,-0.024341919132698956,0.01580515961427506,0.9995787452234589,110,80,180,180,110,80,180,180,221213_020717
0,0,0,0,0.00042625204068696965,-3.502668377322257e-05,-0.0019819455107662476,0.9996439563656149,-0.002264458421759823,0.026586325992054707,0.0026574424088723994,0.9998876015084325,-0.014755417634103624,-0.02654992469938862,0.014820815691769573,0.9995376155606588,160,81,144,160,160,81,160,160,221213_020717
0,0,0,0,0.00037070255672899677,-3.323964221575021e-05,-0.0017204883453290076,0.9997223755683289,-0.0024320476467232974,0.02343623118721652,0.002743201559047753,0.9999084038951428,-0.01325362837397222,-0.02340185106402981,0.013314239148858285,0.9996374764896842,180,95,180,180,180,95,180,180,221213_020717
0,0,0,0,0.000443827209276243,-4.252932181693023e-05,-0.0020280370646804657,0.9996719118304233,-0.0022509132500843714,0.02551474253929885,0.0025865953671510684,0.9999104386583696,-0.01313103904621392,-0.025482900574949136,0.013192727222494675,0.9995882020745943,180,171,96,173,180,171,173,173,221213_020717
0,0,0,0,0.0004069442465954587,-3.9279293528537984e-05,-0.0019347398085960421,0.9996950179108532,-0.0022143338596643442,0.0245960950107202,0.0025076777831407678,0.9999260241356976,-0.01190200858308548,-0.024567920472729654,0.011960057764653061,0.9996266174436892,180,180,36,133,180,180,133,133,221213_020717
0,0,0,0,0.00040988372497482994,-3.859374021319972e-05,-0.0019447719739167368,0.9996776944008761,-0.0020964049381788975,0.025300442756656962,0.0023654816069046134,0.9999409142721941,-0.010610017024279994,-0.025276704969498943,0.0106664450883736,0.9996235867240536,108,110,110,80,108,110,80,80,221213_020718
0,0,0,0,0.00040543936480397225,-3.543212348564376e-05,-0.0018892979016371658,0.9997052002791085,-0.002158074910235464,0.02418378067195748,0.002391839427093265,0.9999506598863974,-0.009641415711056117,-0.024161780544126585,0.009696417144502827,0.9996610364796146,180,180,160,81,180,180,81,81,221213_020718
0,0,0,0,0.00035334017371907445,-2.7448274556456792e-05,-0.0016300002229322486,0.9997191823584997,-0.002127248285949675,0.023601509256446322,0.0023385010311707424,0.9999574206648333,-0.008926828678834,-0.02358151473886716,0.00897951402159158,0.9996815895526718,180,180,180,95,180,180,95,95,221213_020718
0,0,0,0,0.0003984297419823979,-3.8783195542693716e-05,-0.0018661205887724464,0.9997043668232564,-0.0020468845905545177,0.02422786036745252,0.002228901955905274,0.9999694796316084,-0.007488110667012672,-0.024211793625891955,0.007539898458428861,0.9996784177827657,99,170,180,171,99,170,171,171,221213_020718
0,0,0,0,0.00043239200559974655,-3.484045581296155e-05,-0.00200794731354359,0.999671138976357,-0.0024114394387606468,0.025530351692570726,0.002733908033347476,0.9999168361603753,-0.012603432464611791,-0.025497836076388062,0.012669085320496381,0.9995945951397314,82,124,180,180,82,124,180,180,221213_020718
0,0,0,0,0.00039096019782741687,-3.455469958977414e-05,-0.0018118151743271582,0.9997122312388844,-0.002343881418029053,0.023873854554069034,0.0026561416930967158,0.999911235158354,-0.013056290261797216,-0.023841132999016964,0.013115945409779676,0.9996297176221457,100,0,108,110,100,0,110,110,221213_020718
0,0,0,0,0.00039342867934144543,-2.8994320293528747e-05,-0.0018238105492870416,0.9997017058203582,-0.002395191131611279,0.02430560510063776,0.002717668569133578,0.9999086108755199,-0.01324326902757007,-0.024271663672139107,0.013305373216535481,0.9996168532923778,160,75,180,180,160,75,180,180,221213_020718
0,0,0,0,0.00038611779159661297,-3.76241698166295e-05,-0.001788699416677253,0.999723595403802,-0.0021328010291673002,0.023413328525962326,0.0024579212308312504,0.9999008395830603,-0.013866132276649264,-0.02338143314935343,0.01391984773122478,0.9996297046521886,180,94,180,180,180,94,180,180,221213_020719
0,0,0,0,0.00043801525983877543,-3.705942258970876e-05,-0.0020165995475645015,0.9996668181696233,-0.001984956017374864,0.025735434720041427,0.0023222343793872823,0.9999117258319009,-0.01308234578954487,-0.025707195064954436,0.013137750700904524,0.9995831829459784,180,173,99,170,180,173,170,170,221213_020719
0,0,0,0,0.0003194703906337082,-3.043285993389877e-05,-0.0015456009472186727,0.9997609476121274,-0.002085775463348176,0.021764585234189313,0.0022660463695945913,0.999963306557588,-0.008261390455952476,-0.02174655521112813,0.008308735110192375,0.9997289894052878,180,172,82,124,180,172,124,124,221213_020719
0,0,0,0,0.00044477136157600183,-3.985326486803664e-05,-0.0020815540471031957,0.9996641399956648,-0.002312318167675073,0.025812020289377124,0.0026222641848564626,0.9999247936382898,-0.011980433964113456,-0.025782376486130833,0.012044096151853898,0.9995950224018786,180,180,100,0,180,180,0,0,221213_020719
0,0,0,0,0.0003881387326772623,-3.7796921965073393e-05,-0.0018168341844708724,0.9997281189202175,-0.0022933985037835824,0.02320406351366451,0.002459007787041245,0.9999716926041716,-0.007111066801178468,-0.023187098157091593,0.007166192409529079,0.9997054587054143,174,160,160,75,174,160,75,75,221213_020719
0,0,0,0,0.00040813772228745493,-3.093539080158483e-05,-0.0018928468690466715,0.9996801877993982,-0.002503440970749271,0.025164556516378545,0.002788745251899056,0.9999321640893799,-0.011308851376191358,-0.02513453841390459,0.011375412205047406,0.9996193550426508,180,180,180,94,180,180,94,94,221213_020719
0,0,0,0,0.0004776373575252346,-3.422954931420891e-05,-0.0021874321185950674,0.9996327482316374,-0.0025010534501912355,0.02698357638457689,0.0029371544802477374,0.9998655211499093,-0.01613421021238896,-0.02693959514213544,0.01620753982742793,0.9995056647494901,85,170,180,173,85,170,173,173,221213_020719
0,0,0,0,0.0003768980620472706,-2.3291982681045847e-05,-0.0017384274404870226,0.9997359416968722,-0.002632204150151167,0.02282801745180316,0.002988288082206935,0.9998741824866572,-0.015578489367591482,-0.022784139523046337,0.015642592430615283,0.9996180231909807,35,130,180,172,35,130,172,172,221213_020719
0,0,0,0,0.00045269995246427497,-3.334837839096688e-05,-0.0020673486847397893,0.9996700651922265,-0.0025064673789845244,0.025563223189720354,0.002871693145162313,0.999894190630966,-0.01426046706543551,-0.025524774965695513,0.014329171773777367,0.9995714885385777,115,85,180,180,115,85,180,180,221213_020720
0,0,0,0,0.00045723018175938823,-3.4438480367961904e-05,-0.00210397621363434,0.9996466150626995,-0.002800784571757144,0.026434836853465944,0.0032195009209283728,0.9998698258333528,-0.015810319471767188,-0.0263871144217569,0.01588983932460596,0.999525504026151,160,96,174,160,160,96,160,160,221213_020720
0,0,0,0,0.00042701982711146336,-3.42561473025034e-05,-0.0019694554593917557,0.9996773676735159,-0.0023546497114317875,0.025290634355148806,0.0026131307675258298,0.9999446433207376,-0.010192244196155687,-0.025265235184758997,0.010255043583462277,0.999628181861716,180,180,180,180,180,180,180,180,221213_020720
0,0,0,0,0.0004226794975664694,-3.2022466152723666e-05,-0.001980675434839818,0.9996650104564596,-0.002347618830901875,0.025775095633380714,0.002632644430567009,0.9999357040736095,-0.01102981877077498,-0.025747544589481322,0.011093980558785976,0.9996069165141735,180,113,85,170,180,113,170,170,221213_020720
0,0,0,0,0.0004439310558680687,-3.714360500641986e-05,-0.002069759319824227,0.9996639597804808,-0.0025782642695619837,0.025793799048710715,0.0028727777980884035,0.9999310340213199,-0.011387464545571152,-0.025762660261156565,0.011457737752720843,0.9996024237574948,180,169,35,130,180,169,130,130,221213_020720
0,0,0,0,0.00042577865523604763,-3.51523433981607e-05,-0.0019743952941430054,0.9996860715903501,-0.0025773497536518654,0.024922189640957316,0.002860235648574093,0.9999318157721224,-0.011321786904005256,-0.024891310136011587,0.011389516008699401,0.999625280595084,179,180,115,85,179,180,85,85,221213_020720
0,0,0,0,0.0004633230985361392,-4.230917423749328e-05,-0.0021167469224067093,0.9996477665790311,-0.0018085843925567655,0.026477760404715875,0.002119761710596672,0.9999289654028057,-0.01172905617534785,-0.026454666579732635,0.011781051352454566,0.9995805907705422,172,180,160,96,172,180,96,96,221213_020720
0,0,0,0,0.00040732572234503106,-3.305855231948082e-05,-0.00191840960084122,0.999702234805123,-0.0021377217369586594,0.024307856166628682,0.0023191045719715966,0.9999696621690803,-0.007436161337682787,-0.024291222275267102,0.007490319568023733,0.9996768636080073,180,180,180,180,180,180,180,180,221213_020720
0,0,0,0,0.0004532450341247496,-3.957969469790476e-05,-0.0021080045596330033,0.9996357348462038,-0.002371853019400363,0.026884418010137693,0.002653784839014548,0.9999418131788943,-0.010455987879395634,-0.026858053624893824,0.010523524588283815,0.9995838636081128,75,170,180,113,75,170,113,113,221213_020721
0,0,0,0,0.0003699563739363032,-2.4717131588240793e-05,-0.0017010965874810768,0.9997402401285492,-0.002462200043090768,0.02265810757009803,0.0027939448300997646,0.9998891990370867,-0.014621337875174643,-0.022619596371215134,0.014680845340833058,0.9996363471983608,57,123,180,169,57,123,169,169,221213_020721
0,0,0,0,0.0004776653729931246,-3.9859622208905654e-05,-0.0022073921941858643,0.9996411179414139,-0.0024220784953216438,0.02667899654413919,0.002852562576068988,0.9998661649685553,-0.016109470438952958,-0.02663640755787644,0.016179792546147986,0.9995142400714331,116,50,179,180,116,50,180,180,221213_020721
0,0,0,0,0.00038342986664863243,-2.697813663287904e-05,-0.0017846022378933402,0.9997162627451947,-0.0025181852676950845,0.023686552001871745,0.0028780762805539215,0.999880754957437,-0.015172097503935692,-0.023645521345555635,0.0152359643181249,0.9996042990661823,167,79,172,180,167,79,180,180,221213_020721
0,0,0,0,0.0004689318171518797,-3.674016199894242e-05,-0.0021428321201644174,0.9996340741796952,-0.002447283506854076,0.02693934933029555,0.002825522296332429,0.9998978449616615,-0.014011283480747835,-0.02690230775705941,0.014082274122528049,0.9995388713766375,180,180,180,180,180,180,180,180,221213_020721
0,0,0,0,0.0004973602123592991,-5.286158823057316e-05,-0.0022819481126569174,0.9995887680734842,-0.001704835905912604,0.028624958967088006,0.0019293149358131957,0.9999675911779767,-0.007816286688217643,-0.028610705779690253,0.007868298942456704,0.9995596617443804,180,138,75,170,180,138,170,170,221213_020721
0,0,0,0,0.0004581988955477956,-4.046434906730331e-05,-0.0021715729226763347,0.9996231296069041,-0.002237393950197406,0.02736042439747039,0.0025503625085159,0.9999316606722679,-0.01140919086854891,-0.02733302774983456,0.011474670082901534,0.9995605221998893,180,180,57,123,180,180,123,123,221213_020721
0,0,0,0,0.0004681787853559327,-3.5335699046037256e-05,-0.002159673906658388,0.9996446281581178,-0.002503365714393136,0.02653960351470443,0.0029123239784241443,0.9998774499231509,-0.015381921343644755,-0.026497844509740884,0.015453746965618893,0.9995294122441121,180,180,116,50,180,180,50,50,221213_020722
0,0,0,0,0.0004736341002118116,-3.664594277652533e-05,-0.0022054211449603622,0.9996457290131738,-0.0025422404462626643,0.026494404677837646,0.0029326029581522176,0.9998875699925379,-0.014705346453144395,-0.026454041385192414,0.01477783434507741,0.9995407942182549,172,180,167,79,172,180,79,79,221213_020722
0,0,0,0,0.000446336130550784,-3.097573402540202e-05,-0.0020633930075962814,0.9996551941478578,-0.0025517790749513577,0.026133909710593824,0.002936483304314427,0.9998877442516791,-0.014692717961323282,-0.026093483458754747,0.014764393615727655,0.9995504703626263,180,180,180,180,180,180,180,180,221213_020722
0,0,0,0,0.00041334849714974586,-2.8005939085955917e-05,-0.0019287959922372755,0.9997119504765755,-0.0025141056624171563,0.02386829166570296,0.0027829226648576717,0.9999330017202712,-0.011235987367822152,-0.023838444071756962,0.011299174456863525,0.999651968057299,65,170,180,138,65,170,138,138,221213_020722
0,0,0,0,0.00034256735169604924,-2.6116976586585544e-05,-0.001592651670261347,0.9997378692638658,-0.002239812342111155,0.022785433952797647,0.002445447461905892,0.9999565000124447,-0.00900099269931582,-0.022764282252164935,0.009054353844101932,0.9996998580224015,0,130,180,180,0,130,180,180,221213_020722
0,0,0,0,0.0003540489155341442,-3.034184752749927e-05,-0.0016594845415124349,0.9997294921456767,-0.002131131962178171,0.0231603283807877,0.0023193230527112437,0.9999644905001887,-0.008101757789218813,-0.023142240054136908,0.008153282483624897,0.9996989350349529,120,80,180,180,120,80,180,180,221213_020722
0,0,0,0,0.0004372950740796355,-3.387564158367426e-05,-0.0020557070178007786,0.9996592030985448,-0.0021611872677492435,0.026015513256058893,0.0024424034716730683,0.9999388827972208,-0.010782640471016913,-0.02599061995536115,0.010842506160448705,0.9996033852156047,169,78,172,180,169,78,180,180,221213_020722
0,0,0,0,0.00042256366904930287,-3.422674964954908e-05,-0.0019700287691257756,0.9996718580076023,-0.0021924631129961888,0.025521939838610497,0.0024310550114597282,0.9999536012363951,-0.009321230921701487,-0.025500319197193602,0.009380217474162057,0.9996308044678188,180,180,180,180,180,180,180,180,221213_020722
0,0,0,0,0.0004317334215921398,-3.1882022540240945e-05,-0.002057514608844735,0.999656729039674,-0.002548832603234155,0.02607542018951989,0.00285792746069092,0.9999260159682377,-0.011823486817236096,-0.026043354936120686,0.011893949816970647,0.9995900547831709,180,141,65,170,180,141,170,170,221213_020723
0,0,0,0,0.0003664629663185648,-2.793796608190069e-05,-0.00171482685723634,0.999716554695098,-0.002149209475006326,0.023710570790147052,0.0023334644656055974,0.9999672760804328,-0.007746077192110287,-0.023693146944840184,0.007799209377296607,0.9996888551549123,180,180,0,130,180,180,130,130,221213_020723
0,0,0,0,0.0004349403077637537,-3.5426390651009665e-05,-0.0020254853440254683,0.9996876337632373,-0.0023971922644565064,0.024877467115966907,0.002692527344945223,0.9999262217051015,-0.011844891010736961,-0.024847237217757372,0.01190817432718962,0.9996203330199109,180,120,120,80,180,120,80,80,221213_020723
0,0,0,0,0.000480774134556855,-3.367171592853768e-05,-0.002217169842935629,0.9996184573466262,-0.0026950932089756887,0.027489565375716667,0.003142753907207088,0.9998629466872019,-0.016254566738752075,-0.02744199026728196,0.016334757867221023,0.9994899263402257,130,180,169,78,130,180,78,78,221213_020723
0,0,0,0,0.0004551578870845563,-3.6341789379078226e-05,-0.0021220569718853888,0.999660437388091,-0.002440897961318371,0.02594324455793989,0.002761197349176071,0.9999203241491597,-0.012317513654931136,-0.02591111171388728,0.012384965505924769,0.9995875283931704,180,180,180,180,180,180,180,180,221213_020723
0,0,0,0,0.0005170521457590338,-4.129636271802545e-05,-0.0023880657841083286,0.9995749698192512,-0.0025235303757282033,0.02904326953504688,0.002943115893034729,0.9998917924089474,-0.014413241899786013,-0.029003754579067384,0.014492593545130206,0.9994742352620467,43,170,180,141,43,170,141,141,221213_020723
0,0,0,0,0.0004542891115070502,-3.610578211657098e-05,-0.0021291316553583295,0.9996227033629451,-0.002272557142949777,0.027373096379266767,0.0026346301094501094,0.99990942459872,-0.0131985348748613,-0.02734062262537148,0.01326567309594859,0.9995381494829342,97,117,180,180,97,117,180,180,221213_020723
0,0,0,0,0.0003807475448531772,-2.457703250426102e-05,-0.0017596221643445542,0.9997195423594013,-0.002367301007558507,0.0235633722257394,0.002677661560009087,0.9999099696466673,-0.013148487737024164,-0.023530124378744476,0.013207894879209042,0.9996358760866783,124,78,180,120,124,78,120,120,221213_020724
0,0,0,0,0.0004412575855718692,-2.7176044583070158e-05,-0.00205544264710944,0.9996505385386104,-0.0026623000664247813,0.02630043645687112,0.002942815154303391,0.999939139268932,-0.010632854606063804,-0.02627052794355684,0.010706536156124163,0.9995975337330041,173,87,130,180,173,87,180,180,221213_020724
0,0,0,0,0.00046396976444412763,-5.845830809190003e-05,-0.002153612193946053,0.9995927162715038,-0.0013794571802129105,0.02850436238269613,0.001502797097612799,0.9999895995635124,-0.004306084728461861,-0.028498125865388198,0.004347167203276252,0.9995843931151922,180,180,180,180,180,180,180,180,221213_020724
0,0,0,0,0.00041330795005156684,-2.9003871557981703e-05,-0.0019563395324674326,0.9996263207901023,-0.002097011081461674,0.027254748726909504,0.002354784283643962,0.9999527708401896,-0.009429267203950388,-0.0272336882302095,0.00948992273678822,0.9995840472875853,180,144,43,170,180,144,170,170,221213_020724
0,0,0,0,0.00046452218723894156,-3.0149308258772822e-05,-0.0021253760346560124,0.999641089403641,-0.0027720124910970987,0.026645981360237034,0.0031729589804506643,0.999882208875728,-0.015016680895001659,-0.026601216273119486,0.015095837854955963,0.9995321360377802,180,180,97,117,180,180,117,117,221213_020724
0,0,0,0,0.0004609690041856851,-3.669675897005967e-05,-0.0021088221071260405,0.9996322759215829,-0.002015111097696725,0.027041676410679158,0.002331196820548276,0.9999292744043523,-0.011662405865369273,-0.027016262828522385,0.011721156787991032,0.9995662739540243,180,120,124,78,180,120,78,78,221213_020724
0,0,0,0,0.0004419394509931618,-3.356510628647544e-05,-0.002037837308052959,0.9996534479416318,-0.0022905626417755068,0.026224746732630963,0.0025038017637331665,0.9999640495490573,-0.008101270652031584,-0.026205247473253628,0.008164124707134224,0.9996232450641751,180,180,173,87,180,180,87,87,221213_020724
0,0,0,0,0.0004206618594248257,-3.54033922746709e-05,-0.0019280326120919566,0.9996882471475507,-0.002194898983980953,0.024871488365338066,0.002409650072033629,0.9999600493129503,-0.008607750261930067,-0.02485160158998558,0.008664998354963779,0.9996535978537371,180,180,180,180,180,180,180,180,221213_020724
0,0,0,0,0.0004915649752194884,-2.9454861827527684e-05,-0.002255451677900311,0.9996066556563311,-0.0026045617342446386,0.02792400805287206,0.00302418484368128,0.9998829857176177,-0.014995638647683203,-0.027881683478506156,0.015074187559969405,0.9994975640769772,50,168,180,144,50,168,144,144,221213_020725
0,0,0,0,0.0004382490636417602,-3.249316691924728e-05,-0.0020032928007224227,0.9996974502909536,-0.002633012733672373,0.024455574532409503,0.00302682491399791,0.9998661248529038,-0.016080133786017487,-0.024409961341753866,0.016149291488499622,0.9995715853162862,46,120,180,180,46,120,180,180,221213_020725
0,0,0,0,0.0004742303376274182,-2.9719898376787124e-05,-0.002163786538529666,0.9996297739684687,-0.002535216744970746,0.027090361234280564,0.002929165572329901,0.9998904012157647,-0.014512255015221708,-0.027050600451702874,0.014586234354108132,0.9995276418301643,125,55,180,120,125,55,120,120,221213_020725
0,0,0,0,0.00043244497203553944,-3.1761113187752515e-05,-0.0020172770389249584,0.999635180636525,-0.0022945228554277267,0.026911722327792528,0.002543090190962862,0.9999543918326093,-0.009205810499801284,-0.026889371990861246,0.009270890978948274,0.9995954242864429,173,86,180,180,173,86,180,180,221213_020725
0,0,0,0,0.00048001021659083154,-3.863363840916553e-05,-0.0022199511317334553,0.9996403058838249,-0.0021670039106567174,0.026731310228704275,0.0024291194845463965,0.9999492536171174,-0.009776991822598693,-0.026708766931886414,0.009838408642690007,0.9995948416655409,180,180,180,180,180,180,180,180,221213_020725
0,0,0,0,0.00041927954350873264,-3.163643303932123e-05,-0.0019770881149040465,0.9996529549657395,-0.0020028314068523912,0.026267057212801374,0.0022194390687775524,0.9999637538150682,-0.008219802083868523,-0.026249642254416346,0.008275247575372645,0.9996211665221387,180,171,50,168,180,171,168,168,221213_020725
0,0,0,0,0.0004883743502590576,-4.114048645504839e-05,-0.0022743170790994194,0.9996189535458097,-0.0023098907356565988,0.02750658315330005,0.0026128628923777035,0.9999362637291372,-0.01098368913063819,-0.02747945886449942,0.011051374765258299,0.999561276989216,180,175,46,120,180,175,120,120,221213_020725
0,0,0,0,0.0005084952800248899,-5.425988196386747e-05,-0.002355277012228152,0.9995461689559741,-0.0017048199475616938,0.030075732981615404,0.001926084619219691,0.9999712840416431,-0.007329480892035434,-0.03006237388288946,0.007384082952777481,0.9995207496572904,173,180,125,55,173,180,55,55,221213_020726
