0,0,0,0,0,0,0,1,0,0,0,1,0,0,0,1,162,162,83,96,162,162,96,96,221218_160340
0,0,0,0,-9.311980682610854e-05,-0.0005897259576000957,0.0003618075216427208,0.9999943369468346,-0.002893132846404262,0.0017192604787915852,0.0028900608086479657,0.9999942277113842,0.0017866427829250615,-0.0017244195496439964,-0.0017816638977426037,0.9999969260207615,162,162,134,94,162,130,83,83,221218_160340
0,0,0,0,-0.0008047038608673118,-8.580310653483192e-05,-0.004381518846272303,0.9987312076352616,0.049519040103289676,0.009156394632194583,-0.04963712977897197,0.9986806965674943,0.013153769450952068,-0.008492952532375862,-0.013591577197371304,0.9998715611450154,86,95,162,160,84,93,66,66,221218_160340
0,0,0,0,-0.0029251721907144757,0.00018986650536045868,-0.004612140841283641,0.9984246679296561,0.04408350997079932,0.0347106124723962,-0.044824532298860846,0.9987769043185363,0.02086759938442805,-0.03374824104665022,-0.022390612955769364,0.9991795217465789,162,162,102,126,162,162,128,128,221218_160340
0,0,0,0,-0.0027408763450615936,-0.003593074138572905,-0.0015295508591405271,0.9986425926877639,0.04563585332343716,0.02510659198900107,-0.046030588701267465,0.9988216954666435,0.015375485974536111,-0.024375335355132807,-0.016510286386981845,0.9995665327879603,95,162,154,162,99,162,162,162,221218_160340
0,0,0,0,-0.0007285874011881133,-0.001411895943924213,-0.0047992440208987075,0.9966137475586074,0.0820900092916747,0.004718956630507782,-0.08212994553645167,0.996580947221058,0.009004869913411269,-0.003963612413864234,-0.009361944801735257,0.999948320547698,106,83,162,162,105,83,162,162,221218_160341
0,0,0,0,0.000302575486353332,-0.0013167571388964516,-0.0049719521012718815,0.9972972168724376,0.07256571251557956,-0.01150993421332677,-0.07257481738535496,0.997362900557969,-0.000374796047126725,0.011452384030027227,0.0012091144283437416,0.9999336882725413,162,162,90,122,162,148,123,123,221218_160341
0,0,0,0,0.0006134825340304295,-0.0004327187397360488,-0.0037165949406250953,0.9973087963563634,0.07178079277988293,-0.014922549986947507,-0.07187923226737691,0.9973942723085364,-0.0061677819981521284,0.014440937603698432,0.007223804677298662,0.9998696294853197,104,154,162,142,108,154,142,142,221218_160341
0,0,0,0,-0.0011834111752373616,-0.001967770659934698,-0.0033405215089231666,0.9950732033660586,0.09836779007528929,-0.012373270324138402,-0.0983159911022854,0.995144012481693,0.004728669518035362,0.012778334648369267,-0.0034888819898770073,0.9999122670845052,112,88,162,162,112,88,162,162,221218_160341
0,0,0,0,-0.0007503593785809226,-0.002508611563064367,-0.003756289564276538,0.995933246877956,0.09005477018490401,0.0026657325589399903,-0.09005023952477703,0.9959356447086979,-0.0017736854851566409,-0.0028146269134549573,0.001526422488730624,0.9999948739417236,162,162,88,122,162,152,122,122,221218_160341
0,0,0,0,0.000142642437988727,-0.0048675898356908,-0.0035250548783584135,0.9955130152079127,0.09385096746381696,-0.012076111036054023,-0.09382741720759176,0.9955853297197607,0.0025034030733861235,0.012257745787951491,-0.0013591000334422392,0.9999239473656469,102,160,154,162,102,160,162,162,221218_160341
0,0,0,0,-0.00033779109162442034,-0.004570142853246084,-0.00432598510660781,0.9924649091108162,0.12246974041972841,0.003816656283094055,-0.12247192396520684,0.9924719191432492,0.000342859119422115,-0.0037459343186363086,-0.0008077088828997577,0.9999926577642662,115,72,156,162,117,86,162,162,221218_160341
0,0,0,0,0.0013727304634068294,-0.005722555460289325,-0.005869473657323043,0.9926265437125565,0.1203490578764681,-0.014444687103237387,-0.12029623996583469,0.9927279552796238,0.004474534212515783,0.014878150669563144,-0.0027038998840909325,0.9998856582420164,162,152,69,120,162,151,120,120,221218_160342
0,0,0,0,-0.0011733587846150945,-0.005177136124738024,-0.003878777152919899,0.9934020802317045,0.11468284057014708,-0.00039124172019064883,-0.11467912374639018,0.9933284936673662,-0.012132693241043163,-0.001002780176072221,0.01209750996210992,0.9999263196279189,72,155,162,144,72,155,144,144,221218_160342
0,0,0,0,0.0025447717729781133,-0.00546664138534958,-0.00480135749301841,0.9879343733991673,0.15439339637605437,-0.012180025117404939,-0.1544130935476837,0.9880061351959416,-0.0006880088748933353,0.011927715515905178,0.002560462974577416,0.9999255840470965,125,86,162,162,125,86,162,162,221218_160342
0,0,0,0,0.0014190953897033343,-0.007120673456554538,-0.004497251105758326,0.9915312259574771,0.12953159858390248,-0.009348418024511177,-0.1295928503963064,0.9915474565482668,-0.0062717253464853835,0.008457013504944634,0.007430099660161169,0.9999366342632001,162,162,18,106,162,162,104,104,221218_160342
0,0,0,0,0.003423507116623356,-0.008677934997362802,-0.0043596695635829685,0.9918359808109128,0.12615196212861957,-0.01862980461394106,-0.126055189620457,0.9920033191068484,0.006285224796871441,0.019273721451886473,-0.0038855285478195,0.9998066944811377,59,128,162,161,60,128,161,161,221218_160342
0,0,0,0,-6.220377188793924e-05,-0.010432657472904783,-0.004488156100415197,0.9898005720325983,0.14170211797423768,0.014674377859255265,-0.14186548952445757,0.989827463597762,0.010759887992294359,-0.013000403298628076,-0.012731931088249677,0.9998344300157086,154,95,162,146,154,94,162,162,221218_160342
0,0,0,0,0.0018655366902973064,-0.01188187918626138,-0.004345640670723183,0.9905133552777792,0.1347376796397679,-0.027000938903064122,-0.1347993448803177,0.9908728057474604,-0.0004684548984051727,0.026691377562667946,0.004103719708501687,0.9996352984205594,148,156,120,91,151,159,91,91,221218_160342
0,0,0,0,0.002678299688584851,-0.00819328885532955,-0.004928914780279958,0.991364479575867,0.13057631750186313,-0.012095203302171927,-0.13062097178442372,0.9914279146582589,-0.0029751918370790886,0.011603032593292676,0.004529386716463508,0.9999224241362983,75,146,162,136,52,146,136,136,221218_160342
0,0,0,0,0.003130465028861759,-0.012042664448275842,-0.004114031054654577,0.9876449528599686,0.15640562457921808,-0.009732815122800624,-0.15642500250221703,0.9876890381972889,-0.0012579416103072408,0.009416245664346744,0.002764855312350034,0.9999518437868348,133,86,158,162,133,86,162,162,221218_160343
0,0,0,0,0.00019919402922857765,-0.018580686701542115,-0.003110965616712702,0.9913849281966706,0.13094634500384686,0.002996477034065906,-0.13094391746999492,0.9913892796548528,-0.0009933091373763696,-0.0031007454093032747,0.0005923812663852201,0.9999950172187568,162,162,86,95,18,18,96,96,221218_160343
0,0,0,0,0.004602357990224709,-0.018601163917546848,-0.0052008394712168005,0.9901499501348766,0.1371850149974012,-0.027988353078805674,-0.13702880930806555,0.9905391677965524,0.007433873857284196,0.028743376063276593,-0.003525439132217171,0.9995806068604018,84,122,162,162,80,122,149,149,221218_160343
0,0,0,0,0.004830010774405508,-0.022131449207435816,-0.0027285382545874093,0.9907960519627345,0.13488937577836616,-0.011315463630792888,-0.13468002601856557,0.9907331589941807,0.01758119054699497,0.013582120846743909,-0.01589540724656001,0.9997814071194614,146,83,141,162,146,82,162,162,221218_160343
0,0,0,0,0.0015581581270611017,-0.02016357595089635,-0.003796411533352695,0.9934119462712702,0.11442272945635451,0.006335928446939211,-0.11433721451621862,0.9933630416985737,-0.012524726105939616,-0.007726990500770903,0.011717780127418738,0.999901488771112,160,158,120,96,162,157,96,96,221218_160343
0,0,0,0,0.00043873952743647693,-0.019043378120963794,-0.004414023083905205,0.9923564049240909,0.12277429336658206,0.012459474084825152,-0.12256173415300142,0.9923221820424288,-0.016592418387962552,-0.014400934953779544,0.01493853791000445,0.9997847034024717,41,130,162,134,56,130,134,134,221218_160343
0,0,0,0,0.008143650632454938,-0.021852450075160124,-0.0036994900330022396,0.9874387474153388,0.15594207209525454,-0.025432071356177054,-0.15620340727619567,0.9876872691485169,-0.008622871751976277,0.02377426461815798,0.012487133881820463,0.9996393628850773,138,162,144,162,138,162,162,162,221218_160343
0,0,0,0,-0.0030319983462153838,-0.017086717300664023,-0.005172830652923621,0.9887735211479382,0.1427170410686996,0.044257994366028224,-0.14156141425344732,0.9895264209471093,-0.028245853539370595,-0.0478256194029121,0.021663527787475954,0.9986207496805425,147,155,122,98,147,155,95,95,221218_160344
0,0,0,0,0.0059406420022131146,-0.023251929499469526,-0.005148916480440524,0.9905722980401419,0.13598348512382344,-0.016583549953223083,-0.13609153200879748,0.9906806346021977,-0.005565531392887006,0.015672181436245488,0.007769941940945396,0.9998469936601617,56,138,162,127,65,138,127,127,221218_160344
0,0,0,0,0.0008377661887703225,-0.02438873925225693,-0.004384437490266235,0.991141431151445,0.130781502799739,0.023127083268449828,-0.13081220337141514,0.9914071477054962,-0.00018688918351981055,-0.02295279730619912,-0.0028400711070797314,0.9997325157720576,138,90,162,138,137,89,138,138,221218_160344
0,0,0,0,0.0016274579939395128,-0.023993056462369267,-0.004123458121377266,0.9916436565062594,0.1284195309479743,0.012299698451477195,-0.12851207116942182,0.9916828751547674,0.007051431664481629,-0.0112918587770331,-0.00857316720212926,0.9998994923138443,162,162,84,110,162,162,114,114,221218_160344
0,0,0,0,0.004584338359146525,-0.027768871123692196,-0.003287148154318076,0.991346513892299,0.13024711246658505,-0.01636395696954856,-0.12989494941074226,0.9913052292093657,0.021005824424369438,0.018957624090724778,-0.018698455451813534,0.999645425264654,96,162,162,95,124,162,96,96,221218_160344
0,0,0,0,-0.00411672231516412,-0.02797178765656938,-0.004962404341321502,0.9855810207077803,0.16228038436025685,0.0479074991258765,-0.1630970404076004,0.9865158202653036,0.013634213455755734,-0.04504894039697355,-0.021251193335031553,0.9987587194868173,127,84,162,162,128,73,162,162,221218_160344
0,0,0,0,-0.002901653916552255,-0.03061248498586755,-0.0029650428614698687,0.9868761460211243,0.1573541633080024,0.03626485494427979,-0.1575133734561314,0.9875156253042643,0.0015578711104356586,-0.03556697340174454,-0.007249625477635295,0.9993409995259241,162,136,83,130,162,135,130,130,221218_160344
0,0,0,0,0.00011782261870625643,-0.032616634917503884,-0.003420721803398419,0.9858491173906624,0.1673152930200189,0.010349418422138408,-0.16722191529794542,0.9858752545020978,-0.009317381848458565,-0.011762175995028667,0.007454883100924847,0.999903033265633,162,162,162,162,162,162,162,162,221218_160344
0,0,0,0,0.004805616422150896,-0.033231483186248356,-0.004137726641625095,0.9789613399283085,0.2028127172479135,-0.02239858585464049,-0.20274280926466354,0.9792172818996835,0.0053729061471848505,0.02302277605420642,-0.0007187151814322162,0.9997346824189133,104,88,162,162,18,158,162,162,221218_160345
0,0,0,0,0.0025091588398136883,-0.03326552108519398,-0.0054858578529113355,0.9807016760904552,0.19548226268182722,-0.003302648961509762,-0.1954939226982751,0.9806980110735558,-0.003679302163712205,0.0025196629557742664,0.0042539455995765025,0.9999877775480184,162,162,64,129,162,162,130,130,221218_160345
0,0,0,0,0.0028756665592289676,-0.03264899126256726,-0.004950583943362452,0.9823691878984598,0.1867736799612966,-0.008146848558499658,-0.18677871335151153,0.9824020007714019,0.0001453241168326342,0.008030623043939672,0.0013788959569909338,0.999966803318723,72,154,162,124,72,155,126,126,221218_160345
0,0,0,0,-0.000189002965857471,-0.03220298461562776,-0.004404493174724133,0.9752922347574691,0.2202509522239325,0.017163183452735823,-0.220225755343005,0.9754431162592357,-0.003368029998913768,-0.01748352096644505,-0.0004949615355984701,0.9998470290537919,131,91,162,162,133,86,162,162,221218_160345
0,0,0,0,0.0023411802751080873,-0.03643157030477906,-0.0031687238699493747,0.9821768715292785,0.18782805535201533,0.007015315790462064,-0.1878370177711956,0.982200005618242,0.0006353883449521003,-0.0067710994515798465,-0.001941799733654816,0.99997519050525,162,82,88,88,162,82,96,96,221218_160345
0,0,0,0,0.005194725194029956,-0.03833331189076461,-0.004833271054510813,0.981940959582541,0.1887212521284243,-0.013275574910235578,-0.18859851659666382,0.9820036683192537,0.009969701352925138,0.014918157783568926,-0.0072859043782044965,0.9998621725846698,93,101,162,153,88,102,162,162,221218_160345
0,0,0,0,0.002847934356542056,-0.03805846559175863,-0.0033835714504111825,0.9815366853516809,0.19121554120733936,0.004727801774521514,-0.19126161481079768,0.9814544186152521,0.01289259014172942,-0.002174858340425911,-0.013558797195211452,0.9999057100596126,162,119,79,146,162,121,156,156,221218_160345
0,0,0,0,0.005054419589003739,-0.03987795463601629,-0.004529138486099982,0.9772513691220387,0.21125495621392254,-0.018737796672885235,-0.21121462062043575,0.9774309886264372,0.004128741807100786,0.01918712029633709,-7.712196821483733e-05,0.9998159072884046,162,162,162,96,162,162,116,116,221218_160345
0,0,0,0,0.007181727642506769,-0.04218953548904947,-0.002057104640603935,0.9770150579941265,0.2098596180421804,-0.037423484176675605,-0.2098540781776962,0.97772403495032,0.004120358316176645,0.03745453677354857,0.0038278186548576744,0.999291001400205,91,123,162,162,91,123,162,162,221218_160346
0,0,0,0,0.00801611999247065,-0.040260465351211305,-0.003259293465666724,0.9739755359971741,0.22494931557310277,-0.027739154677254334,-0.2251348299695654,0.9743205321526576,-0.003716040949265313,0.026190907078428586,0.009864382847111249,0.9996082884497579,162,108,140,158,162,108,146,146,221218_160346
0,0,0,0,-0.0010906163481086972,-0.03607513237623394,-0.005108357350197712,0.9731610587359484,0.22737408374106674,0.03547646829714609,-0.22617308352492282,0.9734625436372253,-0.03487710458411134,-0.042465162766158845,0.025917217795378516,0.9987617372391628,162,162,162,162,162,162,162,162,221218_160346
0,0,0,0,0.003733005753159907,-0.043566900401683095,-0.003951452685911183,0.9717575434747201,0.23593231201641754,-0.004818801361826191,-0.23590812897869454,0.9717620047732405,0.005095170346831953,0.0058848433920178364,-0.003814475806634543,0.9999754088939246,104,128,122,27,92,123,162,162,221218_160346
0,0,0,0,0.0019005602104140845,-0.04259527578474409,-0.004968512598373109,0.9739288624034661,0.22685093066591033,0.0011073542799537755,-0.22684223314501006,0.9739172528272322,-0.005271233939119721,-0.002274255763086098,0.00488261215604178,0.9999854938244142,162,109,162,146,162,109,146,146,221218_160346
0,0,0,0,0.003150259922507101,-0.0407309951763537,-0.004457613631710544,0.9755616290610332,0.21948164477270424,-0.01035932003809361,-0.2195876841016958,0.9755359351488468,-0.010530347768169666,0.007794670912681459,0.012547782319328068,0.9998908921798566,162,162,162,162,162,162,162,162,221218_160346
0,0,0,0,0.00613715246392349,-0.03938477192962686,-0.0034381782148789064,0.977891874361958,0.20752296341649576,-0.025723563355240984,-0.2077063401584574,0.9781801976953984,-0.0046451151297898195,0.024198312231115012,0.009885367541247761,0.9996583022181829,48,130,162,134,63,129,134,134,221218_160346
0,0,0,0,0.003784120966021487,-0.042267406882813496,-0.005179298439153324,0.9760741719514762,0.21704811248073574,-0.013012598425719404,-0.21697923738749808,0.97615453335128,0.006506731935756647,0.014114580829019875,-0.00352758930346185,0.9998941617599971,158,102,162,146,158,100,146,146,221218_160346
0,0,0,0,0.0021207646410190684,-0.040598745277104276,-0.004196236116597085,0.9780442986734681,0.2083874985908609,0.0020000658407710865,-0.208396930759927,0.9780105805409606,0.008125490740613382,-0.00026283486379300185,-0.008363897475315348,0.9999649874554893,148,162,146,112,149,146,119,119,221218_160347
0,0,0,0,0.0049430300194924365,-0.04394172014315445,-0.004173824765668743,0.9767555654313652,0.2132289532949645,-0.021954017299495043,-0.2127851120181996,0.9768752670860321,0.020909535121440156,0.025904854800884624,-0.01575201677012723,0.9995403005709266,70,128,162,134,62,128,161,161,221218_160347
0,0,0,0,-0.001727386260510208,-0.04668719790609965,-0.0022103437211002386,0.9685303891216577,0.24779203230788252,0.02340927321765738,-0.24784724303878805,0.9687989636859354,-0.0005586404284983958,-0.02281730628101433,-0.005260863596946062,0.9997258093338854,160,104,162,146,160,103,162,162,221218_160347
0,0,0,0,0.005562291069175579,-0.048339636852576695,-0.004665817468524958,0.9664606217250763,0.2550752820546396,-0.029840696029498417,-0.2545772856744637,0.9668556921575381,0.01950579814284601,0.033827093777050836,-0.011254822402552449,0.9993643263091221,162,162,162,89,144,162,85,85,221218_160347
0,0,0,0,0.0020548688073603605,-0.04691472088462101,-0.004288563965011372,0.9682912420908661,0.2496724209326365,-0.008703603607859194,-0.24964992779571596,0.9683294691617111,0.0035989866061880743,0.009326523560263414,-0.0013120131989100945,0.9999556463061976,64,145,138,162,104,144,162,162,221218_160347
0,0,0,0,-0.0005526917786164987,-0.04911355002327045,-0.0038183352407527016,0.960772009563263,0.27729774016729314,0.0048071756655884805,-0.27730109759388955,0.9607830661334291,3.323356336902313e-05,-0.004609437383406063,-0.0013649649658577282,0.9999884449120651,152,114,120,160,138,162,162,162,221218_160347
0,0,0,0,-0.0012664753257456973,-0.049401133791394436,-0.003164590858029226,0.9659064753907479,0.258856013695301,0.004271413349140977,-0.258771005469817,0.965829229376911,-0.014541884655785037,-0.007889710156964422,0.012940782626273586,0.9998851377126567,140,162,154,162,137,162,107,107,221218_160347
0,0,0,0,-0.0007157017226346318,-0.05285251992979079,-0.004842459340299365,0.9644322548988898,0.2642853407056682,-0.004866661970137856,-0.26430047691014225,0.964436394247128,-0.0027747714624039117,0.003960254501177685,0.003962340177983036,0.9999843079991804,76,146,162,129,75,146,129,129,221218_160347
0,0,0,0,-0.008188188492593035,-0.055031400770168326,-0.003718230315654658,0.9585735410481687,0.28111691499049823,0.0459352425551427,-0.2813013618735707,0.9596161395033743,-0.002531523792870492,-0.04479185428679394,-0.010494994562375367,0.9989412119232474,138,162,162,162,154,98,146,146,221218_160348
0,0,0,0,-0.0015800400423653382,-0.054800478074316206,-0.003533560134802438,0.9632281300872282,0.26863808124748606,0.005015048587127245,-0.2686677947956665,0.9632095982509438,0.0066996922979938225,-0.0030307504509341624,-0.007800714129053409,0.9999649810922283,138,162,162,90,148,154,91,91,221218_160348
0,0,0,0,-0.0019757840395150106,-0.05700035476967724,-0.0035577518310680456,0.9601906009384872,0.27931594289688666,0.004076016806783026,-0.27933955016547796,0.9601639829427787,0.007385226659129302,-0.0018508329839405325,-0.008229817925170196,0.9999644216241815,93,148,146,162,91,146,93,93,221218_160348
0,0,0,0,-0.009708495283023658,-0.05623871189406904,-0.0019563963249578653,0.9562347825505653,0.28745017826213265,0.05465743917840606,-0.28754914343680715,0.9577457210782869,-0.0062148101330402016,-0.05413437677882277,-0.009773882202039523,0.9984858238740643,138,162,162,162,152,96,146,146,221218_160348
0,0,0,0,-0.006589312419860924,-0.059155986850567444,-0.003224411730505583,0.9608041179834065,0.27476261521747064,0.036891084898437655,-0.2751594097881526,0.9613795914954222,0.00604816179760409,-0.03380452737671477,-0.015962027908466722,0.9993009894890958,162,162,154,162,138,162,104,104,221218_160348
0,0,0,0,-0.0007395105124845397,-0.06075931219465236,-0.004365279884238904,0.9618060513487805,0.27367925237586127,-0.005365296623360201,-0.27351813162827093,0.9616448896720191,0.020662474156543115,0.010814400558827209,-0.018405786771547996,0.999772111910446,61,145,138,162,91,138,162,162,221218_160348
0,0,0,0,-0.008778156165619333,-0.061618062877803026,-0.004056796928717965,0.9609417461076615,0.2731116486497249,0.04473240390798957,-0.2737873247891321,0.9617420604985525,0.009628595578203858,-0.04039135269297866,-0.02149968464483904,0.9989526025732172,157,101,162,146,157,99,146,146,221218_160348
0,0,0,0,-0.003465975549918232,-0.05918827318015474,-0.004631079794103932,0.9616607238090608,0.2742074898291543,0.004347965573274239,-0.27415853856430356,0.9616383894789711,-0.009418259530036466,-0.0067637279156841645,0.007865138389379482,0.9999461943438749,162,154,157,89,162,162,90,90,221218_160348
0,0,0,0,-0.0010591657921163317,-0.05986789836908191,-0.0037687795546648695,0.964125750858198,0.26541658933415285,-0.003945964817495488,-0.2653737241317463,0.9641037062286941,0.008990560413168756,0.006190563186261392,-0.007620875430070802,0.9999517984308625,68,154,162,162,96,149,162,162,221218_160349
0,0,0,0,-0.007927134148618134,-0.06377047291634819,-0.0034934518111890966,0.9556860901577623,0.2917313937699482,0.03945745769828186,-0.29196684826525104,0.956428415267879,0.00021443467255719443,-0.03767567641096931,-0.011725201798537588,0.9992212282821855,141,93,162,162,144,89,162,162,221218_160349
0,0,0,0,-0.0011509455827965892,-0.0711000716442517,-0.0027747588365350517,0.9546239139692154,0.29712605883550075,-0.020230868468197875,-0.2969027555603515,0.9548145763101278,0.013337113869973232,0.023279532185273746,-0.006725327248020161,0.9997063735690805,154,162,138,90,162,138,85,85,221218_160349
0,0,0,0,0.0022679947001611883,-0.07148664355080958,-0.003655587413309458,0.9539001430227725,0.2986516472035689,-0.02969361486461494,-0.2979573785913481,0.9542341581186498,0.025662658135177117,0.03599885670552799,-0.015632181619528514,0.9992295618193592,104,162,162,95,162,162,133,133,221218_160349
0,0,0,0,-0.009670148804067163,-0.06691605039543602,-0.004171288100608628,0.942401148041199,0.3301008108081813,0.053977132884313744,-0.330494984302816,0.9438061977273293,-0.0017106963970087083,-0.05150865481946614,-0.01622700943682142,0.9985407065530311,140,88,162,138,139,91,162,162,221218_160349
0,0,0,0,-0.0041371187852455305,-0.06844385575776768,-0.004215091450836872,0.9441339425267198,0.3293604198508523,0.01152442643354662,-0.3292171808642007,0.9441685119780038,-0.012722767508258064,-0.01507137660534629,0.008217957465892973,0.9998526485349271,146,162,147,91,162,146,92,92,221218_160349
0,0,0,0,-0.004586617035774232,-0.07250636548701828,-0.004716428387274707,0.9404759693968989,0.3398291521383441,-0.0045932933605339135,-0.3398530360407758,0.9404579790272507,-0.006221219964436331,0.0022056474851465534,0.007411952570887898,0.9999700985920819,91,138,138,162,91,138,137,137,221218_160349
0,0,0,0,-0.008497456718242313,-0.07626741411807092,-0.002596381232730205,0.9360495440899002,0.3502999399557542,0.03318438000150969,-0.3500909127414408,0.9366375333291135,-0.01210305643295721,-0.03532143577141592,-0.00028848942732317414,0.9993759617625874,162,120,112,149,162,119,152,152,221218_160350
0,0,0,0,-0.00655558818785415,-0.07885431605046345,-0.0029544029131943206,0.9336702232097704,0.35811179305460833,0.003982206251542405,-0.3580695562353597,0.9336555010973936,-0.008578937462542905,-0.006790227450471453,0.006583991630227158,0.9999552709323472,74,155,162,162,104,152,162,162,221218_160350
0,0,0,0,-0.005435548930293646,-0.0799132901283165,-0.004316829210842477,0.9337340469612851,0.35781129595853134,-0.010573837041279874,-0.35787668386118116,0.9337551467370457,-0.005060147290442898,0.008062796898319543,0.008508961543746519,0.9999312920794223,162,117,162,138,162,116,154,154,221218_160350
0,0,0,0,-0.006386673953284808,-0.0764253013543229,-0.005207697277278045,0.9377354877525205,0.34735018006593626,-8.612609376715971e-05,-0.34732145062396724,0.9376546801281814,-0.013096212054674513,-0.004468215080470871,0.012310696238624434,0.999914237228431,95,148,146,162,94,146,93,93,221218_160350
0,0,0,0,-0.00530691966336691,-0.07797338245536845,-0.0037367279589649582,0.9372597261973189,0.3485743032950516,-0.006337249473995093,-0.3485929612718455,0.9372718789323936,-0.0020910079544469826,0.0052108540808489395,0.004168938103319796,0.9999777332295148,161,112,120,156,138,162,158,158,221218_160350
0,0,0,0,-0.013485304550910612,-0.07753527759897605,-0.003139194999285111,0.9395819616875728,0.3387142608269688,0.04958212161427683,-0.33847163014626336,0.9408802267067709,-0.013466795400015172,-0.051212233474667634,-0.004128983489303062,0.9986792571380868,150,162,162,90,79,162,94,94,221218_160350
0,0,0,0,-0.0066487574936662935,-0.08073412035580074,-0.0027465220917582966,0.9382270784194066,0.34601996829090487,0.00036175205077713485,-0.34600465352991483,0.9381944239460381,-0.008485435298484952,-0.003275523809806375,0.007836097276221459,0.9999639326111962,132,92,162,130,132,92,162,162,221218_160350
0,0,0,0,-0.0054551368863562655,-0.08216815388690468,-0.0040398024409449285,0.9409399994974572,0.33844103618552024,0.0094647964265796,-0.3384665479804226,0.9409776734450566,0.0011891072890270343,-0.00850371941807986,-0.004322395585781179,0.9999545007911403,149,146,149,87,162,146,88,88,221218_160350
0,0,0,0,-0.009504305961954992,-0.07955271488093285,-0.003832411374379785,0.9393021462489293,0.34240231003242044,0.02172869385436178,-0.34190429611116835,0.9394370331534623,-0.023654027998355486,-0.028511933517049913,0.014789145488597069,0.9994840423052468,86,148,162,131,79,148,128,128,221218_160351
0,0,0,0,-0.004940949753999432,-0.08260056147555883,-0.003946018278943475,0.9346563290978825,0.355552183896873,-0.00043703939664260815,-0.3555423609416983,0.9346198339570991,-0.008683061096585041,-0.0026788156474778033,0.008271064028773494,0.9999622060090865,156,106,127,160,138,87,162,162,221218_160351
0,0,0,0,-0.010160266458521236,-0.08492132708019595,-0.003272813762801474,0.9411591205292811,0.3368463649733205,0.0274597204794635,-0.33633634621966196,0.9414943525869124,-0.021592736245283076,-0.03312660646908122,0.011086498600155406,0.999389672496485,162,162,162,162,162,162,162,162,221218_160351
0,0,0,0,-0.008103776975231125,-0.09221715227178373,-0.0044253147761221245,0.9383757601259155,0.34557648963895804,-0.005274714866809962,-0.3456033714764663,0.9383644169268027,-0.005525456516954372,0.0030401368736676323,0.007007913700686338,0.9999708229310258,121,85,162,162,114,18,162,162,221218_160351
0,0,0,0,-0.007205433393264196,-0.08865259160383088,-0.006040941843742709,0.9399230741385145,0.34129774355387793,-0.007775920976683602,-0.3413190277938512,0.9399462205745092,-0.001556821619783705,0.006777607827571796,0.004117362350715838,0.999968555185316,162,151,124,93,162,114,82,82,221218_160351
0,0,0,0,-0.00755929656376246,-0.08945637591845046,-0.004886297547284368,0.9404372173225334,0.33996135225458535,-0.0020295930338692612,-0.33996723769239445,0.9404139588407543,-0.006622938415998755,-0.00034288547998503595,0.006918452911804484,0.9999760084316296,162,162,162,162,162,162,162,162,221218_160351
0,0,0,0,-0.009432564831079432,-0.09160880926001236,-0.0040216935548864075,0.9310851654113353,0.3645567458340263,0.013371380551417572,-0.36469765259182607,0.9310697875521767,0.010230977546439935,-0.008719916568256474,-0.014402422520160642,0.9998582565947002,114,18,151,162,124,84,162,162,221218_160351
0,0,0,0,-0.009783012588518367,-0.09201713657637312,-0.0037100107102932545,0.931660946666595,0.36322296445471514,0.00877260218139498,-0.3630540033173278,0.9316237174729559,-0.01640243022027446,-0.014130503585012121,0.012096575325187988,0.9998269858999786,148,159,128,87,144,160,18,18,221218_160351
0,0,0,0,-0.00759786519553457,-0.09402497876365956,-0.0033024901763560877,0.929194412876059,0.3695399693995387,-0.006160689580134715,-0.3695687631222367,0.9291927696133551,-0.004441421232175994,0.004083185547464823,0.006403742222276959,0.9999711594247783,148,162,162,128,96,162,162,162,221218_160352
0,0,0,0,-0.012280143670059113,-0.09495299994085948,-0.003496302795594264,0.921255563497263,0.3880656550434221,0.026329339168689604,-0.3880909211628926,0.9216108165163203,-0.004351987024139631,-0.025954260464854325,-0.006208885233330202,0.9996438496323986,144,96,162,138,146,93,162,162,221218_160352
0,0,0,0,-0.009672259006180364,-0.0990386201572735,-0.003455931568057291,0.919817833430086,0.3923377428544525,-0.0024997671601836844,-0.39234406239049985,0.919813753793403,-0.0029656431692797755,0.0011357864680711222,0.0037086202773504245,0.9999924780340786,162,162,162,162,162,162,94,94,221218_160352
0,0,0,0,-0.009445534298968022,-0.09763962150507255,-0.005270520239853915,0.9205144823884561,0.39068942574313364,-0.003854909287317021,-0.3906915064389639,0.9205216425679668,0.00022882400350978012,0.0036379265476391646,0.0012954445074980039,0.999992543629182,116,72,158,162,118,86,160,160,221218_160352
0,0,0,0,-0.018427894543287887,-0.10183030644418833,-0.0034759623016655805,0.9136478024957801,0.4031547884041076,0.05209519729755834,-0.40332682207469606,0.9150241495702311,-0.007634153417466749,-0.05074610910955497,-0.014036462877594478,0.998612943096637,148,161,134,91,134,158,97,97,221218_160352
0,0,0,0,-0.011069159902455758,-0.10297194578971036,-0.0040805968568511375,0.9173405439558576,0.3980883282774688,-0.00346544427466965,-0.3980911185088775,0.9173458700468476,-0.00012677674357028767,0.003128542651333388,0.0014958600343410987,0.999993987293742,73,155,162,140,105,153,33,33,221218_160352
0,0,0,0,-0.0157188365167939,-0.10212667829267708,-0.0039039078996548904,0.9116507920245368,0.40946262522479215,0.035116832787943905,-0.40945892435365666,0.9122966718660679,-0.007627041971937179,-0.03515995830744747,-0.007425701725538057,0.9993541095556179,162,116,113,153,162,115,156,156,221218_160352
0,0,0,0,-0.020701319942845756,-0.10506050181469573,-0.0023755099031799176,0.9152741796427248,0.3983457197863967,0.05994884158342198,-0.3975442987212422,0.917235077272217,-0.025265462110676103,-0.06505156903236307,-0.0007074950797889832,0.9978816527109514,63,154,162,140,75,155,162,162,221218_160352
0,0,0,0,-0.014352648127941667,-0.10936894299686573,-0.002874268668952684,0.91136597674043,0.41154852629381966,0.006314027664346209,-0.4114615511794831,0.9113524084648004,-0.011669596667406117,-0.010556909629929419,0.008037293747994804,0.9999119729097524,154,106,138,159,154,104,162,162,221218_160353
0,0,0,0,-0.011004663963740294,-0.10495430328753308,-0.004271969558757083,0.9163533408518536,0.40037021242035314,-0.0004977108872522359,-0.40029712468683404,0.9161608420868114,-0.020286039392568078,-0.007665942675189295,0.01878841220712425,0.9997940932460222,162,162,162,126,162,162,162,162,221218_160353
0,0,0,0,-0.011415487688898565,-0.10544950649946572,-0.0045770857026747325,0.9146576624006568,0.40422629412408545,-0.0015696338661503597,-0.4041682966850967,0.9144451595643897,-0.020929359854651063,-0.007024853481245374,0.019777595606298604,0.9997797248122211,130,102,162,158,130,104,138,138,221218_160353
0,0,0,0,-0.009353426310492602,-0.10786523916474988,-0.0030601982380695225,0.919005958453648,0.3941569569666928,-0.008266897933777537,-0.3942303873968791,0.9189449429822486,-0.011072191303341625,0.0032326428193171046,0.013434472155913323,0.9999045279316893,162,162,162,162,162,162,92,92,221218_160353
0,0,0,0,-0.014123261932369957,-0.10412025055993357,-0.005200197141568996,0.9158674195542429,0.4008310881874823,0.022832182144742436,-0.4005924004575171,0.9161430058723672,-0.014412546160478637,-0.026694540541766617,0.0040535828081584456,0.999635418526015,112,88,162,106,112,88,162,162,221218_160353
0,0,0,0,-0.017794716586798293,-0.10628239309681708,-0.0045129179589668555,0.9070219658510936,0.4172506586613766,0.056683695277079685,-0.41757566926262124,0.9086185312270898,-0.00655172882522422,-0.0542375691148796,-0.01772717003282687,0.9983706894431226,162,162,90,90,162,162,97,97,221218_160353
0,0,0,0,-0.00818648317353024,-0.11099281850260789,-0.0028503139420286705,0.9112939473944152,0.4110289168232651,-0.024465710236927108,-0.41081477711996084,0.9116196417122956,0.013447964315176822,0.02783092420636949,-0.0022041731871323554,0.9996102146728895,139,92,147,162,130,88,161,161,221218_160353
0,0,0,0,-0.020686048578525976,-0.10614727928917855,-0.004421545233001256,0.9026929479134057,0.4261154524457067,0.05975837158419899,-0.42613724151055676,0.9045648482177432,-0.013018708330063933,-0.05960279511212421,-0.013713371423563938,0.9981279728867543,162,162,162,92,162,162,84,84,221218_160353
0,0,0,0,-0.010426374924970797,-0.11194701566687704,-0.0035851252454031646,0.9101770004508678,0.41372845924581153,-0.020164073505803504,-0.41338042718488877,0.9103532842837643,0.0193266710584657,0.02635242437991726,-0.009255258173078254,0.9996098688615725,64,106,162,155,95,103,152,152,221218_160354
0,0,0,0,-0.022863083574119772,-0.10539297145840787,-0.004918427550718141,0.8990666930578989,0.4325497739338895,0.06767403123558438,-0.4328648756979409,0.9013953395272728,-0.01069772244536735,-0.06562835378812992,-0.019675745176562336,0.9976501311736529,162,162,63,114,162,154,117,117,221218_160354
0,0,0,0,-0.016124929361761478,-0.1150681319315019,-0.0027153269237930044,0.8959264305846633,0.4440935014361932,-0.009838341423534788,-0.4439559943588952,0.8959473762405467,0.0134675194629496,0.014795474058936133,-0.007698115991741942,0.9998609068053161,18,82,162,162,18,18,162,162,221218_160354
0,0,0,0,-0.02194585390989351,-0.11087693365231299,-0.0042155618820106655,0.9003529641961558,0.43331353868946604,0.040048933214348804,-0.43333438022036075,0.9011920858647074,-0.0086104177513528,-0.039822792245528475,-0.009602164507529142,0.9991606195474978,147,148,18,66,162,98,18,18,221218_160354
0,0,0,0,-0.014754496359660751,-0.11126174262009336,-0.0048233774263254925,0.9099486245134973,0.4145677286624675,-0.01127382355882569,-0.41452321255180824,0.9100179978831148,0.0061440853294496625,0.012806521843228483,-0.000917540435079055,0.9999175721617403,162,162,162,162,162,162,162,162,221218_160354
0,0,0,0,-0.017566278214099743,-0.11025015488836554,-0.0031608904109518554,0.903102915407887,0.42906018345455765,0.017677193094920923,-0.4292523877596753,0.9031407086799481,0.00890213051457281,-0.012145442947500022,-0.015627517365935643,0.9998041152728799,114,18,151,162,124,84,162,162,221218_160354
0,0,0,0,-0.015928477713306105,-0.1112605994683602,-0.003098264754867297,0.8953416211918016,0.4453032089304078,-0.008272452956505234,-0.4453640419853467,0.8953124431259387,-0.008154709702814957,0.0037751116685737322,0.0109855040915099,0.9999325313398626,144,160,126,92,162,162,96,96,221218_160354
0,0,0,0,-0.015211909795690065,-0.10901525621964692,-0.0054448080401997,0.8948609344516533,0.4461776715662212,-0.012222658796636693,-0.4462146739469396,0.8949258911176332,-0.00033787828621092216,0.010787620068392631,0.0057562837886358095,0.99992524343083,98,158,162,141,78,154,103,103,221218_160355
0,0,0,0,-0.017274863934017698,-0.11158621157034077,-0.002851005486865732,0.8907592603140723,0.45441368688812533,0.007492752062328042,-0.4542922384593707,0.890747233102645,-0.013708712395945151,-0.012903574710173157,0.00880726340705382,0.9998779574883014,156,105,135,159,154,104,162,162,221218_160355
0,0,0,0,-0.024113197677704076,-0.11347074844405114,-0.0038451334441341745,0.8997785611008554,0.4342341173205898,0.042886738487346455,-0.4341095521824634,0.9007710855344151,-0.012662865753540909,-0.04412978231551556,-0.007223767712174002,0.9989996894358004,162,162,162,162,162,162,88,88,221218_160355
0,0,0,0,-0.019027653926173074,-0.11663145481134796,-0.004431092808076742,0.9018451669346164,0.43205210261356913,0.002505095580495245,-0.4320032571154545,0.9018063327154389,-0.010886878155325139,-0.00696280965645393,0.008736068997226211,0.999937598243092,130,80,161,162,130,82,162,162,221218_160355
0,0,0,0,-0.02426485428515461,-0.11826533054879551,-0.005055872494413138,0.891955008100043,0.44975947354484763,0.04618094284347744,-0.44975971029223477,0.8930821876410682,-0.010973108770466774,-0.046178637085735344,-0.010982808152060415,0.9988728204341126,121,161,138,81,143,162,90,90,221218_160355
0,0,0,0,-0.020330804049860887,-0.11994973161533862,-0.003198873976562433,0.8971184192016028,0.4415945637461673,0.01314470231874269,-0.441320111408462,0.8971393018456043,-0.019432764867704132,-0.020374032385340766,0.011632469807092398,0.9997247543451887,78,147,162,132,75,146,128,128,221218_160355
0,0,0,0,-0.020554749769972444,-0.1170501018921174,-0.003661726331829651,0.8997430234257405,0.4359017162362315,0.02126465562886999,-0.4355302333390631,0.8999519006267281,-0.01999981014810714,-0.027855118817333,0.008733289222681897,0.9995738201928986,160,112,120,157,159,110,159,159,221218_160355
0,0,0,0,-0.021486532539286313,-0.12524332510513136,-0.0030425223403161006,0.8916575420246587,0.45231805487644805,0.01884688258921016,-0.4521625940895994,0.8918538940414922,-0.01206731905564014,-0.022266931910550496,0.002238060725940092,0.9997495560526535,162,162,162,111,160,162,91,91,221218_160355
0,0,0,0,-0.02174577364731385,-0.12903616710619603,-0.0038474653912256573,0.8870046035011672,0.46171479234933177,-0.006502606673477727,-0.46174719977406187,0.8869981520960016,-0.004878696453967701,0.003515233783002864,0.0073299866364643935,0.999966956667749,137,89,146,162,139,92,162,162,221218_160356
0,0,0,0,-0.021853603400477303,-0.13062950284717034,-0.0027908252996615146,0.8895314859826235,0.456868562897979,-0.0022026531909854065,-0.45685084070236187,0.8894278966422742,-0.014329201793686255,-0.004587460636265969,0.013752560126559676,0.999894905625024,162,162,154,162,136,162,162,162,221218_160356
0,0,0,0,-0.0265505062353541,-0.13046288305775655,-0.0037991196931018156,0.9001432469047449,0.4352498877147332,0.01731098772729225,-0.43481314239210844,0.9001983063623609,-0.024094406517615075,-0.026070409564913098,0.014161372343393442,0.9995597977502243,59,102,18,18,101,101,162,162,221218_160356
0,0,0,0,-0.023223243496855034,-0.12990463063548308,-0.005701060862328466,0.9027844893145316,0.4299931244453193,-0.009277865209882002,-0.43006354228632754,0.9027655148681204,-0.007731413909082411,0.005051281939929913,0.010969872134607315,0.9999270705687059,162,162,88,112,162,162,117,117,221218_160356
0,0,0,0,-0.020954774538635743,-0.127340095402673,-0.002392431744979273,0.9035912361883098,0.4276268589768175,-0.02565438296476761,-0.4282855517436534,0.9030955610399122,-0.03146257773355181,0.009714116085186913,0.03941671107063904,0.9991756396335216,96,96,162,82,95,95,82,82,221218_160356
0,0,0,0,-0.024240396006274936,-0.12852077258220884,-0.004203716474849517,0.8952070001389771,0.44564846935843805,0.0013669896318975186,-0.4456120476793964,0.8951657434710265,-0.01040166712307421,-0.005859169322328668,0.00870249817266527,0.9999449668158779,162,162,85,102,162,162,106,106,221218_160356
0,0,0,0,-0.029141263181981833,-0.12658411670102698,-0.0028336849462425318,0.9155968443222563,0.39991919037419504,0.041797844891495115,-0.3993167619389981,0.9165430120361232,-0.02224928588300271,-0.04720743905020402,0.003680795864800428,0.9988783256433802,111,80,162,162,112,88,162,162,221218_160356
0,0,0,0,-0.02020536705931715,-0.13062400177639966,-0.0021161746529020364,0.9022338468701373,0.4304478728308125,-0.026243367492417374,-0.4308296615973434,0.9023669163240572,-0.010943080541145839,0.0189707208569393,0.021179638789180732,0.999595685590393,162,162,74,102,162,162,106,106,221218_160356
0,0,0,0,-0.022010211385164943,-0.12286716479445692,-0.004794071624804219,0.9117055294737162,0.4105937345362676,0.014346173239274344,-0.4096833032295055,0.9111980191842198,-0.04333313847062482,-0.03086451979233141,0.03362967431175027,0.998957669985908,112,80,162,152,113,96,162,162,221218_160357
0,0,0,0,-0.011423594334503517,-0.13002770009029052,-0.003488136354219462,0.8920395135522347,0.4484372775598536,-0.05629844008671817,-0.4490915019977159,0.8934850334034967,0.0011480058302610445,0.05081662223059135,0.024259084456291036,0.99841332509458,18,66,36,98,18,162,96,96,221218_160357
0,0,0,0,-0.020789319478695764,-0.12244229615235036,-0.004031597051216529,0.9121003689059541,0.40915822347660913,0.02573839938859339,-0.40756490938608847,0.91175368278059,-0.05095161011332909,-0.04431435070867019,0.03598291396616496,0.9983694046913559,132,82,140,162,122,47,162,162,221218_160357
0,0,0,0,-0.01608203285630576,-0.12490046538515842,-0.0016931391409809038,0.917422418684632,0.3979112271031877,0.0016616377687240225,-0.39770859660251845,0.9170736294052024,-0.028351903604941463,-0.012805384933473975,0.02534982435449767,0.99959662290441,162,122,128,86,145,161,18,18,221218_160357
