0,0,0,0,0,0,0,1,0,0,0,1,0,0,0,1,162,162,83,96,162,162,96,96,221218_161621
0,0,0,0,5.471612604316528e-05,-0.0002102585420610259,-0.00011576263109480678,0.9999986256407365,0.0016547658914580759,-0.00010230582286632243,-0.0016544265662940386,0.9999934073276299,0.003232363533706734,0.00010765395332190691,-0.003232189833806247,0.9999947706660794,150,162,144,96,123,162,101,101,221218_161621
0,0,0,0,0.002070596623530589,-0.0022825713493367372,0.0012721421247465226,0.9995974270173511,0.02054184435960304,-0.019570808123221924,-0.021025059846088847,0.9994709809596356,-0.024813405208723324,0.019050741685260143,0.02521489341420572,0.9995005144527699,120,120,18,66,100,108,90,90,221218_161621
0,0,0,0,0.0027845820937231203,-0.003333621353745153,0.0014816081590851016,0.9999239793941735,-0.0074657318036606395,-0.009813168762172591,0.007322846104207941,0.9998678109424998,-0.014516768441653885,0.009920249868484105,0.014443804543482847,0.9998464707908195,146,88,111,156,138,162,162,162,221218_161621
0,0,0,0,-0.000333561948623419,-0.003788397457885395,0.002393363104408519,0.9997913870061294,-0.020185544759700306,0.0031186938154323246,0.020201465485360542,0.9997826104871014,-0.005160674359233483,-0.0030138448208342937,0.005222599960977474,0.9999818204292736,122,154,160,88,162,154,87,87,221218_161621
0,0,0,0,0.0017641661693850175,0.0011257570004148398,0.0006365934380920257,0.999749481116034,-0.019196606245801152,-0.011509357795462777,0.0189326832443551,0.999564904975081,-0.022617565017634563,0.011938530621028374,0.022393995865001258,0.9996779383560535,100,108,162,162,68,112,18,18,221218_161621
0,0,0,0,-0.005520767551063226,-3.607302123631584e-05,0.00040393774523633796,0.9990804845120934,-0.004843880685453541,0.04259955735668725,0.0055360101101025825,0.9998543447791273,-0.0161444051721967,-0.04251515093635962,0.01636539172181059,0.9989617789958986,146,132,162,162,156,100,162,162,221218_161622
0,0,0,0,-0.0073362308182123095,-0.002025334840235704,0.0004033898696071403,0.99881602783184,0.0006517397636591342,0.048642756721893284,-0.0007946482487703539,0.9999954250310958,0.0029186385591196324,-0.048640631989989136,-0.002953836853740961,0.9988119761834336,162,162,105,70,162,162,76,76,221218_161622
0,0,0,0,-0.0008480749699226117,-0.003996815308534241,0.0001528112742603116,0.99994624687175,-0.0005652580927279329,0.01035296336266541,0.0005988595170914803,0.9999945628814014,-0.0032427727202529715,-0.010351074068852736,0.003248798381715406,0.9999411485556021,92,147,146,162,85,147,92,92,221218_161622
0,0,0,0,-0.004078478215524789,-0.004767634336286353,-0.0007549467471989479,0.9994759755214954,0.02122137468367344,0.024442332374180448,-0.02123061751690762,0.9997745979944496,0.00011867976964773642,-0.024434304475583882,-0.0006375433884005877,0.9997012345212055,121,77,156,162,124,80,130,130,221218_161622
0,0,0,0,-0.004504623822634522,-0.011567744160202342,0.0015703675253901372,0.9991955996557371,-0.014472128305724611,0.03739934666426374,0.014531250336872793,0.9998935583539618,-0.0013094754294141085,-0.037376414919816345,0.0018518813557421797,0.9992995417507136,122,34,98,135,162,162,147,147,221218_161622
0,0,0,0,-0.005631166353113566,-0.006157719751409663,-0.0009399887506428839,0.9988438722034293,-0.021648687698021776,0.0429214781037743,0.022519544740619735,0.9995481113951322,-0.01991087921464371,-0.042471037971004245,0.020854431840221115,0.9988800246307299,107,154,162,138,105,161,89,89,221218_161622
0,0,0,0,-0.00029394561063519203,-0.006212347151535402,6.432248011212227e-05,0.9997654933745437,-0.01974288599969107,0.008898129576354113,0.019981705984114362,0.999419283652148,-0.027601211752239625,-0.008348034709965991,0.02777253889421633,0.9995794097518469,123,91,154,162,118,86,162,162,221218_161622
0,0,0,0,-0.004230350579676634,-0.010762676467957255,0.0001844197984786078,0.9985510367832753,-0.02416737226124401,0.04808081797381927,0.024152264159283066,0.9997078906682049,0.0008952495231971794,-0.048088408946702556,0.00026730827712959717,0.998843047466047,162,121,110,156,138,162,162,162,221218_161622
0,0,0,0,0.0011510908662694386,-0.008712173398783274,-0.0015198347539854273,0.9998361064372415,-0.017605204123900157,0.00422102501439645,0.017683690687388,0.9996565672234354,-0.01933997649248336,-0.0038790911421541425,0.019411450095570684,0.999804054931314,162,154,154,93,162,154,76,76,221218_161623
0,0,0,0,0.005482052992116987,-0.01159910417669685,-0.0005215771886995513,0.9998285085417673,-0.006519250559014346,-0.017333576644556842,0.006381266310041721,0.9999476067692492,-0.008003946322429246,0.017384848214012753,0.007891963545328609,0.9998177253699672,76,96,162,162,104,96,90,90,221218_161623
0,0,0,0,0.0043139322478912626,-0.010898218802755655,-0.0017616896913418834,0.9998594896824856,0.011619013142670562,-0.012083022199301408,-0.011825338254165036,0.9997830520774719,-0.017146724288640832,0.011881172797873886,0.017287200821606646,0.9997799710039709,162,104,162,154,146,44,162,162,221218_161623
0,0,0,0,-0.004653683988352197,-0.012510225004527586,0.00014395346394291408,0.9981026234579964,-0.009857221723590473,0.06077818873704929,0.010159278889190613,0.9999375216832314,-0.004662808429507865,-0.06072842908157643,0.00527142389593394,0.9981404059506827,162,162,124,69,159,162,36,36,221218_161623
0,0,0,0,0.0013819367157535054,-0.012783787031872107,-0.00014963587468530548,0.9998123286142233,-0.014892011518003845,0.012390946047478275,0.015128155835413677,0.9997014447959677,-0.019187500459293013,-0.012101506188211373,0.019371351677247284,0.9997391181114069,103,127,162,162,30,130,136,136,221218_161623
0,0,0,0,0.007308109757961978,-0.014226447000719178,5.411544792655043e-05,0.9993288391513458,0.01808465379378868,-0.03185618523270531,-0.018458334451157393,0.9997637740127855,-0.011475454718741635,0.03164113034818502,0.012055764964177474,0.9994265842979252,149,93,162,162,151,95,154,154,221218_161623
0,0,0,0,-0.005697791740750767,-0.011137065480196218,-0.0023642623865985923,0.9975860586371325,-0.0069395848477839875,0.06909339892472571,0.009436376672559843,0.9993116995807245,-0.03587592335226111,-0.06879687789518107,0.03644131231479126,0.9969649042712845,162,162,118,114,18,82,128,128,221218_161623
0,0,0,0,0.00494499143740694,-0.018880667880317725,0.0016302428234270527,0.9998451825125918,-0.016122860611213954,-0.007047295372860372,0.016102170136328208,0.9998659022399566,-0.0029828936921819944,0.00709444312555365,0.0028689551389808427,0.9999707185578731,80,156,162,104,106,154,151,151,221218_161623
0,0,0,0,0.009785200341644318,-0.021104116883556734,0.002369095180056846,0.9992444220515463,-0.028317715811801265,-0.026621269129634837,0.028205834652262476,0.9995916945501764,-0.004568925243007655,0.026739781046964874,0.0038145979485420356,0.9996351499182345,140,86,162,162,139,84,162,162,221218_161624
0,0,0,0,0.001894806495185912,-0.01460709591666054,-0.00024156019913623705,0.9983076300065452,-0.04794992140236626,0.032904116888628654,0.04918960902903486,0.9980677861656809,-0.03796151448385648,-0.031020287462954595,0.03951581020103549,0.998737324079696,162,133,100,143,162,162,146,146,221218_161624
0,0,0,0,-0.0011706616099290065,-0.01649236017758715,-0.00023221617288754492,0.998597237793775,-0.048034909093140746,0.022275640934792663,0.0487345235490752,0.9982988144802449,-0.03200661215721705,-0.020700311231639786,0.03304730723904107,0.9992393970411504,147,154,162,101,132,162,24,24,221218_161624
0,0,0,0,0.0065889194252858885,-0.016097836186982573,-0.0007525360345176924,0.9985477569454083,-0.05195125774576153,-0.014263376806547656,0.051754253861609145,0.9985638025207998,-0.013850252793020285,0.014962429833427382,0.013091948435427804,0.9998023437558267,124,84,162,114,119,87,162,162,221218_161624
0,0,0,0,0.0033634250795159734,-0.02106472497926748,0.0009758186663642032,0.9978985603371789,-0.06220796271029095,0.018128228055168314,0.06231566714476518,0.9980416772424715,-0.005437657155241997,-0.01775446156006948,0.006555902872233844,0.999820883574774,162,100,76,154,146,89,162,162,221218_161624
0,0,0,0,0.0016155987624501059,-0.01698593208611432,-0.0018098928425200889,0.997481888836806,-0.06372958137517461,0.031119477828232798,0.06472432617914954,0.9973874617459009,-0.032078228640702436,-0.028993844919429815,0.034011639328546645,0.9990007834566363,162,162,136,80,162,138,73,73,221218_161624
0,0,0,0,0.008528300335646395,-0.023580678388522625,-0.0011947552257481342,0.9976813421780738,-0.06461163207048594,-0.02138402373138177,0.06450163551233312,0.9979007753854328,-0.005794954821761104,0.021713555351215125,0.004402213799927412,0.999754540888747,97,97,162,162,93,101,18,18,221218_161624
0,0,0,0,0.009208149327338246,-0.027061562333839495,-0.0008339080490037398,0.9989479320945631,-0.04328808120864684,-0.015138394540652727,0.04322361516304626,0.9990550154717482,-0.004560170279963876,0.01532149001343363,0.003901036531357672,0.9998750091175143,162,112,77,154,162,110,162,162,221218_161625
0,0,0,0,-0.0012648772643600523,-0.028434960806552723,-0.00027361512082435535,0.99545212357689,-0.07308093369419988,0.06110848383524999,0.07288184839898697,0.9973255072329061,0.005483502217880121,-0.06134578909922146,-0.0010048646726546892,0.9981160676027531,162,158,108,84,162,162,82,82,221218_161625
0,0,0,0,0.006761833753260435,-0.030763892515747515,-0.0007862076379450134,0.9973814062254531,-0.0723067249798176,0.0014380676025910262,0.07229215162624013,0.9973479241630979,0.008423952801874085,-0.0020433621767383947,-0.008297932890334888,0.9999634838236655,72,128,162,162,92,127,18,18,221218_161625
0,0,0,0,0.011668581374367805,-0.030044607996440265,-0.0016190386175707894,0.9977245597591535,-0.06521590595718592,-0.017105217437558294,0.06496939127902275,0.9977805574799677,-0.014592371698880861,0.01801890813106952,0.0134478520644945,0.9997472051596922,160,88,120,162,146,82,162,162,221218_161625
0,0,0,0,0.0028349690818540163,-0.033250258955602074,-0.0002622893627328149,0.9912690772064612,-0.11168362326254998,0.07008840752363278,0.11145545740408848,0.993743564606775,0.007169994244516715,-0.07045067486614633,0.0007043419409331128,0.9975150155828909,160,128,111,127,58,162,131,131,221218_161625
0,0,0,0,0.011456871275880284,-0.03635382285833877,-0.00014252393466956947,0.9947223348284139,-0.102530059754216,0.0038811648128327294,0.10250146014563186,0.9947084775650956,0.006963858710815254,-0.004574632391891791,-0.006529280735856093,0.9999682201107951,124,154,154,162,100,159,162,162,221218_161625
0,0,0,0,0.015701631511199125,-0.03646211426932533,0.0009302040800272526,0.9935790972453357,-0.1128298609727983,-0.008366599667889245,0.11271698411268276,0.9935431350623003,-0.012919762502352888,0.009770312670787991,0.01189374808186953,0.999881532856208,146,104,127,162,142,87,146,146,221218_161625
0,0,0,0,0.010707253446321244,-0.03267451821631029,-0.0022684958112499376,0.9940344986622035,-0.10583743834340478,0.02634107276263416,0.10641021832607038,0.9940923776206562,-0.021382473952049195,-0.023922393383156142,0.024057876078698255,0.9994243031332608,162,127,92,150,162,132,153,153,221218_161625
0,0,0,0,0.01385183775961251,-0.036810889241193356,-0.0016688608055074883,0.9951193266329432,-0.0986252305655486,0.003254175393017287,0.09864783429424061,0.9950923964105262,-0.0077283500834863595,-0.002475994881302577,0.008011647885997565,0.9999648408556667,137,162,162,83,139,162,18,18,221218_161626
0,0,0,0,0.014765591060481156,-0.038483927159585374,-0.0012366747069110229,0.9954240637705257,-0.09547520581909252,-0.003926619458738266,0.09542933508903613,0.9953801775444616,-0.010561446682213904,0.0049168354697201825,0.01013840349161042,0.9999365167367402,126,83,155,162,120,85,122,122,221218_161626
0,0,0,0,0.01419435863567426,-0.04228673498316027,-0.0009696184403034658,0.9973856032339061,-0.06998641949529352,0.017996098131682178,0.07011249856698643,0.9975180932184016,-0.006472344754374325,-0.01749845725858898,0.007717174881648761,0.9998171078779436,162,112,162,154,146,89,162,162,221218_161626
0,0,0,0,0.011037507026330343,-0.0458165156431819,-0.0013838937363502835,0.9968992642679566,-0.07002350224795725,0.03589660199706655,0.07038050874727489,0.9974815885894286,-0.00877863392475756,-0.035191488892632114,0.011277834811720929,0.9993169514981118,120,138,138,77,162,162,73,73,221218_161626
0,0,0,0,0.01875616423909629,-0.047820445485106666,-0.0008130003305593103,0.9971543653137483,-0.07157745702119721,-0.023660925216770472,0.07148831749095269,0.9974308617528238,-0.004593091043321893,0.023928898805580367,0.0028885410501056975,0.9997094898682087,95,103,162,162,112,106,162,162,221218_161626
0,0,0,0,0.008280785032706843,-0.05131025016042989,0.002150888582898247,0.9970095275607433,-0.057475425097933255,0.05165827584148197,0.05803832423898826,0.9982695131646341,-0.00946213536019965,-0.05102504162303889,0.012431998868103419,0.9986199930561728,162,98,78,154,146,162,162,162,221218_161626
0,0,0,0,0.01205784075238353,-0.05235830691808396,-0.0008705751765760716,0.9994152649938322,-0.03275935869281157,0.009795535480128478,0.03295425264660157,0.9992477295196883,-0.020444859555676057,-0.00911840610033936,0.020755709281618035,0.9997429945753089,162,162,95,79,162,162,66,66,221218_161626
0,0,0,0,0.012909990218970796,-0.05696310609185118,-0.0013251005326809784,0.9999915345521844,-0.003594852311855048,-0.002001964241120698,0.0035494084108899818,0.9997459487192618,-0.022258475225312324,0.0020814715706633843,0.02225118100863603,0.9997502450211361,59,136,130,162,79,128,162,162,221218_161626
0,0,0,0,0.012419283422593269,-0.05900749641134284,-0.0011611606814930786,0.9998617687712942,0.015341105651748206,0.006410446702116218,-0.015244407251859996,0.9997732125720963,-0.014870489931705826,-0.006637122650532508,0.014770710905417485,0.9998688787547445,138,81,123,162,138,154,162,162,221218_161627
0,0,0,0,0.015043424493550568,-0.06029773427945173,-0.0026517553082337497,0.9999854134647218,0.0022437664546435558,0.00491308150613779,-0.00218800073312385,0.9999334585833699,-0.011326564275736806,-0.004938168747702568,0.011315649234470102,0.9999237823813483,162,144,92,118,162,162,132,132,221218_161627
0,0,0,0,0.01145953832793696,-0.0636824362449323,-0.00011282311218213659,0.9997353866030787,0.0096791969082407,0.020867916062796074,-0.00897822761097546,0.9994008438653375,-0.033426706541579844,-0.021178956597479336,0.03323050448703519,0.99922329104609,76,156,162,162,97,146,106,106,221218_161627
0,0,0,0,0.012647614658867046,-0.06037250062807131,-0.0018499592516840746,0.9998760353538623,0.01508716817547988,0.004504584496499701,-0.014969897473423784,0.9995748216241411,-0.025021553602888436,-0.004880173631798097,0.024951018646777262,0.9996767630458417,132,85,149,162,136,87,138,138,221218_161627
0,0,0,0,0.020632963800233967,-0.062055827578181844,-0.0007525376379994841,0.9994672677833305,0.028283989541175752,-0.016284856933905915,-0.028554441606289935,0.9994540320910873,-0.01662172077198408,0.015805837348147653,0.017077870842218738,0.9997292242568587,162,133,76,140,162,136,150,150,221218_161627
0,0,0,0,0.008839950194071758,-0.06306449701890315,0.0008403316348014056,0.9991271860505196,0.012536366696063606,0.0398460237016211,-0.011632222964009535,0.9996714050627619,-0.022842357338047767,-0.04011929066775599,0.022358922377997633,0.9989447037280946,83,162,162,113,127,154,140,140,221218_161627
0,0,0,0,0.016771083195315645,-0.06742460444387188,0.003094670912781261,0.9998377116750512,0.006833292691103895,-0.016669025868186558,-0.00713477651066175,0.9998108231013333,-0.018094556462580794,0.016542227073144507,0.018210549701541876,0.9996973194937697,114,90,162,162,116,65,114,114,221218_161627
0,0,0,0,0.017975448127650923,-0.06849082771231108,0.0010076232541911812,0.9998858101334208,0.014738681659693855,0.0033373577521112153,-0.014672392066564224,0.9997101983380464,-0.019085079249227324,-0.0036176794877924886,0.01903393290516903,0.9998122932797361,146,88,108,160,146,89,162,162,221218_161627
0,0,0,0,0.011465085888570238,-0.06968685118413265,-9.269952229418177e-05,0.9985655436597379,0.026499117541144302,0.04652581847826294,-0.025961977808641918,0.9995895575212106,-0.012111655659525463,-0.046827670492938664,0.01088637975141257,0.9988436594443163,160,162,142,76,162,162,70,70,221218_161628
0,0,0,0,0.020205467116588896,-0.07272562764193768,0.00025347507163048233,0.9990742053138947,0.04084824831682455,-0.013496402700566583,-0.04105671207246851,0.9990358431787547,-0.015547682718461367,0.012848294447405666,0.01608740667611087,0.9997880358737198,99,115,162,162,102,110,162,162,221218_161628
0,0,0,0,0.0168908961014584,-0.07318036649436122,-0.0017351200021695767,0.9976979244022939,0.0657305277420159,0.01668380550441317,-0.0657413320166414,0.9978366937472738,9.937901087832458e-05,-0.0166411810888147,-0.0011959658298487683,0.9998608106920199,148,95,162,146,146,82,154,154,221218_161628
0,0,0,0,0.011933938960928647,-0.07275344714649379,-0.0022617129780594936,0.9963753057880496,0.07565094626619691,0.038899670240218884,-0.07442849550577092,0.996713758126215,-0.03197003939104252,-0.041190400247099,0.028958913842656003,0.9987315616503455,162,106,75,64,162,162,68,68,221218_161628
0,0,0,0,0.015528919996962508,-0.07621957831945314,-0.0015878520255275252,0.9967914986130951,0.07958481355305021,0.008541998851922037,-0.0794588969689628,0.9967371766450807,-0.014187472857038027,-0.009643235200686629,0.013463214524015776,0.9998628655318411,86,144,162,128,55,138,132,132,221218_161628
0,0,0,0,0.017736997618917304,-0.0759886832668607,-0.00123653032745219,0.9955945589978823,0.09273534383903217,-0.013843052295941863,-0.09299750047730247,0.9954719083316754,-0.019675991143207668,0.011955709882137306,0.020876678987567558,0.9997105707531879,126,87,136,160,134,88,162,162,221218_161628
0,0,0,0,0.015200722555605957,-0.07908056687190312,-0.0016664816491361312,0.996756877419253,0.07686487395221699,0.023822646152948913,-0.07621694885910335,0.996725407620319,-0.0270081193480451,-0.025820612386766507,0.025104839302796424,0.9993513111111394,162,134,87,132,162,142,148,148,221218_161628
0,0,0,0,0.014657678944283686,-0.080836757749987,-0.001347735118213511,0.9957750870458716,0.08880086295751334,0.02337483169536726,-0.0877525618819513,0.9952313258389256,-0.04259220529685054,-0.027045589325066,0.04036105557211934,0.9988190633398846,162,162,154,141,105,160,91,91,221218_161628
0,0,0,0,0.02202359818800237,-0.08611891341765321,-7.813670232448278e-06,0.9963191244596561,0.0845483928053379,-0.014134054972929825,-0.08479469237938939,0.9962386680540025,-0.017843105622960445,0.01257228619735648,0.018975920215412088,0.9997408924675185,98,18,152,160,122,86,162,162,221218_161629
0,0,0,0,0.015139498676059203,-0.0920735733161131,-7.842113451472787e-05,0.9953414867435646,0.08879829860937768,0.037552455727822044,-0.08901126617721589,0.9960224479904345,0.0040345498722473335,-0.037044827717767445,-0.0073583465005806975,0.9992865132063669,162,125,102,144,162,129,154,154,221218_161629
0,0,0,0,0.016434906665624797,-0.08260585471421211,-0.0029599624062336405,0.9968085893878275,0.07798942386743518,0.017037778243494086,-0.07744132286977803,0.9965223783792371,-0.03075696509033918,-0.019377245284811054,0.029339378899613907,0.9993816704397562,162,162,162,88,162,154,162,162,221218_161629
0,0,0,0,0.022342282348758173,-0.08676050063941154,-0.0011584992282313022,0.9960948596742667,0.08590441168699091,-0.02038289928383925,-0.08628450450579808,0.996097578681661,-0.018563351710337083,0.018708682815529325,0.02024958758209022,0.9996198974560598,102,82,162,160,114,90,106,106,221218_161629
0,0,0,0,0.0224903377331939,-0.08897226034350636,-0.0011940047680565335,0.9956397533008869,0.09288099787072025,-0.008637238070618515,-0.09304166834028058,0.9954498521727894,-0.020563067904124478,0.006688019094359926,0.021277030895114367,0.999751248239722,138,162,108,155,146,89,162,162,221218_161629
0,0,0,0,0.012254009204190147,-0.09153656871955806,-0.0010187343489012624,0.9934957510113839,0.10057612826959014,0.05339133960320259,-0.0997425074679807,0.9948493392729011,-0.018061681878279126,-0.05493291296049548,0.012618818113091635,0.9984103066891404,159,154,146,50,160,162,132,132,221218_161629
0,0,0,0,0.020032648619272175,-0.09601740810718151,-0.0007026235564445704,0.9929360949078582,0.11840681209136203,-0.007598570884897127,-0.11853860320126079,0.9927434848120545,-0.02022307875452365,0.005148881453868545,0.02098094882455207,0.9997666171693248,64,122,162,162,103,111,155,155,221218_161629
0,0,0,0,0.014302879865165936,-0.09659335844790051,-0.0014095042315771522,0.9925434391304604,0.12008345416331631,0.020916153453336323,-0.11963650040165398,0.9925859430791809,-0.02145351657089799,-0.02333729227485211,0.018791211717700457,0.999551029788604,149,96,132,162,146,82,154,154,221218_161629
0,0,0,0,0.011117220245133286,-0.09523559202885012,-0.0028776296413114966,0.9900299919124679,0.13650807678839083,0.034729815509621405,-0.1351131207957292,0.9900316341715363,-0.03977194901531268,-0.039812808273672624,0.0346829686038084,0.9986050430406364,73,114,94,52,162,90,72,72,221218_161630
0,0,0,0,0.014283267314800563,-0.1002490166856157,-0.0015266051748908938,0.9885050071744497,0.1504743206727739,0.014674113571432779,-0.15001185800319342,0.9882671414439436,-0.028714101076776768,-0.018822679125720998,0.02618274164950695,0.9994799501692095,84,143,138,162,94,132,162,162,221218_161630
0,0,0,0,0.01249837921423523,-0.10191714874299707,0.0004218370466921306,0.9897949237436302,0.13946132921624826,0.029266817124135504,-0.13841560569901556,0.9897501709126065,-0.03515279899866548,-0.03386929332470664,0.03074307778513954,0.9989533192987459,126,87,162,162,136,88,138,138,221218_161630
0,0,0,0,0.015088630855815334,-0.10776498711584614,-0.0011017514460238131,0.988703769491205,0.14983455201478743,0.0038030535639586804,-0.14975566916756688,0.9885919243252784,-0.016101140053344887,-0.006172175147926287,0.015349729032497084,0.9998631356703638,162,159,103,119,162,132,138,138,221218_161630
0,0,0,0,0.014009955999545048,-0.10620723945102517,-0.0011885684970451837,0.9882215765521747,0.15257826882720232,0.01174680886145098,-0.15227946111900986,0.9880668347871143,-0.02312781258739944,-0.015135433856928546,0.021066605694033524,0.9996635017677173,79,154,146,162,96,141,162,162,221218_161630
0,0,0,0,0.019513473015712338,-0.10895909426720496,-0.0010227320258622274,0.9814279370793109,0.19000559547175394,-0.026402234937068378,-0.19054708338548673,0.9814791743133291,-0.019759539531849793,0.022158820671063634,0.02442343298249739,0.9994560933767013,98,18,162,114,131,81,162,162,221218_161630
0,0,0,0,0.01417032846775998,-0.10517195185543704,-0.0019923291163359003,0.9824420316645197,0.18448721718856118,0.027787067367959772,-0.18279680916075017,0.9816416323092275,-0.05445210994924489,-0.03732266040275231,0.048416654276158363,0.9981296742453678,157,125,76,131,162,162,148,148,221218_161630
0,0,0,0,0.017615250458886206,-0.1041781798373802,-0.0017763880869315352,0.986803152855967,0.16170125582373499,0.008499492840697107,-0.16128892810861137,0.9862210117680937,-0.03679670660118825,-0.014332452096457666,0.03494023199902631,0.9992866260511832,156,162,154,162,112,156,128,128,221218_161630
0,0,0,0,0.019435482200098754,-0.10991066964494167,-0.0009357982090307249,0.9829442412435738,0.18390230133594107,-0.0007497795932975713,-0.18388128909391402,0.9827517644864455,-0.01966318692224539,-0.002879258108310608,0.01946568678786906,0.9998063797109031,143,82,154,155,119,88,114,114,221218_161631
0,0,0,0,0.01595870254979119,-0.11350894909455744,-0.0006188310468983604,0.9838545959016557,0.17712027043118356,0.025662110699893628,-0.17690830015405762,0.9841731742870896,-0.01032551937076503,-0.02708481972971336,0.005618969305715328,0.9996173466502821,160,150,84,141,162,129,159,159,221218_161631
0,0,0,0,0.016312865573366024,-0.1143385444894992,-0.00012264922427207559,0.9843558385473953,0.1750551250707429,0.019982149637140432,-0.17485662212031378,0.9845291012081911,-0.011296485066855768,-0.0216505154286997,0.0076257498423698816,0.9997365168488213,162,162,162,84,114,162,162,162,221218_161631
0,0,0,0,0.02286757161873966,-0.11489462937700257,-0.000544445659461712,0.9801212602570295,0.19723503651538607,-0.02146288803833572,-0.19766824656114426,0.9800572927470723,-0.02037074457947687,0.017017035394406067,0.02420833129428677,0.9995620927197727,92,100,162,82,82,18,132,132,221218_161631
0,0,0,0,0.026348950352349593,-0.11735713808447434,0.00019108581693094706,0.9849012897404071,0.1723304163004388,-0.016482629808377117,-0.17266741159323235,0.9847379174589453,-0.021844882520025605,0.01246653285303781,0.02436106599346339,0.9996254918829784,162,117,127,146,146,91,162,162,221218_161631
0,0,0,0,0.02069415212766018,-0.11277096726185765,-0.0010635548428823416,0.9856218281954818,0.16814390701275045,0.016650475040759113,-0.1677143947254503,0.9855309608958622,-0.024507282949257195,-0.020530308971646993,0.021362388681198972,0.9995609810128457,162,162,154,72,162,146,78,78,221218_161631
0,0,0,0,0.02369900940968824,-0.11591891154688594,-0.0016086428512065987,0.9817652709248718,0.1896737871767971,-0.012680980396764263,-0.18992537753502928,0.9815286959256845,-0.023016733969061575,0.008081075051542406,0.025005470050311444,0.9996546517140679,24,122,162,145,96,104,162,162,221218_161631
0,0,0,0,0.0191339452731421,-0.12084259899336813,-0.000860716220727753,0.9775750783770605,0.20998609089451548,0.01589992977728468,-0.209692205397388,0.9775954634982621,-0.01833817720491376,-0.01939446136560522,0.014592853677724076,0.9997054083528203,130,123,116,160,146,162,162,162,221218_161632
0,0,0,0,0.015241423944417735,-0.1180618524292153,-0.0018498129436307909,0.9777146149661643,0.20529453358128733,0.04391225527351387,-0.2033524507869805,0.9780744775930748,-0.044923234967690115,-0.05217195070623046,0.03499243865001697,0.9980248578050707,162,162,124,76,162,162,76,76,221218_161632
0,0,0,0,0.01976116136129228,-0.12103957122785358,-0.0020752293378403786,0.9743584781774196,0.2246953936895032,0.011727576838423102,-0.22400388454563389,0.9736230939060508,-0.04336278036838426,-0.02116165665179204,0.039623869921166795,0.9989905571226498,18,138,162,162,92,116,152,152,221218_161632
0,0,0,0,0.025096936453759593,-0.12442028354271595,-0.0010170480131407311,0.9719684887044492,0.2337493443251486,-0.025268577188907616,-0.23437016620194973,0.9718191578457066,-0.02526162383008504,0.018651599396812484,0.030475702971799398,0.9993614708244036,145,105,117,157,146,156,154,154,221218_161632
0,0,0,0,0.013636839930162958,-0.11993965619291003,-0.001910425053913145,0.974023570437442,0.21803244447359585,0.06115502750522118,-0.21375541996321473,0.9744115316837747,-0.06950386577760265,-0.07474426177738132,0.05462618491666534,0.995705415900107,162,162,109,60,162,162,57,57,221218_161632
0,0,0,0,0.02255642353690307,-0.12740303632879546,-0.0014822700729917315,0.9744022138661927,0.22466903923869874,-0.008009270891999444,-0.22478128120886132,0.9742382236529347,-0.01825538801770937,0.0037015173597082316,0.019588424672094738,0.9998012764485258,101,141,162,162,78,124,162,162,221218_161632
0,0,0,0,0.02953849302268592,-0.12835990879671466,-0.0009550502207827938,0.9681975210600945,0.24596395585914765,-0.04577436652983496,-0.24747294418672094,0.9684050634307421,-0.030802191760599406,0.03675189938825781,0.04115052295925021,0.9984768061159637,141,96,128,161,146,162,154,154,221218_161632
0,0,0,0,0.01634829012131188,-0.1229517846764443,-0.0021774297344967497,0.971912740431148,0.22793852080538526,0.05856326255143715,-0.2237983319780149,0.9721459044016374,-0.06961786522855588,-0.07280062905960315,0.05455612970304993,0.9958532507956933,162,114,89,73,162,162,40,40,221218_161632
0,0,0,0,0.023201746636592052,-0.12913740694205378,-0.0013563493814726657,0.9765360458306943,0.21514816662629999,0.009413691661320783,-0.21484452470228405,0.9762995980193632,-0.026094541817798023,-0.014804776215878295,0.023459780573846383,0.9996151545953198,102,150,138,162,92,132,162,162,221218_161633
0,0,0,0,0.026036195536674495,-0.12889081747514786,-0.0002177949383545541,0.9751755555826452,0.2213646067555086,-0.005508781177102961,-0.22142896395594833,0.9747025489926949,-0.03039991625873743,-0.001360042452850564,0.030865058935985797,0.9995226352721606,128,88,146,162,143,95,162,162,221218_161633
0,0,0,0,0.02261279360038864,-0.13101650100559414,-0.0006660112737706392,0.9814860840890792,0.1906918822912407,0.0179352381558615,-0.19006984186284528,0.9812605264142982,-0.03164228998298784,-0.02363306907104771,0.02764751940695695,0.9993383274531831,82,18,110,118,162,150,134,134,221218_161633
0,0,0,0,0.020664203858364052,-0.12814704152722356,-0.0016630901624205552,0.981438805038692,0.18905701696495528,0.03217633137163016,-0.18700330982493749,0.9806464072078017,-0.05798608578745101,-0.04251628016116632,0.05089271427958855,0.9977987259735872,53,144,162,132,89,129,101,101,221218_161633
0,0,0,0,0.022015397973930033,-0.12896983498961,0.0002286820382483845,0.9809379276408031,0.19176284820633227,0.03142916103813364,-0.1902987342721725,0.98072249765084,-0.044382139830201145,-0.03933413085572001,0.037555194704508695,0.9985201217304195,128,87,144,162,130,162,162,162,221218_161633
0,0,0,0,0.0200989374108827,-0.12959520780500167,-0.00030201141141772414,0.9833593228391337,0.1756461969096225,0.046398876026754216,-0.17444298376365777,0.9842445049895903,-0.028851339889677384,-0.05073546689439477,0.020277275679528195,0.9985062566103551,162,162,97,124,162,144,138,138,221218_161633
0,0,0,0,0.021924892264156615,-0.1296149410609969,-0.0021562777463706717,0.9812581562702091,0.19082801138078004,0.02677873831318467,-0.18961775183911633,0.9809521191511889,-0.04216690788131533,-0.03431528727358155,0.03629889812720148,0.9987516463336031,98,154,162,160,81,148,125,125,221218_161633
0,0,0,0,0.030422510947303277,-0.1322644157839421,1.5916691575024178e-05,0.9778851365911664,0.20746084041318205,-0.026469970327351527,-0.2081576088776386,0.9777220326568453,-0.02701919176642966,0.020274848961676112,0.03193159176150153,0.9992843959289858,120,88,162,122,134,94,162,162,221218_161633
0,0,0,0,0.019931854702860866,-0.13138511889732374,-0.00022611377873488214,0.9833273966499912,0.17441211549978958,0.051455271493187404,-0.17269742687904532,0.9843128430471106,-0.03610852755059128,-0.05694584925090138,0.026620311406951595,0.9980223090060115,162,149,87,132,162,140,146,146,221218_161634
0,0,0,0,0.022648037191114488,-0.12432910481145909,-0.002573553182207533,0.9874241544201025,0.15567938217584446,0.02752215894678937,-0.1543885621497899,0.9870270677624958,-0.044065171978460244,-0.034025154592821884,0.0392619086331554,0.9986494837456317,162,162,162,132,98,159,92,92,221218_161634
0,0,0,0,0.031256476306526546,-0.13143837139732417,-0.0014069552990357281,0.9812948718233918,0.19057943344660852,-0.027200258827480814,-0.19120577039449052,0.9812888813148705,-0.022638126593413056,0.022376950215828365,0.02741552397784305,0.9993736344051001,115,91,162,155,127,88,122,122,221218_161634
0,0,0,0,0.02583441091567639,-0.13850673596615315,0.0015681746069584612,0.9853871885037276,0.1689455213432445,0.021667938313952674,-0.16874512084050036,0.9856007805145526,-0.010778944365313762,-0.02317699128970068,0.006965074814022628,0.999707114512842,162,140,84,141,130,162,156,156,221218_161634
0,0,0,0,0.02074208291840836,-0.13270781780122787,-0.00011544159001758425,0.9824312060755613,0.18241668373112319,0.039409121094697276,-0.18087438265801548,0.9827041543814441,-0.03971149278902628,-0.045971545840867004,0.031885709306685876,0.9984337326608165,162,162,162,104,162,154,162,162,221218_161634
0,0,0,0,0.03271291160882532,-0.13412856315392252,-0.0015261178238260564,0.982821472017436,0.1833347671884049,-0.021220680513416065,-0.18377012274604906,0.9827494664894149,-0.020785285676964492,0.017043946942571175,0.02432795212804264,0.9995587299493086,115,82,162,162,116,92,162,162,221218_161634
0,0,0,0,0.029769655230010877,-0.13394735872022834,-0.0018390353385024372,0.9789049807043678,0.2040606878450419,-0.01021148512160269,-0.20426778684152944,0.9785367784207297,-0.02721111054042157,0.004439595819878406,0.028722969104670763,0.9995775512859262,162,120,65,146,162,125,162,162,221218_161634
0,0,0,0,0.023454179959177993,-0.13172743305310763,-0.0022837709118128657,0.974966130046416,0.21978222406487585,0.03371675024985101,-0.2175912401218813,0.9742672414655461,-0.05879961249309867,-0.04577223486499121,0.04999116114088076,0.9977002487336821,162,162,155,83,162,146,80,80,221218_161634
0,0,0,0,0.03473391597245987,-0.13765245030570128,-0.0011946899071345607,0.9761881399918612,0.21484119669740714,-0.02999959234482171,-0.21542661187105888,0.9763570662588001,-0.01783967668613098,0.02545761648280685,0.023877591338648533,0.9993906995739349,100,108,162,148,112,90,82,82,221218_161635
0,0,0,0,0.028658248873334787,-0.1390016162023865,-0.0015858371680882444,0.9768622139288456,0.21351102039648412,0.01237978866078552,-0.21321110988427983,0.976760446122375,-0.021910123521621732,-0.016770140725324033,0.018763663290287252,0.99968329350849,138,88,116,159,146,36,162,162,221218_161635
0,0,0,0,0.01957710716958959,-0.13460267429817485,-0.0011456186294299675,0.9725446250138223,0.21976498475515552,0.07655262132866543,-0.2177124508142378,0.975410004495103,-0.03430177679540913,-0.08220852216882332,0.016693549845081108,0.9964753304906188,162,154,136,80,162,162,72,72,221218_161635
0,0,0,0,0.02944393560915452,-0.14416536158929572,-0.0006982619406066815,0.9745596034965321,0.22409207308904125,-0.004040050907799869,-0.22412422479170446,0.9744939090490629,-0.011399696829058305,0.0013824233068888679,0.012015157299537248,0.9999268597756877,48,124,114,18,95,109,154,154,221218_161635
0,0,0,0,0.024937410602157928,-0.14497021413724864,-0.000538463471342121,0.9615461474881266,0.27415763802066917,0.01632776058340222,-0.2737423829961231,0.9615081357299823,-0.023816227170962323,-0.02222867522694736,0.018430801392850523,0.9995830088380216,130,162,162,146,146,162,162,162,221218_161635
0,0,0,0,0.02748860726565747,-0.14285311822125013,-0.0006338889982515084,0.9731608131021672,0.2299845458545362,-0.008070967129802336,-0.23012206414150876,0.9727532330143132,-0.02819544742425217,0.0013665421980353389,0.029296012156693505,0.9995698456006644,162,162,127,67,162,122,71,71,221218_161635
0,0,0,0,0.02647472632344298,-0.140286161563013,-0.0019061854264907918,0.972066389612425,0.23437883771902945,0.012389294384304812,-0.2337119735189736,0.9714529437562054,-0.04071721382008183,-0.021578869751003135,0.03668430859210121,0.9990938964298547,18,138,162,132,74,122,162,162,221218_161635
0,0,0,0,0.02616564079164312,-0.1404812446545992,-0.0012932449253065248,0.9727028902958424,0.23193196508651076,0.007526671324269644,-0.23183565013920976,0.9726829861585944,-0.011833839703597561,-0.010065710836499032,0.009765859343141035,0.9999016498919512,138,98,152,162,138,162,162,162,221218_161636
0,0,0,0,0.023912674348726654,-0.13729593504873794,-0.0024521817180919725,0.9736934783630522,0.22575532046148866,0.0309118986247982,-0.2243846099783418,0.973580094273288,-0.04234792603757147,-0.03965547879078876,0.03429774508836934,0.9986246079902732,162,90,99,105,160,152,122,122,221218_161636
0,0,0,0,0.02458402720457528,-0.1436038147403983,-0.001190483413393062,0.9708145451890208,0.23971796394919084,0.007376761449841082,-0.23936338432144083,0.9703821615292233,-0.03261335358498302,-0.014976284439729442,0.02989579144172845,0.9994408199380557,36,138,162,132,66,122,162,162,221218_161636
0,0,0,0,0.03196993730152008,-0.14556939791411083,0.0011299611889095118,0.9742406464124023,0.22425659330711778,-0.02375169964928286,-0.22489077039236507,0.9739632221118608,-0.028631859279665883,0.016712398698942015,0.033235859124865916,0.9993077971265709,144,93,146,162,154,94,162,162,221218_161636
0,0,0,0,0.023362633279368855,-0.13874172910127602,-0.0018866224784443997,0.9768377991348586,0.2121731960736538,0.027756963977635288,-0.21035115019928707,0.9759452487198127,-0.05729978281860223,-0.03924675516780928,0.05013388444069251,0.9979710846711367,156,148,99,107,162,160,127,127,221218_161636
0,0,0,0,0.023989271918860904,-0.14582200133173906,0.000640769710103517,0.9745858316531266,0.22392845808319625,0.006205030335477295,-0.2234289462635063,0.9736670630830639,-0.04529852358279092,-0.01618526220242514,0.04276091588920443,0.998954223856006,54,144,162,133,84,130,138,138,221218_161636
0,0,0,0,0.032951208409168174,-0.143475524887268,-0.00133417079305026,0.969629958605507,0.2410556414906401,-0.04135119200479829,-0.24261672961426017,0.9693738321990978,-0.03809850336847247,0.030900904290371567,0.04697394121395964,0.9984180401819996,134,94,162,158,138,162,146,146,221218_161636
0,0,0,0,0.022509642563294255,-0.14153275127018372,-0.002072225472050937,0.9750147477327343,0.2206574604948166,0.02562277954575556,-0.21964549175903425,0.9748684244363851,-0.03724799305806035,-0.0331978862821717,0.03068941454149501,0.9989775073451336,162,162,89,114,162,150,133,133,221218_161636
0,0,0,0,0.024962762438244038,-0.14711516905927302,-0.001083377137418795,0.9748594402000232,0.22228607077907786,0.015426425071781947,-0.2219441033075001,0.9748293884926466,-0.02117730714899562,-0.01974555291518474,0.017221093712416802,0.9996567146132826,104,152,162,127,74,138,137,137,221218_161637
0,0,0,0,0.02437444233778034,-0.14536693680313817,-0.0010074346701011705,0.9726268400937762,0.23160965765677072,0.018814792300435354,-0.23115094700556868,0.9726284079054538,-0.023732253026873297,-0.023796420479222233,0.018733569211875495,0.9995412866695202,123,77,136,160,134,87,162,162,221218_161637
0,0,0,0,0.026119931960329388,-0.1472900351246913,-0.000791270474639616,0.9751412849081103,0.22146016292977325,0.007407476147642724,-0.221131563266781,0.9747414492929156,-0.0313039735103596,-0.014152957109709522,0.02888777017123251,0.9994824613466636,162,152,68,131,162,144,148,148,221218_161637
0,0,0,0,0.02359289852731055,-0.14605147978882504,-0.0018756843428485714,0.9728022550551945,0.23049072657216269,0.023017330943527623,-0.22910037537734934,0.9720525018171142,-0.05125379705980589,-0.03418757905270542,0.04458653020057425,0.9984203777784129,144,162,162,129,110,156,95,95,221218_161637
0,0,0,0,0.03164910434332004,-0.15000264878037206,-0.001122820379473366,0.9706480171200944,0.23868128593057988,-0.029557919536938704,-0.23947918782328562,0.9705192357549955,-0.027242092963642293,0.022184351699494818,0.03352099008181307,0.9991917722657689,115,91,162,155,127,88,122,122,221218_161637
0,0,0,0,0.026154186951913905,-0.1558260266636241,-0.0002741379367306451,0.9734557436137032,0.22808938712327698,0.018951166381494158,-0.22758782801908833,0.9734260665462843,-0.025406170624153988,-0.024242437234014706,0.02041872792211996,0.9994975636723671,162,140,83,140,130,162,156,156,221218_161637
0,0,0,0,0.022087568745543955,-0.15431617069246661,0.000789931480467021,0.972712172210959,0.2294083481956682,0.034681981067588734,-0.22784937454812512,0.9727137214491144,-0.043734181399030916,-0.04376862518592341,0.034638502894179496,0.9984410255826751,162,162,162,104,162,154,162,162,221218_161637
0,0,0,0,0.03374680484383211,-0.1539673916136829,-0.0019348497107102847,0.9751270222581809,0.21961716520082247,-0.02992642997494215,-0.22037646104028258,0.975095098379648,-0.024975278483847202,0.023696115319844217,0.03094914966747018,0.9992400333521517,18,82,162,162,116,92,162,162,221218_161637
0,0,0,0,0.029802538784457436,-0.15327262333390534,-0.002302925109015419,0.9707914879984764,0.23970398312851576,-0.010290155588123547,-0.2399049037417433,0.9703696378528007,-0.028781992531607584,0.0030860962992949447,0.030409972143176808,0.9995327456386223,162,119,100,153,146,90,162,162,221218_161638
0,0,0,0,0.02422597487371911,-0.1511388526415104,-0.002572345617435301,0.9670476609516018,0.2525895805945709,0.03189553609981753,-0.2503927591991595,0.9662602628174286,-0.06037027944798013,-0.046068292660654764,0.05039452624099455,0.9976663290581067,145,162,148,71,124,162,76,76,221218_161638
