0,0,0,0,0,0,0,1,0,0,0,1,0,0,0,1,162,162,83,96,162,162,96,96,221218_071939
0,0,0,0,5.9616779573917755e-05,0.00026178223809836254,-0.00022842444456888655,0.9999995100404566,-0.000987202546935131,7.314353666334906e-05,0.0009871676074905923,0.9999993993717166,0.00047618937428645,-7.361358809437509e-05,-0.00047611693604313727,0.9999998839468446,162,162,138,106,148,162,116,116,221218_071939
0,0,0,0,8.878118340396868e-06,2.0672632823348636e-06,-2.3477445997344137e-05,0.9999988750525604,-0.0001655595094196503,-0.0014907996715225961,0.00016566104498184233,0.9999999839672357,6.798489330165187e-05,0.0014907883920753488,-6.823178425418251e-05,0.9999988864465768,28,82,162,162,70,90,162,162,221218_071939
0,0,0,0,-4.880563866291321e-05,-0.00036105866624236427,0.0002629060636635816,0.9999955222145736,-6.034861667503479e-05,-0.00299197407162729,5.8625159924964834e-05,0.9999998323295953,-0.0005761109892450311,0.00299200833746307,0.0005759330045850967,0.9999953580828677,162,152,119,152,162,134,162,162,221218_071939
0,0,0,0,-4.82615734323788e-05,-0.00034792841245201434,0.00024871094340733757,0.9999990759703541,-0.00036911227267891374,-0.0013083633161842065,0.00036847995720083683,0.999999815227299,-0.00048349548989495345,0.0013085415385535339,0.0004830129374717555,0.9999990272082989,162,162,162,92,162,162,88,88,221218_071939
0,0,0,0,3.905779164120604e-06,-0.0001343592606066757,9.200977685619449e-05,0.9999992322706869,-0.0009245915642655959,-0.0008249778632921093,0.0009240860328734753,0.9999993851768284,-0.0006129526647936567,0.0008255440869396857,0.0006121898436911771,0.9999994718501384,18,82,162,90,92,87,137,137,221218_071939
0,0,0,0,5.618028030585087e-05,0.0001528822628636961,-0.00013004526831916774,0.999999608598896,-0.0008722776283401979,0.00014810062036336123,0.0008723534979001959,0.9999994879178983,-0.0005129944600567817,-0.00014765307093263743,0.0005131234553644369,0.999999857451435,162,123,137,162,146,162,154,154,221218_071940
0,0,0,0,-4.5465460211530084e-06,-1.2157733897066869e-05,8.862836550493913e-06,0.9999979376914071,-0.0008704784480801624,-0.00183490604775669,0.000870175352693898,0.9999996076235121,-0.00016597492900048547,0.0018350498053812875,0.00016437789669150463,0.9999983027846191,162,162,154,48,161,154,56,56,221218_071940
0,0,0,0,7.126349098635076e-05,0.0004109945769259493,-0.00033206202837932075,0.9999991275456269,-0.0009028668057547868,0.0009642300112419713,0.0009028231339651783,0.9999995914096688,4.572618390180425e-05,-0.0009642709019204711,-4.485561484751096e-05,0.9999995340846921,101,109,162,158,106,114,162,162,221218_071940
0,0,0,0,-4.397972185012089e-05,-0.0003513742639709161,0.00024149859684780006,0.99999943589357,-0.000427510806111603,-0.0009723410165130748,0.0004273234953423636,0.9999998901039536,-0.00019283856195711637,0.0009724233502257694,0.00019242294901397267,0.9999995086829977,162,104,159,162,146,150,162,162,221218_071940
0,0,0,0,2.790167079325112e-07,-7.929656226524084e-05,4.9033048070967755e-05,0.9999992058674727,-0.001105468878525781,-0.0006051470744409971,0.0011049919835674452,0.9999990791559478,-0.0007878324525732211,0.0006060174414527776,0.0007871631442638388,0.9999995065584009,148,162,117,65,162,122,78,78,221218_071940
0,0,0,0,1.9041854454532325e-05,4.518942411302351e-05,-5.514427095321128e-05,0.9999997462997005,-0.0005096771346558882,-0.000497624107790481,0.0005097277738125076,0.9999998649234096,0.00010164034120999871,0.0004975722368152607,-0.00010189396825269172,0.9999998710197359,87,128,162,124,88,128,162,162,221218_071940
0,0,0,0,2.7981952486946793e-05,8.980461896956893e-05,-9.334481231332292e-05,0.999999670291134,-0.0006762114531631465,-0.00044961727326471286,0.0006762799059855262,0.9999997597536439,0.00015211227036920032,0.0004495143051863212,-0.00015241628734404027,0.999999887353076,146,92,162,162,137,80,162,162,221218_071940
0,0,0,0,5.586851159677941e-05,0.000288899505162421,-0.00023630040576183564,0.9999999251789385,-0.0003469845724692095,-0.00017100825289859223,0.00034710874847996475,0.9999996757501334,0.0007266465058322324,0.00017075606232203286,-0.0007267058099244791,0.9999997213704777,162,162,104,128,114,18,130,130,221218_071940
0,0,0,0,2.89595849563562e-05,8.210776531480946e-05,-8.295225382126681e-05,0.9999997458559694,-0.00038717859592346597,-0.0005986490882134101,0.0003871749785212618,0.9999999250288012,-6.158487737456149e-06,0.0005986514277665987,5.926704223762005e-06,0.999999820790655,60,152,162,144,104,152,162,162,221218_071941
0,0,0,0,2.3729934299568378e-05,6.959004040119066e-05,-6.800130456585673e-05,0.9999989616357862,-0.0007006794030188148,-0.0012592758725608027,0.0007006641462184675,0.9999997544560116,-1.2556658461042936e-05,0.0012592843615451103,1.1674315968085093e-05,0.9999992070329891,140,92,162,162,130,118,162,162,221218_071941
0,0,0,0,1.3294540822356149e-05,7.938080610614406e-05,-7.094126444340265e-05,0.9999998753169634,-0.00040176161639523275,-0.00029656982494178627,0.0004018131811579156,0.99999990416439,0.00017383146311676471,0.0002964999577102491,-0.00017395060710816718,0.9999999409144789,162,154,104,140,162,142,149,149,221218_071941
0,0,0,0,6.277765596858498e-05,0.0003445132321272526,-0.00026799518641229536,0.9999998570831136,-0.0005344422160356929,1.432722026275262e-05,0.0005344387838636419,0.9999998287466995,0.00023849896787699098,-1.4454681726034039e-05,-0.0002384912767695536,0.9999999714564861,162,162,162,106,162,162,44,44,221218_071941
0,0,0,0,3.833244266893132e-05,0.00012654390850919128,-9.962747894010082e-05,0.999998932967048,-0.0011171307635886136,-0.0009413201487174431,0.0011166241670118452,0.9999992315673888,-0.0005385305014060432,0.000941921034366647,0.0005374788259488364,0.9999994119504654,129,80,162,122,125,80,122,122,221218_071941
