0,0,0,0,0,0,0,1,0,0,0,1,0,0,0,1,162,162,83,96,162,162,96,96,221218_073610
0,0,0,0,8.450540744370932e-05,0.0001396690881568241,-0.0005313217636374601,0.9999987304537483,0.0008848488809862002,0.0013251918160423622,-0.0008859143156444696,0.9999992846798028,0.0008036141534910902,-0.001324479791021473,-0.0008047871396667868,0.9999987990347504,154,162,140,104,154,162,18,18,221218_073610
0,0,0,0,0.0002600291500015617,-7.069784186769512e-06,-0.004196607317615508,0.9999951584179274,-0.002824325660025931,0.001306263859656398,0.002825339979834423,0.9999957081633268,-0.0007753121468992555,-0.0013040685193942655,0.0007789990326689245,0.9999988462822365,108,85,162,162,52,82,162,162,221218_073610
0,0,0,0,0.002862891008048707,0.0009234335400845339,-0.0046397215495841415,0.9998880957672488,-0.004451550634203355,-0.014282144093063893,0.004334203813157056,0.9999566840503729,-0.008236789440662645,0.014318191933688185,0.00817396598567199,0.9998640785925932,162,150,71,138,162,162,153,153,221218_073610
0,0,0,0,-0.007677237541871863,-0.004617424895487304,0.0029534745757100467,0.9990164033878183,-0.0014969513640905976,0.044316869233757494,0.0036426157792037893,0.9988225852533765,-0.04837535052117747,-0.044192274351446466,0.04848919801744753,0.9978455995610099,126,154,162,117,78,162,133,133,221218_073610
0,0,0,0,0.006273732850625997,-0.0058416076522927185,-0.0035747045778152797,0.99949270785628,-0.014209434175876385,-0.028502963398949928,0.013672058282432578,0.9997267508179755,-0.018960446230424192,0.0287645922001723,0.018561133568197895,0.9994138695036314,122,45,72,114,120,86,114,114,221218_073611
0,0,0,0,-0.00026414935534323225,-0.01370987738775667,0.00352479517895965,0.9989352138467347,-0.013982941036249495,0.043964939405804565,0.014927793209085273,0.9996630255220216,-0.021236675683004812,-0.043653173159417524,0.021870362688695997,0.9988073326267578,162,139,128,146,162,126,162,162,221218_073611
0,0,0,0,0.0028761249848707204,-0.004296670872220826,-0.00010613666525038923,0.999996118168338,0.0018924511964292523,-0.00204506154519528,-0.0019023419113790017,0.9999864519121673,-0.00484531602348324,0.002035864314416094,0.004849187621070975,0.9999861702223232,162,162,162,18,162,162,18,18,221218_073611
0,0,0,0,0.004028241050249709,-0.003334450804067801,-0.00503714524761778,0.9998616526584666,-0.005277555301858697,-0.015774122895272594,0.005364640007895337,0.9999705753573629,0.005483525968829664,0.015744719135793794,-0.005567389828362938,0.9998605442709668,100,92,162,162,18,82,162,162,221218_073611
0,0,0,0,-0.0018489969437177137,-0.006715877148156052,-0.004347166869148378,0.999697218149428,-0.002285742321737352,0.024499947067967508,0.0022543837914804727,0.9999966041103758,0.0013074866870445398,-0.02450285244650717,-0.0012518585202437608,0.9996989762284595,162,116,162,154,162,105,162,162,221218_073611
0,0,0,0,-0.0020074191078157735,-0.009213042330872695,-0.0038639684335555202,0.9996981693643505,0.020328961569369423,0.013795053137893892,-0.020170688725553707,0.9997302155313946,-0.011516921024707515,-0.014025458491722518,0.011235189142317154,0.9998385154808918,143,154,141,52,155,162,51,51,221218_073611
0,0,0,0,0.004165707736819353,-0.01363298576311181,-0.0037796370945106794,0.9997001473524857,0.015294036329244955,-0.019123489121451117,-0.01524459983001957,0.9998800722519923,0.002728239244332179,0.01916292147458439,-0.002435891235561315,0.9998134070287553,102,126,162,162,80,124,24,24,221218_073611
0,0,0,0,-0.00452746421330813,-0.015345109801525064,-0.003598438313505925,0.9991575367005762,0.021045293978045655,0.03523226441508667,-0.02142451317652808,0.9997161597916712,0.010420656723189233,-0.03500295829763147,-0.011166711815543982,0.9993248207953422,150,94,162,162,150,79,154,154,221218_073611
0,0,0,0,-0.0061746353813445995,-0.019576974009094666,-0.0024620584066464835,0.9987779553983083,0.027294432983021522,0.04120205988188578,-0.02813120056034327,0.9994067832460748,0.019867489946355815,-0.040635346256785936,-0.021002274397553856,0.9989532887501402,127,155,109,77,160,159,162,162,221218_073612
0,0,0,0,0.00044817177864904523,-0.021256259617949774,-0.00244255826763784,0.9996406822654671,0.026180059277957735,-0.005754203336191019,-0.026079161596986925,0.9995159843989786,0.016960962865894148,0.006195457225245153,-0.016804803692475587,0.9998395945763638,46,138,130,162,70,130,145,145,221218_073612
0,0,0,0,0.004383978688850286,-0.017240928606233635,-0.0012076165701924158,0.9984677270524243,0.021035131821124962,-0.05118321271699993,-0.022291019045310716,0.9994612172977286,-0.02409119315569209,0.050648874663583136,0.02519520484161984,0.998398664436357,162,108,162,138,150,98,138,138,221218_073612
0,0,0,0,-0.0006685374820013454,-0.01999984938818758,-0.0039148965587587625,0.999946740052633,0.00853607318763161,0.005801078576175424,-0.008538397186973887,0.9999634765443242,0.00037596657582390547,-0.005797657422531864,-0.00042547846486013,0.9999831029254879,162,159,116,63,162,162,48,48,221218_073612
0,0,0,0,1.9552211937466646e-05,-0.022254491222089418,-0.0007254718768415769,0.999742459465865,-0.014615996537304096,0.017360512272529233,0.014587692618331156,0.9998920522182302,0.0017558857848671075,-0.01738430226429057,-0.0015021837563755434,0.9998477531498212,52,136,162,148,85,127,162,162,221218_073612
0,0,0,0,-0.004850841840266511,-0.021899151204416628,-0.004650895372279029,0.999605397974695,-0.014182336133899834,0.024246848901158947,0.01383123182150337,0.9997979332523396,0.014587312660335035,-0.02444883159069968,-0.014246192689122646,0.9995995701418214,146,132,125,162,152,85,154,154,221218_073612
0,0,0,0,-0.0013930805287440118,-0.02504602931898356,-0.003056245560970283,0.9996238593803319,-0.026163761242783357,-0.008221761076607234,0.02620615014763398,0.9996435964557298,0.005090948781307605,0.008085632443405969,-0.005304494573929889,0.999953241349467,162,162,77,114,162,162,131,131,221218_073612
0,0,0,0,-0.0017547765875636223,-0.027514376629559217,-0.0034729782704951973,0.9998943741708887,-0.013672468166418095,-0.004929920450151599,0.013659487857486104,0.999903174435407,-0.002657093424771216,0.004965772133086023,0.002589472578548268,0.9999843177464771,46,146,146,93,78,147,162,162,221218_073613
0,0,0,0,-2.5766157203850615e-05,-0.029620592288084474,-0.00454360395964426,0.9997906334886819,-0.003379961997188331,-0.02018080883408754,0.0033419576368234664,0.9999925789131213,-0.0019166214646187867,0.0201871371782653,0.001848776780068773,0.9997945096453388,153,93,162,162,138,162,162,162,221218_073613
0,0,0,0,-0.000579858582219421,-0.03223922162683765,-0.0030218027547512794,0.9995923115092761,-0.027981134745395996,-0.0056803934637349,0.02787782363211796,0.9994578353856923,-0.0175174837143793,0.00616747282761581,0.017351985030739415,0.9998304210686999,130,162,154,122,162,162,122,122,221218_073613
0,0,0,0,-0.003861281595331542,-0.03365780970082108,-0.003725536751850611,0.9999125599036985,-0.009345919952970018,0.009355550601930166,0.009468805352253274,0.9998683315594151,-0.013178060168030947,-0.00923115767570574,0.01326549376479354,0.9998693976730875,101,162,162,132,71,162,89,89,221218_073613
0,0,0,0,-0.005047925182934655,-0.036342061654776076,-0.001914578359888952,0.9995366946859566,-0.028230365736497672,0.011377276768007668,0.028226833774782426,0.9996014326120235,0.0004709299754333529,-0.011386036681966666,-0.00014956729093274697,0.9999351657974143,138,156,162,162,134,86,138,138,221218_073613
0,0,0,0,-0.00479977172912717,-0.04077136675967705,-0.0031950534438071054,0.998917112108358,-0.03558837860197176,0.02996782350423383,0.0348674793399157,0.9990978285458503,0.02424433705933521,-0.030803604035546862,-0.023173180693396796,0.9992567946603979,138,162,108,157,162,132,161,161,221218_073613
0,0,0,0,0.0008492819940530694,-0.036995979478856994,-0.004909003469984019,0.9973059489781573,-0.07284637748210038,-0.008616810344416727,0.07294738117263024,0.9972629488720487,0.012053646215226137,0.007715161231714152,-0.012649746826009407,0.9998902240708261,162,162,162,18,162,162,18,18,221218_073613
0,0,0,0,-0.0003247677714165523,-0.03613980373247774,-0.005210459591043604,0.9978463759271529,-0.0644719773510453,-0.012081977714491075,0.06451274673163467,0.9979123278646438,0.003015195666672354,0.011862358879545813,-0.0037881436370122484,0.999922464198899,138,80,162,162,130,162,162,162,221218_073613
0,0,0,0,-0.002203606792042352,-0.03709338632610762,-0.002240897848560186,0.9982983249802018,-0.05649171261795423,0.014461699319666265,0.05647811718688423,0.9984029284656407,0.001347111820859108,-0.014514703605192598,-0.0005280499254269235,0.9998945167079025,146,162,138,146,138,162,146,146,221218_073614
0,0,0,0,-0.003608389202090133,-0.03757675147931597,-0.0021838199683235082,0.9985951255251091,-0.05231929027575469,0.008394470950185981,0.05242433416825156,0.998542561560773,-0.012823491672123157,-0.0077113205424036895,0.013245550826252105,0.999882538560806,162,162,162,59,162,162,18,18,221218_073614
0,0,0,0,-0.0004094781223544369,-0.03969460854404569,-0.00449866900128737,0.9963171844782356,-0.08565748787489351,-0.0038552152111172803,0.0856668382315851,0.996321117039245,0.002329070431585911,0.003641530003313713,-0.0026507569926877395,0.9999898563218532,130,83,162,122,125,93,162,162,221218_073614
0,0,0,0,0.00029056953702451954,-0.040262359855238544,-0.004424572285479655,0.9951970740316693,-0.09768142531483541,-0.006412720738164208,0.09765887251231085,0.9952129155616338,-0.003741299097463956,0.006747477930880335,0.003097070837848037,0.9999724394671073,162,149,148,146,138,162,151,151,221218_073614
0,0,0,0,-0.004150860299081981,-0.041989761001118314,-0.002947235464056841,0.995500503594615,-0.09078875342502653,0.027132076853743803,0.09121579999218861,0.9957191158026232,-0.014937210483524577,-0.025659796855252125,0.017344874654311747,0.9995202499942528,136,162,154,75,162,162,18,18,221218_073614
0,0,0,0,0.001938066814178005,-0.04458989841647462,-0.0036298652936350706,0.9937612100485271,-0.11152853816361037,0.00020634431383526226,0.11152839483489567,0.9937520018844671,-0.004286711579652927,0.0002730356010564455,0.004282980936630643,0.9999907907205232,145,88,162,162,135,87,162,162,221218_073614
0,0,0,0,0.0013294094667170298,-0.04678655642503535,-0.004442652944369185,0.9918151567836025,-0.12767896030287526,0.0008819695541804803,0.1276759998202546,0.9918118385996023,0.0028488389873280533,-0.0012384846450929116,-0.0027129153422266305,0.9999955531131776,162,158,108,144,162,155,139,139,221218_073614
0,0,0,0,-0.0013590955828158974,-0.04651376761701667,-0.0033688244806552303,0.9943491032306285,-0.10520794793101838,0.014182686508175342,0.10519813860292279,0.9944502420089714,0.0014379856671953928,-0.014255263551592163,6.213246241460279e-05,0.9998983866376782,162,162,162,18,162,162,18,18,221218_073615
0,0,0,0,0.004630450782658543,-0.05031593739985832,-0.004739534083954444,0.9937943513334143,-0.10782745669991461,-0.027313491893671216,0.10764702783109462,0.9941570158624661,-0.007996574927302911,0.0280161499305172,0.0050067347707256704,0.9995949319349345,162,104,162,162,153,97,138,138,221218_073615
0,0,0,0,0.001739340323877854,-0.050772982047431164,-0.003904558516477863,0.9935676201301615,-0.11309674503254366,0.005701797254447384,0.11313737222829157,0.99355185602993,-0.007392184031675198,-0.0048289992921985506,0.007989721054262282,0.9999564216121176,138,162,105,140,162,162,130,130,221218_073615
0,0,0,0,-0.001510546930420506,-0.04899535076802322,-8.64264269555548e-05,0.9941555520775659,-0.10795709859847677,5.599596177104233e-05,0.10795562972367613,0.9941390389597724,-0.005757883908624378,0.0005659366692212516,0.005730277335292029,0.9999834216812532,162,162,162,18,162,162,18,18,221218_073615
0,0,0,0,9.626210121382872e-05,-0.05198173385321361,-0.004645540777441948,0.9930695701085661,-0.11705095076398066,0.010578461591173078,0.11699278652382711,0.9931148715892146,0.00596152075635797,-0.011203429197260235,-0.004682601156022946,0.9999262754926664,159,92,162,162,146,112,146,146,221218_073615
0,0,0,0,0.0014548125095877051,-0.04963308746957171,-0.004565379110720191,0.9941880765790065,-0.10740811253410454,-0.007318862616309617,0.10745710538866655,0.994187378208304,0.006665396671515441,0.006560403160197082,-0.007413121687975704,0.9999510021682138,162,156,138,122,162,162,128,128,221218_073615
0,0,0,0,-0.0006744168915588586,-0.04785068914330362,-0.0017605348294599255,0.9941510326713587,-0.10798163039036142,-0.0019213892658268628,0.10798282830032502,0.9941526176130757,0.0005307403630200576,0.0018528439583625292,-0.0007351131271665807,0.9999980132870047,162,162,162,18,162,162,18,18,221218_073615
0,0,0,0,0.002532322980839802,-0.049539950746876144,-0.003865134581800045,0.992535790470795,-0.12126986945751182,-0.012896642829498319,0.12109143753731695,0.9925451451370391,-0.01382022503582135,0.01447647711495245,0.012155394960784117,0.9998213230291139,162,88,125,162,146,82,162,162,221218_073615
0,0,0,0,-0.001018988496493338,-0.051581516012212975,-0.004426142626608898,0.993362022878439,-0.1149328018237386,0.004726792549032738,0.11487639824766893,0.9933205824983985,0.010845898334637392,-0.0059417698120495955,-0.01023090660633251,0.9999300095114223,162,162,107,133,162,160,133,133,221218_073616
0,0,0,0,0.000962810622844458,-0.04596503673430655,-0.0010784504712226806,0.9935564539308499,-0.11195978819519554,-0.017623242597235533,0.11170499065395446,0.9936306556640022,-0.014836279443514273,0.019172060800917493,0.012772077043808974,0.9997346178524744,162,162,162,18,162,162,18,18,221218_073616
0,0,0,0,0.005295182499728927,-0.04612504676585663,-0.005000294794436644,0.9919888559655828,-0.12217287233068791,-0.03212318331926621,0.12210498147092713,0.9925088287201257,-0.004074114945588164,0.03238028937607467,0.0001190759199602438,0.9994756138500064,160,95,162,162,138,162,162,162,221218_073616
0,0,0,0,-0.0007149514941436549,-0.05163188835274382,-0.00476045003576786,0.9927212492291769,-0.11996817335223285,0.010590500998090543,0.11989634696144148,0.992760472222109,0.007177100991111176,-0.011374854467801208,-0.005855098279577387,0.9999181619062496,138,162,154,138,162,126,144,144,221218_073616
0,0,0,0,-0.002858510862219034,-0.050888158759819974,-0.004877889530709667,0.9954717621157936,-0.09339924961135986,0.017679112028337846,0.09315088299699706,0.995548039921776,0.014387953460774067,-0.018944229384048734,-0.012675976488794411,0.9997401841444107,162,162,162,18,162,162,18,18,221218_073616
0,0,0,0,-0.00034106050802750615,-0.05025678027968908,-0.0034608756392414675,0.9955869245419453,-0.09299261698499145,0.012611457782253638,0.09303734785676473,0.9956580802574173,-0.003006513245347552,-0.012277116310041216,0.004166581860198706,0.9999159524733626,138,127,162,162,139,84,162,162,221218_073616
0,0,0,0,0.0014546242574541568,-0.05227311256700315,-0.00494797428891347,0.9953677554381358,-0.09602628490808647,-0.004688714194609238,0.0960568401043092,0.9953526505458454,0.006795919403248232,0.004014337208427555,-0.0072148221122359715,0.999965915138444,162,162,138,138,130,18,138,138,221218_073616
0,0,0,0,-0.004196422091423943,-0.05432794085015416,-0.002358706404598898,0.9955828842069112,-0.0919637770954691,0.01890461257424606,0.09185155252014023,0.9957500144984199,0.006723163395175079,-0.019442555744742795,-0.004957048389226013,0.9997986870852449,162,162,162,18,162,162,18,18,221218_073617
0,0,0,0,0.003017569520408117,-0.05625618827459114,-0.0021048608319650386,0.9940139901381272,-0.10766596778129991,-0.018553349869900093,0.10792486355799383,0.9940664914411099,0.013565928643117398,0.01698267457343769,-0.015487090613726948,0.9997358345026224,138,162,162,138,138,162,162,162,221218_073617
0,0,0,0,-0.00034801565739440293,-0.05608556720389554,-0.0025061189652005877,0.9958240481930414,-0.09105679015195174,-0.006567039488730898,0.09115992820846415,0.9956800903251454,0.017635907097140337,0.004932801379624777,-0.018160911247365213,0.999822908705944,138,162,124,138,162,143,148,148,221218_073617
0,0,0,0,-0.0023180866733095162,-0.058977265496740344,-0.004506199397456778,0.995100083577751,-0.09741664145206251,0.01690626013500682,0.0972704420886823,0.9952148471340917,0.00926656029704937,-0.01772807827782161,-0.007576675528673719,0.9998141373417905,162,162,162,18,162,162,18,18,221218_073617
0,0,0,0,0.00384409183632968,-0.05326523344656561,-0.004934261206101853,0.9948785923169261,-0.09621782110279337,-0.030963162818451618,0.09573471989175206,0.9952663245842568,-0.016727419280722286,0.032426069091688235,0.013677501627712947,0.999380546134697,146,144,162,138,144,95,162,162,221218_073617
0,0,0,0,-0.002772474798054897,-0.05709035267310206,-0.003511146311521829,0.9948187871740226,-0.09914080154294277,0.022509601396506485,0.09872583732105535,0.9949360123897355,0.018855776177871163,-0.0242649898179111,-0.016535801142861038,0.999568795806322,162,144,113,146,162,132,160,160,221218_073617
0,0,0,0,0.000950892390707378,-0.055635400983173516,-0.003703244026621033,0.9953251490467513,-0.09576009086888715,-0.012563943323907065,0.095764612876119,0.9954039783288569,-0.00024258559728904052,0.012529429186955196,-0.0009617296228330122,0.9999210411229388,162,162,162,73,162,162,18,18,221218_073617
0,0,0,0,0.0010673674990052118,-0.05577149122130495,-0.0033576457790687186,0.9946256928602553,-0.10313618990431475,-0.009091613403424256,0.10311875971718491,0.9946662353351525,-0.002366786552223053,0.00928722222441966,0.0014165508163678062,0.9999558694698176,124,80,160,162,119,77,106,106,221218_073617
0,0,0,0,-0.00286112861449124,-0.05912412569360628,-0.004965332147141566,0.9953416423196799,-0.09463128799322432,0.018437309920521176,0.09432726936456107,0.9954008852903087,0.016716573138555724,-0.019934425464193068,-0.014899560262455883,0.999690262924171,146,35,112,160,146,162,162,162,221218_073618
0,0,0,0,-0.0025662447844565367,-0.0651606928743951,-0.001305549500993597,0.9948934606308629,-0.0992211366954368,0.01849778437573132,0.09889833483610681,0.9949415401412006,0.01761962167869872,-0.020152452967094052,-0.015700246314010173,0.9996736371962044,162,162,154,18,79,154,68,68,221218_073618
0,0,0,0,-0.0010370936588546126,-0.06305232859227558,-0.004147404040309666,0.9961116909485199,-0.08611368116762691,0.01859927609989897,0.08624122503328734,0.9962552018470997,-0.006166352029647749,-0.017998618292466385,0.007746399702824307,0.9998080030841953,122,79,157,162,118,83,161,161,221218_073618
0,0,0,0,0.001691551516963645,-0.06723529566204381,-0.00293895507940789,0.9942666207223536,-0.10682163044474452,-0.0047985608756766695,0.10685238732658899,0.9942523905279836,0.006689637658258379,0.004056382619995891,-0.007164021113631591,0.9999661107065198,162,137,117,160,146,94,146,146,221218_073618
0,0,0,0,-0.0018292441438538878,-0.06637360521681304,-0.0028270387245470374,0.9933360651267396,-0.11425418411369835,0.015147380335845324,0.11443918997898732,0.9933581934849283,-0.011965418225601147,-0.013679675269499201,0.013619135393752323,0.9998136754594067,136,162,151,68,160,162,18,18,221218_073618
0,0,0,0,0.003690906125925826,-0.07091679178321023,-0.002775239461986212,0.9932461980023154,-0.115975686323577,0.0034103278023862554,0.11595900018859548,0.9932426886436716,0.004740435755568661,-0.003937058445823306,-0.004312961588812497,0.9999829488211924,133,93,162,162,122,137,122,122,221218_073618
0,0,0,0,0.004707468738708517,-0.0729850895258953,-0.0024490030948219887,0.9931791104380103,-0.11645416594331572,-0.005803604398063426,0.11638309015908938,0.9931393638408771,-0.011365751834390477,0.007087377130069429,0.010612785882432,0.9999185656148355,162,162,112,149,162,162,148,148,221218_073618
0,0,0,0,-0.002345828802528066,-0.07521991473497333,-0.00123094438824356,0.9936999147789292,-0.10927277324223386,0.02489860229610438,0.10924648517440544,0.9940117505111192,0.0024177102512651593,-0.02501369315768284,0.0003176063159625134,0.9996870581741275,162,162,162,18,162,162,18,18,221218_073619
0,0,0,0,0.006005838446180176,-0.07031874462055634,-0.004688413622702559,0.9909938071564811,-0.13154007051161462,-0.02506958370821703,0.1311154411058149,0.9912055564859679,-0.01789653304329051,0.027203221888802715,0.01444834388923002,0.9995255024649081,146,81,162,162,141,97,162,162,221218_073619
0,0,0,0,0.0025374161284532487,-0.07221678141652507,-0.0042933975138564895,0.9911095801678688,-0.13303774765884205,-0.0016606617154513094,0.1330302575590935,0.9911038574968988,-0.004011761274965807,0.0021796039163476054,0.0037551767772398804,0.9999905739426445,146,100,107,148,130,18,138,138,221218_073619
0,0,0,0,-0.0019304978027321062,-0.07132532882634349,-0.003115739299324627,0.9901409528581214,-0.13878421243057276,0.018969339820782784,0.13874811927381836,0.9903224936896134,0.0032121473134535433,-0.019231559250071945,-0.0005485183776639899,0.9998149059983054,162,162,162,18,162,162,18,18,221218_073619
0,0,0,0,0.004966723973807187,-0.07547679085987904,-0.003074345383139332,0.9915356210829152,-0.1280415855395551,-0.02150498770597586,0.1283238092342429,0.991656103758809,0.012295196684602857,0.01975125584187187,-0.014950727420970472,0.9996931347379819,146,81,162,162,150,94,162,162,221218_073619
0,0,0,0,0.00036039934687571995,-0.07573354780367172,-0.00289775128998504,0.9878529894364806,-0.15526696478424684,0.00621618115048117,0.1551746424796233,0.9877976607683893,0.013289533920328795,-0.008203754794564566,-0.01216351212379966,0.9998923678977076,162,162,105,147,162,162,138,138,221218_073619
0,0,0,0,-0.00077123687817586,-0.07444483330362092,0.0005548885967372463,0.9862935520848727,-0.16480710603489487,0.007977901742135874,0.16484643964600135,0.9863087553574083,-0.004548674681443223,-0.007119020427106872,0.005801457206875855,0.9999578304320814,162,162,162,68,162,162,18,18,221218_073619
0,0,0,0,0.002599607226433029,-0.07695573395808278,-0.0033520186602736812,0.9846604012018608,-0.17448089940628714,0.0005568189677273309,0.17447479937089005,0.9846445110186678,0.005807865812544094,-0.001561630390807461,-0.005621624603426158,0.9999829791788162,159,87,162,146,152,90,162,162,221218_073619
0,0,0,0,0.0005003047389526283,-0.07685298309555275,-0.004366144932353766,0.9868185661721803,-0.1617820862658995,0.0039590429821762755,0.1617470511554525,0.9868000251021758,0.007975079990902495,-0.005197008793257766,-0.007229593473965969,0.9999603612532868,162,162,140,114,162,162,114,114,221218_073620
0,0,0,0,0.0005091059571227241,-0.0733795261256929,-3.7153844525517066e-05,0.986688111456222,-0.1626226606737148,-0.0006640379165558624,0.162618230833849,0.986679226302617,-0.004406289066622395,0.0013717548694546005,0.004239648366479063,0.9999900717858686,162,162,162,18,162,162,18,18,221218_073620
0,0,0,0,0.003248801760561748,-0.07711802668006892,-0.002027702983065982,0.984535930272649,-0.17509444454954376,-0.005562147971551823,0.17510655242123901,0.9845479042239846,0.0017662353491939506,0.005166943130964178,-0.0027128907179541167,0.9999829713163289,162,96,162,154,162,92,162,162,221218_073620
0,0,0,0,-0.0016646447485901203,-0.07955809131056632,-0.004804008626820622,0.9851921083922109,-0.16990490783159698,0.02299634441484782,0.16943674413241455,0.9853176408287029,0.020984194279637873,-0.026224021421524378,-0.016777036880668866,0.9995152983991731,138,148,110,94,162,160,66,66,221218_073620
0,0,0,0,-0.0008460842110020392,-0.07210150408425456,-0.0018346295876457974,0.9868344815841861,-0.16166044770054425,0.004858560046906688,0.16165767967592223,0.9868464285338595,0.0009597352571103168,-0.004949803861445594,-0.00016167630115941284,0.9999877365760577,133,86,162,162,128,88,114,114,221218_073620
0,0,0,0,0.0005844195056596002,-0.07459105153505133,-0.0017572502901258558,0.9861167021510169,-0.16588313503098073,0.007525639580533507,0.1658628028848561,0.9861434686514255,0.0032542057885919995,-0.007961178178015373,-0.001960803006038498,0.9999663868818739,162,162,89,130,162,158,133,133,221218_073620
0,0,0,0,-0.0011166766126490188,-0.07942437394405141,0.0006354965022108416,0.9875590538269268,-0.15715259947355228,0.005493239770016538,0.15716141018326746,0.9875721905442205,-0.0012081444022391265,-0.005235107799508558,0.0020564392514922083,0.9999841822268652,162,162,162,18,162,162,18,18,221218_073620
0,0,0,0,0.006607729941597498,-0.07434737821721862,-0.0036911461171825755,0.9848529233403043,-0.16661169881364046,-0.048013135770210706,0.1655862133576321,0.9858878039047169,-0.024626084906382316,0.05143855882445338,0.0163027583668623,0.998543086068746,162,85,143,146,138,162,162,162,221218_073621
0,0,0,0,0.003935231235898826,-0.07807164485283755,-0.004325889197445143,0.9845638692713079,-0.1746424006526114,-0.011576667042045644,0.1746038198079172,0.984629504759102,-0.004271354156504362,0.012144687480299855,0.0021840906891705935,0.9999238652586842,138,162,108,139,162,162,132,132,221218_073621
0,0,0,0,-0.0018209650580947034,-0.07696008911759392,-0.004361501071089013,0.988193383741538,-0.15229395423931028,0.01674478520625616,0.15216005302503802,0.9883148271078827,0.009006707619000938,-0.017920786614054673,-0.006352481473514311,0.9998192293541179,162,162,162,18,162,162,18,18,221218_073621
0,0,0,0,0.0018502241922417756,-0.0762563325832635,-0.004570554607997712,0.9828391539213609,-0.18442627695954253,-0.003761101698294041,0.18440677104577913,0.9828372679717247,-0.00500474558254328,0.004619557512633291,0.004225287294181216,0.9999804031258158,162,98,162,162,150,94,162,162,221218_073621
0,0,0,0,0.002472061906823003,-0.07790830949980423,-0.003935799305670007,0.9835740994657954,-0.18001046111021618,-0.0133500843044629,0.1799831586665607,0.9836643919959762,-0.0032290115508696133,0.013713258418646785,0.0007731817867294973,0.9999056699176518,162,162,112,128,162,162,114,114,221218_073621
0,0,0,0,-0.0015730114615474383,-0.07737748822404053,0.002138184605012472,0.9843046918717382,-0.17645161413738325,-0.003016857237925059,0.17644322898294498,0.984306685309114,-0.002852402821811495,0.00347282382999147,0.00227532944817748,0.9999913811481318,162,162,162,18,162,162,18,18,221218_073621
0,0,0,0,0.006213905642457114,-0.07484488262967068,-0.004467492157221198,0.9817531343363318,-0.18730940533264429,-0.03280198004266058,0.18688173720133297,0.9822572927604644,-0.01567887494351887,0.03515678485584195,0.009262693604650941,0.9993388829550196,162,162,162,162,146,43,162,162,221218_073621
0,0,0,0,0.001642300726784507,-0.07813231125009731,-0.005160415822904052,0.9827480059563859,-0.1849493749845382,0.0002923723231212845,0.18493455951150384,0.9826869908921548,0.011202081485525654,-0.0023591284477020935,-0.010954753495671375,0.99993721197324,162,162,153,114,162,160,114,114,221218_073621
0,0,0,0,0.0011196135430533022,-0.08082462245476027,-0.0031040343593057296,0.979357968754373,-0.2021106125863325,-0.003044555351060256,0.20212782449463926,0.9791058757982652,0.022271653337294098,-0.001520395465894788,-0.02242731052287728,0.9997473201466147,162,162,162,18,162,162,18,18,221218_073622
0,0,0,0,0.003485273857913307,-0.07940822972907982,-0.0036306586915780814,0.9800059061589576,-0.19866979666516477,-0.01089659518301279,0.1987074705763945,0.9800557072502444,0.0024802869501384466,0.010186512194651925,-0.004595930726815899,0.9999375542452951,162,162,148,162,162,126,162,162,221218_073622
0,0,0,0,0.00041805681360967267,-0.0804515490324266,-0.005930914660544628,0.9813737058188702,-0.1918477023972903,0.010005429137073692,0.1915510182585731,0.9811627874265691,0.025055777246542132,-0.014623848038057717,-0.02267253082929079,0.9996359834531541,136,160,120,72,162,122,29,29,221218_073622
0,0,0,0,0.0022827067554975905,-0.0786024438192682,-0.004161022878011678,0.9788434598645347,-0.2046033408174881,-0.0017187224177731195,0.20460927712001956,0.9788325313484213,0.004681804189150666,0.0007244286367206582,-0.004934419962386845,0.9999875632740565,138,140,162,162,130,39,122,122,221218_073622
0,0,0,0,0.003786784518871579,-0.07736132162296958,-0.0033212574394371197,0.9776242500680719,-0.21001508290799292,-0.012020425532812386,0.21000053398331556,0.9776981404498211,-0.002474244871398123,0.012271976432647552,-0.0001054139937121161,0.9999246909054332,130,162,95,132,162,147,114,114,221218_073622
0,0,0,0,0.0003693156007784429,-0.08164869937418759,-0.002592038426183496,0.9758318503500737,-0.21842825573647343,0.0064262693899890064,0.2182573297351642,0.9756740122176047,0.020590286546773636,-0.010767444414847628,-0.018690077022958117,0.9997673445165376,162,162,162,18,162,162,18,18,221218_073622
0,0,0,0,0.004534368575233788,-0.07992993163261183,-0.0026911123598586384,0.9728584330266677,-0.23044186941539938,-0.021047900352135947,0.23014146984753467,0.9730295828238557,-0.015758642265475024,0.02411168068206154,0.010486933296773278,0.9996542657762809,162,89,152,162,162,111,146,146,221218_073622
0,0,0,0,0.00604296270467581,-0.07889507973098339,-0.0030036975514168285,0.97519735160719,-0.22087044847288703,-0.014365598132610732,0.2206985964090819,0.9752602410363513,-0.012632964686817117,0.016800445273360703,0.009149166361087051,0.9998170021526509,137,161,128,80,162,162,18,18,221218_073623
0,0,0,0,-0.003786591536204198,-0.07791917393069972,-0.0013772100540654364,0.9747687738229912,-0.22236776334027658,0.01945290226844294,0.22220506174370067,0.9749467335382553,0.01018711433939259,-0.02123082935499974,-0.00560754760375106,0.9997588745766504,144,88,133,162,138,79,162,162,221218_073623
0,0,0,0,0.0036502111735350687,-0.07677508504072864,-0.0033995530527152207,0.9749247353583724,-0.2218502171592631,-0.01744252082684798,0.2217602371401169,0.9750763968119113,-0.006958275925871107,0.01855148538436817,0.0029157377606974398,0.9998236548828721,162,162,100,84,162,162,51,51,221218_073623
0,0,0,0,9.685151360645794e-05,-0.07734519364436562,0.001134455162389525,0.9739375340700691,-0.22680969353839026,-0.0017443183581624553,0.22679159068528942,0.9739159472933034,-0.007300822023886208,0.003354716671986804,0.006714947863519134,0.9999718272787693,142,88,162,130,130,91,160,160,221218_073623
0,0,0,0,0.007031729007223944,-0.07407772053688458,-0.004401360819533684,0.9727007481107119,-0.22810690935646225,-0.04266723015035574,0.2275563638356934,0.9736092925417585,-0.017408238113472932,0.04551215115480986,0.007223806488309204,0.9989376660818639,138,162,132,122,162,162,115,115,221218_073623
0,0,0,0,-0.0028510232863680346,-0.07895995700648237,-0.003241528992411591,0.9739325589628469,-0.22593145818146376,0.020257018439998588,0.2258206100690625,0.9741390068061448,0.007632004112551896,-0.02145746164198982,-0.002858605033052011,0.9997656754045657,162,162,162,18,162,162,18,18,221218_073623
0,0,0,0,0.0009966311022005792,-0.07941054104523856,-0.003834990460632959,0.9701119216142359,-0.24221299909845392,-0.014687498414186385,0.2422142424641994,0.9702212628038214,-0.0017210319149856962,0.014666979560513925,-0.001887927723879828,0.9998906517412196,162,140,157,162,162,127,146,146,221218_073623
0,0,0,0,0.0010846642858974992,-0.08158823866925866,-0.0037660068069037544,0.9700774500547581,-0.24261291266538634,-0.00941889076672125,0.24264351129128828,0.9701129425427846,0.0022372168458020328,0.008594610141968903,-0.004455706341101328,0.9999531385807585,162,160,134,76,162,162,66,66,221218_073623
0,0,0,0,-0.0003738984685667454,-0.08072391647343055,-0.003972045679510483,0.9680422184009284,-0.2507844512560351,0.0011926447994810036,0.25075042046007584,0.9679705072208623,0.012542878046237944,-0.004300003779485097,-0.01184297930408276,0.9999206237540555,162,94,162,162,146,130,162,162,221218_073624
0,0,0,0,0.0005048962338733212,-0.08075748166497801,-0.003936448899583556,0.9697711665400723,-0.2439741803481239,-0.0045259110649305745,0.2439859141692334,0.9697761794297569,0.002243991450034053,0.0038416447662569775,-0.0032804167548310306,0.9999872402342964,162,162,114,18,162,162,57,57,221218_073624
0,0,0,0,-0.0021108521037130554,-0.08160977116537058,-0.00356916280977293,0.973408306573491,-0.22887900205137124,0.009522138084322306,0.2287396905504116,0.9733898423851931,0.013797416723111102,-0.012426691459541086,-0.011252429128746102,0.9998594702147258,146,80,162,162,138,143,162,162,221218_073624
0,0,0,0,0.004098401995146411,-0.08074461199037156,-0.0034156781967177308,0.9678547332546604,-0.2499456313753047,-0.028007082549784484,0.249324020425032,0.968125265936615,-0.0238956542964996,0.03308697864188342,0.016144683693396413,0.9993220707223431,162,157,76,114,162,162,110,110,221218_073624
0,0,0,0,-0.004746737429223304,-0.08592416289799573,-0.0015220986426897065,0.9712737403591811,-0.23728331479916395,0.017998605685083897,0.23714122808806856,0.971426892493285,0.00968661353220186,-0.019782801357972404,-0.00514014190080206,0.9997910880337305,162,162,162,18,162,162,18,18,221218_073624
0,0,0,0,0.007916713679079215,-0.0798783188410627,-0.0029452254792248223,0.9649959164247799,-0.2562826490421821,-0.055696365082662014,0.25381401145921595,0.9660744618794573,-0.047734491631303035,0.06604035789182665,0.031927071651493034,0.9973060378967331,162,18,162,154,162,121,153,153,221218_073624
0,0,0,0,-3.3695153745981477e-05,-0.0872291531712294,0.0007546513014600187,0.9614184000430465,-0.27451123511694925,0.017839334439265615,0.2745748932245082,0.961564999198223,-0.0011748734705010124,-0.01683116363829584,0.006027778321119838,0.9998401761377126,162,122,124,84,162,162,66,66,221218_073624
0,0,0,0,-0.00449622498430946,-0.0833883140803279,0.002558385817976405,0.9680478118135407,-0.2507656943616139,-2.396566371837055e-05,0.25072006620618315,0.9678734845858992,-0.018983314703083724,0.004783559823257312,0.018370747586493777,0.99981980035831,162,162,79,154,146,155,162,162,221218_073624
0,0,0,0,0.0015430829007509334,-0.08022945362240277,-0.003752782927895826,0.9676966430870928,-0.250326356785284,-0.02999870091484953,0.25035998261664894,0.9681490790779067,-0.00269068481850579,0.02971676399211919,-0.0049067075730902555,0.9995463161648033,162,162,115,75,162,114,67,67,221218_073625
0,0,0,0,-1.622740720223087e-05,-0.08443945906827874,-0.004267675106999991,0.9652440232681752,-0.2609323619781486,-0.014774234923373528,0.2609854878785649,0.9653411272593398,0.0017558868002059403,0.013804008905179743,-0.0055507201489432495,0.9998893132962138,150,88,162,162,140,94,122,122,221218_073625
0,0,0,0,-0.0036079771031657243,-0.08310070319059801,-0.004456662198692785,0.958177519023666,-0.2861713540702759,0.0013409501242176232,0.28608111885524407,0.957974048140395,0.02105508309259913,-0.007309957057522349,-0.019790886768638376,0.9997774178929669,162,162,131,128,162,162,106,106,221218_073625
0,0,0,0,-0.006736505838206397,-0.0841053408877663,-0.00245156512442235,0.9630849051830813,-0.26873016736310995,0.015860723737879324,0.2682963954410749,0.9630100988079562,0.025071772717877732,-0.022011578812545996,-0.019890870842809383,0.9995598249506099,162,162,162,18,162,162,18,18,221218_073625
0,0,0,0,0.0012741529782609104,-0.0813047911986525,-0.00464646731861218,0.9605814980977521,-0.2767344978077042,-0.026480242359070386,0.27655325495569055,0.9609428467003834,-0.010350968494647296,0.02831046954203074,0.002619751606934755,0.9995957453970219,162,162,77,154,146,162,152,152,221218_073625
0,0,0,0,-0.0041873636496305155,-0.08705315868560068,-0.0039047619300063285,0.9606614400671136,-0.27757617955355085,0.009003450040702117,0.2774195816757335,0.9606232918348825,0.015532768174907178,-0.012960450263851868,-0.012423998099205042,0.9998388225110031,162,162,162,81,92,162,18,18,221218_073625
0,0,0,0,-0.0012580945557744555,-0.08699501533449758,-0.0022829096404813898,0.9629756268048933,-0.2690304604043404,-0.017336480448806063,0.2689790728085047,0.9631315789046585,-0.005274477007067803,0.0181163067649118,0.0004160423650667016,0.9998357996881039,162,103,162,162,162,97,162,162,221218_073625
0,0,0,0,0.0027345896444189305,-0.08676499399408313,-0.00023649774825695857,0.9568142506162121,-0.29062271662296063,-0.006702715899304869,0.2905092942545231,0.9567673986713207,-0.014159618337150267,0.010528046802497767,0.011600923342776563,0.9998772818741906,161,162,133,85,131,162,24,24,221218_073626
0,0,0,0,-0.0032135196557235776,-0.08656167989039573,0.004947703645790891,0.9585153303895461,-0.2850248436354696,0.00303313679111509,0.28504096087172365,0.9584650857364904,-0.009814787285869167,-0.00010969750307637399,0.010272192303412829,0.9999472336237245,162,162,162,162,159,105,162,162,221218_073626
0,0,0,0,0.0022437685066083873,-0.08363011749805763,-0.004245626370178224,0.9568023260989511,-0.29013943371781725,-0.018665952253780992,0.29027577396866905,0.9569299479699677,0.005004970038429872,0.016409869546295874,-0.01020704071215365,0.9998132488126841,162,162,136,88,162,138,64,64,221218_073626
0,0,0,0,-0.0035520789049706056,-0.083551362176888,-0.0042096421625998914,0.951438082812025,-0.3077736625430308,0.006399001470973642,0.3074842190064096,0.9511319292918066,0.02831091915966413,-0.014799649894357657,-0.024968494678193627,0.9995786835644853,162,84,162,154,162,97,146,146,221218_073626
0,0,0,0,-0.0038330049517730433,-0.08367129310614005,-0.004036388575840211,0.9522967185926979,-0.3050664850724235,0.008086992218143532,0.30486233113145167,0.9521878231423048,0.019932599344187948,-0.013781103536251116,-0.016516329649028164,0.9997686192515985,162,154,154,83,162,162,18,18,221218_073626
0,0,0,0,-0.005733854036725258,-0.08046818570392908,-0.0035182118157227604,0.9569762414824547,-0.28992548767626536,0.011818833859350725,0.28967899201252945,0.9569358761835187,0.01896867047229167,-0.01680936717191485,-0.01472889909535275,0.9997502211586246,162,162,162,162,162,89,154,154,221218_073626
0,0,0,0,-0.002304225306182718,-0.08414260880336308,-0.0042690494482602315,0.9553110857597364,-0.2955991178097408,-0.0013751271417896211,0.295597096393056,0.9552562339156995,0.010386730437863635,-0.001756709579738919,-0.010329042322373442,0.9999451109216722,162,162,156,84,162,154,18,18,221218_073626
0,0,0,0,-0.00442747314238176,-0.08289078001558284,-0.0041955361590467755,0.9486714601654296,-0.31624161946237117,0.003701187297039374,0.3160901897683589,0.9484744613331136,0.021981540689021004,-0.010461959653626325,-0.019683351307049797,0.9997515256710185,162,104,162,162,162,89,162,162,221218_073626
0,0,0,0,-0.002039502556665851,-0.08253417419977357,-0.00460704880086138,0.9533588024298433,-0.3016379951297796,-0.011023326341094411,0.30170075482338093,0.9533919541214885,0.004520658736522354,0.009145948203304353,-0.007635555677017555,0.999929022441576,162,154,154,162,162,162,18,18,221218_073627
0,0,0,0,-0.005495977941206029,-0.07946998906405076,-0.003961913125907546,0.9563764375892417,-0.29213683778174754,-0.00042146766406562917,0.2920983472037381,0.9562249286246502,0.017676013058002572,-0.0047607966723649696,-0.017028032407266823,0.9998436782454452,162,162,162,162,162,112,162,162,221218_073627
0,0,0,0,-0.006750375123356016,-0.0867598806774322,-0.004180089632524031,0.9538375984898417,-0.29912241371234866,0.026825683999295292,0.29820235583967986,0.9539127721310399,0.03355261743799482,-0.03562570250249911,-0.024004265874504452,0.9990768761917321,149,154,151,76,162,162,45,45,221218_073627
0,0,0,0,-0.005050069248826172,-0.08304694640263413,-0.002922455682027758,0.9505165693635396,-0.3106715195445495,-0.001207604756851039,0.3106705456059579,0.9504812553920887,0.008318367698957479,-0.0014364742478561717,-0.00828191355660499,0.9999646726007755,162,76,162,162,154,162,162,162,221218_073627
0,0,0,0,-0.004792223297446857,-0.08439073359741348,-0.003992889725685567,0.9532492299477192,-0.3018208336192737,0.014835430477307404,0.3016560906895504,0.953336635289476,0.012363768229740679,-0.017874802208083046,-0.007310554582771038,0.9998135062288939,162,154,155,84,162,154,18,18,221218_073627
0,0,0,0,-0.006810031422061012,-0.08349464640755602,-0.004336505433417015,0.9588943819244488,-0.2827365678580198,0.024116332838893896,0.28232280845639585,0.9591275933663395,0.019185710009979578,-0.028555142076730825,-0.011588478725055432,0.9995250427186988,162,162,162,162,162,96,154,154,221218_073627
0,0,0,0,-0.001540793905111651,-0.08228630604387424,-0.004367788031843567,0.9521596472401019,-0.30543262119830383,-0.010144953205322984,0.30541439745029475,0.9522136880009595,-0.0033373962433214223,0.010679512988812758,7.931925937622463e-05,0.9999429692291341,150,162,138,110,132,162,18,18,221218_073627
