0,0,0,0,0,0,0,1,0,0,0,1,0,0,0,1,180,180,68,92,180,180,92,92,221213_034525
0,0,0,0,-1.5209607244770496e-06,-1.887251903855136e-05,8.71662115996541e-05,0.99999994925833,-0.000263904283318085,0.00017843168421411524,0.00026401806641284693,0.9999997616495688,-0.0006379618054634889,-0.0001782632808316995,0.0006380088822804601,0.9999997805834103,180,180,180,84,180,180,84,84,221213_034525
0,0,0,0,0.0014509479134276748,0.0008637463437203285,0.0006492537521389785,0.9999266269681135,0.011157965949956451,0.004715980919339286,-0.011159775586481365,0.999937663828713,0.0003575830479367908,-0.004711697043671702,-0.0004101860997141625,0.9999888157666226,0,150,180,155,0,150,155,155,221213_034526
0,0,0,0,0.003047487378943503,-0.0012702061940182835,-0.0001948634253686743,0.9995874507306219,0.028283422912269367,0.004997632461739291,-0.02829895077404933,0.9995948081765718,0.0030641232890877873,-0.004908943567088648,-0.0032042869422850245,0.9999828172615001,149,78,180,150,149,78,150,150,221213_034526
0,0,0,0,0.003709631117929435,0.0015399184478423894,0.000571181895018813,0.9999888981314391,-0.0014054496529697748,0.004497591037783276,0.0013610050551306414,0.9999503669439549,0.009869717011683427,-0.004511239198944196,-0.009863486195243836,0.9999411784504957,180,99,131,180,180,99,180,180,221213_034526
0,0,0,0,0.004485836353488676,0.0019964830634108532,0.0005961155861908818,0.9999529287410216,-0.0022255227742393907,0.009443905475755415,0.0021255328928087296,0.9999417221729153,0.01058462884502489,-0.009466911438016451,-0.010564057281493787,0.9998993840790072,180,90,97,87,180,90,87,87,221213_034527
0,0,0,0,0.0042287000472656655,0.0023863147961761255,0.0007208801832302436,0.9999504323984046,-0.009840400558192368,0.0015163321200399695,0.009813473362686466,0.999809944077773,0.016845517616284347,-0.001681810573094796,-0.0168298021395093,0.9998569544055496,180,180,180,83,180,180,83,83,221213_034527
0,0,0,0,0.005406045986022789,0.00416543805322496,0.000664741494675769,0.9999807119853682,-0.005854481882682188,0.0020738127017548838,0.005865025221635545,0.9999697188092521,-0.005114972501978567,-0.002043804390393478,0.005127036808115118,0.9999847680625851,34,145,180,180,34,145,180,180,221213_034527
0,0,0,0,0.007097530784198808,0.0009253986857485214,0.000850416013164601,0.9998477397509958,0.015485177412612967,-0.008044040982266432,-0.01530480571309404,0.9996403676687771,0.022020405289564594,0.008382137967662101,-0.02189393997279021,0.9997251598092143,150,126,180,180,150,126,180,180,221213_034527
0,0,0,0,0.004900024388731383,0.0029968778041435107,0.0015591129557868122,0.9998793158051849,-0.015298756062773276,-0.0027022005637259813,0.015256357924555555,0.9997700474085807,-0.015069699649370924,0.0029321268445788155,0.015026655235818647,0.9998827942637033,180,152,135,180,180,152,180,180,221213_034528
0,0,0,0,0.005951501139908444,0.0023248318550101177,0.00011454485303008521,0.9998535116195726,-0.014615842972255023,0.008906875783365823,0.014637234381219043,0.9998901289602565,-0.002341234185498705,-0.008871678064446116,0.0024712632503402416,0.9999575921939232,144,144,129,80,144,144,80,80,221213_034528
0,0,0,0,0.006279247471382504,0.0017799321453099842,-0.00016388251753007843,0.9998667982222007,-0.013477195591092426,0.009206031277678686,0.013402627858643957,0.9998772578459181,0.008114111720345521,-0.009314256780272203,-0.00798964589496934,0.9999247022546769,180,180,180,82,180,180,82,82,221213_034528
0,0,0,0,0.005657737559709997,0.0028046263099869018,0.0004789522931527568,0.9999620386536767,-0.006937022690439115,0.00527247264346989,0.006965689708538339,0.9999609510752838,-0.005438335361053869,-0.005234540903284675,0.005474855322953126,0.9999713123588719,83,135,140,180,83,135,180,180,221213_034528
0,0,0,0,0.00492766348267637,0.0003910959568817346,0.0007658553016901548,0.9999826419163557,-0.0015987467768344705,0.005670967706656284,0.0015697283517573637,0.9999856720371477,0.0051177801160669865,-0.005679068487706803,-0.005108789402420506,0.9999708238003515,154,62,180,180,154,62,180,180,221213_034529
0,0,0,0,0.004452903041228223,0.001237260043304017,0.0008419256861786906,0.9999772245571272,0.0015826741916852632,0.00656090766795897,-0.00158855951484335,0.9999983404821098,0.0008919146228081614,-0.006559485169760541,-0.000902316701359425,0.9999780792491794,180,150,140,180,180,150,180,180,221213_034529
0,0,0,0,0.0046231702384436635,0.0017129353966361949,0.000567090652807134,0.999928852784953,0.011912376696572947,0.0006202012637481246,-0.011910478652650677,0.9999246300603978,-0.002979042940471629,-0.0006556420009184205,0.002971444095950665,0.9999953703160587,180,180,0,80,180,180,80,80,221213_034529
0,0,0,0,0.006248362850931971,0.0012618583674888911,-0.00025151671701373335,0.9999575782561653,0.00921055822573646,8.547066933081395e-05,-0.009210839659892228,0.9998556354439317,0.014278259829946127,4.60524131304022e-05,-0.014278441377895974,0.9998980567992886,83,180,180,81,83,180,81,81,221213_034529
0,0,0,0,0.006383160178685399,0.0036961327240137426,-0.0002921169962737391,0.9992585079396348,0.03827024153519282,0.0042217203949316065,-0.03829936700263237,0.9992414511312188,0.007048462837653453,-0.00394877163845288,-0.0072049256772094734,0.9999662475546529,79,132,180,136,79,132,136,136,221213_034530
0,0,0,0,0.004805247028923765,0.0029384596670527785,-0.00016353311849193197,0.99984010610344,0.015135661627478656,0.009522288283826499,-0.015171000275033857,0.9998782519893824,0.003649924562589428,-0.009465884941026207,-0.003793803600101755,0.9999480006862992,150,130,180,180,150,130,180,180,221213_034530
0,0,0,0,0.0057623331067012395,0.004225699903030136,0.00073692002037129,0.9999498778348329,0.009771991479801059,0.0021794496144258877,-0.009770286673115065,0.9999519563595975,-0.000791499171393627,-0.002187079428891438,0.000770165652218962,0.9999973117606066,170,180,82,180,170,180,180,180,221213_034530
0,0,0,0,0.007477409885548875,0.005095235169782192,0.00042849638500186416,0.9991900640807881,0.03961362662335711,-0.007069400821579283,-0.039607155380932915,0.9992147738129026,0.001053108095393957,0.007105567173812065,-0.000772256288530303,0.9999744569414577,180,180,0,0,180,180,0,0,221213_034531
0,0,0,0,0.007040023454620903,0.004753859064730637,0.00014200879806702815,0.9996948304017795,0.021875955066558893,-0.011475567867579885,-0.021670423472689278,0.9996077840882613,0.017738960980556533,0.01185912368060407,-0.017484867173681227,0.999776795392575,180,180,180,101,180,180,101,101,221213_034531
0,0,0,0,0.005905424721039859,0.005552707553411543,0.00177748016854129,0.999659540258553,0.01665307395936562,-0.02008677917840694,-0.016519731239057964,0.9998405108950063,0.006786107352593373,0.020196585103612597,-0.006451968762753161,0.9997752097592923,61,133,180,166,61,133,166,166,221213_034531
0,0,0,0,0.006412184455371006,0.005953455801391977,-0.0004372642286035733,0.9999114756360512,0.013281146599683713,-0.0008074876671923433,-0.013267641350909755,0.9998008901679626,0.014904687595964921,0.0010052782294430469,-0.014892654711212056,0.9998885929198983,154,84,180,180,154,84,180,180,221213_034532
0,0,0,0,0.004047372843571956,0.0028966012330695484,-0.0006114150281923969,0.9999619180768912,0.0025157795523301284,0.008356629058964374,-0.002784058108453505,0.9994759963977555,0.032248746412277055,-0.008271119418422538,-0.032270783658886575,0.9994449385061728,170,180,86,180,170,180,180,180,221213_034532
0,0,0,0,0.00563867792897263,0.00437911570638623,0.0009935189978249603,0.999829962838335,0.012600501702636947,-0.013463757556321024,-0.012496414256815453,0.9998915929199306,0.007787299837900349,0.013560421874544041,-0.007617727015661715,0.9998790352806181,180,180,114,94,180,180,94,94,221213_034532
0,0,0,0,0.005728725750634767,0.006072774174360029,6.13520875286655e-05,0.999932796223299,-0.011193544791564175,-0.003017878734056273,0.011194463756970684,0.9999372986142188,0.00028778688955602964,0.0030144681534389354,-0.00032155108330121353,0.9999954047827684,180,180,180,99,180,180,99,99,221213_034532
0,0,0,0,0.005703193534842693,0.005730744249308001,-0.00013386060733200367,0.9999138807448344,-0.010609162575888013,-0.007725073672399386,0.010703537278254214,0.9998673143874226,0.012279572851558855,0.007593772681522313,-0.012361200957920704,0.9998947621261646,0,140,180,152,0,140,152,152,221213_034533
0,0,0,0,0.005449290720207167,0.005180298133770564,7.987564432099248e-07,0.9999801058785128,-0.006189145496572353,-0.0012175077909352655,0.006198473892930559,0.9999502633900329,0.007813428671377222,0.0011690887893509507,-0.007820819920334489,0.9999687335147915,160,80,180,180,160,80,180,180,221213_034533
0,0,0,0,0.004916898750753518,0.004987743000759645,-0.0007171641729164513,0.9994268687983634,-0.03187260833519247,-0.011404856939506927,0.03198447727011908,0.9994406654293181,0.00976470685475411,0.011087251131657542,-0.010123888784131329,0.9998872835166123,170,180,99,174,170,180,174,174,221213_034533
0,0,0,0,0.0065607005459596135,0.004705824810529058,-0.0004353193671808864,0.9999719840324415,-0.007437392181935795,-0.0008463732947378917,0.007444997531157662,0.9999283984845997,0.009368559963186113,0.0007766350385011737,-0.009374598741003864,0.9999557558894604,180,180,117,97,180,180,97,97,221213_034533
0,0,0,0,0.006775834974052569,0.005906396217098528,-0.0002141925692239477,0.9996379274478995,-0.02664239215153702,-0.0037678837711003416,0.026688157709565594,0.9995635390405115,0.012667819815496136,0.0034287382137048556,-0.012763791021960284,0.9999126608824441,180,180,180,96,180,180,96,96,221213_034534
0,0,0,0,0.006421084442727765,0.006654983549145996,-0.000574887447667427,0.9994761644680308,-0.03236127296629849,0.00038035808769750184,0.03235731525445486,0.9994458005816412,0.007816383386571502,-0.0006330954098485954,-0.0077999815206688935,0.9999693792704251,36,133,180,180,36,133,180,180,221213_034534
0,0,0,0,0.005860603907211909,0.005916099325241772,-0.00010866393527619866,0.9996946212818373,-0.024429957257077257,-0.003720398981510823,0.0244608481786828,0.999664675846179,0.008497221412509004,0.0035115646859589992,-0.008585630656576798,0.9999569770043535,160,81,144,160,160,81,160,160,221213_034534
0,0,0,0,0.0039672510650021475,0.005457517779074855,-0.0006418987973951795,0.9990612228075341,-0.043212609731718275,-0.0030567045145582722,0.04325919786095747,0.9989139244934264,0.017309340067365703,0.0023054029456096125,-0.017425321039091453,0.999845509718348,180,171,96,173,180,171,173,173,221213_034534
0,0,0,0,0.004151995350153259,0.00475458604110017,-0.00043335275647127247,0.9996520233315173,-0.026327947407764667,-0.0016344523540994167,0.026356613901040583,0.9994295501899045,0.021116418040893908,0.0010775680374434037,-0.02115214864973012,0.9997756875692789,108,110,110,80,108,110,80,80,221213_034535
0,0,0,0,0.00313314478388399,0.005098649015300202,0.001073265235731924,0.9977535745245949,-0.06511431417396175,0.015745812555968176,0.0649851240387488,0.9978493264886535,0.008582265424057394,-0.016270776781135837,-0.007539742422331543,0.9998391941243069,180,180,180,95,180,180,95,95,221213_034535
0,0,0,0,0.0024212466912017783,0.005521299195417384,0.0008520656261122861,0.9977394533862463,-0.06704058178570833,-0.004641503026943837,0.06702943129629493,0.9977478218929873,-0.0025177863086092234,0.004799843394384286,0.0022009774270392995,0.9999860585036948,82,124,180,180,82,124,180,180,221213_034535
0,0,0,0,0.0021633970639702294,0.004872494293790067,0.0001928262054312624,0.99850304368892,-0.0546483679381992,0.002286400151898431,0.054598297708918435,0.9983446780481695,0.01808119742123286,-0.0032707233529749736,-0.017929297102466046,0.9998339075437278,160,75,180,180,160,75,180,180,221213_034535
0,0,0,0,0.0020236137284047606,0.0036359913022990797,-0.0007630361289073795,0.9991044374260419,-0.042287808891048856,0.0014367793102858367,0.0422325222816315,0.9987307468068992,0.02744648327681344,-0.002595607313099753,-0.02736122441936848,0.9996222417598305,180,173,99,170,180,173,170,170,221213_034536
0,0,0,0,0.00403803605597447,0.005399233797780248,-0.0012454040965964586,0.9997727476833116,-0.020899714800111074,0.004201774748331098,0.020797621286771265,0.9995184814716989,0.02302746502160696,-0.004681018967459087,-0.022934845056885186,0.9997260029346255,180,180,100,0,180,180,0,0,221213_034536
0,0,0,0,0.004047321404662768,0.0065544281215433875,0.0008177401411134655,0.9989914280066315,-0.04469094569020038,-0.0043412144138466864,0.04475479792220248,0.9988709181616187,0.015934143023931643,0.0036242009069931648,-0.01611236246736804,0.9998636191718878,180,180,180,94,180,180,94,94,221213_034536
0,0,0,0,0.0034664688688317846,0.007855883618486575,-9.794386317441006e-05,0.9985679700488826,-0.0530282524437597,-0.007072031901477692,0.05309060753686172,0.9985496642844897,0.008941775478112219,0.006587608353680948,-0.009304429057980727,0.9999350133964124,35,130,180,172,35,130,172,172,221213_034536
0,0,0,0,0.002633182832428388,0.006134711460374018,-1.7163460440561273e-05,0.9991949426461747,-0.04007549858486076,-0.0018495954918279502,0.04009198112486311,0.999146388347011,0.00995628960045903,0.0014490133857691775,-0.010022428163846214,0.9999487243323572,160,96,174,160,160,96,160,160,221213_034537
0,0,0,0,0.0010464029809391096,0.004725860241999946,-0.0003236715823842218,0.9987598416678245,-0.04854072767147945,-0.011071423972793376,0.048651092762467006,0.9987665032057099,0.009926895146847529,0.010575908692868244,-0.01045322109983143,0.9998894340495644,180,113,85,170,180,113,170,170,221213_034537
0,0,0,0,0.0018999437533454566,0.004348495231200705,-0.0010643333180291314,0.9995974907247642,-0.0283619075608429,-0.0006773007190015361,0.028369543533447943,0.9991622559160915,0.029495005549574915,-0.0001598013065723633,-0.029502348248501176,0.9995646982118599,179,180,115,85,179,180,85,85,221213_034537
0,0,0,0,0.0014720871978450012,0.005601393626941731,0.0003897841773833344,0.9982355949827417,-0.058583431429725184,-0.009678763938127936,0.05871345233391701,0.998180247988769,0.01374492779579507,0.008855925952953854,-0.014288949821362808,0.9998586892598965,180,180,180,180,180,180,180,180,221213_034537
0,0,0,0,0.0018739860465435132,0.00529514326471392,0.0005060604389662826,0.9981876153880572,-0.05978164018019325,-0.006902172358750849,0.0597822305766392,0.9982114356602552,-0.00012093127749428173,0.0068970568495208585,-0.00029191515592266786,0.9999761724123012,57,123,180,169,57,123,169,169,221213_034538
0,0,0,0,0.002452775711161259,0.004637087757090569,-0.00017534507074334904,0.9989420087982668,-0.04493611796104554,-0.009777952785445715,0.04501755880847223,0.9989519256180829,0.008274642158414999,0.009395874467507774,-0.00870606722435914,0.9999179576027604,167,79,172,180,167,79,180,180,221213_034538
0,0,0,0,0.0016569665965162905,0.003225152953347535,-0.000171325018192392,0.9990995688884649,-0.042417247947916834,0.0009102326122245772,0.04239624026932928,0.9989620925479031,0.01665222097316453,-0.0016156292609153364,-0.016598636354795342,0.9998609278360929,180,138,75,170,180,138,170,170,221213_034538
0,0,0,0,0.003437914052885377,0.004271865990322518,-0.0007514645154023114,0.9996255102879863,-0.027346796712952457,0.0009959372589128663,0.02732436825929035,0.9994634397897498,0.01806132395126514,-0.0014893222330697605,-0.01802734681483417,0.999836384958111,180,180,116,50,180,180,50,50,221213_034538
0,0,0,0,0.0031199318702818946,0.005419258731637025,-0.0005797474265152314,0.9984920353043116,-0.05489093976307603,-0.000800103605867838,0.0548966084015918,0.99841846813693,0.012121256911258139,0.00013349103355292093,-0.01214690145810049,0.9999262147604248,180,180,180,180,180,180,180,180,221213_034539
0,0,0,0,0.001877982566387687,0.005885931157564792,-0.0006710210378487735,0.9986760333027277,-0.05144102999135916,-3.066197952502345e-05,0.051434539724451535,0.9985402016243302,0.016491023721294774,-0.0008176980266180882,-0.01647076723988746,0.9998640133520491,0,130,180,180,0,130,180,180,221213_034539
0,0,0,0,0.002464674668078398,0.0048011023602718,0.00029446363535012843,0.9995858927035456,-0.027423889182449552,-0.008716272722049199,0.02747259415486731,0.999607326641789,0.005518069812653922,0.008561523138925192,-0.00575524336271813,0.9999467873318947,169,78,172,180,169,78,180,180,221213_034539
0,0,0,0,0.0008591590017152373,0.004544113469037908,1.927118790867599e-05,0.9985293527986466,-0.053406570863345014,-0.009320396350724375,0.05357038012677582,0.9983961413488446,0.018312818265111188,0.008327422926021975,-0.01878518374562109,0.9997888631601446,180,141,65,170,180,141,170,170,221213_034540
0,0,0,0,0.0014415136167543752,0.004694202496256586,7.139652902221627e-08,0.9993271388268503,-0.03602794588466322,-0.0068743522948161075,0.03612741376392533,0.9992355126375194,0.014939888177773367,0.006330843456569855,-0.015178188276800958,0.9998647623662723,180,120,120,80,180,120,80,80,221213_034540
0,0,0,0,0.001584215118069443,0.005753823159584531,0.0003012484127900006,0.9977122919058398,-0.06721188424834819,0.007262588779741113,0.06712130416952845,0.9976718234906383,0.012069098534995918,-0.008056867044863027,-0.011554013530044798,0.9999007909111628,180,180,180,180,180,180,180,180,221213_034540
0,0,0,0,0.0012121331559593052,0.005574379391832876,-0.000259346573490693,0.998165452378832,-0.059840795533140034,-0.009209172998874141,0.059943902114291,0.9981371075217371,0.011359717754093649,0.008512242752326734,-0.011890911575708613,0.999893068255413,97,117,180,180,97,117,180,180,221213_034540
0,0,0,0,0.0018079705124465495,0.004987859890460633,-0.0009338661566387074,0.9989663437535972,-0.045425045061482365,-0.0016761052271562409,0.0454444738892081,0.9988635824409158,0.014364660324320485,0.001021685129220159,-0.014425981923679705,0.9998954181338338,173,87,130,180,173,87,180,180,221213_034541
0,0,0,0,0.0034036285402418154,0.005626851845053044,7.154916079610274e-06,0.999659513469549,-0.025377458180425222,-0.006069740202477077,0.0254430007757612,0.9996160118324978,0.010976456605669229,0.005788854925579961,-0.011127151674723034,0.999921334733017,180,144,43,170,180,144,170,170,221213_034541
0,0,0,0,0.0026390978562067235,0.00401280364683472,-0.00026709874795327604,0.9995607875382714,-0.02931244838041404,0.004360319462570009,0.02921571169729782,0.9993566226714333,0.02080343511937483,-0.004967313749954273,-0.02066690815509708,0.9997740768300698,180,120,124,78,180,120,78,78,221213_034541
0,0,0,0,0.0023344803349041043,0.005610533352387884,0.0011758276793946143,0.9979201270722998,-0.06443287809923753,-0.0019555571720587914,0.06441620863830119,0.9978938648097186,-0.007641115088026727,0.0024437775412913016,0.0074992529608181565,0.9999688940943905,180,180,180,180,180,180,180,180,221213_034542
0,0,0,0,0.002655956210640159,0.006015814857216528,-0.0004406714071392148,0.9979036828160107,-0.06464507445423812,-0.003042066904015129,0.06467224797946311,0.9978574960655395,0.009895346739485226,0.002395863836979997,-0.01007134025926015,0.9999464125351202,46,120,180,180,46,120,180,180,221213_034542
0,0,0,0,0.002700978711833474,0.006057623798071107,-0.0005402648630911111,0.9978990836604698,-0.06477434771671871,-0.0013048783350382365,0.06478391245743333,0.9978532234945667,0.009591092128095322,0.000680820316397862,-0.009655477169754156,0.999953153024841,173,86,180,180,173,86,180,180,221213_034542
0,0,0,0,0.0027068272716780917,0.006060909210702584,-0.0003920408987976298,0.9978251846501606,-0.06588851849983537,-0.0018984224424889173,0.06590100716523534,0.9977978941080196,0.007511309353841492,0.0013993328699242562,-0.007620081593946439,0.9999699876616401,180,171,50,168,180,171,168,168,221213_034542
0,0,0,0,0.00276871960240907,0.006105032020314524,-0.0006597607866788424,0.9978068816324714,-0.0661326566063384,0.002810462074368316,0.06610583183978824,0.9977742086826449,0.008754854909783595,-0.003383188385672466,-0.008549866543395571,0.9999577260156737,173,180,125,55,173,180,55,55,221213_034543
0,0,0,0,0.002808781297325924,0.006133096816402464,-0.0007856252495381799,0.9978121882564018,-0.06606800350320172,0.0024198925744787227,0.0660399975908848,0.9977643993432201,0.010243149977371722,-0.0030912271296386525,-0.010060930193770957,0.9999446094651788,180,180,180,180,180,180,180,180,221213_034543
0,0,0,0,0.002750403354045694,0.006085572349399215,-0.000534001168435716,0.9978279460166739,-0.06582038635908041,0.002658361842924782,0.06578467727514511,0.9977638673339843,0.011816991094895217,-0.003430216312637371,-0.011616444476399071,0.9999266432262794,0,120,180,175,0,120,175,175,221213_034543
