0,0,0,0,0,0,0,1,0,0,0,1,0,0,0,1,162,162,82,95,162,162,95,95,221218_051903
0,0,0,0,0.0001454345396724177,-0.0015998714010898585,-0.0006900209038839256,0.9999651692046503,7.829512837921818e-05,0.008345912016625271,-5.7725708607274e-05,0.9999969606540622,-0.002464822585877393,-0.008346079634112269,0.002464254960461385,0.9999621344842167,150,162,135,85,150,162,85,85,221218_051903
0,0,0,0,2.535772522435642e-05,-0.00019080736260868036,-0.00010381898844080695,0.9999992688448327,-0.0012050058112195257,-0.00010134493373687132,0.001205036963126615,0.9999992265452504,0.0003078876707417155,0.00010097384891873606,-0.0003080095700193505,0.9999999474671918,78,154,162,91,78,154,91,91,221218_051903
0,0,0,0,-0.00022099057956936896,0.0015590700299212834,0.000726004730394636,0.9999889707577093,-0.0024522801799121887,-0.004005581712693955,0.002454505231092341,0.9999968360803698,0.0005506662509822026,0.004004218651422307,-0.0005604918988181948,0.9999918260075042,78,154,162,102,78,154,102,102,221218_051903
0,0,0,0,3.352858787122881e-05,-0.0002780853972546016,-8.800293573885121e-05,0.9999972908135268,-0.002188912887473754,0.000791849719967089,0.0021902942079996554,0.9999960739275167,-0.001747781689418927,-0.0007880208692432629,0.0017495113382080302,0.999998159114899,86,127,162,162,86,127,162,162,221218_051904
0,0,0,0,5.400811653319404e-05,-0.0006314027193023986,-0.0002539498219040759,0.9999934130980916,-0.0009342788327335747,0.003507261537561904,0.0009410371331386047,0.999997702888998,-0.0019257896668450501,-0.003505454256470809,0.001929077445199773,0.9999919951932945,100,92,162,162,100,92,162,162,221218_051904
0,0,0,0,-0.0002004648777608753,0.001495591277570929,0.000635718175924116,0.9999955247867652,-0.0026968277949470485,0.001295193533143016,0.0026990785118730983,0.9999948451477225,-0.0017391530033823669,-0.001290496660452472,0.0017426410493355264,0.9999976489075074,130,155,150,162,130,155,162,162,221218_051904
0,0,0,0,0.000119617636058722,-0.0013146010167972566,-0.0005659769055094133,0.9999712793176091,-0.0005717536141421389,0.00755735652922157,0.0005915514882109758,0.9999963988325892,-0.0026177067616724578,-0.007555832630613736,0.0026221021448496916,0.9999680164753271,162,106,78,154,162,106,154,154,221218_051904
0,0,0,0,1.0411113514657844e-05,-8.590741206182528e-06,2.5787272813992956e-05,0.9999970886706189,-0.001993926981250673,0.0013590090071294418,0.001997538452573719,0.9999944637161852,-0.0026612735878522253,-0.001353695098058575,0.0026639805127574717,0.9999955353487379,162,102,78,154,162,102,154,154,221218_051904
0,0,0,0,-0.00012815512428243636,0.0009160087547062101,0.0004320459691833367,0.999995739212213,-0.001265112223139126,-0.0026307885668516427,0.0012664803741751864,0.999999063616686,0.0005184527100031099,0.0026301302025645425,-0.0005217823430744908,0.99999640507269,162,146,86,127,162,146,127,127,221218_051904
