0,0,0,0,0,0,0,1,0,0,0,1,0,0,0,1,162,162,82,95,162,162,95,95,221218_045012
0,0,0,0,-0.00011159867795629275,1.968780956068672e-06,6.334255030415736e-05,0.9999999506821609,0.0001712484860599744,0.00026326722427634383,-0.0001709320071592249,0.9999992633815286,-0.0012016732705393493,-0.000263472815077284,0.001201628210480307,0.9999992433355734,78,154,162,91,78,154,91,91,221218_045012
0,0,0,0,0.0002116728197858464,-5.1466244079145795e-05,-0.00015432082768218613,0.9999996182007636,0.0006527772033307416,0.0005809305032853501,-0.0006524447075411742,0.999999623362212,-0.0005723559534128447,-0.000581303905403604,0.0005719767098555494,0.9999996674641511,86,127,162,162,86,127,162,162,221218_045012
0,0,0,0,-8.153441678970808e-05,-2.03122739578232e-06,4.7859695555874104e-05,0.9999983529692843,0.001751909635249527,0.0004742060193179221,-0.0017528794711588367,0.9999963572232288,0.002052548131734906,-0.0004706084130424697,-0.002053375977121654,0.9999977810849472,130,155,150,162,130,155,162,162,221218_045013
0,0,0,0,-0.00017849983673690062,1.1653388626242656e-05,0.00011668323873559316,0.9999988689281458,0.0014844232626530574,0.00024213633835415435,-0.001484858986181382,0.9999972607125224,0.0018093538192394292,-0.00023944982817353803,-0.0018097113110481424,0.9999983338029872,162,102,78,154,162,102,154,154,221218_045013
0,0,0,0,0.0003175006702922367,-5.1108969162855233e-05,-0.00020022953664122767,0.9999999783081462,-4.9751113564800384e-05,-0.000202258580971306,4.9557604194839105e-05,0.9999995411967445,-0.0009566349067340724,0.0002023060818261131,0.0009566248625319172,0.9999995219704466,162,90,100,92,162,90,92,92,221218_045013
0,0,0,0,-4.921309749728042e-05,1.7453021185442896e-05,5.1596469280545953e-05,0.9999998513341896,0.0005039110475195652,0.00020833927756581908,-0.0005037247903515981,0.9999994743195135,-0.0008930968780693316,-0.00020878920942924922,0.0008929917996369217,0.9999995794862676,129,154,162,106,129,154,106,106,221218_045013
0,0,0,0,-0.00015055231808847047,1.3763330136862262e-05,9.806115555344164e-05,0.9999983709144105,0.0017466310136559596,0.00045546528681900925,-0.0017473859869700178,0.9999970913786365,0.0016624910466525036,-0.0004525602036209283,-0.0016632842119721457,0.9999985143363426,77,128,162,146,77,128,146,146,221218_045013
0,0,0,0,-9.771225216814727e-05,2.2073650307652404e-05,6.786199458175268e-05,0.9999997128118364,0.0005979287695000056,0.0004656795372927364,-0.0005979720647907173,0.9999998169051849,9.283860426478927e-05,-0.000465623941156804,-9.311704095701425e-05,0.9999998872617747,137,81,152,162,137,81,162,162,221218_045013
0,0,0,0,-0.00015407754840379706,-2.394684651213508e-06,0.00010523747528434768,0.9999998099180663,0.0005069446544194922,0.00035095718921050994,-0.0005075468309921816,0.9999983956847329,0.001717854526741194,-0.0003500857689951217,-0.0017180323274174777,0.9999984629012568,162,120,115,154,162,120,154,154,221218_045013
0,0,0,0,-1.2380992038485417e-05,2.226506246499893e-05,1.831545247465982e-05,0.9999997163184849,0.0006793160940691865,-0.0003254114227408461,-0.0006794205606523692,0.9999997176648547,-0.00032102634464315443,0.0003251932525032338,0.0003212473447848355,0.9999998955247406,162,90,139,82,162,90,82,82,221218_045014
0,0,0,0,0.0001830113986923676,-2.778689162219461e-05,-0.00014767892332867572,0.9999993890588047,0.000983074323823622,0.0005054175414068674,-0.0009831590075604034,0.9999995026992455,0.00016733089239109335,-0.0005052527913585332,-0.0001678276959699929,0.9999998582767304,132,154,162,108,132,154,108,108,221218_045014
0,0,0,0,0.00011767629953296499,-3.023137912466778e-05,-0.00010299458619134061,0.9999990099140733,0.0013371924599971663,0.00043827753520805945,-0.0013379753435956063,0.9999975012918043,0.0017908746822323477,-0.00043588169595869453,-0.0017914593136482803,0.9999983003388928,69,127,162,142,69,127,142,142,221218_045014
0,0,0,0,0.00010306481602118112,-1.9615780068316102e-05,-7.270615926902035e-05,0.9999969828450117,0.0023997429399944528,0.0005249139881837764,-0.0024013917941590507,0.999992112940446,0.003163443433064691,-0.0005173183971113785,-0.0031646944126098,0.999994858532258,140,92,162,162,140,92,162,162,221218_045014
0,0,0,0,-0.0005173045864322878,7.712392897821219e-05,0.00036169996932255977,0.9999988319929565,0.0015248701870014076,-0.00010384428473398122,-0.001524655881449383,0.9999967702618753,0.0020334429574742187,0.00010694468588693175,-0.0020332822555989647,0.9999979271609033,162,122,127,154,162,122,154,154,221218_045014
0,0,0,0,3.5136807570834705e-05,-6.06145656689705e-06,-3.7582495798660354e-05,0.999997171439831,0.002362699297014481,0.0002734307378624751,-0.002363363736363376,0.999994191887537,0.0024557489775679543,-0.00026762695336322563,-0.0024563882476246013,0.9999969472616359,162,162,18,82,162,162,82,82,221218_045014
0,0,0,0,-0.00010984841199002116,1.9785006505540492e-05,7.603972051717367e-05,0.9999996307426735,0.0007841339989923226,0.0003516367273823233,-0.000784099930497941,0.9999996878878517,-9.70128781856418e-05,-0.00035171268872844256,9.673712402935823e-05,0.9999999334700544,134,154,162,110,134,154,110,110,221218_045014
0,0,0,0,-0.0005729251553892034,9.230566491200132e-05,0.00039588423506931036,0.9999994421154526,0.0010543128994573382,-6.475409920542283e-05,-0.0010542330001567543,0.9999986979338261,0.0012217706145118035,6.604214341041348e-05,-0.0012217016669967687,0.999999251541456,53,130,162,135,53,130,135,135,221218_045014
0,0,0,0,2.415125411869834e-05,-1.7200565024327874e-05,-2.3876979514003693e-05,0.9999995756696511,0.0007720773465283813,0.000502550582830266,-0.000773008687743049,0.9999979794520305,0.0018556803132145758,-0.0005011168386705336,-0.0018560680017596454,0.9999981519450358,138,90,162,138,138,90,138,138,221218_045015
0,0,0,0,0.00037180324190266845,-4.827864878939603e-05,-0.0002467557979008994,0.9999996633691726,0.000819346226175523,-4.3969337695513024e-05,-0.0008193026633400627,0.9999991824133002,0.0009817921757725033,4.47737294607657e-05,-0.0009817558210754409,0.9999995170752939,162,123,110,154,162,123,154,154,221218_045015
0,0,0,0,0.00018189402991575232,-2.7802451852659837e-05,-0.00013432865416906914,0.9999986869186247,0.0016109043712287873,0.00017648833690599988,-0.001611166174817643,0.9999975868826433,0.0014934431519030497,-0.00017408211691736155,-0.0014937255429296197,0.9999988692390702,162,162,82,162,162,162,162,162,221218_045015
0,0,0,0,-4.3683909725866776e-05,5.759082160661233e-06,2.4090344571181532e-05,0.9999996608619264,0.0008008250231941952,0.00019223765078518198,-0.000800863141506614,0.9999996596491125,0.000198292431735424,-0.00019207878781562435,-0.00019844632053594332,0.9999999618623978,137,154,162,111,137,154,111,111,221218_045015
0,0,0,0,-0.00023236554681005384,4.472567813829098e-05,0.00017502927529111645,0.9999998362059835,-0.0005648872451001598,-9.214339684796314e-05,0.0005648555989415986,0.9999997816068548,-0.0003431098866769952,9.233719512309105e-05,0.00034305778276393686,0.9999999368925983,102,126,162,162,102,126,162,162,221218_045015
0,0,0,0,0.00023241204081736466,-3.599155585190528e-05,-0.0001586831210491635,0.9999996179031239,0.0008418454688089494,-0.0002355627577352115,-0.000841600025645446,0.999999104939655,0.0010401102276579434,0.0002364381589745803,-0.0010399115806120132,0.999999431340289,141,86,162,162,141,86,162,162,221218_045015
0,0,0,0,0.00012658719410973962,-1.0438521711481075e-05,-8.970388675655361e-05,0.9999990985016807,0.00115240378754437,0.0006891743876989481,-0.001152442518575349,0.9999993343808172,5.580469747711409e-05,-0.000689109619426619,-5.659888103640363e-05,0.999999760962221,162,125,82,156,162,125,156,156,221218_045015
0,0,0,0,-3.760349411063846e-05,6.122808099001675e-06,1.4239660727222159e-06,0.999999984079386,3.6488086696844663e-05,0.0001746706819142828,-3.6364520499375045e-05,0.9999997491492879,-0.0007073747125159073,-0.00017469644884795556,0.0007073683494381361,0.9999997345555492,162,162,58,162,162,162,162,162,221218_045016
0,0,0,0,2.9581042060744522e-05,-2.2872127484668825e-05,-1.3557343853443093e-05,0.9999993980864879,0.0009227813058610975,0.0005935497649945272,-0.0009236748364460444,0.9999984380480054,0.0015068929444370823,-0.0005921583052592492,-0.0015074402843997445,0.9999986884853052,123,162,162,112,123,162,112,112,221218_045016
0,0,0,0,0.0002290805216704772,-3.410294572320227e-05,-0.00015410846361696429,0.9999995989811994,0.0007420515401470408,0.0005013950059264619,-0.0007420114524392186,0.9999997214987633,-8.013363873518929e-05,-0.0005014543295775158,7.976156576381967e-05,0.9999998710908157,88,120,162,162,88,120,162,162,221218_045016
0,0,0,0,0.00014746297058398916,-1.9493365648465266e-05,-9.53292223050406e-05,0.9999997739823006,0.0006722967138687719,7.244069937982608e-06,-0.0006722912079739099,0.9999995039066286,-0.0007349904953938158,-7.738198039050131e-06,0.0007349854591483187,0.9999997298682112,138,155,151,162,138,155,162,162,221218_045016
0,0,0,0,0.00022023776440094345,-2.2945852227895802e-05,-0.00013756365850348118,0.99999978940717,0.0006043381537089376,-0.00023656079902731333,-0.0006042066439360438,0.9999996631208524,0.0005556010382615657,0.0002368964902405618,-0.000555457989649626,0.9999998176732208,162,142,80,156,162,142,156,156,221218_045016
0,0,0,0,-0.0001158134335960126,1.7578883965113645e-05,7.702975220369446e-05,0.9999976380858915,0.002162388291021362,0.000218859583699716,-0.0021628369847599416,0.9999955163241098,0.0020711030527200244,-0.00021438007341358559,-0.002071571518554706,0.9999978313139624,162,162,114,98,162,162,98,98,221218_045016
0,0,0,0,-4.2399672156467894e-05,1.0640185434146465e-05,2.0719421859882736e-05,0.9999992008157881,0.001113506970599626,0.0005987236518534245,-0.0011135219363771903,0.9999993797301155,2.4663370619387902e-05,-0.0005986958176478697,-2.5330042829206154e-05,0.9999998204608374,122,162,154,127,122,162,127,127,221218_045016
0,0,0,0,-0.00021468875278429778,2.435563497571458e-05,0.00014882714501296412,0.9999985977809814,0.0015660934084676288,0.0005931167732780204,-0.0015671792180275061,0.9999970889713767,0.0018346656564488264,-0.0005902417889068649,-0.0018355926041267107,0.9999981411054835,72,122,162,150,72,122,150,150,221218_045016
0,0,0,0,-0.000685353666950661,0.0001008956495827662,0.000474862883369509,0.9999989130259365,0.0014425214280816454,-0.00030508830626581616,-0.0014419512039192924,0.9999972285754942,0.0018610798092864671,0.0003077721082407977,-0.001860637863890427,0.9999982216499532,145,86,160,162,145,86,162,162,221218_045017
0,0,0,0,0.00016828760945097887,-5.004623370577499e-05,-0.0001222396535177639,0.9999983490636303,0.0017561558486332868,0.00046667617189196937,-0.0017572054629761008,0.9999959061078333,0.0022583171907740486,-0.00046270830442737636,-0.0022591335083545472,0.9999973411048733,162,162,78,155,162,162,155,155,221218_045017
0,0,0,0,-0.0002306547160929595,3.589965908337711e-05,0.00015178761535583618,0.9999974990108307,0.0022211082734850287,-0.0002620116803224827,-0.0022203622071723136,0.9999935751586736,0.0028141842589356385,0.0002682606048794365,-0.002813595459858434,0.9999960058504415,162,162,107,85,162,162,85,85,221218_045017
0,0,0,0,0.00019070591730319109,-4.037174982637892e-05,-0.00014456377290972267,0.9999991194505868,0.0012335087590325587,0.0004894427365731198,-0.001234101851809156,0.9999985024157567,0.0012133255392070938,-0.00048794535591130416,-0.001213928493002008,0.9999991441431056,122,162,154,126,122,162,126,126,221218_045017
0,0,0,0,0.00015263098086737426,-3.1425903745579964e-05,-0.00012111419394666978,0.9999976292283563,0.002141840762381635,0.00039249944650222857,-0.002143129077898322,0.9999922192900459,0.0033118510120258428,-0.0003854029350813582,-0.003312684337360532,0.9999944387780657,70,119,162,151,70,119,151,151,221218_045017
0,0,0,0,0.000510852972412823,-8.906738839870032e-05,-0.00035698428917529945,0.9999992677006273,0.0006766631292694364,0.0010033569744944022,-0.0006758852235566659,0.9999994709362062,-0.0007754395346171672,-0.001003881154996519,0.0007747608126103463,0.9999991959838317,138,146,159,162,138,146,162,162,221218_045017
0,0,0,0,0.00018239149512799813,-4.6938052997602675e-05,-0.00014073084281829296,0.9999994484273902,0.0007572391326605319,0.0007278281466752777,-0.0007579679166141754,0.9999992111812798,0.0010015595119695947,-0.0007270691524947597,-0.0010021106299206493,0.9999992335720727,162,162,105,153,162,162,153,153,221218_045017
0,0,0,0,0.0007160316122600818,-0.00012293194885770742,-0.0004938937506532293,0.9999999977702497,4.345233985376074e-05,-5.07089234016204e-05,-4.3501912875766884e-05,0.9999995208035714,-0.0009780082883080086,5.066640235348695e-05,0.0009780104920621877,0.9999995204640816,162,106,111,87,162,106,87,87,221218_045017
0,0,0,0,0.00010303615542295308,-1.1604975766049686e-05,-7.959435266657877e-05,0.9999997611287802,-0.0006153223441700791,-0.0003148345517196544,0.0006145851142292189,0.9999970817437164,-0.002336405185083524,0.00031627127526727867,0.0023362111343542837,0.9999972210411469,122,162,154,162,122,162,162,162,221218_045018
0,0,0,0,-5.1876288848062835e-05,-1.9654462881102397e-06,4.561378948531036e-05,0.9999965311005811,0.0025218310556893745,-0.0007603649986356003,-0.002520514171650384,0.9999953306344692,0.0017279229060665395,0.0007647189778596929,-0.0017260004013210592,0.9999982180621622,43,122,162,146,43,122,146,146,221218_045018
0,0,0,0,-0.00010646477815523525,4.627858210895508e-05,6.283735433398885e-05,0.9999992603448328,0.0012047980219041406,0.00016664787416653933,-0.0012050125928066953,0.9999984373748961,0.0012935193922235884,-0.00016508918415339164,-0.0012937192482523382,0.9999991495176723,146,90,124,162,146,90,162,162,221218_045018
0,0,0,0,-0.00037435039623556765,9.107388297666108e-05,0.0002690514395945476,0.999999785892897,-0.0005062871031073173,-0.0004145932094010929,0.0005061758590209856,0.9999998358785275,-0.0002683820347545847,0.0004147290197201871,0.0002681721202183662,0.9999998780417695,146,162,97,149,146,162,149,149,221218_045018
0,0,0,0,8.620896229383224e-05,-4.57106734028101e-06,-6.362178757146619e-05,0.9999984836187865,0.0017410080145627404,4.0635217022017334e-05,-0.0017410972331136738,0.9999958165464446,0.0023098636399391725,-3.661355591689892e-05,-0.0023099308871692378,0.9999973314358114,162,162,110,79,162,162,79,79,221218_045018
0,0,0,0,0.00014458305814990524,-2.5923413859541e-05,-0.00011423368967322656,0.9999989857801518,0.0013910394842541497,0.0003056923636546366,-0.0013914749067731142,0.999998011140639,0.0014288150166587956,-0.00030370421757163765,-0.0014292389307796697,0.9999989325193438,120,162,154,162,120,162,162,162,221218_045018
0,0,0,0,1.0163243959193657e-05,1.3877002197709709e-05,-1.4435389129152654e-05,0.9999996468106286,0.0006780111816827481,0.0004966683561883561,-0.0006780440920304888,0.9999997679436821,6.609683621882023e-05,-0.0004966234265393739,-6.643357591867792e-05,0.9999998744758681,99,115,114,18,99,115,18,18,221218_045018
0,0,0,0,0.00012622925187411038,-1.2599326758899743e-05,-9.788937913057794e-05,0.9999995748196278,0.0008101797233965602,0.00044041954969765155,-0.0008100399540968428,0.9999996215332687,-0.00031744069096830053,-0.0004406765670246813,0.00031708379856702903,0.9999998526310032,147,91,162,162,147,91,162,162,221218_045019
0,0,0,0,0.00010454176636176538,3.5564775822394257e-06,-5.901664156093833e-05,0.999999925637501,0.00018170131544278305,-0.000340161174396334,-0.0001818841772231439,0.9999998389413185,-0.0005376202031903996,0.0003400634333122528,0.0005376820331473608,0.9999997976274256,146,162,95,148,146,162,148,148,221218_045019
0,0,0,0,0.00031619900784662924,-7.122045507196306e-05,-0.00021095738854381985,0.9999984023396602,0.0016159087567483828,0.0007643016527885618,-0.001617184091400518,0.9999972962952627,0.0016709631289284163,-0.0007615994623902896,-0.001672196475770659,0.9999983118611776,158,162,114,90,158,162,90,90,221218_045019
0,0,0,0,2.9959435500881426e-05,-1.8572514613457436e-05,-2.895934256275101e-05,0.9999989431485262,0.0013973420797326484,0.0004014186633583805,-0.0013981383439067424,0.999997042071057,0.001990240766441566,-0.0003986364288187239,-0.001990799901877846,0.9999979389002499,119,162,154,162,119,162,162,162,221218_045019
0,0,0,0,-0.00010921382987538752,1.663666463758151e-05,6.823144321932428e-05,0.9999982145586142,0.0016255848619024839,0.0009635109967506286,-0.0016268659153092849,0.9999977918302996,0.0013302788500194848,-0.00096134638799427,-0.0013318439780841645,0.9999986510014602,88,112,162,162,88,112,162,162,221218_045019
0,0,0,0,-5.047412218017744e-05,5.350796631359289e-06,3.074808599135004e-05,0.999997560551392,0.0021725032200495672,0.0003988997662646933,-0.0021736115695131044,0.9999937192828015,0.0027994298872451853,-0.00039281549044370927,-0.002800290111326741,0.9999960020276495,150,89,162,146,150,89,146,146,221218_045019
0,0,0,0,0.00016581457739783811,-1.8054626766378368e-05,-0.00010474291074202835,0.999999735035686,0.0007232310647937607,-8.28576191308741e-05,-0.0007232586179475856,0.9999996830071979,-0.0003329902032434818,8.261676400629625e-05,0.0003330500425000361,0.9999999411260679,146,93,93,147,146,93,147,147,221218_045019
0,0,0,0,0.0006416239243998145,-0.00011037596126017846,-0.0004421633353616228,0.9999996631204481,0.0004433953289487721,0.0006907673792602663,-0.00044260594485570203,0.9999992493988088,-0.0011424980512632261,-0.0006912734390686579,0.0011421919286302253,0.9999991087689182,155,162,117,93,155,162,93,93,221218_045019
0,0,0,0,0.00021272363216939816,-4.2788117056435926e-05,-0.00015506645784069129,0.9999992252866073,0.0008984861577696492,0.0008614805914914288,-0.0008985271592300927,0.9999995952100779,4.7208327395433266e-05,-0.0008614378267440849,-4.798235453150211e-05,0.999999627811213,118,162,154,162,118,162,162,162,221218_045020
0,0,0,0,-9.176937299804067e-05,3.099112624180278e-05,5.909929688485693e-05,0.9999996942331819,0.0007218592011171843,0.00030075378067767074,-0.0007218223807884163,0.9999997319809353,-0.0001225173823232468,-0.0003008421403695814,0.00012230025405110407,0.9999999472683259,70,112,162,137,70,112,137,137,221218_045020
0,0,0,0,0.00016382345160359524,-1.9220667364233668e-05,-0.00010656854424573314,0.999999336974702,-0.0010981837357868969,0.00034647169997086696,0.0010987309855847536,0.9999981430105724,-0.0015832768640350373,-0.0003447323276752173,0.0015836564934747703,0.9999986865950038,150,89,162,146,150,89,146,146,221218_045020
0,0,0,0,-0.00010969547680028668,2.761553333166522e-05,7.882743429243888e-05,0.9999990424506351,0.0013837153179753218,2.0729984236594408e-05,-0.0013837334132848498,0.9999986377116078,0.0008999204245873792,-1.9484722319900394e-05,-0.0008999482476409233,0.9999995948566665,162,134,85,146,162,134,146,146,221218_045020
0,0,0,0,-0.00018985662688464355,3.782313266112447e-05,0.0001274207226997781,0.9999993337333785,0.0011540210289272769,2.7717576852624654e-05,-0.001154031796890535,0.999999257403762,0.0003916663587750232,-2.7265565055313697e-05,-0.0003916980847859561,0.9999999229145967,160,162,117,86,160,162,86,86,221218_045020
0,0,0,0,-0.00013329593665634132,2.9863355131887204e-05,9.287434661009453e-05,0.9999998409050461,0.0005459199485346807,0.0001419904629597089,-0.0005459466714438031,0.9999998332555499,0.00018823151942535987,-0.00014188767994232867,-0.000188309008699333,0.9999999722038012,117,162,154,162,117,162,162,162,221218_045020
0,0,0,0,0.000318070843904561,-3.934292998689082e-05,-0.0002297259762161774,0.9999998747135475,0.0003701441049842326,0.0003369958913595136,-0.0003698587464718451,0.9999995733714901,-0.0008464403977400456,-0.00033730905251096063,0.000846315650814132,0.9999995849861251,63,112,162,154,63,112,154,154,221218_045020
0,0,0,0,0.0009996553531275154,-0.0001661554480752725,-0.0006861634894721469,0.9999996364664752,-0.00020500344074406293,0.0008276717380419854,0.00020620861672900967,0.9999989183610054,-0.0014562811629733497,-0.0008273723001507114,0.0014564513066101091,0.9999985971013501,146,80,154,162,146,80,162,162,221218_045021
0,0,0,0,-8.429504104512375e-06,6.9218443037033506e-06,-7.045253771376103e-06,0.9999993553667116,0.0010848094763954085,0.00033534245450768597,-0.0010853940709059956,0.9999978831398879,0.0017480376010706852,-0.00033344545687975465,-0.001748400452939228,0.9999984159537372,162,136,77,146,162,136,146,146,221218_045021
0,0,0,0,-9.50822496785797e-05,4.57897041460098e-05,5.861412451346748e-05,0.999999267209151,-0.0011265651302493451,-0.0004432066883284374,0.0011260443184396552,0.999998677343967,-0.0011735989561742477,0.0004445282377794519,0.0011730990257986854,0.9999992131163511,162,159,118,86,162,159,86,86,221218_045021
0,0,0,0,-0.00017284986760723875,4.593224830096165e-05,0.00011596748942765966,0.9999997347290438,0.0007274200100584418,-3.744290559481287e-05,-0.0007273161142562754,0.9999960802793586,0.002703782015804289,3.940954397013951e-05,-0.002703754065740842,0.9999963440737369,116,162,154,162,116,162,162,162,221218_045021
0,0,0,0,0.00020295050597929354,-3.0005076816663756e-05,-0.00014130212855301139,0.9999997185063814,0.0007158011979461738,0.00022497956071765497,-0.0007160667732862693,0.999999044368196,0.0011825866019514932,-0.00022413284881359313,-0.0011827473694490018,0.9999992754363005,106,114,162,150,106,114,150,150,221218_045021
0,0,0,0,-0.00025869448737880774,5.2663010387976605e-05,0.0001816513614044668,0.9999993812339812,0.0011025954388103564,0.00014769885860179189,-0.001102800137196278,0.9999984215783085,0.0013930803096329754,-0.0001461626214754733,-0.001393242329963478,0.9999990187556675,146,130,149,162,146,130,162,162,221218_045021
0,0,0,0,-0.000332684356625923,7.041824787729078e-05,0.00022806775817951763,0.999999485418564,0.0010125442048037033,6.258466803582942e-05,-0.0010126082888213335,0.9999989542313253,0.0010325505846437264,-6.153909947627182e-05,-0.0010326134270659162,0.9999994649610816,162,131,58,146,162,131,146,146,221218_045021
0,0,0,0,8.87978779773313e-06,-1.4850882536776577e-05,-1.6513205546409004e-05,0.9999990236390056,0.001345894490029808,0.00037588436626419426,-0.0013464521976227798,0.9999979873065798,0.0014874304249074958,-0.00037388168531101714,-0.001487935082969297,0.9999988231301445,162,162,119,85,162,162,85,85,221218_045021
0,0,0,0,-5.6066156753575846e-05,-2.8981701283015138e-06,2.6722171826976115e-05,0.9999996185810758,0.0008507396413480592,0.00019768602681437402,-0.0008510872729603306,0.9999980799914064,0.0017651243455201395,-0.00019618398600300676,-0.0017652919203299327,0.9999984226268959,114,162,154,162,114,162,162,162,221218_045022
0,0,0,0,0.0004470010235325672,-6.941744082181178e-05,-0.00030401961175807735,0.9999999107243028,0.00038745807057739953,-0.00016860495257171456,-0.00038736378455202295,0.9999997687975815,0.0005588864670651012,0.00016882145866196498,-0.0005588211057177948,0.9999998296091289,100,108,162,155,100,108,155,155,221218_045022
0,0,0,0,0.0001509093804997752,-1.7533675155667616e-05,-0.00010556529616889687,0.9999997145299764,0.0005726580332114944,0.0004929530833273752,-0.0005721995713935933,0.9999994041500176,-0.0009296705117469821,-0.0004934851728880824,0.0009293881788108217,0.9999994463548453,146,118,146,162,146,118,162,162,221218_045022
0,0,0,0,-0.00016961319199104707,2.9884046681583065e-05,0.00011802734754118305,0.9999998453335447,0.0005510723900148974,7.518050501288497e-05,-0.0005511362569304874,0.9999994850400861,0.0008521551446077571,-7.471086712577928e-05,-0.0008521964475102611,0.9999996340896836,162,131,70,146,162,131,146,146,221218_045022
0,0,0,0,4.5754548446574894e-05,-3.3665478365862977e-06,-4.434969270883382e-05,0.9999994856463162,0.0006423898174163396,0.0007848837015275726,-0.0006427201398787185,0.999999704971399,0.0004206755720731296,-0.0007846132322606391,-0.0004211798162595976,0.9999996034947405,152,162,114,18,152,162,18,18,221218_045022
0,0,0,0,0.0002972536275923643,-4.0123388925367154e-05,-0.0002011990778122419,0.9999999128909565,0.00010461900692162015,-0.0004040704680566322,-0.00010539705383252628,0.9999981397411427,-0.0019259817536470768,0.0004038682220823855,0.0019260241737135903,0.999998063658796,114,162,154,162,114,162,162,162,221218_045022
0,0,0,0,0.00014622109687900675,-3.475520985204983e-05,-0.00010210154539780358,0.9999992394769083,0.0011636174216112136,0.0004087053965196074,-0.0011642344057862203,0.9999981782582056,0.0015126263646176722,-0.000406944533573758,-0.0015131010431149803,0.9999987724599366,83,106,162,162,83,106,162,162,221218_045022
0,0,0,0,0.00031180831847710255,-2.4962509128895194e-05,-0.00020704451677167057,0.9999998902556445,0.0004684667950010254,5.249799489334186e-06,-0.0004684607478029628,0.999999287368501,-0.0010980924453214548,-5.764215596530153e-06,0.0010980898654868465,0.9999993970825287,156,100,146,162,156,100,162,162,221218_045022
0,0,0,0,8.86407675851908e-05,9.31690282540698e-06,-4.7484761969140976e-05,0.9999999243066794,0.00036358281840672313,-0.00013854302138569013,-0.00036370730615449944,0.9999995292307837,-0.0008995861302517372,0.00013821588210332584,0.0008996364512679919,0.9999995857752272,138,162,64,145,138,162,145,145,221218_045023
0,0,0,0,0.0005323150082346961,-0.00010355758493391098,-0.00040030022021741996,0.9999986798685547,0.0015259778119318097,0.0005582587796427804,-0.0015265734094724937,0.9999982644536177,0.001068018435482933,-0.0005566280383235928,-0.0010688692485670006,0.9999992738416145,162,122,123,91,162,122,91,91,221218_045023
0,0,0,0,-1.6214324083385634e-07,1.2593208943229017e-05,4.579323554132486e-06,0.9999991019135814,0.001336187559505666,-0.00010380190956100146,-0.0013361970324973623,0.9999991031255545,-9.124460170610232e-05,0.00010367989656218374,9.138321956391333e-05,0.9999999904497932,112,162,154,162,112,162,162,162,221218_045023
0,0,0,0,-0.00017089978007012174,3.7326719779906536e-05,0.00011405670915631827,0.9999991329736645,0.0012364378306509445,0.00045307108672038975,-0.0012365689953484137,0.9999991935906647,0.00028933568776572175,-0.00045271297576964583,-0.000289895690562842,0.9999998555057146,42,106,162,162,42,106,162,162,221218_045023
0,0,0,0,9.576573761704843e-05,3.946094677159673e-06,-6.132243437728668e-05,0.9999993730097653,0.0011018970450141754,-0.00019950683974249894,-0.0011019570436844267,0.9999993475821939,-0.00030087515727159867,0.00019917517613404263,0.0003010948165932421,0.9999999348355781,157,99,146,162,157,99,162,162,221218_045023
0,0,0,0,0.00029524233827138424,-6.393726038711467e-05,-0.00021703885490631514,0.9999980700485476,0.0017114994801082789,0.0009647117238575221,-0.0017123778609937498,0.9999981194452752,0.0009104218665480023,-0.000963151723113147,-0.0009120720604761702,0.9999991202312704,162,162,103,143,162,162,143,143,221218_045023
0,0,0,0,-3.0714501449646825e-05,-8.389656234675247e-06,1.2884582985095427e-05,0.9999999514451643,0.00020688773034560566,0.00023303891497177204,-0.00020724058311138673,0.9999988307131701,0.0015151315566789164,-0.000232725180353514,-0.0015151797782326924,0.9999988250339248,162,162,124,85,162,162,85,85,221218_045023
0,0,0,0,6.114161025672082e-05,-2.209407078399006e-05,-5.639227715403816e-05,0.9999997622713714,0.000683090923576393,9.404249068692469e-05,-0.0006832397296670133,0.9999985001618227,0.001591495390048574,-9.295521358256428e-05,-0.0015915592652705922,0.9999987291484093,110,162,154,150,110,162,150,150,221218_045024
0,0,0,0,7.127453200361789e-05,-1.1439032275600836e-05,-5.421640104441572e-05,0.999999554044784,0.0009003595668877037,0.00028506645446183204,-0.0009007942885383005,0.999998426057891,0.0015285455147940887,-0.00028368976520610833,-0.0015288016193657366,0.9999987911421322,93,102,162,158,93,102,158,158,221218_045024
0,0,0,0,-0.00030067645069342674,6.215383205687708e-05,0.00019417082007822106,0.9999989106446182,0.001432161281849054,0.0003572445088419483,-0.0014325704411323904,0.9999983152554512,0.0011477056199124824,-0.00035560020742443394,-0.0011482161475768952,0.9999992775738246,159,93,118,162,159,93,162,162,221218_045024
0,0,0,0,-0.00027529270304793574,7.371004455244967e-05,0.00018583325402399264,0.999999184258667,0.001169053130790432,0.0005145840824635089,-0.0011693094129500683,0.9999991923461091,0.0004980187003378868,-0.0005140014565369315,-0.0004986200020947823,0.9999997435902652,138,162,89,137,138,162,137,137,221218_045024
0,0,0,0,-0.0005175428214758693,0.00011100059541258034,0.0003692325432219645,0.9999995256180771,0.0009619980551028009,-0.0001527198826070975,-0.0009619186801820795,0.999999402692507,0.0005189673232812918,0.0001532190369420595,-0.0005188201729848064,0.9999998536747665,162,122,124,85,162,122,85,85,221218_045024
0,0,0,0,9.437693319203078e-05,-2.1061266954058855e-06,-7.463973462196183e-05,0.9999983186800395,0.0017018344403878533,0.0006829323766635423,-0.001703040388660951,0.999996984859802,0.0017691593311703517,-0.0006799195012462943,-0.0017703194180673989,0.9999982018376982,109,162,154,155,109,162,155,155,221218_045024
0,0,0,0,0.00012334735258223706,-3.3560065823723395e-05,-9.509679336194843e-05,0.9999985739028948,0.0015640486060881013,0.0006371374530513679,-0.0015650115350725237,0.9999976297957809,0.0015136517812609376,-0.0006347685179469659,-0.001514646750109642,0.9999986514561662,93,100,162,153,93,100,153,153,221218_045024
0,0,0,0,0.00013308420972690804,-1.7309195732506666e-05,-8.012802753998294e-05,0.999999330132752,0.0011485991730931216,-0.0001430174351576999,-0.0011486552018273102,0.9999992633466099,-0.00039229767510210714,0.00014256673701822103,0.0003924616900352286,0.9999999128242699,160,95,162,162,160,95,162,162,221218_045024
0,0,0,0,-3.2925419477525253e-06,8.272076973403486e-08,7.584819636807794e-07,0.9999966214304219,0.0025828835034587493,0.00029298557829682417,-0.0025836663402320614,0.9999930070872113,0.0027037834453317714,-0.0002859999718164928,-0.002704531287388092,0.9999963018504276,162,141,87,136,162,141,136,136,221218_045025
0,0,0,0,7.071498895327988e-05,-3.4246902163470594e-05,-6.072840496540444e-05,0.9999995529662797,0.000901624983500164,0.00028485018811412363,-0.0009020388509666711,0.9999985329635057,0.0014561582153620255,-0.0002835368616015306,-0.0014564145103467356,0.9999988992312053,162,162,126,84,162,162,84,84,221218_045025
0,0,0,0,9.306105153517041e-05,-4.178691994494166e-05,-7.709583743054083e-05,0.9999998452124071,-0.00039286933516804524,-0.0003939909225445729,0.0003925317477001542,0.9999995561183752,-0.0008565523221063337,0.0003943272608004517,0.0008563975355771703,0.9999995555445376,107,162,162,134,107,162,134,134,221218_045025
0,0,0,0,-0.00013070640698287228,3.330451240501908e-05,9.706250885921364e-05,0.9999990505983405,0.0013777441361424011,2.497025224618757e-05,-0.001377756172784912,0.9999989315241001,0.0004886088293506296,-2.429704761657646e-05,-0.0004886427683843253,0.9999998803189422,56,101,58,162,56,101,162,162,221218_045025
0,0,0,0,0.00013755942344662042,-1.3878798973687712e-05,-8.425744527895684e-05,0.9999992864306037,0.001035845405097228,-0.0005951156025348477,-0.0010352481567928256,0.9999989611088251,0.0010030167117127246,0.0005961539545266166,-0.0010023999036598388,0.9999993198972165,160,94,162,162,160,94,162,162,221218_045025
0,0,0,0,-0.00041923303358870623,7.312019858274343e-05,0.00028170810309502414,0.9999991314798187,0.0012772364876557582,0.00032512545615156775,-0.0012777548197523908,0.9999979051587233,0.0015990687243913307,-0.0003230823861443379,-0.0015994827661863795,0.9999986686354398,162,138,79,136,162,138,136,136,221218_045025
0,0,0,0,-0.00026023364283456196,4.3356364450880536e-05,0.0001831867751908023,0.9999984157972626,0.0017510587222456526,-0.000319681585738186,-0.0017506816705207399,0.9999977761198214,0.0011759545482112573,0.00032174004027325125,-0.0011753930245681095,0.9999992574670162,141,162,128,79,141,162,79,79,221218_045025
0,0,0,0,-0.0002654334538951808,3.0971794482748116e-05,0.0001667240241032264,0.9999994763070335,0.0010128127777150487,0.0001469555577792677,-0.0010130745451748173,0.999997880730331,0.001792265274037789,-0.00014514001717033979,-0.0017924132123760417,0.9999983830933186,114,154,162,135,114,154,135,135,221218_045026
0,0,0,0,0.0005586152467159655,-6.392754309592075e-05,-0.0003855836113391131,0.9999994900671098,0.0010012123764761164,0.00013205793161098233,-0.001001043891644121,0.9999986927652618,-0.0012697948238792227,-0.00013332909327359342,0.0012696619805831898,0.9999991850905718,72,101,82,162,72,101,162,162,221218_045026
0,0,0,0,-0.00034419297836396634,6.330912590080118e-05,0.00023078067034743022,0.9999992169999365,0.0012509872573199514,-3.209978196056534e-05,-0.0012509336823710029,0.9999979085855312,0.0016180202367687415,3.412383752495252e-05,-0.0016179788151607793,0.9999986904892015,160,94,162,162,160,94,162,162,221218_045026
0,0,0,0,-6.884634266346445e-05,2.287658862124009e-05,2.8970857789634152e-05,0.9999993548274733,0.000889794904749077,0.0007061229813686592,-0.0008906844012786429,0.9999988090641195,0.0012603775784716979,-0.0007050006628741369,-0.0012610056980356045,0.9999989564188029,162,128,70,136,162,128,136,136,221218_045026
0,0,0,0,-2.507622084679806e-05,4.14659004858986e-05,2.4906827246096164e-05,0.9999999660438958,-0.0002601948654201188,-1.4520294489597574e-05,0.0002601968196459364,0.9999999570704825,0.00013474661128695114,1.448523348991577e-05,-0.00013475038484635023,0.9999999908162559,162,130,132,92,162,130,92,92,221218_045026
0,0,0,0,0.000380353874045114,-5.226586288542556e-05,-0.0002745847835142756,0.999999695461734,0.0007746602684758172,9.475182155204082e-05,-0.000774520129560243,0.9999986192975039,-0.0014702114320180588,-9.589060511064871e-05,0.0014701375970892923,0.9999989147496299,108,154,162,137,108,154,137,137,221218_045026
0,0,0,0,-4.4433157225798325e-06,8.937950785548043e-06,-5.878186413177389e-06,0.9999987689920294,0.001475337809254159,0.0005342216525370372,-0.0014765003709455067,0.9999965286131391,0.0021823630141767593,-0.0005310000753788255,-0.0021831491061384553,0.9999974759462646,95,95,18,82,95,95,82,82,221218_045026
0,0,0,0,-2.370158110942544e-05,2.0430802671334014e-06,1.3000910227045637e-05,0.9999987923137835,0.0013675654326533926,0.0007383330961010948,-0.001369059235868525,0.9999970094620645,0.002026510235999474,-0.0007355595027401867,-0.0020275186103557302,0.9999976740575464,160,94,162,154,160,94,154,154,221218_045026
