0,0,0,0,0,0,0,1,0,0,0,1,0,0,0,1,162,162,83,96,162,162,96,96,221218_072027
0,0,0,0,-2.956458607747403e-05,-0.0002015633649951054,6.649217553700293e-05,0.9999997554170403,0.0001203679013633735,-0.0006889683796713894,-0.00012015130562696392,0.9999999433551171,0.0003144096469907033,0.0006890061854742428,-0.0003143267896409073,0.9999997132345317,162,162,138,106,148,162,116,116,221218_072027
0,0,0,0,-0.002585793583348761,-0.0011670706176132306,-0.0043868495069599445,0.999774485373187,-3.8968292397444395e-05,0.021236216194294583,-0.0002471024722618464,0.9999092704824318,0.013468100967066347,-0.021234814271540794,-0.013470311234825704,0.999683766687291,98,90,18,90,133,90,162,162,221218_072027
0,0,0,0,-0.0034993985720474796,-0.0029637014051325794,-0.0042726580195626696,0.9996983448110642,0.009168562576985673,0.0227850135459391,-0.00947650161435059,0.9998647188222591,0.013443956695750449,-0.022658669404224487,-0.013655823474104618,0.9996499903396558,162,144,161,146,138,162,162,162,221218_072027
0,0,0,0,0.002195174617199161,0.0026642391980163938,-0.0025177647433619055,0.9998084622080496,-0.004947760772385923,-0.018935642595767556,0.004380110406964331,0.9995432134473426,-0.02990282736099969,0.01907494508506402,0.029814159634277054,0.9993734348857304,150,162,154,162,162,162,85,85,221218_072027
0,0,0,0,-0.000746548528478691,-0.00502610748684873,-0.0019289138135423212,0.9999910813894485,-0.0023641633333485244,0.003499696171712369,0.0023789160310526713,0.999988277589952,-0.004217278885477858,-0.0034896848107312333,0.004225566756536631,0.9999849832300022,116,90,18,82,66,98,82,82,221218_072028
0,0,0,0,-0.008669768711317555,-0.006575311174964793,-0.005340931609909727,0.9984004340372451,-0.005766730203874842,0.056243383050777654,0.004337675586695178,0.9996654758742346,0.025497468808570144,-0.05637160530573328,-0.025212718375755186,0.9980914592097055,146,43,157,154,162,90,162,162,221218_072028
0,0,0,0,0.0033762398445230796,-0.0013962227764485746,0.0002075240879618745,0.9994353074930306,0.01169941900195558,-0.03149904333989357,-0.011881157499549693,0.9999137987090082,-0.005588671379707723,0.03143094387355724,0.005959760593861638,0.9994881575190778,162,162,130,45,162,162,59,59,221218_072028
0,0,0,0,0.0012824852908634027,0.0018460106115046893,-0.003889608503710451,0.9999572088352503,0.0014193094718796698,-0.00914144731631377,-0.0014019472293935523,0.9999972019625474,0.0019054162384982791,0.009144126113517016,-0.00189251887678022,0.9999564007145116,72,147,162,135,77,148,135,135,221218_072028
0,0,0,0,-0.000807769207551684,-0.0029730055275549727,-0.0043544944813255215,0.9999996399398929,-0.0005106279502174779,0.0006777751705697151,0.0005105935484248478,0.9999998683502236,5.09290019070139e-05,-0.0006778010871126023,-5.0582915940278455e-05,0.9999997690135006,133,86,162,162,124,71,130,130,221218_072028
0,0,0,0,-0.002943062858113993,-0.00971399556227548,-0.0043310400059527465,0.9998498156137534,0.007808132374168203,0.015471886955710513,-0.00788822601981081,0.9999557670985871,0.005122473673421169,-0.015431205636734871,-0.005243750099116351,0.9998671816683926,162,139,101,144,162,143,153,153,221218_072028
0,0,0,0,-0.00291200189077781,-0.012258549894449189,-0.0045512427680604595,0.9995889171126819,0.023835795030652782,0.015932722954740058,-0.023948684986630647,0.9996891518158874,0.006932548524317552,-0.015762527491075918,-0.007311266435276098,0.9998490326595337,162,162,162,162,135,162,112,112,221218_072028
0,0,0,0,0.0020113799821220996,-0.012386312447249082,-0.0052464761363782975,0.9997444402594492,0.014230519097097565,-0.017565491639797315,-0.014337700323070047,0.9998792617105938,-0.00599102249393235,0.01747811545237313,0.0062413401849367115,0.9998277657441451,114,18,160,162,116,72,162,162,221218_072028
0,0,0,0,-0.009311880017338833,-0.019973294602036118,-0.006188649234364463,0.9983699092630194,0.029126501127014058,0.04908330887632424,-0.030093895124545817,0.9993648258685534,0.019086704612063386,-0.04849620350484592,-0.020532699501365794,0.9986123003933022,162,139,162,146,162,131,154,154,221218_072029
0,0,0,0,-0.002626352099100379,-0.01959670008789649,-0.004008743502419698,0.9997539612465645,0.021664030582072277,-0.004763061068624043,-0.02167688068868952,0.9997614822036058,-0.0026629956170690266,0.004704233775305751,0.002765588723444269,0.9999851107409549,162,162,162,18,162,162,18,18,221218_072029
0,0,0,0,-0.002926712326434225,-0.018712290027691703,-0.005575166640980456,0.999871594764807,0.016019088747212133,0.0004275256598127736,-0.016021576556738287,0.9998495760721472,0.006643366088356541,-0.0003210406787741514,-0.006649362680460146,0.9999778412089071,156,82,162,90,18,82,90,90,221218_072029
0,0,0,0,-0.009654189104501887,-0.02394934721252595,-0.005945178618297298,0.9986754852104092,0.020053055598328255,0.04738301595428936,-0.02104696017820109,0.9995668368560156,0.02057095342750546,-0.046949980905334726,-0.021540975345367596,0.9986649516600445,146,162,78,154,162,100,162,162,221218_072029
0,0,0,0,-0.002900933415880047,-0.021903617039728318,-0.002527444834058701,0.9996711600335785,0.025367159253209,0.003752203158423696,-0.025470218650442494,0.9992073560998223,0.030592931829117563,-0.002973173223746137,-0.03067844108530826,0.9995248838791141,162,162,154,18,124,162,47,47,221218_072029
0,0,0,0,-0.0015174446015217558,-0.022640257451712498,-0.003570929580807236,0.9996992406663322,0.02243972127312056,-0.009893792010346701,-0.022391284241567666,0.9997368823683268,0.004979600633719785,0.010002929629496829,-0.004756568263220583,0.9999386563470704,108,116,162,160,109,117,154,154,221218_072029
0,0,0,0,-0.006628094062675546,-0.0299895569389369,-0.003858738146350904,0.9988382763056143,0.042914818100398634,0.021918398076464913,-0.043251099703922435,0.9989500272105802,0.015105810484091977,-0.021247121245713072,-0.016036256526685305,0.9996456363708992,146,162,153,162,156,96,154,154,221218_072029
0,0,0,0,-0.007385129451974198,-0.027568917444312446,-0.004742877729563777,0.9974321274048954,0.07035028156223348,0.01341600181345345,-0.07029563921095708,0.9975160403443888,-0.00450248415585571,-0.01369942803430311,0.003547835927049788,0.9998998642522998,144,162,130,32,148,162,68,68,221218_072029
0,0,0,0,-0.003979633222717938,-0.03288156938083142,-0.004928789680359702,0.997269474534024,0.07300696729221014,-0.011116559244042225,-0.07294997786828153,0.9973207149898341,0.005449053237322346,0.011484593664965766,-0.004623221707867908,0.9999233620280058,60,152,162,133,94,146,162,162,221218_072030
0,0,0,0,-0.008300041011117462,-0.037845285187317335,-0.0038896434636401245,0.9957729826081251,0.09011518813678035,0.017760066857714134,-0.09036321289598598,0.9958147167289559,0.013694513541707778,-0.01645165228274921,-0.015241483297303994,0.9997484885330238,136,87,162,138,135,78,146,146,221218_072030
0,0,0,0,-0.009031789011679114,-0.04287687799902151,-0.0022924581936344945,0.9943431221479118,0.10619922599034085,-0.0018654319059222234,-0.10619990753817972,0.9943447625405087,-0.0002699020963296556,0.0018262190518064329,0.0004664839890666167,0.9999982236567538,136,154,104,72,154,162,45,45,221218_072030
0,0,0,0,-0.008336111864152992,-0.04345719279167415,-0.0024108174781310443,0.994622598938196,0.10348788638443866,-0.004017841847370309,-0.10347726433386027,0.9946279681625273,0.002767799642774322,0.00428269160801462,-0.0023371607911443653,0.9999880980451852,162,162,162,140,162,162,96,96,221218_072030
0,0,0,0,-0.014048619605998167,-0.046642389557601915,-0.003504202795547251,0.9927642352270951,0.11321383073547327,0.04002251596489204,-0.11404157361133478,0.9932936099143788,0.019034809994099663,-0.03759910560386951,-0.023461309287006713,0.9990174544142502,102,78,162,161,111,40,162,162,221218_072030
0,0,0,0,-0.01666176158814217,-0.04620502836413032,-0.005095766111902045,0.9916034498773928,0.11773021762438242,0.05349947709434183,-0.11922793191800221,0.9925339178139032,0.025712297437984415,-0.05007293122844551,-0.031875034856431984,0.9982367873962031,162,162,83,135,162,162,146,146,221218_072030
0,0,0,0,-0.009215402334197625,-0.04720961711062366,-0.002628557844051027,0.9934380527581799,0.11414224362370783,-0.007237648276950752,-0.11416686873730736,0.9934567995785679,-0.0030843887281232466,0.006838231844059158,0.0038904487728170364,0.9999690510178767,85,127,162,161,79,128,162,162,221218_072030
0,0,0,0,-0.00948216570980269,-0.04357096371848135,-0.0037521712806634633,0.9934879193434951,0.11393631525619208,0.0005197926267054804,-0.11392475046140313,0.9934346520291772,-0.010428009396519354,-0.0017045089733348057,0.010300884112953192,0.99994549173225,146,162,162,146,160,104,162,162,221218_072030
0,0,0,0,-0.010943630485581501,-0.042100532254766176,-0.0033902709826120203,0.9942664910258345,0.10615532509982237,0.012852695286382332,-0.10585679118840642,0.9941373740565933,-0.02202773849387955,-0.01511570648258531,0.020540897176405525,0.9996747405835164,162,162,162,18,162,162,18,18,221218_072031
0,0,0,0,-0.0068792115172844615,-0.043344776843573296,-0.004431600708821926,0.9951033673798755,0.09876555511261914,-0.003827969765907553,-0.09874567653981882,0.9950997638550111,0.005074577853722853,0.004310405308783904,-0.004671734045962695,0.9999797974494672,54,126,162,162,87,122,149,149,221218_072031
0,0,0,0,-0.015111322484979678,-0.04639988575596965,-0.0035603362226250823,0.9911526885520634,0.12761165473647124,0.03649128048501452,-0.12831187824505014,0.9915789522777219,0.017528357054847232,-0.03394716302202243,-0.02205554295941165,0.999180235566898,138,162,144,162,155,93,162,162,221218_072031
0,0,0,0,-0.013533748737060286,-0.04429679527583297,-0.00513847851394722,0.989593142991386,0.14386146193381263,0.0030481329852396766,-0.14387675182431986,0.9895798071260425,0.0055933543484319274,-0.002211702717948742,-0.005973700582573819,0.9999797114304055,162,162,162,18,162,162,72,72,221218_072031
0,0,0,0,-0.01272354414602031,-0.04761187846697912,-0.005346419637951572,0.9875522900123166,0.1570617056450504,-0.008490884011557783,-0.15707223159971093,0.987586944996534,-0.0005832089677110764,0.008293886406078121,0.0019096314515684928,0.9999637817221192,50,143,162,162,75,138,162,162,221218_072031
0,0,0,0,-0.016780352849557104,-0.05070916479594556,-0.003967684797800797,0.9826761974747127,0.18472003772041512,0.015033249189983142,-0.18488521365860763,0.9827045797659588,0.010448285860413232,-0.012843235069510111,-0.01304670730791271,0.9998324033263629,138,89,147,159,156,98,162,162,221218_072031
0,0,0,0,-0.016932549520067328,-0.0514889466405295,-0.004187449938017618,0.9806873597672792,0.19557137911400502,0.0020342232250523257,-0.19556907640876994,0.9806890971325526,-0.0012771522849094675,-0.0022447149716409466,0.0008546559449757521,0.9999971154047954,162,162,162,18,162,162,85,85,221218_072031
0,0,0,0,-0.017361468966023474,-0.05298874240459961,-0.0037122704922367133,0.9809039242110535,0.19446815395088116,0.003102993118268803,-0.19443444720564393,0.9808754200131106,-0.008868830471915097,-0.004768354767756287,0.008096141861430942,0.9999558566655672,114,18,162,122,120,79,162,162,221218_072031
0,0,0,0,-0.022407522754836415,-0.060144531774407706,-0.0038056655604202794,0.9800594975956182,0.19644993337950198,0.029846354012064796,-0.19675490883474825,0.980423083046583,0.007621291154559877,-0.02776485227862913,-0.01334173544266132,0.9995254429344578,114,162,116,39,162,160,54,54,221218_072032
0,0,0,0,-0.02097653912716907,-0.05778408148091774,-0.004559020843394823,0.9799596584863203,0.1987550597331501,0.013247413704044676,-0.19871598500193755,0.9800480484293059,-0.004216642576461229,-0.013821180994542402,0.0014996667562603859,0.9999033583079598,162,162,162,28,162,162,87,87,221218_072032
0,0,0,0,-0.02192476837424326,-0.0587335360805904,-0.0047101145244382026,0.9791665002891142,0.20229055451527986,0.017649256796469313,-0.2022571243712684,0.9793255488201075,-0.003677644525983155,-0.018028320848940477,3.133839287004476e-05,0.9998374761256316,128,86,162,130,122,82,162,162,221218_072032
0,0,0,0,-0.02321596016884178,-0.06247538666579899,-0.005139074844286218,0.9749214624430508,0.22081335422839665,0.027741749445704688,-0.22116002642539395,0.9751854156689599,0.010082052275034975,-0.02482709768423705,-0.01596457518890307,0.9995642788533488,84,162,146,18,162,162,75,75,221218_072032
0,0,0,0,-0.02058265750199592,-0.05991093902760902,-0.004332318197680263,0.9736186742398775,0.22801548137062932,0.008695828120632772,-0.22788497232265353,0.9735895661165921,-0.013849048285332849,-0.011623964938296538,0.011502043480457042,0.9998662842774962,72,162,162,108,64,153,124,124,221218_072032
0,0,0,0,-0.02207009036159889,-0.06483206819284337,-0.003869266782294767,0.9734887548765834,0.22811074748448393,0.016885822778600172,-0.22813674159531253,0.9736290207834852,-0.00039626060117513095,-0.01653091839898462,-0.003466521348621704,0.9998573458082035,158,108,119,159,152,93,162,162,221218_072032
0,0,0,0,-0.022989714974095993,-0.07196626455719646,-0.0009054880267569954,0.9711769349143803,0.23824341054912557,0.0074456981023391135,-0.2382398733134541,0.9712053758020504,-0.001371414155534424,-0.007558032409280704,-0.00044197637656172203,0.9999713399907932,162,162,162,18,162,162,107,107,221218_072032
0,0,0,0,-0.01940961156656086,-0.06733682050366518,-0.00428530957590495,0.9669847753306676,0.2548337438137729,0.00045529392075649775,-0.2547390080262329,0.9666710246951467,-0.02559624590919835,-0.0069629066135340765,0.024635198978080308,0.9996722587442353,136,96,152,162,130,90,162,162,221218_072032
0,0,0,0,-0.021327633685003886,-0.07220242820853628,-0.00427705760483299,0.9667636312401451,0.2556683747555062,0.0013279537817706786,-0.25564199392647313,0.9667171373743959,-0.010254133212962698,-0.0039054132515634566,0.00957384230756977,0.9999465432165882,162,162,162,18,162,162,73,73,221218_072033
0,0,0,0,-0.02439326932894126,-0.07303006388105193,-0.004221166684882094,0.9629290558630994,0.2692705158976118,0.016156195184330657,-0.2690256510502509,0.9630029748147811,-0.015826230595752885,-0.01982000130143155,0.010893106357480236,0.9997442211797455,106,98,162,162,57,33,114,114,221218_072033
0,0,0,0,-0.023704776079996825,-0.07746075899893556,-0.00530760872601882,0.9663406771283292,0.2570960436982619,0.009344519348955992,-0.25710444110116093,0.9663835724787091,-0.0003117841339283913,-0.009110548458861374,-0.0021012277334743353,0.9999562904191315,126,154,114,162,148,156,126,126,221218_072033
0,0,0,0,-0.028074759022252593,-0.07685574008671059,-0.004558253315549765,0.9652246826175335,0.2591678827305451,0.03425376806787343,-0.25921109262019637,0.9658152223631472,-0.0032504944651206708,-0.03392523439160151,-0.005741499158786068,0.9994078815272994,162,162,162,36,162,162,162,162,221218_072033
0,0,0,0,-0.026620623392841658,-0.07974983389084989,-0.0030513551271657002,0.9616591177338786,0.2738171563549573,0.015359237122444084,-0.27386093900555714,0.9617689813523229,0.0007826848080134881,-0.014557725313149339,-0.0049589710826999055,0.9998817336262863,129,88,162,162,130,52,162,162,221218_072033
0,0,0,0,-0.028281880736422738,-0.08290632995116409,-0.0050584633474437535,0.9613645643973536,0.2743494542086099,0.02259538219471042,-0.2744302168021047,0.9616068906538678,0.000493915933951825,-0.02159236964848657,-0.006675688911113152,0.9997445697529571,162,162,162,18,162,162,155,155,221218_072033
0,0,0,0,-0.026678516326924334,-0.08118733553379665,-0.004625836798333116,0.9617058927615318,0.2736461248995937,0.015478183200263703,-0.2732492277843665,0.9616513624866008,-0.0236963402851603,-0.021369027656686995,0.018559508482143817,0.9995993744005188,80,94,162,90,91,83,160,160,221218_072033
0,0,0,0,-0.02298451997983547,-0.08269810360077123,-0.005102467549751577,0.9628731593884783,0.2698108723655995,-0.008796140208375873,-0.2698749620763698,0.9628688443593006,-0.007147965197301859,0.006540930631738336,0.009256441837878398,0.9999357651924311,162,162,68,106,162,162,143,143,221218_072034
0,0,0,0,-0.02641829052700362,-0.07887435703848444,-0.00522280457645341,0.9638857902743243,0.26623508080045927,0.0065623973069157135,-0.2659793655917757,0.9636137635835497,-0.02652341817606597,-0.0133850807482569,0.023820083616958903,0.9996266519205276,138,85,155,162,137,81,162,162,221218_072034
0,0,0,0,-0.02112553034865955,-0.08579911776643978,-0.0036396806276522975,0.9580959787938228,0.2838999200654584,-0.038117329470109186,-0.2844339415989251,0.9586506103212001,-0.009291942600369193,0.033903219398836865,0.019744435105004364,0.9992300681008244,162,162,162,18,162,162,84,84,221218_072034
0,0,0,0,-0.028486972439378783,-0.08160736076811392,-0.004744406019772052,0.9584088720239508,0.2849819174970684,0.015418843195036917,-0.28451502959952446,0.9582941083942575,-0.02689980945725244,-0.02244174587149234,0.02139412341155814,0.9995192141853453,137,92,144,162,128,79,146,146,221218_072034
0,0,0,0,-0.02646024468195224,-0.08654453961104114,-0.004664445807914752,0.9608286150727126,0.27713973148882304,-0.0013934445650705635,-0.2771424398066601,0.9608016740533305,-0.007225731404367699,-0.0006637133903964811,0.0073288721246446,0.9999729231923811,162,162,162,18,162,162,77,77,221218_072034
0,0,0,0,-0.029376990354048615,-0.08853763389404778,-0.0036203000082031256,0.9572845113934371,0.28897970864844297,0.009853539246818368,-0.2889562941602009,0.9573349318035344,-0.0037534535997174466,-0.010517809250548047,0.0007458808101205731,0.999944408129965,96,96,162,157,96,88,162,162,221218_072034
0,0,0,0,-0.03146440718186594,-0.09272881017480705,-0.003796197755602082,0.9595184728866967,0.2810358985552678,0.018523604196169555,-0.28097132746269,0.9596970658095819,-0.0060543389674029445,-0.019478535187144222,0.0006046484199498265,0.9998100925011966,162,162,110,118,162,162,147,147,221218_072034
0,0,0,0,-0.03525196877888179,-0.09217407374373954,-0.003735374938397873,0.9528597015552931,0.30247048475238664,0.023874568176483386,-0.3017600856735164,0.9529338106752039,-0.029291691080326882,-0.031610755230924895,0.020706480282495707,0.999285745834514,128,85,138,162,115,73,162,162,221218_072034
0,0,0,0,-0.02550011282288192,-0.09601013838092798,-0.0031511270921158463,0.9526728506021107,0.3021456944465286,-0.03350252308518821,-0.3025978516694486,0.9530734935969284,-0.009244239718831166,0.02913725949163579,0.018944527715672052,0.9993958800089917,162,162,147,37,162,162,66,66,221218_072035
0,0,0,0,-0.034192056450137176,-0.09523398536947747,-0.0028439905077692895,0.9477458928814562,0.31897177013748146,0.0058934185065635854,-0.31875030881288396,0.9475327881981302,-0.024080197697861103,-0.013265110554489916,0.02094337949899057,0.999692658619207,84,118,162,142,18,122,162,162,221218_072035
0,0,0,0,-0.02932141912145747,-0.09653419363583415,-0.004910596384734789,0.9538115744186796,0.30017569953048023,-0.011748613379771176,-0.30024586076698895,0.9538502256937725,-0.004708506794003168,0.009793038203249742,0.008018500815377179,0.9999198968154516,162,162,96,126,162,162,156,156,221218_072035
0,0,0,0,-0.03831465808981521,-0.09600619173175384,-0.004648289159345342,0.9522570386166158,0.30347089655057496,0.03334587458597288,-0.3023667610120328,0.952571116588972,-0.03438909239177393,-0.04220040568768822,0.022664571190029358,0.998852062606153,72,98,162,160,86,98,98,98,221218_072035
0,0,0,0,-0.02427622167902657,-0.09960163498288199,-0.004960316198675041,0.9574588769250881,0.28565936198985026,-0.04088065440891144,-0.28644192266440355,0.9579856356057707,-0.014647420022869015,0.03497890703937089,0.02573423557361334,0.9990566676529277,162,162,76,114,162,162,130,130,221218_072035
0,0,0,0,-0.04233236799913609,-0.10293851833290302,-0.0014215368047376664,0.9608084185430227,0.2712005399670635,0.05742342708711786,-0.27004960926938226,0.9624654338989337,-0.02708315127881593,-0.06261302891819118,0.01051454570157549,0.9979824912985092,104,80,161,162,89,49,162,162,221218_072035
0,0,0,0,-0.02524817763896023,-0.10875386973838641,-0.0005263428502899625,0.9599248767276574,0.27470996215056376,-0.05548574352595269,-0.2761628767889566,0.9608958354751752,-0.020328769025997406,0.04773150451263235,0.03483719365420699,0.998252509846712,162,162,92,109,162,162,122,122,221218_072035
0,0,0,0,-0.036155935852383636,-0.1059237345731856,-0.003414128868005961,0.9673347890485655,0.25262211616935865,0.021106215162417303,-0.25183193633473566,0.9671664726445428,-0.03420073148646296,-0.02905308483216217,0.027768338344714774,0.9991920924663628,120,85,162,160,104,80,162,162,221218_072036
0,0,0,0,-0.030136783624367308,-0.10242393284461182,-0.00436681513351439,0.9678868916659802,0.2491213455058389,-0.03366779105507404,-0.24947252420423466,0.9683593886815486,-0.006599546913552699,0.030958433557516554,0.014786803767452155,0.9994112896230497,162,162,109,117,162,162,122,122,221218_072036
0,0,0,0,-0.03892941752225304,-0.10138568964250161,-0.004496098221747957,0.9734828325278688,0.22779041161191926,0.021040512141815137,-0.22704999722932784,0.9733353168282007,-0.03265975770129915,-0.027919053201705735,0.027016465213231738,0.9992450335506815,114,98,162,162,102,82,106,106,221218_072036
0,0,0,0,-0.03025934427009566,-0.10476738918245887,-0.005516953935464974,0.974315974921751,0.22267948783831848,-0.03349965236151117,-0.22307321834545357,0.9747649184332599,-0.008467174782701401,0.03076881975766158,0.015722578918976344,0.9994028618344342,138,162,100,137,130,18,153,153,221218_072036
0,0,0,0,-0.04603970646145519,-0.10684095096117951,-0.0037447570530568797,0.9758244157752246,0.2101771687711177,0.05993552622859253,-0.20952839172862747,0.9776550759543566,-0.016982506301957693,-0.06216560654056202,0.0040137498724214194,0.9980577774735317,71,162,154,162,18,162,118,118,221218_072036
0,0,0,0,-0.029408246865003762,-0.1124843741794328,-0.004974869365868939,0.9782739240581398,0.20337237710816045,-0.04024681027441165,-0.2026504119127163,0.979019154263547,0.021314458395534346,0.04373717022733277,-0.01269534617349122,0.9989624057621188,127,88,150,162,134,94,122,122,221218_072036
0,0,0,0,-0.04047037544259344,-0.11113731107337754,-0.0044753309195408875,0.9831917037964011,0.18168905824216272,0.01797664320740494,-0.1818670734843314,0.9832836895436922,0.008806444207962614,-0.01607610550398075,-0.011927782376417704,0.9997996233443007,162,162,126,130,162,162,138,138,221218_072036
0,0,0,0,-0.03909626536672292,-0.11238791793457359,-0.004479548751888496,0.9832259379593633,0.1823465000427941,0.004063107932844001,-0.18238868595457655,0.9830947447332207,0.016096276391942048,-0.001059320392270603,-0.016567341369883373,0.9998621910244633,138,162,162,162,87,162,92,92,221218_072036
0,0,0,0,-0.03672175191935942,-0.11174299452625058,-0.005243353798112416,0.9845767481990568,0.17465413984295466,-0.0102253773274367,-0.17473426918679422,0.9845867181766909,-0.0075451681101392,0.008749975858692405,0.00921552091696488,0.9999192527882946,137,89,162,162,134,94,162,162,221218_072037
0,0,0,0,-0.044295668263022225,-0.12305750534187443,-0.0034281292863537205,0.9817136513817332,0.1880272123546796,0.02973338367682715,-0.18842549192622823,0.9820237459876934,0.011189115633349341,-0.02709503059795431,-0.016587035010085373,0.9994952374005942,162,154,96,143,162,162,156,156,221218_072037
0,0,0,0,-0.0421845226054782,-0.11580984039590347,-0.005305953656658924,0.9821208770769776,0.1880933145077502,0.007712836510458068,-0.18803567863070442,0.982132599532703,-0.0076249916081236255,-0.009009238116452633,0.006038374998462854,0.9999411840983141,162,162,162,136,162,162,132,132,221218_072037
0,0,0,0,-0.03845321538630808,-0.11799705922370285,-0.006551733350355193,0.9842603102815414,0.1758545450824285,-0.017516294652013212,-0.17597077314040593,0.9843810207535748,-0.005319114636580848,0.016307317524711967,0.008317749335093992,0.9998324291805835,127,88,162,162,124,82,162,162,221218_072037
0,0,0,0,-0.04564757084274765,-0.12043616176987104,-0.006394880756013299,0.9850529535077969,0.16872558208835212,0.034675015998760876,-0.1687590271820555,0.9856553485041839,-0.0019810879995599095,-0.03451187520454076,-0.0039002453823475964,0.9993966772787588,162,160,136,146,138,162,162,162,221218_072037
0,0,0,0,-0.041408350551470935,-0.12330731099647485,-0.0053417816764649295,0.9844901086260249,0.1752878504304442,-0.007307223069748377,-0.1753241112089209,0.9844997716915095,-0.004653554358403171,0.00637824790352055,0.005862510625910421,0.9999624737573116,162,162,162,18,162,162,18,18,221218_072037
0,0,0,0,-0.0395301285544874,-0.12211147533206212,-0.006439211794486255,0.9851594192226627,0.17105219434365374,-0.014214975451548716,-0.17109596292574852,0.985252511451786,-0.0019131514465998039,0.013678091510811318,0.0043168840808654185,0.999897131871301,110,88,162,162,117,101,162,162,221218_072037
0,0,0,0,-0.04530486878132228,-0.12593368899443735,-0.006300001966851931,0.9863186368099233,0.16284528076118263,0.02563125465572097,-0.1630210976444962,0.9866103545586284,0.004912229685128175,-0.024488127821425214,-0.009023458954714675,0.9996593963867362,162,136,146,162,162,137,162,162,221218_072037
0,0,0,0,-0.04343861111953359,-0.12504980425244983,-0.006573289146843575,0.9847332014454737,0.173946319830845,0.006572654581949472,-0.1739082442535215,0.9847436905422556,-0.00598218337020379,-0.0075129589114885775,0.004747815763342866,0.9999605060670504,162,162,154,18,148,162,70,70,221218_072038
0,0,0,0,-0.04316358013089269,-0.1310640536253529,-0.005955009156612179,0.9840955984331531,0.17759403780687202,-0.004026273704889588,-0.17761382929648403,0.98408626348336,-0.00524915859901278,0.003029981375318801,0.005880795763287097,0.9999781174876057,123,123,162,151,124,124,156,156,221218_072038
0,0,0,0,-0.046518739554189226,-0.13606641061739266,-0.0052526593314080605,0.9826611160329367,0.18487907164552514,0.014030677260651185,-0.18490912871734344,0.9827552422711926,0.000864815287668292,-0.013628835382991174,-0.0034442206633238104,0.9999011912134745,162,112,162,162,160,108,154,154,221218_072038
0,0,0,0,-0.04762019043594004,-0.13346550633400633,-0.005406995698404915,0.982297699198238,0.18539677395466214,0.02681914161659289,-0.18514621213828,0.98264294457238,-0.011563892639119713,-0.028497548678683315,0.006393722650070241,0.9995734140271939,133,162,126,66,148,162,18,18,221218_072038
0,0,0,0,-0.04265281857398889,-0.1383824446586719,-0.0050237354535832,0.9817288157211609,0.19023015629416504,-0.0045847594293105115,-0.19021874199932323,0.9817377031892622,0.0028128862162529245,0.005036126976362208,-0.0018893842828276194,0.9999855337214181,101,125,162,162,77,124,162,162,221218_072038
0,0,0,0,-0.050036574768606956,-0.1462430541395896,-0.0046262296607152975,0.9819666266881893,0.18593340402435643,0.034209842714250184,-0.1860738289258642,0.9825353157789463,0.0009399127797572228,-0.033437617431367604,-0.007288519402511316,0.9994142300494989,152,92,160,162,146,108,154,154,221218_072038
0,0,0,0,-0.044780564338855466,-0.14567520671024037,-0.0048067779333813565,0.9817702191951865,0.19006134687819373,-0.0019801828913651913,-0.19004647970578517,0.9817564537591492,0.0060498804696620554,0.003093905763737261,-0.005563265687127487,0.9999797387057496,162,154,108,116,162,161,132,132,221218_072038
0,0,0,0,-0.04292400256907514,-0.1488818001060913,-0.004732340329805018,0.9815571583210164,0.19071993152740624,-0.013093993544809121,-0.19055739866925717,0.9815936943270563,0.012716016269510546,0.015278179249366303,-0.009986339446573919,0.9998334112557361,57,122,162,145,93,116,18,18,221218_072038
0,0,0,0,-0.04938761961284924,-0.14496315885400812,-0.005995678244452629,0.9827210902063518,0.18402534697718118,0.019847683329970844,-0.18413833997553458,0.9828921629052222,0.004008472345972888,-0.018770471882536797,-0.007593929774637164,0.9997949797912994,146,42,121,162,156,97,154,154,221218_072039
0,0,0,0,-0.051415810861762196,-0.1475052936022938,-0.0023820647386864624,0.9823667036592678,0.18373768528982293,0.034585004640192075,-0.184053626242585,0.9828969175635375,0.006157281141129714,-0.03286216987021554,-0.012414203495758861,0.9993827921987586,126,154,109,60,162,114,73,73,221218_072039
0,0,0,0,-0.05162887425104773,-0.15138083803170854,-0.0023295316026059054,0.9776198826986529,0.20953964864551902,0.018774999275226457,-0.20930041363773189,0.9777521215324035,-0.013932899553123705,-0.02127679025009684,0.009691464512423822,0.9997266494958799,74,126,162,162,55,127,162,162,221218_072039
0,0,0,0,-0.046851959099864254,-0.1461102893087768,-0.004368164820887033,0.9832430623134013,0.18218754834089126,-0.006385737396773936,-0.1822913603986878,0.9829256643418849,-0.02503993414645366,0.0017147409602770861,0.025784406287491318,0.9996660562687124,162,101,162,146,149,104,146,146,221218_072039
0,0,0,0,-0.05213289918787564,-0.15674415914258155,-0.004480404533900528,0.9807060332306665,0.19535975646841117,0.007088154736859397,-0.195320103010654,0.9807216910583276,-0.005917942852109646,-0.008107634974397924,0.004419303146019318,0.9999573670986305,135,153,106,74,152,160,52,52,221218_072039
0,0,0,0,-0.04867607431152621,-0.15502613788977004,-0.006391069200123667,0.9830006753039741,0.18352700318692608,-0.005245136142808023,-0.18351001344542436,0.9830113970957941,0.0035592337706449807,0.0058092441152675384,-0.002536194196019181,0.9999799099991005,78,146,162,130,106,146,131,131,221218_072039
0,0,0,0,-0.055196686365780484,-0.15860106780041971,-0.0065973745280159535,0.9830369807335455,0.18064117738539492,0.03173420147244387,-0.18069068005389186,0.9835390807795523,-0.0013246588144027126,-0.03145111527334821,-0.0044318858436107195,0.9994954655904807,140,86,162,162,138,89,146,146,221218_072039
0,0,0,0,-0.053206073355742955,-0.16055879257315575,-0.006645528778910115,0.9830455448573547,0.18249419028692881,0.017813681473092594,-0.18245397254426668,0.98320677484985,-0.003871148688881432,-0.01822099445481962,0.0005553385216811319,0.9998338296738131,162,159,85,136,162,150,146,146,221218_072039
0,0,0,0,-0.05480733841464497,-0.1646030416701334,-0.005926990410943245,0.9826021996187477,0.18477646170974238,0.01872368826985822,-0.18458120900637465,0.9827478152077836,-0.011683706007579234,-0.020559537595572133,0.008024394204836893,0.9997564275919917,89,153,162,142,94,154,140,140,221218_072040
0,0,0,0,-0.04749082691848691,-0.16798666939880091,-0.0057862097950703295,0.9837694033489625,0.17638779169106192,-0.0329409771679041,-0.17702859503286397,0.9840474630947048,-0.017648425356536455,0.029302518238472682,0.023193475790092122,0.9993014685797565,138,83,162,162,135,95,162,162,221218_072040
0,0,0,0,-0.05557691251130614,-0.17675163085815015,-0.005621742365345406,0.9836170260967452,0.18013292709359882,0.007048017401140596,-0.18009228232004268,0.9836312068751879,-0.006034791630076937,-0.008019714543086963,0.004666630256686869,0.9999569524438012,162,162,131,130,162,162,146,146,221218_072040
0,0,0,0,-0.052394296443592975,-0.1780773229349496,-0.005976031250120306,0.9823662510444775,0.18612588954067044,-0.01771163604844854,-0.1861869229227445,0.9825126042800598,-0.0018472042044607344,0.017058093134303294,0.005112306085037375,0.9998414303203853,86,162,162,106,162,162,106,106,221218_072040
0,0,0,0,-0.05437726743373206,-0.17917289911582457,-0.0068675862166655,0.984586330916046,0.1748973266117976,-0.0008259039435061659,-0.17489927418846576,0.9845745468775506,-0.004817211767409981,-2.935345890092752e-05,0.004887410859588095,0.9999880561054038,128,87,162,162,124,84,162,162,221218_072040
0,0,0,0,-0.056089019700311826,-0.186844153891899,-0.006160893363751585,0.9895968600600044,0.14347035022429996,0.010691733530940174,-0.14333066114157883,0.9895913599266499,-0.012855424350876572,-0.012424819358758634,0.011189234336627201,0.9998602026777856,162,162,147,146,162,135,146,146,221218_072040
0,0,0,0,-0.05789798163706106,-0.18457821399045882,-0.00839526351939629,0.9853086172976564,0.16986566221756158,0.01768008705774318,-0.16949545752870274,0.9853139230817288,-0.02068242873620007,-0.020933670392833555,0.01738188081542324,0.9996297572917697,162,162,162,18,162,162,18,18,221218_072040
0,0,0,0,-0.054304941996452194,-0.19089273698725928,-0.00660680660259233,0.986820927767101,0.16145984124908505,-0.010732016804808096,-0.1615449192205517,0.9868361404193631,-0.0075941448656375215,0.009364592618144143,0.009227763869712738,0.9999135726546875,115,87,162,162,111,89,162,162,221218_072040
0,0,0,0,-0.05903768681780372,-0.1936220108514779,-0.007424940176363137,0.9872381913791457,0.15768071961279922,0.022305697586580672,-0.15771917579174793,0.9874840050949282,-3.562654965457281e-05,-0.022032137209219788,-0.0034828643483694913,0.9997511963413321,162,101,108,154,162,116,154,154,221218_072041
0,0,0,0,-0.06038836748945006,-0.19666553151798782,-0.005497472154827987,0.9841991304551967,0.17623707345216466,0.017104547706709116,-0.17593734088819674,0.9842423680820345,-0.01769217209553259,-0.01995303717295222,0.014403291751672752,0.9996971648925942,160,162,146,73,160,146,40,40,221218_072041
0,0,0,0,-0.05696810619480369,-0.201427475174773,-0.006630594416137614,0.9829589095737559,0.18350647987172533,-0.010823767119679552,-0.18361792985256098,0.9829427153649527,-0.010395871662963348,0.008731433229027159,0.012206152385617071,0.9998873796171778,95,109,162,152,111,119,150,150,221218_072041
0,0,0,0,-0.057275159832308686,-0.2054111953559582,-0.00682831257907085,0.9858401801257589,0.1674374371610132,-0.009156630743006471,-0.1675239000519128,0.985820622787835,-0.00966657113982023,0.007408249523922663,0.01106364872708245,0.999911352828757,162,96,150,162,146,162,162,162,221218_072041
0,0,0,0,-0.06546223436432397,-0.20166767477072944,-0.008527432317589456,0.9816229948181107,0.1883740094501957,0.03052095358898179,-0.18756961837119404,0.9818693160012886,-0.027391322699825825,-0.03512740110523095,0.021163148603622315,0.99915873955682,128,152,110,50,148,161,61,61,221218_072041
0,0,0,0,-0.062104561954508974,-0.2094211640276974,-0.005973277783494491,0.9804762154504849,0.19661004948561708,0.0032983900857387126,-0.19650858929585013,0.9803023007375357,-0.01979326909957218,-0.007124975006928504,0.018758667595445266,0.9997986532903482,88,128,162,162,64,137,162,162,221218_072041
0,0,0,0,-0.059380429161898785,-0.21073390802130854,-0.006141729749716496,0.9890431168847501,0.14727885037156738,-0.010131790371292434,-0.1474819115895142,0.9887831068996514,-0.02360197584472798,0.006542071292873477,0.024837627565890773,0.9996700923605233,161,96,128,162,144,91,162,162,221218_072041
0,0,0,0,-0.06349536847498641,-0.2153159626612119,-0.004720540783832161,0.9890398033361235,0.14716967399954362,0.011889258669477746,-0.1468168374657945,0.9888088517559102,-0.026492846689247534,-0.01565514782377173,0.024456936521681842,0.9995782983851691,162,162,93,138,162,146,142,142,221218_072042
0,0,0,0,-0.061819230631594474,-0.21509032605257272,-0.006369976455717519,0.9862321110966584,0.16533210457084127,0.003393853268028673,-0.1652224882642021,0.986020723561013,-0.021556021896479233,-0.006910312121321551,0.020698500100063043,0.9997618814897843,137,162,162,162,162,162,108,108,221218_072042
0,0,0,0,-0.05599252621664186,-0.2161617181448292,-0.007737674364220348,0.9875177861946361,0.15342962299705062,-0.035608604805963937,-0.1540827751723572,0.9879223165204973,-0.0163705502643429,0.03266680799265846,0.02165288220435025,0.9992317210476331,142,94,162,162,135,92,162,162,221218_072042
0,0,0,0,-0.064139929081523,-0.22362992376057167,-0.006977340436621571,0.9916561662300118,0.12691771078733588,0.02258191016050313,-0.12694718196651236,0.9919094697759212,-0.00012945891662520485,-0.02241564116317121,-0.0027383311253518956,0.9997449877713276,162,152,116,154,162,136,146,146,221218_072042
0,0,0,0,-0.06076195347081448,-0.22335813069199362,-0.005777810990818033,0.9913447216998829,0.13092607527919345,-0.00969564694950238,-0.13099464124701612,0.9913596974467139,-0.006808395032949758,0.008720477185794396,0.008019544272970231,0.9999298176308703,162,162,162,18,162,162,18,18,221218_072042
0,0,0,0,-0.061019595649892705,-0.22429633209211353,-0.007314484045121583,0.9921708591189748,0.12488538041848682,0.0007925104703996532,-0.12488648559950317,0.9921698331411078,0.0015452894066864298,-0.000593320925768264,-0.0016321649656687292,0.9999984920027649,128,86,162,122,125,86,162,162,221218_072042
0,0,0,0,-0.06038029320277713,-0.2272385206721962,-0.006163991964678539,0.9922939476600457,0.12373261987525125,-0.006554404324548215,-0.12380781636270144,0.9922251617779518,-0.012682781328037155,0.0049341711302600556,0.013396533638287005,0.9998980882278629,162,115,162,146,162,162,156,156,221218_072042
0,0,0,0,-0.06706105197905318,-0.2277968850444153,-0.0051478272611441556,0.9911858168082465,0.12972412742655645,0.02687614781899349,-0.12918059610914326,0.9913972942969124,-0.021066049692524718,-0.02937771514356122,0.0174084928750334,0.9994167770398712,162,162,162,63,162,162,18,18,221218_072042
0,0,0,0,-0.06199222340796148,-0.23047990165938526,-0.006725399600581883,0.9923110988072479,0.12376700669891147,-0.0006412774314173488,-0.12376866679766706,0.9922984981808746,-0.005000762652634868,1.740920738440015e-05,0.005041682335444178,0.9999872904873081,130,83,162,122,125,86,114,114,221218_072043
0,0,0,0,-0.06711106751198145,-0.23372254895536748,-0.0071010788067250585,0.991958066890966,0.12325524021635587,0.02876350620399186,-0.12333228135675035,0.9923650107927247,0.000913087999238948,-0.028431354263876097,-0.004453213846584172,0.9995858277212409,162,133,136,162,146,91,162,162,221218_072043
0,0,0,0,-0.06513316414652523,-0.23784926242459237,-0.004289468375712591,0.9907428186862083,0.13528230155382198,0.011285659396235182,-0.1353633700442468,0.9907729945152438,0.006755101002999586,-0.010267680944172691,-0.008220232697267774,0.9999134975098752,162,162,154,18,162,154,44,44,221218_072043
0,0,0,0,-0.061869797343948624,-0.24117417123504703,-0.006490221586522904,0.9908446868492671,0.1330522053855051,-0.02288923730996092,-0.13316788178005784,0.9910869594442279,-0.0035991779348824777,0.022206346047715656,0.006614337581931888,0.9997315283282613,119,78,162,162,98,18,162,162,221218_072043
0,0,0,0,-0.0645111811366583,-0.2459124920957413,-0.005621009017103495,0.9911430970035168,0.13277050310706642,-0.0027119673621241267,-0.1327816145370489,0.9911353795489533,-0.004438721357131732,0.0020985955330448365,0.004759507437557675,0.9999864714013587,154,162,151,162,146,40,162,162,221218_072043
0,0,0,0,-0.06709086143640525,-0.2455614977274999,-0.00701238038295815,0.9895946414291217,0.14352815237200106,0.010105203186879847,-0.1433727447398358,0.9895593243444883,-0.01471732545828608,-0.012112048568857782,0.0131153756926315,0.999840629900539,143,162,146,73,161,146,56,56,221218_072043
0,0,0,0,-0.06277906486663945,-0.25092137059152886,-0.006360543893786597,0.988346817923483,0.1492728635174813,-0.029802344166492148,-0.14940733304026638,0.9887729992394056,-0.002324824488963984,0.029120720017224263,0.006750421646161821,0.9995531078803553,162,82,162,82,111,103,18,18,221218_072043
0,0,0,0,-0.06493434878324442,-0.24977048910175303,-0.007212710437554337,0.9874390306414631,0.15786321186476515,-0.006585370573335762,-0.157863451588624,0.9874608315336525,0.00048666147668460324,0.00657962144610368,0.0005590407919087111,0.9999781977898413,162,128,120,162,162,112,154,154,221218_072043
0,0,0,0,-0.06798572397478772,-0.253592189729852,-0.00387265621544175,0.984533746287428,0.17510586694178365,0.005589077187517116,-0.17518841267828933,0.9842728953504557,0.02271315789783257,-0.0015239699810090455,-0.02334101199598837,0.999726399908745,103,154,124,68,162,138,63,63,221218_072044
0,0,0,0,-0.06459100397826012,-0.24490855220061603,-0.007926390187176557,0.990868350171993,0.13463844455465312,-0.007238913961174234,-0.13466710376958788,0.9908842596882247,-0.003626991098559404,0.006684593461441329,0.004568714263506342,0.999967220992885,108,116,162,153,97,114,18,18,221218_072044
0,0,0,0,-0.06370010254497346,-0.2505149864375391,-0.005691614215779128,0.9947223263012267,0.10176280482031673,-0.013108207847679281,-0.10206307345905073,0.9944701482096804,-0.024743753876644948,0.010517727604773864,0.02595102839807547,0.9996078838880342,162,162,162,162,146,162,162,162,221218_072044
