0,0,0,0,0,0,0,1,0,0,0,1,0,0,0,1,180,180,68,92,180,180,92,92,221213_034937
0,0,0,0,-6.71866774183405e-05,-4.61470511957246e-05,0.0003230366464977985,0.9999976342985413,-0.0001751238373909924,-0.0021681164553433033,0.00016661817750520625,0.9999922926023882,-0.003922623382983531,0.002168786689667231,0.003922252855615582,0.9999899560979757,180,180,180,84,180,180,84,84,221213_034937
0,0,0,0,7.300044635308311e-05,8.632297679578294e-05,-0.0003644785370465753,0.9999811181897202,0.00044271982472355334,0.00612921391320595,-0.0004413780793016232,0.9999998783352785,-0.00022026080261561019,-0.006129310681320774,0.00021755134302866514,0.9999811919341208,0,150,180,155,0,150,155,155,221213_034937
0,0,0,0,9.178964072378837e-05,9.6741537783121e-05,-0.0004384316768691887,0.999980696115679,0.0005350321690816368,0.006190406818681762,-0.0005429163468859867,0.9999990436260738,0.0012720018782257207,-0.006189720336414106,-0.0012753381967042894,0.9999800302379248,149,78,180,150,149,78,150,150,221213_034937
0,0,0,0,6.8958871974098e-05,-1.9306862607870734e-05,-0.00048242597872527604,0.9999879996702791,-0.00034424942256599395,0.004886922116129652,0.0003259250187060988,0.9999929156739964,0.003749983293575128,-0.004888178425163648,-0.0037483455223570055,0.9999810276287889,180,99,131,180,180,99,180,180,221213_034937
0,0,0,0,-0.005101607413335277,-0.0008769274687468603,-0.0035680342454569303,0.9999474088042779,-0.00673829666974677,0.007731428302814411,0.006687321713236049,0.9999558573721761,0.006600229949077941,-0.0077755613247376025,-0.006548180286729075,0.9999483296555965,180,90,97,87,180,90,87,87,221213_034937
0,0,0,0,-0.00787242218545646,1.7328662865190303e-06,-0.005744720584382912,0.9994234145949037,-0.02818050189590858,0.018939315519790712,0.02823926588097995,0.9995971510167465,-0.002842453466397015,-0.01885158407049119,0.0033756469157810737,0.9998165945741915,180,180,180,83,180,180,83,83,221213_034938
0,0,0,0,-0.004726242501628106,-0.004325662774842559,-0.0064245832961145055,0.9996436413513181,-0.018981337530191572,-0.0187696332260982,0.01974028201544006,0.9989595156045654,0.04111213262582729,0.017969740449661684,-0.041467999815009766,0.9989782246973725,34,145,180,180,34,145,180,180,221213_034938
0,0,0,0,-0.002154755083760937,-0.0022242929114219823,-0.0052939487456517,0.9996147388518376,-0.027530517748518935,-0.0035276709982733105,0.027562565199274355,0.999576041413357,0.009383092882367218,0.0032678540067288065,-0.009476709603121502,0.999949755290379,150,126,180,180,150,126,180,180,221213_034938
0,0,0,0,0.00014712757567482415,-0.005733221778407752,-0.0055350708944731375,0.9991293673274477,-0.039180459133618874,0.014331746785823295,0.0383058506606765,0.9976440543221422,0.05691223665294797,-0.01652782953131074,-0.05631369724816545,0.9982763136292606,180,152,135,180,180,152,180,180,221213_034938
0,0,0,0,0.0030454447613639662,-0.003525365591726143,-0.004536940625644137,0.9989824004288861,-0.0435779966179623,-0.011624192191598224,0.043851339413304165,0.9987400673351852,0.02439954776160708,0.010546263082318862,-0.02488445518946833,0.9996347033916548,144,144,129,80,144,144,80,80,221213_034938
0,0,0,0,0.004461638993826025,-0.00011809934894517482,-0.004230928204814854,0.9995979948653114,-0.028061194556389113,-0.004051915758936604,0.028048741201843384,0.9996017551681005,-0.0030982546450028592,0.0041372428308049615,0.0029833579942329606,0.9999869913138056,180,180,180,82,180,180,82,82,221213_034938
0,0,0,0,0.008160954367626205,-0.0011654293375061159,-0.005459210176096407,0.9996844673553447,-0.022887073264323054,-0.010351212772203886,0.023290470767673658,0.9989002223686334,0.04069274779756645,0.009408490839770033,-0.04092099252571645,0.9991180874505416,83,135,140,180,83,135,180,180,221213_034939
0,0,0,0,0.009278831958061368,-0.00663150754681667,-0.006379316487578168,0.9985527460223167,-0.03851013081312533,-0.037541753236196,0.041007544939301754,0.9968288325967163,0.0681957459224539,0.03479647495569896,-0.06963654449083984,0.996965374023608,154,62,180,180,154,62,180,180,221213_034939
0,0,0,0,0.0045194603099442815,0.002095077688624908,-0.0016453974062009546,0.999192746674871,-0.04013111722556786,-0.001829869545955074,0.04010470271266804,0.9991146362497338,-0.012710485903036054,0.0023383354455600606,0.012626838946883358,0.9999175441632943,180,150,140,180,180,150,180,180,221213_034939
0,0,0,0,0.007483489479650357,0.003003103876256588,-0.003700163287344349,0.9983584154313938,-0.05652210485248182,-0.00925883363935507,0.05623650316960545,0.9980064173359804,-0.02864693120486819,0.010859560238385992,0.02807922041735788,0.9995467109306009,180,180,0,80,180,180,80,80,221213_034939
0,0,0,0,0.007827195077837593,0.00048241858722389286,-0.006090912105851554,0.9985951790475841,-0.052756126365820145,0.004945656053367608,0.052646472605695084,0.9984096635941144,0.020161660746768333,-0.006001441918596205,-0.019872965877384487,0.9997845007411017,83,180,180,81,83,180,81,81,221213_034939
0,0,0,0,0.01485151600883014,-0.005083461349380244,-0.005431462578721957,0.9968305979547978,-0.0719487226613261,-0.03394319207858699,0.07371614436585561,0.9958128328647937,0.0540622970435785,0.02991135304382897,-0.05639311313626307,0.9979604840623141,79,132,180,136,79,132,136,136,221213_034939
0,0,0,0,0.01975390745794646,-0.00150282261208054,-0.003825749571864989,0.9976959474084598,-0.06621903337443447,-0.014759273142368547,0.06658554228223769,0.9974444148337767,0.02590376180955666,0.013006232495071312,-0.026826832385904796,0.9995554806915036,150,130,180,180,150,130,180,180,221213_034939
0,0,0,0,0.01914140852970804,-0.00042207527008596146,-0.0008455488457879135,0.9974946744149398,-0.06590424380903166,-0.025710020649431033,0.0656521392614507,0.9977870041837209,-0.010530474465693999,0.026347127437909228,0.008816174342501336,0.9996139774661682,170,180,82,180,170,180,180,180,221213_034940
0,0,0,0,0.021215485296183348,0.0015616928374422995,-0.0037890911894596924,0.998444692999775,-0.0547826835943828,0.010346622578538113,0.05474572725655996,0.9984930128974372,0.003822112262879193,-0.010540415918516661,-0.003249734327209702,0.999939167579242,180,180,0,0,180,180,0,0,221213_034940
0,0,0,0,0.023535590221916966,0.0008634449895538326,-0.008096921879928498,0.9982032136634048,-0.057420717624316144,0.017123242086701556,0.05687970642655933,0.9979130516575829,0.030565345217735677,-0.018842590821849144,-0.029536460840112556,0.9993860886825275,180,180,180,101,180,180,101,101,221213_034940
0,0,0,0,0.025591503449482078,-0.0056915407572863536,-0.005726628813492507,0.9980477355029101,-0.059018982720547175,-0.020432262139708026,0.060143965949388756,0.9964026200104377,0.059703619624066055,0.016835112633798263,-0.06081593964552569,0.9980070142376951,61,133,180,166,61,133,166,166,221213_034940
0,0,0,0,0.023106761600063613,0.001234966191379333,-0.0012723696970250442,0.9983791907123758,-0.05230541363658155,0.02243067669082501,0.05274299276210371,0.9984200241763083,-0.019381229018781154,-0.021381493563331792,0.020532876761135403,0.9995605197810251,154,84,180,180,154,84,180,180,221213_034940
0,0,0,0,0.025482522825389736,0.0013491344942544586,-0.0007606333561074319,0.9991511615157844,-0.0404718033098485,-0.00768046733657388,0.040490667770153685,0.9991772308773457,0.002316704514494388,0.007580386875764154,-0.0026257252577904172,0.9999678211331025,170,180,86,180,170,180,180,180,221213_034940
0,0,0,0,0.025567073468354073,0.0009165170578954163,-0.001249753375923035,0.9992778160404099,-0.03773488470750825,0.004463725531412979,0.037728843716551864,0.9992869906299285,0.0014299334227376827,-0.004514501226130004,-0.0012604895447881762,0.99998901516206,180,180,114,94,180,180,94,94,221213_034941
0,0,0,0,0.0255346559218934,0.0008292200005203115,-0.0009365712119571157,0.9992406794868123,-0.03849159697367236,0.00603832933439823,0.03849480234183827,0.9992587140354743,-0.00041547182126725965,-0.006017861031715343,0.0006476006391934248,0.999981682813248,180,180,180,99,180,180,99,99,221213_034941
0,0,0,0,0.025528512745693274,0.0008311591088596137,-0.0007333485738751921,0.9993032166446207,-0.03692980781571239,0.005410221659840927,0.03691706276791995,0.9993153614064555,0.0024369927527237924,-0.005496515287299275,-0.002235565204131442,0.9999823951289916,0,140,180,152,0,140,152,152,221213_034941
0,0,0,0,0.025490192681705007,0.000792905356584675,-0.00030896079968401047,0.9992966587106855,-0.03741232773900216,0.0025506122421691613,0.037415146318076936,0.9992992392422234,-0.0010664313907406437,-0.002508927192499982,0.001161112855752841,0.9999961785433377,160,80,180,180,160,80,180,180,221213_034941
0,0,0,0,0.025504202207352597,0.0008219793549658211,-0.0005169173927128679,0.9992843323780543,-0.03763340795004727,0.003814402943078764,0.03763349098810252,0.9992916080170045,5.00283958524457e-05,-0.003813583589644163,9.355670663431243e-05,0.9999927238872027,170,180,99,174,170,180,174,174,221213_034941
0,0,0,0,0.02551315407829148,0.0008353591561803403,-0.0005158264075365571,0.9992972949284957,-0.03735287499187984,0.003111121732122757,0.03735116254786957,0.9993020176704832,0.0006067421401812209,-0.0031316137874431924,-0.0004901117658794794,0.9999949763801531,180,180,117,97,180,180,97,97,221213_034941
0,0,0,0,0.025541525292561845,0.0008830606608504626,-0.0007026607066045187,0.999279196613236,-0.03753129161379892,0.005699944368658027,0.03752390618345214,0.9992947534588851,0.0013972023056359726,-0.005748363309783622,-0.0011823110197414694,0.9999827790816757,180,180,180,96,180,180,96,96,221213_034942
0,0,0,0,0.025514800833639384,0.0008372210605910174,-0.0004790462432673337,0.9992889121454045,-0.03761781439560394,0.002563221284294202,0.03761748386152681,0.9992921962859826,0.00017705893434271367,-0.0025680675968783955,-8.051109458928048e-05,0.9999966992679433,36,133,180,180,36,133,180,180,221213_034942
0,0,0,0,0.025500711579982557,0.000834118899863831,-0.0004374406601863612,0.9992891215156278,-0.03756480630798143,0.00318385734116883,0.03756647604296429,0.9992940220437734,-0.0004662459572341544,-0.00316409516899477,0.0005855208135460096,0.9999948228201676,160,81,144,160,160,81,160,160,221213_034942
