0,0,0,0,0,0,0,1,0,0,0,1,0,0,0,1,162,162,82,95,162,162,95,95,221218_054412
0,0,0,0,0.00027503653381488746,0.0010563993928326123,-0.000590052231507987,0.99995683896219,0.009074496993359393,-0.0019934184363118684,-0.009091363755570257,0.9999215034857669,-0.008621715132663335,0.0019150242318642845,0.008639465902612052,0.9999608453890126,150,162,135,85,150,162,85,85,221218_054412
0,0,0,0,-0.0018157966500762512,0.0015842042508501745,-0.000768212905108201,0.9997599810756261,-0.00973086666346572,0.019628817428513592,0.009706328028337013,0.9999519879070653,0.00134501929943352,-0.01964096321136954,-0.001154172728578561,0.9998064314903373,78,154,162,91,78,154,91,91,221218_054412
0,0,0,0,-0.0012548087195005664,0.00223914989920132,-0.0018305115301794905,0.9999965120565455,-0.002301802086330887,-0.001295215000911629,0.0022954785500995207,0.9999855422766308,-0.004862716929795459,0.0013063892870258885,0.004859726830661533,0.9999873381209194,78,154,162,102,78,154,102,102,221218_054412
0,0,0,0,8.309080930424262e-05,0.0002449358823110089,0.00014817709262965328,0.9999904532240305,-0.00409911145241784,0.001513521092716609,0.004106140890294471,0.9999806609485101,-0.004670903121564563,-0.0014943452701754658,0.004677073260345613,0.9999879458863147,86,127,162,162,86,127,162,162,221218_054413
0,0,0,0,-0.00034594116301389644,0.00025306348722078757,0.00020986522049171175,0.9999831675815977,-0.00520742583519227,0.0025587633039786998,0.005220977380880356,0.9999722281272819,-0.005318305120018797,-0.002530997562848382,0.005331574845414773,0.9999825840288443,100,92,162,162,100,92,162,162,221218_054413
0,0,0,0,0.0017143325428198297,0.0013638477443162233,1.0731519325735128e-05,0.9999120038431097,-0.0071533003216304614,-0.01117205732912028,0.007129715340339232,0.9999722730792062,-0.0021494724867892057,0.011187123384602878,0.0020696297529484526,0.9999352803572156,130,155,150,162,130,155,162,162,221218_054413
0,0,0,0,0.003431168219733105,0.0012062662961547666,-0.00015216948663643315,0.9998542777492492,-0.0005693765791752901,-0.017061625855650388,0.0006238271911377427,0.9999947292923306,0.003186255983910472,0.017059721749275704,-0.0031964351816512067,0.999849363002231,162,106,78,154,162,106,154,154,221218_054413
0,0,0,0,-0.00041417443835756185,0.0006942345246325555,-0.0008152904593201615,0.9998933763921332,0.01455278196259382,0.0012051490731389513,-0.014558108098619888,0.9998837391190221,0.004535386858123243,-0.0011390064653835855,-0.004552447969295111,0.9999889888802569,162,102,78,154,162,102,154,154,221218_054413
0,0,0,0,0.0011319452589949597,0.003665754278844904,-0.0015769347796185107,0.9999215153627083,0.008185283400455046,-0.009484948623978065,-0.008313421279963875,0.999873636174369,-0.01354986014940065,0.009372840624224764,0.013627649067271357,0.9998632091638997,162,146,86,127,162,146,127,127,221218_054413
0,0,0,0,-0.0003632050937213416,0.0028623934555783385,-0.0013792641662112026,0.9999792679901192,-0.0058624445485840546,0.0026637067894508286,0.005867175989910111,0.9999812180726148,-0.00177193338332388,-0.002653268898699724,0.0017875250841024452,0.9999948824460178,162,90,100,92,162,90,92,92,221218_054413
0,0,0,0,-0.0026561341988412535,0.0009754551010284765,-0.001603525878243972,0.9997377688291981,0.01978607018568399,0.011528443217730033,-0.01987722472449676,0.9997716363425088,0.007846725576633282,-0.011370554677284463,-0.008073821377160569,0.999902757219271,152,162,130,155,152,162,155,155,221218_054413
0,0,0,0,-0.004347719292965735,0.0011216721117695656,-0.0029938407242117715,0.9998912152026015,0.005049807126372563,0.013858470646168727,-0.0052040595604112925,0.9999246604801628,0.011117154659541531,-0.013801287068819914,-0.011188065588783755,0.9998421633756126,129,154,162,106,129,154,106,106,221218_054414
0,0,0,0,-0.001451605818911128,0.0008307957371843757,-0.0008058797717768185,0.9995760790045971,0.023488247080918578,0.017203619702302036,-0.023588820201122223,0.9997056852162907,0.005666613428421315,-0.017065457606371535,-0.006070024323982216,0.9998359490243344,115,154,162,102,115,154,102,102,221218_054414
0,0,0,0,-0.0013399022396390903,-0.00040499250593511917,-0.0013308454488101251,0.9994556076032736,0.03296578378129942,-0.0013211850954178935,-0.032963755050225516,0.9994553782305893,0.0015289797057630753,0.0013708695636396409,-0.0014845961189756277,0.9999979583434174,77,128,162,146,77,128,146,146,221218_054414
0,0,0,0,-0.0027201318183768253,-0.0004170157970944978,-0.001150822911873739,0.9987133613974639,0.04975324333668553,0.009810022612591314,-0.04973431249218442,0.9987601379263408,-0.0021644976987803357,-0.009905550318321245,0.0016738180423156957,0.999949537929816,139,82,162,90,139,82,90,90,221218_054414
0,0,0,0,0.0006666371884579414,-0.00153782178713393,-0.00017792961428864107,0.9988039571707321,0.048571420941536214,-0.0056100096084326445,-0.048568823469708616,0.9988196590499416,0.0005983996390657236,0.005632453005121846,-0.0003252123611332386,0.9999840847283846,137,81,152,162,137,81,162,162,221218_054414
0,0,0,0,-0.0006931399811486161,-0.0009353856347569262,-0.00027307675384546926,0.99918836803897,0.040236083189756223,-0.0019138404235886533,-0.04023379835554505,0.9991895508679701,0.0012177463408931824,0.0019612866963547547,-0.0011397569093554382,0.9999974271510315,162,108,129,154,162,108,154,154,221218_054414
0,0,0,0,0.0007034088884668721,0.0006529138004691334,-0.0001030809730610538,0.9993831175876808,0.034523049345236013,-0.00644541268147081,-0.034556464522884835,0.9993894932824604,-0.005146987109591764,0.006263788023767814,0.005366542698430139,0.9999659820109178,162,120,115,154,162,120,154,154,221218_054414
0,0,0,0,-0.0007061486231763059,0.001127193975385428,-0.0018889955722564133,0.9993830276589626,0.032861273924782365,-0.012397608771267832,-0.03284581472743909,0.9994593809246746,0.0014485636187398312,0.012438508033350722,-0.001040460334288563,0.9999220974456945,162,142,77,128,162,142,128,128,221218_054415
0,0,0,0,-0.0018351533281698584,0.0005182290565765336,-0.0015961775619512952,0.9995244237939779,0.030771284338399735,0.0020135291111824613,-0.030775527607097168,0.9995240910709575,0.0021114614091329695,-0.0019475984753096105,-0.0021724246690760203,0.9999957437065601,162,90,139,82,162,90,82,82,221218_054415
0,0,0,0,-0.00453079815777202,-0.0005982885354738499,-0.0027974865534304283,0.9995840025185809,0.026786225308671106,0.010692055118004695,-0.026908771294289917,0.9995718920450577,0.011486977883490217,-0.010379784986451084,-0.011769909395457922,0.9998768570661378,162,162,137,81,162,162,81,81,221218_054415
0,0,0,0,-0.005346736677798836,-0.00032918890455454694,-0.0028597872777440525,0.9996016230538696,0.023374127213314916,0.015819145523232884,-0.023660375016593724,0.9995551658897225,0.01815645882996794,-0.015387717249273826,-0.018523512630868644,0.9997100067707987,132,154,162,108,132,154,108,108,221218_054415
0,0,0,0,-0.004890524667389373,-0.0005410367770933844,-0.002589646004491908,0.9994976549579441,0.028186789902371952,0.014489396418422253,-0.02836790250190786,0.9995200160325387,0.01244988586120425,-0.014131519423365043,-0.012854665507677129,0.9998175122158408,127,154,162,120,127,154,120,120,221218_054415
0,0,0,0,-0.0006537738365580692,-0.0018277499476956364,-0.0003657401443645236,0.9990234346513072,0.04401303128905699,-0.0038768665509349856,-0.04398446002013491,0.999006485212633,0.007170061355383956,0.004188590961466889,-0.006992537440103773,0.999966779511153,69,127,162,142,69,127,142,142,221218_054415
0,0,0,0,-0.0008301182510789262,-0.001872624437628592,-0.0003531444920635285,0.9989715027477741,0.04486127357212392,-0.006588082523868285,-0.044829484272886785,0.9989826545501531,0.004896248334997523,0.006801032104122758,-0.004595872215146771,0.9999663113929893,18,82,162,90,18,82,90,90,221218_054415
0,0,0,0,-0.0018160813076936178,-0.0006282443847468264,-0.000175004605195761,0.9991629826918268,0.0407772862821674,-0.0032476055540351205,-0.040790491280393276,0.9991592714593188,-0.0041092673299235605,0.0030773104290348833,0.004238299228078266,0.9999862833960158,140,92,162,162,140,92,162,162,221218_054415
0,0,0,0,-0.0014138064717126309,-0.0018602887327782676,-0.0006600083551698277,0.9995131537031163,0.028534699920948287,-0.012618497330195703,-0.028465023856496012,0.9995787231748041,0.005667326801750642,0.012774896919343656,-0.005305381857146888,0.9999043228889701,162,110,132,154,162,110,154,154,221218_054416
0,0,0,0,-0.00144672307411442,-0.000570608220176157,-0.00017139512041025595,0.9992960481905814,0.037180248400041804,-0.005003718577036367,-0.037195591422987666,0.9993034744206569,-0.003008984795221344,0.004888358556937635,0.0031929828867174738,0.9999829542601733,162,122,127,154,162,122,154,154,221218_054416
0,0,0,0,-0.0007646387639864693,-7.915048762127848e-05,-0.0013670296670879045,0.9984854465116989,0.054094553299271736,-0.010029576645389232,-0.0541141268899036,0.9985333263587621,-0.0016903910346311416,0.00992342558177134,0.0022305726302335673,0.9999482737474297,162,135,69,127,162,135,127,127,221218_054416
0,0,0,0,-0.000521410256446142,0.0014259130442485172,-0.0018336199186818614,0.999103738004153,0.04066175561828119,-0.0117619018941807,-0.04070839410329534,0.9991640204069783,-0.0037532617409530137,0.01159945497254008,0.004228705972806608,0.9999237824405097,162,162,18,82,162,162,82,82,221218_054416
0,0,0,0,-0.002559357722076494,0.0008938988639107482,-0.0023449275802231995,0.998964918909683,0.04540730109079969,-0.002695884904792606,-0.04541892561027954,0.9989582506574104,-0.004419800888674805,0.0024923852387519086,0.0045376702322961855,0.9999865986925448,162,138,140,92,162,138,92,92,221218_054416
0,0,0,0,-0.004698398402994242,0.0007204962597273448,-0.0025342369922373154,0.998812263664643,0.0476482175413501,0.010183777209056425,-0.04765380871756422,0.9988638647488014,0.00030694266214884274,-0.010157581790040131,-0.0007918738663386186,0.9999480968870127,134,154,162,110,134,154,110,110,221218_054416
0,0,0,0,-0.007828805497020919,-0.0002171822803557601,-0.0037206144004285346,0.9993577194636964,0.026624515663660298,0.02398507273274862,-0.02695983989358987,0.9995417089189437,0.013767322336241181,-0.023607532298648846,-0.014405113573778579,0.9996175154136181,110,154,162,122,110,154,122,122,221218_054416
0,0,0,0,-0.002184018542999655,-0.0018521721494793864,-0.0010592914582290835,0.9984233386836957,0.05505675289132324,0.010935754787204936,-0.05510122178770082,0.9984735146384849,0.003807351175572995,-0.010709441124761134,-0.004403921722202557,0.9999329544245755,53,130,162,135,53,130,135,135,221218_054416
0,0,0,0,-0.0009752458892806626,-0.001617154389581297,-0.0007712349684947939,0.9980708078568853,0.06205168138096811,-0.002061878197034601,-0.0620566009531799,0.9980697115754842,-0.002414355766940114,0.001908083342627649,0.002537651163250824,0.9999949597595639,82,162,162,162,82,162,162,162,221218_054417
0,0,0,0,-0.0007439157390930484,-0.0013859222187477954,-0.0010386197615834813,0.9976941387077677,0.06771316367053859,-0.00461877190300637,-0.06772048130379163,0.9977032844422665,-0.0014465908533533493,0.004510210654501767,0.0017560406718029392,0.9999882870919093,138,90,162,138,138,90,138,138,221218_054417
0,0,0,0,-0.0017811929002051752,0.00011390335046182216,-0.0007942340764893752,0.9966045320681419,0.08176753879118112,0.009668312224632433,-0.08167309379973231,0.9966110813058225,-0.009790728656259151,-0.010436110885787752,0.008967843579869534,0.999905328204179,162,111,134,154,162,111,154,154,221218_054417
0,0,0,0,0.00027070868319456487,-0.0017910936235800068,-0.0011150712150081454,0.9977101708535807,0.06724978235084297,-0.007202898658380117,-0.06727422073952806,0.9977293731503398,-0.0032058036309869577,0.006970953966847659,0.0036830322827029315,0.9999689200540169,162,123,110,154,162,123,154,154,221218_054417
0,0,0,0,0.001899153339820825,-0.00011970684868505173,-0.0008799365588372243,0.99821623599931,0.05945915080165414,-0.0053810383120928285,-0.05948653061977294,0.998216183630277,-0.005079706037679945,0.005069404520543042,0.005390744341234012,0.9999726201317988,162,162,53,130,162,162,130,130,221218_054417
0,0,0,0,-0.0012697582213113678,3.917611342992185e-05,-0.0024178340982077273,0.9988678915079888,0.047236391998200636,0.005626596251485569,-0.04725167781680563,0.9988795916363284,0.0026154074137760414,-0.005496749756154184,-0.002878312602113357,0.9999807503440669,162,162,82,162,162,162,162,162,221218_054417
0,0,0,0,-0.00309430189157045,-0.0009402994607669041,-0.002616302404468307,0.9985484756861607,0.0506997771146317,0.018178952262767337,-0.05084797552789147,0.9986760658781251,0.007784524835036253,-0.017760210853487158,-0.008697588327747006,0.9998044443128471,162,162,138,90,162,162,90,90,221218_054417
0,0,0,0,-0.0012578379497100167,-0.00020268919067739297,-0.002213403100993827,0.9979993565596712,0.06278835851083306,0.007409881375403862,-0.06278811566938473,0.9980268443147403,-0.00026562727923858445,-0.0074119388266797965,-0.00020015663513095,0.9999725111722578,137,154,162,111,137,154,111,111,221218_054417
0,0,0,0,-0.0015790564780755467,0.00047272061005056935,-0.0034168459967811593,0.9981710285750903,0.06028178636352275,-0.004550158916886883,-0.060302976992947524,0.9981691806847328,-0.004673082168992808,0.004260126657083859,0.004938923363718655,0.9999787289522079,82,156,162,123,82,156,123,123,221218_054418
0,0,0,0,0.00034363364403988683,-0.0014070888972141302,-0.0011945082815020824,0.9972674197930828,0.07375799554060314,-0.004177500817401202,-0.07377758944835835,0.9972634164625007,-0.004748208160051576,0.003815850421141485,0.005043439240641272,0.9999800013031208,102,126,162,162,102,126,162,162,221218_054418
0,0,0,0,-0.00031469364921032916,-0.0030948107973205966,-0.0003671137382107448,0.9964974141296729,0.08327720381511214,0.007603351735344073,-0.08323752217096701,0.9965151335700568,-0.0053947630801548345,-0.008026115854686704,0.00474298330057169,0.9999565418425432,58,162,162,162,58,162,162,162,221218_054418
0,0,0,0,0.00043147415782740506,-0.0015537688122018835,-0.0009397018659274003,0.9960056870920988,0.08928764571429697,0.0006225777014149022,-0.0892798865641469,0.9959746981355164,-0.007968847404776793,-0.0013315912620615296,0.00788143366816703,0.9999680544237627,141,86,162,162,141,86,162,162,221218_054418
0,0,0,0,0.0036646467040236663,-0.002493576799199703,-0.0014994407292587275,0.9964549597709517,0.08315506406651134,-0.012757290776856698,-0.08323703259861914,0.9965115097695262,-0.006033846288841438,0.012211042217898259,0.007074335089274265,0.9999004171571275,162,112,137,154,162,112,154,154,221218_054418
0,0,0,0,0.0004517304334102912,-0.002266443218735214,-0.0006755436708834606,0.9952969189272671,0.09660925094787252,0.007120098677669087,-0.09657493821372669,0.9953130782582282,-0.005015730968331577,-0.007571293344179714,0.004304518489076237,0.9999620725995931,162,125,82,156,162,125,156,156,221218_054418
0,0,0,0,0.0021458475378721698,-0.002526941666520471,-0.0010068904606057583,0.9953020540843744,0.0964695868513026,-0.008212182911043853,-0.09649999764963117,0.9953272109735696,-0.003390213739314663,0.007846756594084892,0.004166762330139001,0.9999605324724758,162,162,102,126,162,162,126,126,221218_054418
0,0,0,0,0.0029037220070733394,-0.002117015789460275,-0.0017864861601841198,0.9957656993275488,0.09182205701849949,-0.004402486525679756,-0.0918133827133284,0.9957739447346708,0.0021339499265023002,0.004579825046143333,-0.0017207069606210736,0.9999880321134361,162,162,58,162,162,162,162,162,221218_054418
0,0,0,0,-0.0020698751737766585,-0.0027135644980629085,-0.0022390529697349226,0.9960366962915483,0.08600493649754505,0.022672682652714847,-0.08625076769490399,0.996222306869846,0.010095561745778279,-0.02171876406836263,-0.012011086252972104,0.9996919671050511,151,162,141,86,151,162,86,86,221218_054419
0,0,0,0,-0.002265478498745588,-0.0021160666177042174,-0.001982839153897742,0.9963764317343029,0.08308577736846189,0.018186805203108652,-0.08321839813407736,0.9965090799099247,0.0066597198945736475,-0.017569988514953803,-0.008149064741084674,0.999812426531812,123,162,162,112,123,162,112,112,221218_054419
0,0,0,0,-0.0020696638159931613,-0.0028615162179453767,-0.0013426115378041281,0.9950651648235516,0.09752240081935627,0.018294783221094284,-0.0976499044083066,0.9952014626649213,0.006208452194512493,-0.01760153185738948,-0.007964298338942818,0.9998133605969876,80,156,162,125,80,156,125,125,221218_054419
0,0,0,0,0.0010377675289607868,-0.0032116179271386575,-0.00028049898618620617,0.9941619136687935,0.10789543497471862,-0.0008151821994658992,-0.10789797063393043,0.994152515919313,-0.004336245424480561,0.00034255434830024055,0.004398886554357829,0.9999902661794265,88,120,162,162,88,120,162,162,221218_054419
0,0,0,0,-0.0003338929816897318,-0.005073622416260059,-0.0004926108673530827,0.9946607295783931,0.10309559515699893,0.004618581362576709,-0.10306513580073037,0.9946539630804782,-0.006408705850405155,-0.005254599599930108,0.00589847332147622,0.9999687981109813,114,98,162,162,114,98,162,162,221218_054419
0,0,0,0,0.00023918146872181634,-0.0053393964974777965,-0.0007233192304433866,0.9939780419427314,0.10957252150888735,0.0012307176270206876,-0.10957066000217232,0.9939778921530171,-0.0014900931964810203,-0.0013865793815632614,0.001346269375081127,0.9999981324764505,138,155,151,162,138,155,162,162,221218_054419
0,0,0,0,0.002613506719933212,-0.004660660940199195,-0.0011714788737131054,0.9928596823079174,0.11928752454963323,0.00037112564216841413,-0.11927084486741292,0.9927641627099482,-0.013920589191243957,-0.002028992862303205,0.013776927293063386,0.9999030350300606,154,127,123,162,154,127,162,162,221218_054419
0,0,0,0,0.0018230290331577859,-0.0059741962369488835,-0.0015128222841601646,0.9921349187542378,0.1251405261690573,0.0028551179754489103,-0.1251323986211756,0.9921359078107368,-0.0028676205953537984,-0.003191520614634509,0.002487798765774592,0.9999918124932161,162,142,80,156,162,142,156,156,221218_054420
0,0,0,0,0.0005568287466792832,-0.005521385061376227,-0.001276958357378788,0.9930742420621006,0.11660003280395673,0.014421584618220767,-0.1166447075682664,0.9931710587073515,0.0022935436409700703,-0.014055673199741658,-0.0039598606333560975,0.9998933730926846,162,150,88,120,162,150,120,120,221218_054420
0,0,0,0,0.0011078333249483485,-0.004234591978532418,-0.0008252421221656703,0.9930961631404276,0.11528361029558427,0.021672562215312444,-0.11512354152137898,0.9933148316868863,-0.008497960839427754,-0.0225073530948463,0.005944270188084115,0.9997290056353246,162,162,114,98,162,162,98,98,221218_054420
0,0,0,0,0.0005717967700858972,-0.0043943624278368395,-0.0007644309041701658,0.993711646100065,0.10942392610427111,0.023739604062115376,-0.10932940617244838,0.9939917228505482,-0.005247461346173006,-0.024171167764070432,0.002619026637271765,0.9997044039856954,160,162,138,155,160,162,155,155,221218_054420
0,0,0,0,0.00038662567418656923,-0.005304685022670156,-0.0015627647047855575,0.9939294710283232,0.10852905481297428,0.018045799587738512,-0.10858640559202831,0.9940845216407913,0.0022262872239575404,-0.017697433202644126,-0.0041723009961319715,0.9998346827163157,122,162,154,127,122,162,127,127,221218_054420
0,0,0,0,-0.0009472298132656709,-0.006926536579625926,-0.0018757693775564577,0.9937288400408033,0.11049717429242824,0.017127957979504727,-0.1105520809075894,0.993867694572621,0.0022897798814192115,-0.01676990990317854,-0.004168951701843743,0.9998506838341148,78,155,162,142,78,155,142,142,221218_054420
0,0,0,0,0.002238442405664509,-0.007653946506270349,-0.0009063317991606645,0.9918521042763827,0.1272812521667263,-0.005374578065481052,-0.12729027354958142,0.9918645622511009,-0.0013698211946833931,0.005156500963299013,0.002042791546597825,0.9999846186319631,72,122,162,150,72,122,150,150,221218_054420
0,0,0,0,0.0014770405157150668,-0.006720330514988977,-0.0005079825878036015,0.9906065616177154,0.13667676838705625,0.004254534427917374,-0.13665968314048968,0.9906096625869043,-0.004077670094791658,-0.004771905685208201,0.0034579434251834538,0.999982635620939,107,85,162,162,107,85,162,162,221218_054420
0,0,0,0,0.003701669861459922,-0.0077033657518920245,-0.00044809347338353733,0.9903581959066718,0.13806212276694144,-0.011379545578260826,-0.13807734274196032,0.9904212915968357,-0.0005590822617791063,0.01119335614554358,0.002124949115196192,0.9999350945783716,145,86,160,162,145,86,162,162,221218_054421
0,0,0,0,0.0018976532565860849,-0.007457347831894771,-0.0005996179077368269,0.9886844841332271,0.14978586546071812,0.008196666541869261,-0.14979158506293624,0.9887175905353178,8.491389452305082e-05,-0.008091469492517406,-0.0013117447235409722,0.999966403159242,154,126,122,162,154,126,162,162,221218_054421
0,0,0,0,0.00047527477405828744,-0.0070977858483147645,-0.0019113728526831686,0.9907522596586446,0.1351263081947358,0.012281726871703624,-0.13513898441754343,0.9908266312239695,0.0002043231671991539,-0.012141452626640662,-0.001862173735939287,0.999924555872638,162,162,78,155,162,162,155,155,221218_054421
0,0,0,0,0.000938908389692239,-0.006267675412356712,-0.001889660184296038,0.9918421460384572,0.12651426728384216,0.015597997161811372,-0.12661078888978672,0.991937990137636,0.005360210668760845,-0.014794102829614405,-0.007291357578679404,0.9998639760618073,162,151,72,122,162,151,122,122,221218_054421
0,0,0,0,0.0018885968637734063,-0.004872634137616015,-0.0025226479599061435,0.9914425251432245,0.1304788173223894,0.004122810664751354,-0.1304598164761038,0.9914429992163695,-0.004584276374047619,-0.004685682730226855,0.004007185421550521,0.9999809932405461,162,162,107,85,162,162,85,85,221218_054421
0,0,0,0,-0.00046640444836520967,-0.006664326037761304,-0.002122962674739437,0.989513273842882,0.1432360277063994,0.018625822280731254,-0.14330621581316638,0.9896752818732781,0.0024829334181313075,-0.01807787039593142,-0.005126091682769315,0.9998234413065178,159,162,145,86,159,162,86,86,221218_054421
0,0,0,0,-0.0010383509321795215,-0.008593007620403315,-0.0025386027472548145,0.9892485354929452,0.14500292714583193,0.019012788964374003,-0.14515039047226716,0.9893875053096312,0.006612751540331041,-0.0178521475126044,-0.00930136851899728,0.9997973721574098,122,162,154,126,122,162,126,126,221218_054421
0,0,0,0,-0.0008517364211778622,-0.008483493525673453,-0.002225688292126049,0.9909304485805622,0.1324396168379995,0.02272870360864907,-0.1326268516269124,0.9911418021081843,0.006931546816912586,-0.02160935684973248,-0.00988311719781662,0.9997176399819077,105,153,162,162,105,153,162,162,221218_054421
0,0,0,0,0.00541171233368376,-0.0074724669859812486,-0.001116270920209772,0.988156302239443,0.15240654506586204,-0.017870852401537254,-0.15268376858018734,0.9881561941109179,-0.01532980275082138,0.015322831220827305,0.017876830292718436,0.9997227764645875,70,119,162,151,70,119,151,151,221218_054422
0,0,0,0,0.002491291197604828,-0.00870353059411919,-0.0009830996045916973,0.9872707052443602,0.1590134803619454,0.0033567289859556806,-0.15895904501502328,0.987202479213528,-0.012778381845009812,-0.005345706147552122,0.01208213962202282,0.99991271885497,111,87,162,162,111,87,162,162,221218_054422
0,0,0,0,0.0042967948917207455,-0.010012361593380868,-0.00045497430440577524,0.9890210211998461,0.1474409906135226,-0.00992843954084757,-0.1474613233833084,0.9890669096702063,-0.001343987154737887,0.009621732217047185,0.002793292382082747,0.9999498086338193,138,146,159,162,138,146,162,162,221218_054422
0,0,0,0,0.0009118300959151115,-0.010693591146880982,-0.0006639047469353399,0.9860991709647549,0.1657823843319865,0.011163604607169328,-0.16577161886088856,0.9861623603091481,-0.0018893093266347325,-0.011322340873874166,1.2437552637286825e-05,0.9999359001668272,154,162,122,162,154,162,162,162,221218_054422
0,0,0,0,0.000758008396558596,-0.010279840496667607,-0.0016544951631659588,0.9862988774922884,0.16467731176752054,0.009793224518759885,-0.16467800995349438,0.986347101462142,-0.000740590973130778,-0.009781477148621166,-0.000882284679297888,0.9999517709762485,162,162,105,153,162,162,153,153,221218_054422
0,0,0,0,0.001339283110487588,-0.00991834144211888,-0.0009921231299725997,0.9880273268483922,0.15401605447835373,0.009003130774389018,-0.15404072911136474,0.9880622447377206,0.0021105209538517244,-0.008570599492403743,-0.0034721012050634805,0.999957243754733,162,146,70,119,162,146,119,119,221218_054422
0,0,0,0,0.0015024367688735163,-0.009411906988082998,-0.0012532774313073203,0.9876578542667717,0.156445394871734,0.007536665614416174,-0.15643735461295044,0.9876865073295181,-0.00164842983481674,-0.00770175219403939,0.0004490686422429024,0.9999702402324261,162,106,111,87,162,106,87,87,221218_054422
0,0,0,0,-0.0022073666921976764,-0.009455191523417266,-0.0018727873698273223,0.9876698341528268,0.1550886205332599,0.02134990598615589,-0.15528295587901686,0.9878395773627198,0.007757126357081441,-0.019887240080076085,-0.01097675621187087,0.9997419709630394,124,162,138,146,124,162,146,146,221218_054422
0,0,0,0,-0.00245842941573704,-0.009815539929475647,-0.0019384161267560485,0.9869546564744148,0.1595045611912502,0.021881522402624698,-0.1597402191488985,0.9871136601851003,0.009470177518833741,-0.020089013159732255,-0.012841994983759632,0.9997157169491261,122,162,154,162,122,162,162,162,221218_054423
0,0,0,0,0.00036664759353155496,-0.010378232231963287,-0.0013051215876442313,0.983235646749506,0.182332262234916,-0.001615273778210074,-0.18233854125728893,0.9832197987312603,-0.005611038676160065,0.000565095783795746,0.005811499906140388,0.9999829534225052,97,149,162,162,97,149,162,162,221218_054423
0,0,0,0,0.00021065481395476926,-0.010233091813809467,-0.0008723711335699158,0.9823096283195764,0.18721082959340737,0.004460873636938807,-0.1871835891101178,0.9823072402180316,-0.005898286453759461,-0.005486171571450579,0.004958941236185667,0.999972655037779,43,122,162,146,43,122,146,146,221218_054423
0,0,0,0,0.0020982309981973923,-0.010988194324291323,-0.0004114573314358827,0.9826065463192217,0.18568892445783103,-0.001999616039569457,-0.18569467180207733,0.9826021900894678,-0.0032287607068588013,0.0013652819968307268,0.0035439194512554783,0.9999927882939917,110,79,162,106,110,79,106,106,221218_054423
0,0,0,0,0.0008805188141368658,-0.009260542780625762,-0.00037866047245327383,0.9826501992148375,0.18546836599895122,0.000266827134166865,-0.185459959369783,0.9826174784982924,-0.008215498780840312,-0.0017859041405186927,0.008023475764180278,0.999966216620873,146,90,124,162,146,90,162,162,221218_054423
0,0,0,0,-0.00018535167927691276,-0.00983198873997102,0.00048354295259955826,0.9854385725947828,0.17003166583460277,-0.00022859542342194654,-0.17003180196453188,0.9854381909635457,-0.0008706958080081957,7.72208018488076e-05,0.0008968857259734396,0.999999594816389,154,162,122,162,154,162,162,162,221218_054423
0,0,0,0,-0.0005418267163650459,-0.00788010236642108,-0.0013765778739945889,0.9848182780726851,0.17338865388884603,-0.008326696617822467,-0.17341601576629245,0.9848450164483873,-0.0026793753976712712,0.0077359323740749456,0.004082680417401913,0.9999617428036501,146,162,97,149,146,162,149,149,221218_054423
0,0,0,0,-0.000459348320684394,-0.008041873790955896,-0.0012476691592339662,0.9835249475681526,0.18063112502380024,-0.0071466204389596865,-0.18067127093253418,0.9835285241627157,-0.005434520947956862,0.00604726142028653,0.006636175927976694,0.9999596950869409,114,18,43,122,114,18,122,122,221218_054424
0,0,0,0,-0.0033329366230930857,-0.009302688687678392,-0.0013354824898618722,0.981537954003298,0.19108719191581033,0.008302405479742815,-0.19104902121583447,0.9815668416174435,-0.005177540886286683,-0.009138727673568112,0.00349578644765245,0.999952130421062,162,162,110,79,162,162,79,79,221218_054424
0,0,0,0,-0.001069277288670678,-0.009565804151024287,-0.00012684059596368424,0.9835856190420708,0.1804135978108442,-0.0032037070048454934,-0.1804116502253285,0.9835907918037724,0.0008892366404211471,0.0033115670912068087,-0.0002966543038614126,0.9999944727445371,162,162,146,90,162,162,90,90,221218_054424
0,0,0,0,-0.003602804230966705,-0.009250718231932112,-0.0013560564562934974,0.9845276024254559,0.174617580421752,0.014632179264776633,-0.1747042479377512,0.9846089583379146,0.004860546598094696,-0.013558237897618727,-0.007341646162842462,0.9998811301433442,120,162,154,162,120,162,162,162,221218_054424
0,0,0,0,-0.004222970346543953,-0.009562237961014996,-0.0012734816607147814,0.9826451264942191,0.18456369708873333,0.018568712774417153,-0.1846496982906899,0.982799778654896,0.0030139669947591157,-0.01769305791314737,-0.0063903671902570585,0.9998230437976792,95,148,146,162,95,148,162,162,221218_054424
0,0,0,0,-0.004281395569213808,-0.008967828728407075,-0.00043539989952073865,0.9789997798148004,0.20234543657938397,0.024814419559420108,-0.20226270632624058,0.9793139719314591,-0.005825977121110607,-0.025479967663981844,0.000684598662770151,0.9996750985057663,99,115,114,18,99,115,18,18,221218_054424
0,0,0,0,-0.0023537756069925697,-0.007703102188900683,-0.0008357614389903345,0.9828421201154194,0.18439193850969368,-0.004580386409939416,-0.18443829219511368,0.9827482607131612,-0.013724883875916798,0.001970608834061396,0.014334192613986546,0.9998953183323385,114,90,162,162,114,90,162,162,221218_054424
0,0,0,0,-0.004327001771313843,-0.009288492263224238,-0.0006153740217910708,0.9852260927411328,0.1712571909397168,-0.000721618651597886,-0.1712579729219638,0.9852254719370855,-0.001214972019828414,0.0005028843813930632,0.001320605083380416,0.999999001554258,147,91,162,162,147,91,162,162,221218_054424
0,0,0,0,-0.004524130637228785,-0.008849965610181781,0.0003003816993592534,0.9882881328292293,0.15257728861449876,-0.002595671004497094,-0.152585358937245,0.9882849119549235,-0.003262060735636887,0.0020675461078041766,0.003619917305501671,0.9999913106881447,154,162,120,162,154,162,162,162,221218_054425
0,0,0,0,-0.005831472745719268,-0.007437474557890145,-0.0009498170805425366,0.9895749221467764,0.14400816129873759,0.0017671835101600983,-0.1440031060862067,0.9895735094568598,-0.002715661753615584,-0.0021398354438508477,0.0024328708539236563,0.9999947511080652,146,162,95,148,146,162,148,148,221218_054425
0,0,0,0,-0.005916406598398205,-0.006163705375898202,-0.0022041695742860967,0.990811228709579,0.13510150364052567,-0.006379089048051228,-0.13514651657270593,0.9907991142087685,-0.007248057766363743,0.005341172275558909,0.00804356868499948,0.9999533853543039,162,162,99,115,162,162,115,115,221218_054425
0,0,0,0,-0.007218774534356265,-0.007788616066883641,-0.0012454528779216045,0.9857082814731868,0.168412163879806,0.004065328092291525,-0.16840291231503957,0.985715018258973,-0.0025222812147291484,-0.004432037792007691,0.0018016203913047452,0.9999885555370001,158,162,114,90,158,162,90,90,221218_054425
0,0,0,0,-0.007519460181848681,-0.00748639024973363,-0.001249128659301657,0.9880691413255976,0.15333618058466106,0.014400961211113374,-0.15322470255480866,0.9881543348112533,-0.00855576534981284,-0.015542280626929262,0.006247104724496378,0.999859695755097,162,146,147,91,162,146,91,91,221218_054425
0,0,0,0,-0.006743793313514823,-0.006711860614118567,-0.000931737408720712,0.9902392695420836,0.13843871682937037,0.01615273163890865,-0.13844521827723372,0.9903698311878344,-0.000720422897054458,-0.01609691252789083,-0.0015228774141816575,0.9998692765814192,119,162,154,162,119,162,162,162,221218_054425
0,0,0,0,-0.005846341295826729,-0.006137041537658474,-0.0008545121981940462,0.9916422677528345,0.12893346635015102,0.0046662684181183614,-0.12894432221561963,0.9916496021573183,0.002104354910181937,-0.004355981447385612,-0.002688456093740431,0.9999868987289094,93,147,146,162,93,147,162,162,221218_054425
0,0,0,0,-0.005013756371484934,-0.009204401643796713,-0.0004139876033806833,0.9879940335994148,0.15444824227961598,0.003678318732184095,-0.1544331081017289,0.987994758258397,-0.004095457968508107,-0.004266695911167538,0.0034782338433433833,0.999984848482882,88,112,162,162,88,112,162,162,221218_054425
0,0,0,0,-0.003192396953192178,-0.008648328785285958,-0.00023425280403333026,0.9859295218668012,0.167119806422281,-0.0037347306301419156,-0.1671323034294349,0.985928857585817,-0.0033288030727398675,0.0031258697784323545,0.0039061593547992392,0.9999874853503034,117,93,158,162,117,93,162,162,221218_054426
0,0,0,0,-0.004088380116836654,-0.010215301783321744,-0.0010689735661194577,0.9864655242574365,0.16381482588693494,-0.0071043839377020355,-0.16379021630653634,0.9864873982659441,0.003921492668379288,0.007650783865673436,-0.002704788739103921,0.999967074270007,150,89,162,146,150,89,146,146,221218_054426
0,0,0,0,-0.006186418696207063,-0.009806297178859202,-0.0010098421412442216,0.9856564794337567,0.16872566889001944,0.003599056524777887,-0.16873683054718858,0.9856563859950459,0.0030611703768307877,-0.0030309350277875086,-0.003624555807525353,0.9999888379517321,154,162,119,162,154,162,162,162,221218_054426
0,0,0,0,-0.00772549334076611,-0.008495442365677416,-0.0021913274365181756,0.9870243226398803,0.16018245465922012,0.011160991740524418,-0.16018544235050866,0.9870867364167872,-0.0006315449543274635,-0.011118029333340678,-0.0011644781682648216,0.9999375147549665,146,93,93,147,146,93,147,147,221218_054426
0,0,0,0,-0.007583596636329792,-0.008457516532464168,-0.002007251062906168,0.9869660117548947,0.16030727175007695,0.01413047291083055,-0.16035362069993975,0.9870571729225865,0.002203113817146451,-0.013594409478041984,-0.004440270951005153,0.9998977327831207,162,137,88,112,162,137,112,112,221218_054426
0,0,0,0,-0.007257931881563207,-0.007851840763863483,-0.002080365827942521,0.9875184718866336,0.15716628920848383,0.01029685481706708,-0.15718329222327884,0.9875690740188254,0.000858304987457888,-0.010033958767109287,-0.0024660855693185188,0.9999466176218732,155,162,117,93,155,162,93,93,221218_054426
0,0,0,0,-0.008264844756009526,-0.00864159395857264,-0.0018868528725232148,0.9857322558430666,0.16718602989232098,0.01951284703428125,-0.16733056203691077,0.9858825055563069,0.006014004192879577,-0.018231917039930646,-0.009193293580883954,0.9997915185448338,162,146,150,89,162,146,89,89,221218_054426
0,0,0,0,-0.010089365123916116,-0.009445891664019183,-0.002154138567973418,0.9838862150595263,0.17621396213123958,0.030274665412674852,-0.17647691616281536,0.984285101334287,0.006223933885900539,-0.02870215806349884,-0.011466422343669644,0.9995222395130259,118,162,154,162,118,162,162,162,221218_054427
0,0,0,0,-0.009543626606133282,-0.009202903981139765,-0.0020679748378806817,0.9834733126146508,0.17842854898913235,0.03071638455935841,-0.17836777846482385,0.9839525232845765,-0.00472943204190771,-0.03106732979014047,-0.0008275430792828624,0.9995169514281199,85,146,146,93,85,146,93,93,221218_054427
0,0,0,0,-0.005893831616123113,-0.011256493821480248,-0.0004409288691321622,0.9818596907147052,0.18941028528753595,0.008677071909168667,-0.18940287589736668,0.9818980312767076,-0.0016753437656220533,-0.00883732716546026,1.4901375897536582e-06,0.9999609500607263,70,112,162,137,70,112,137,137,221218_054427
0,0,0,0,-0.0072550317137626275,-0.012302638561044153,-0.00046076000525152594,0.9799561536704849,0.1987756711464981,0.013197327138795633,-0.19872826069406482,0.9800427541088713,-0.004824781882208172,-0.013892994092752606,0.002105392827484488,0.9999012711443968,117,86,155,162,117,86,162,162,221218_054427
0,0,0,0,-0.004539493777024228,-0.012100272643873474,0.00036008844215740243,0.9803177219399067,0.19742384863566706,-0.000994002229976001,-0.19742599233857383,0.9803131124465704,-0.003029705340065542,0.0003762973313790524,0.003166315713762096,0.9999949164096381,150,89,162,146,150,89,146,146,221218_054427
0,0,0,0,-0.0037790199251963585,-0.011059113885176466,-0.0009135810244654263,0.9827047128735393,0.18471464578605712,-0.01311285355162794,-0.1847807304573724,0.9827715898793256,-0.004010458540342705,0.012146149504069146,0.006364099166029053,0.9999059802271559,154,162,118,162,154,162,162,162,221218_054427
0,0,0,0,-0.005265654570844269,-0.010898206344172757,-0.0010323627800662982,0.9836747816787194,0.179893500764873,0.004717231378963225,-0.179894311398862,0.9836859110034515,-0.0002553813621480965,-0.004686215493696411,-0.0005973908849720491,0.9999888411919793,162,134,85,146,162,134,146,146,221218_054427
0,0,0,0,-0.0055584324960206155,-0.009218559155783776,-0.00232702800925233,0.9842238746230104,0.17692394200775985,-0.001132857671424213,-0.1769275332956675,0.9841994414302919,-0.006935953446580388,-0.00011217833791542583,0.007026964688777912,0.9999753042867026,162,154,70,112,162,154,112,112,221218_054427
0,0,0,0,-0.005610029611821554,-0.009607602067494886,-0.002098115162824876,0.9846410401639658,0.17447308353634483,0.006416007024871902,-0.174468736589018,0.9846619387907161,-0.0012354148861723696,-0.006533144561042283,9.70475589790105e-05,0.9999786540741337,160,162,117,86,160,162,86,86,221218_054428
0,0,0,0,-0.008511679212359735,-0.010425790187886549,-0.002456754873707556,0.9846159895805188,0.17350952493166122,0.020634869041620905,-0.17360864901920733,0.9848098437416815,0.003099783091040122,-0.019783580264991114,-0.006634487732673713,0.9997822730597017,154,162,150,89,154,162,89,89,221218_054428
0,0,0,0,-0.010362883154663383,-0.010232747085504666,-0.0026009539003054027,0.9846594731554713,0.17231717278825556,0.02743198657502822,-0.17249856854026108,0.9850000673086143,0.004371641978450552,-0.02626719963664262,-0.0090365571037337,0.999614112975082,117,162,154,162,117,162,162,162,221218_054428
0,0,0,0,-0.005876874904373719,-0.010177237268602701,-0.0007886578605426076,0.9847021785210488,0.1740771345776354,0.00766621374212824,-0.1740739032971464,0.9847319858609376,-0.0010918851908145201,-0.007739238127625087,-0.00025930602351249593,0.9999700180273358,77,146,162,134,77,146,134,134,221218_054428
0,0,0,0,-0.0047393600588412355,-0.013909338967444417,-0.00014834378434319673,0.9790660232615789,0.20353241485345772,0.0020683806897669374,-0.20353250428901637,0.9790681748510676,-0.00016938607566016533,-0.0020595612638489914,-0.0002551425501194369,0.9999978465525214,63,112,162,154,63,112,154,154,221218_054428
0,0,0,0,-0.003135701853521078,-0.013378463111213618,9.906748402233045e-06,0.9810770425990665,0.1934137855737903,-0.00888504558710802,-0.19344768365677004,0.9811056287908629,-0.0031207118924976534,0.008113579536762127,0.004780450282306332,0.9999556575779743,118,86,160,162,118,86,162,162,221218_054428
0,0,0,0,-0.0010579214026678052,-0.014761399941689266,-0.0011590723199136344,0.9835444117199929,0.1785400395402134,-0.0276377360750225,-0.1784812193617731,0.9839325627070352,0.004600693415376343,0.028015076468011626,0.0004078305363385983,0.9996074175218714,146,80,154,162,146,80,162,162,221218_054428
0,0,0,0,-0.00546192622813757,-0.011949242729185922,-0.0012931563636531251,0.979955657789906,0.199212915118093,0.0010598187128875208,-0.19919988737822092,0.9799309399684971,-0.007399848712233242,-0.0025126945809129313,0.007040407844093147,0.9999720591213198,154,162,117,162,154,162,162,162,221218_054428
0,0,0,0,-0.003371583203473416,-0.011442718070499548,-0.0013837396951260073,0.9821063789009562,0.18828701294161196,-0.003880886442102446,-0.18830874505837145,0.9820895793726807,-0.00631463555035991,0.002622414267925446,0.006932448710069426,0.9999725316718904,162,136,77,146,162,136,146,146,221218_054429
0,0,0,0,-0.007172016608447462,-0.013173275995972348,-0.0016094969772818546,0.979988508388877,0.19837162179855614,0.016468852138346625,-0.19853749674488338,0.9800508657268316,0.0091193735730486,-0.014331287870241082,-0.012206565983101957,0.9998227912659726,162,150,63,112,162,150,112,112,221218_054429
0,0,0,0,-0.007769916824985623,-0.012811018984409062,-0.0023033146842451058,0.9801252687962436,0.1974501524328616,0.01918058318536345,-0.19761007278083645,0.9802570096276718,0.006815732636177631,-0.0174561336682442,-0.010470548221315561,0.9997928040435685,162,159,118,86,162,159,86,86,221218_054429
