0,0,0,0,0,0,0,1,0,0,0,1,0,0,0,1,162,162,83,96,162,162,96,96,221218_160046
0,0,0,0,1.1789675694678925e-05,-0.000240367599182556,8.529306158050476e-05,0.999998992683627,-0.0014119025725684183,0.00014547459400258872,0.0014118774033021852,0.9999989883408388,0.00017297253430739628,-0.0001457186671980171,-0.00017276696777695458,0.9999999744588222,154,162,140,104,154,162,18,18,221218_160046
0,0,0,0,-0.0013137116329709625,-0.0002480320646723877,-0.003890634730349063,0.9997206744071861,0.01943745722382856,0.013444642781160724,-0.019654476763214475,0.9996755383221051,0.016202457331379434,-0.013125345938505624,-0.0164621789895118,0.9997783364110828,82,162,162,162,93,82,106,106,221218_160046
0,0,0,0,-0.0022408540066433807,-0.0011024693502234006,-0.0037822725015729808,0.9994188872215988,0.027292850132879815,0.020420288841378753,-0.02767421139522494,0.9994433369730179,0.01863207459975417,-0.019900399201864698,-0.019186362653263962,0.9996178557827706,162,148,136,138,130,162,146,146,221218_160046
0,0,0,0,0.0031486239019657275,-0.0078151028387482,-0.0025640651153716054,0.9996553208963607,0.02338837947791565,-0.011925733058890029,-0.023030036785834467,0.999303904744764,0.029348311152600625,0.012603841050965504,-0.029063545331975423,0.9994981008103507,162,162,162,162,105,162,88,88,221218_160046
0,0,0,0,0.003601988981827564,-0.0015727542516930093,-0.003858640049302531,0.9996062468384352,0.02690854371576673,-0.007954970563996876,-0.026823570800466254,0.9995839587849641,0.010602140788177464,0.008236949137257305,-0.01038458544558347,0.9999121526684401,116,100,18,98,18,133,98,98,221218_160046
0,0,0,0,-0.003742093819538661,-0.004879732941595161,-0.0028646499860450203,0.9991804458158938,0.022943638502958764,0.03334705611291704,-0.023707695219825117,0.999461174656016,0.022700342345024178,-0.03280825942527837,-0.023472320027277897,0.9991860028573364,146,92,126,162,146,88,154,154,221218_160047
0,0,0,0,0.003343556247421456,-0.0029131503326640384,0.0008373247854684407,0.9997867870336197,-0.009314981305781423,-0.018428553830013437,0.009268374614346209,0.9999536340649349,-0.00261284372642446,0.01845203796334979,0.0024414838937655246,0.99982676572064,139,162,162,78,162,162,18,18,221218_160047
0,0,0,0,0.002724857450853199,-0.0007816522749146682,-0.0026335467188553507,0.9999443549565045,0.003144783380379789,-0.010069624030250525,-0.003182057374666205,0.9999881374432007,-0.003687747787328816,0.010057907410810902,0.0037195847038483973,0.9999424999409448,162,82,162,162,95,95,82,82,221218_160047
0,0,0,0,-0.001499342384324004,-0.0035531458031252683,-0.003542713457116209,0.9991151036665217,0.013826237033296988,0.039722094543662594,-0.014742652502881244,0.9996297141208706,0.02287113560376439,-0.03939116427088521,-0.023436506056269915,0.9989489808600129,162,115,143,154,160,96,162,162,221218_160047
0,0,0,0,0.0026413543358757147,-0.005621433309858759,-0.002468164951145546,0.9999309622001455,-0.011190276916902813,-0.003584485460226962,0.011322208151171268,0.9991677783660758,0.03918620009112953,0.0031429979435396117,-0.039224079052586035,0.9992254966654941,162,146,138,18,159,162,18,18,221218_160047
0,0,0,0,0.0049095657615335075,-0.0022023968529695237,-0.004422618909709297,0.9997185770178353,-0.01095803355689884,-0.0210401584119786,0.011210433650577526,0.9998661601252034,0.011915872349418327,0.020906767870746537,-0.012148388248961531,0.9997076191167853,97,104,162,161,98,106,162,162,221218_160047
0,0,0,0,0.004283353672148396,-0.006954534594625361,-0.0034100812850264006,0.9996567508038645,0.02351801098061274,-0.01154485737358415,-0.02338358972670945,0.9996587602730298,0.011643484911423004,0.01181474941560554,-0.011369528086309626,0.9998655637271149,162,109,157,162,146,83,162,162,221218_160047
0,0,0,0,0.0022115735062988168,-0.007513586645321979,-0.004367186706488779,0.9997696153601503,0.020704041155220756,0.005662056380836653,-0.020722738597261915,0.9997799338266922,0.0032637436363759558,-0.005593237671188215,-0.0033803250342769615,0.9999786443194755,99,138,124,62,152,162,77,77,221218_160048
0,0,0,0,0.006231580754556876,-0.009915993830113767,-0.0050783974235888985,0.9995036992370403,0.018550227710788826,-0.02546064145597596,-0.018297007837397374,0.9997811481077616,0.0101427507375146,0.02564321968221046,-0.009671863326320172,0.9996243696229733,94,124,162,135,71,131,144,144,221218_160048
0,0,0,0,-0.0033326907338771666,-0.013687880571779942,-0.0027345238551658713,0.9980779872334412,0.04246871176265652,0.045130255054270596,-0.04289516567319955,0.9990432245276494,0.00852292715363073,-0.04472511779651199,-0.010442415746259329,0.9989447531227492,150,94,162,162,139,83,154,154,221218_160048
0,0,0,0,0.0004473202273295035,-0.01706621542435305,-0.0028329918364561335,0.9990087374903937,0.044414112956638725,0.002988141249184542,-0.04444316543024337,0.998956908618643,0.010483309097075203,-0.002519417470404325,-0.010605719841657105,0.9999405838559859,139,155,102,44,162,162,67,67,221218_160048
0,0,0,0,0.006648205756266276,-0.017597097359071445,-0.0036008918273323642,0.9983628138626724,0.04993819253272436,-0.027890299797098075,-0.04955312794760966,0.9986686626751451,0.014331423559627283,0.028568853788965533,-0.012925908757304117,0.9995082498288759,85,147,146,162,85,146,162,162,221218_160048
0,0,0,0,-0.008640851499359656,-0.021418985745519037,-0.0036248155647363722,0.9933178412542034,0.09391509399917469,0.06707921708856887,-0.09504539871688256,0.9953765112433308,0.013855433872813612,-0.06546784270798903,-0.020138420597982654,0.9976514449380509,129,81,162,162,126,66,162,162,221218_160048
0,0,0,0,0.004284449043037292,-0.021272449049482778,-0.004689978122878968,0.9975213554578983,0.0677323658041617,-0.01906494238148935,-0.06748730882254336,0.9976325833420824,0.01321710263610955,0.01991503334993333,-0.011897700482614716,0.9997308818726652,146,158,107,60,159,162,56,56,221218_160048
0,0,0,0,0.0031860215546628406,-0.021507192933904018,-0.004499028146586814,0.9971828558106999,0.0730076406820618,-0.017211521700759385,-0.07290913688004927,0.9973187924821297,0.006283623269492118,0.017624126549221842,-0.0050110442051159425,0.9998321257087869,101,154,162,132,77,154,138,138,221218_160048
0,0,0,0,0.00211931716933815,-0.02546038672627715,-0.002846565162087422,0.9944307673885158,0.10520468593513807,0.006278768062031936,-0.10518363622251918,0.9944463196544713,-0.003594439690283248,-0.0066220496899807085,0.0029139977637782,0.9999738281949864,131,80,144,162,121,72,162,162,221218_160049
0,0,0,0,0.0031579057995416437,-0.028912696688683237,-0.002726827567665513,0.996172117476001,0.0874132742911454,-0.0001784406939915479,-0.08741158032030903,0.996162035918862,0.004518165545230778,0.0005727034891155198,-0.004485272755244546,0.9999897771172586,162,114,98,119,156,157,68,68,221218_160049
0,0,0,0,0.004884480523737383,-0.028626765887999728,-0.0039428866312623545,0.994710077683994,0.10115332839626229,-0.017884784266515893,-0.10121792230370735,0.9948605001428034,-0.002741798703735225,0.017515523355656818,0.004537555505893162,0.9998362951161598,97,162,154,162,109,162,162,162,221218_160049
0,0,0,0,0.007165199297906585,-0.030105030316352255,-0.002468963042213501,0.992533527928265,0.11657687963474773,-0.03587515955221945,-0.11677337757159105,0.9931526829420145,-0.003424420476618992,0.03523030270653805,0.007588115688600638,0.9993504121535659,136,90,159,162,127,84,130,130,221218_160049
0,0,0,0,-0.0007581101361422149,-0.02837074877984469,-0.005000324013020863,0.9963646031803766,0.08374814610492347,0.015614914447400903,-0.08348360415125926,0.9963660429942076,-0.016887753135930456,-0.016972488536661695,0.015522770115306507,0.9997354541281509,145,160,116,64,162,130,52,52,221218_160049
0,0,0,0,0.0015261507309987793,-0.03372500157776048,-0.0019196490485162698,0.9963903127464955,0.08450303113517306,0.00809829574103151,-0.08456098364907808,0.9963929931838664,0.007102336122428355,-0.007468916202608482,-0.007761498763999719,0.9999419855310081,66,154,162,162,104,152,162,162,221218_160049
0,0,0,0,0.005084227775078429,-0.030332031408410676,-0.003307790344289352,0.9927638377000401,0.11972788264087297,-0.009230204408488813,-0.11974350754313673,0.9928041868146975,-0.0011571708922018399,0.009025239961126258,0.0022540544670294443,0.9999567312049576,135,88,162,162,125,71,162,162,221218_160049
0,0,0,0,0.0007810769946779289,-0.03598704389758123,-0.003355687607570268,0.9962274340434739,0.08509549486573523,0.01701929530594832,-0.08509031871807628,0.9963727104241483,-0.0010293602344480458,-0.017045155312042145,-0.00042270035686960437,0.9998546314363888,131,155,114,162,147,162,162,162,221218_160049
0,0,0,0,0.0034949868797776867,-0.03509242021285475,-0.004713554191622282,0.995883319574737,0.09049404344843737,0.005219376701814374,-0.09040575523706625,0.9957888837597197,-0.015208497643958449,-0.006573675746399036,0.014674027426815325,0.9998707214966632,88,148,146,92,94,148,93,93,221218_160050
0,0,0,0,0.0035624124944202,-0.04089780657304276,-0.003464833432035408,0.9938796353014981,0.10989624676419615,-0.011228779101185948,-0.1100363126480727,0.9938460977370945,-0.012725718508788177,0.009761169590571973,0.013883405918298265,0.9998559749325558,141,93,162,162,130,90,138,138,221218_160050
0,0,0,0,0.0006679557892520782,-0.0418257833168314,-0.002309030097630005,0.9965602838323119,0.07930863856886719,0.024036233823476326,-0.07954364419060439,0.9967909121937716,0.008982540664369576,-0.023246706367625127,-0.010863572904956405,0.9996707325048564,135,160,114,72,149,162,68,68,221218_160050
0,0,0,0,0.0008189434322337791,-0.043611502148246495,-0.0023170804260579936,0.9956979626821088,0.09119213310526851,0.016418342498843275,-0.09116938796487213,0.9958331212498148,-0.0021300985804552884,-0.016544177489647784,0.0006240845798543613,0.9998629409622242,56,144,138,162,101,141,141,141,221218_160050
0,0,0,0,0.0053550642684778715,-0.04311238793057359,-0.0034972738933144454,0.9941014214456011,0.10837509942984402,-0.004147493629554023,-0.10839912030817538,0.9940888198821902,-0.00608678089370255,0.0034633215631096038,0.006500462199385227,0.9999728743295715,149,104,162,138,135,76,162,162,221218_160050
0,0,0,0,0.001826336211599694,-0.05201849946979653,-0.0014581870689462928,0.9960723681861755,0.08785739401871093,0.01099616534188147,-0.08775199083355072,0.9960948570195435,-0.00972748292024121,-0.011807855043718533,0.008724341548570264,0.9998922244041157,149,162,123,75,162,162,64,64,221218_160050
0,0,0,0,0.009166217444467037,-0.04992289571059427,-0.004101541633185823,0.9953398346994815,0.08822648894937762,-0.03891914834723526,-0.0878053537287608,0.9960604219583696,0.012403856847050846,0.039860172064053574,-0.008928743236328553,0.999165373813186,95,140,162,127,93,144,148,148,221218_160050
0,0,0,0,0.0004871209379286173,-0.05567981937224231,-0.0023893808888702517,0.9927061942354408,0.11759010266761999,0.0265890895144297,-0.11788181397712598,0.9929804693546127,0.009678089364919224,-0.025264399063702873,-0.012741869364880224,0.9995995972913547,144,89,162,162,138,58,162,162,221218_160051
0,0,0,0,0.0022479124049371024,-0.05430878539383843,-0.0037013772166242798,0.9948866505981565,0.10086222560432423,0.005231052257892809,-0.10083603355435168,0.9948902380484057,-0.005050601252561305,-0.005713737709071888,0.004497297202665816,0.9999735634101847,139,162,130,48,151,162,43,43,221218_160051
0,0,0,0,0.0058423671811054095,-0.05861433009532613,-0.004524003107067687,0.9930857277501195,0.11244708997689143,-0.033710373696319275,-0.11201712018387595,0.9936020932332069,0.014389062106365848,0.035112706029694095,-0.010513433231757933,0.9993280570448093,92,146,146,162,88,149,133,133,221218_160051
0,0,0,0,-0.0031030407983611147,-0.06317910248418168,-0.0014565754983966728,0.9909914404545607,0.1276542111790121,0.04050144829583747,-0.12830601287558582,0.9916370203862839,0.013913549489019454,-0.03838661232469245,-0.018984787796484572,0.9990826021038283,140,92,162,162,138,88,154,154,221218_160051
0,0,0,0,0.0024777579772227026,-0.06228611587176658,-0.003431446804748106,0.9900756145523517,0.14029324001369514,-0.008251319606211208,-0.14024462075602379,0.9900974421601623,0.006204947776008487,0.009040122664167703,-0.004986164293687032,0.9999467057537883,144,146,138,18,162,162,65,65,221218_160051
0,0,0,0,0.002622874930990643,-0.061663294969572124,-0.0044378638118774405,0.990776497542035,0.13545264437800256,-0.0038095996305096743,-0.1354290132208105,0.9907695021544812,0.005897116125571828,0.00457321510274085,-0.005326793741766337,0.9999753551823448,80,162,154,162,95,154,118,118,221218_160051
0,0,0,0,0.00019394099743480497,-0.06359713289134361,-0.004473667631307632,0.9849195209455299,0.17246670515767787,0.013739464053693374,-0.17249407799419622,0.9850102102723607,0.0008238422979939049,-0.013391427009853489,-0.003181394545551179,0.9999052697187796,129,81,162,162,120,80,162,162,221218_160051
0,0,0,0,0.0009732805514386239,-0.06846391774239557,-0.00535503831615064,0.9892336265430111,0.14568498432881544,0.013882271344241182,-0.14580460836227777,0.9892808258233523,0.008028937575342739,-0.01256376921489386,-0.009966594171469504,0.9998714010830274,131,154,134,64,162,162,27,27,221218_160051
0,0,0,0,0.005400091990153344,-0.06787000816982247,-0.006768333739768706,0.98911814724459,0.14618405184608382,-0.01659860769132878,-0.14611097085265745,0.9892526946351003,0.005539887515675429,0.01723006058965096,-0.00305436459086608,0.9998468862125955,104,152,162,162,83,148,128,128,221218_160052
0,0,0,0,-0.0012706043313475829,-0.07221763906447443,-0.004197288047171732,0.9853899981488636,0.16706573250226744,0.03309973673102322,-0.16711886056951933,0.9859360562356437,-0.001174502639755025,-0.03283044303885958,-0.004374247133625899,0.9994513634849301,138,84,162,162,138,82,154,154,221218_160052
0,0,0,0,0.0008147935127654771,-0.08138817645131802,-0.0018622282974820048,0.985900505164699,0.1673312614314923,0.0006654800805181319,-0.1673311200752635,0.9858674390928888,0.008104862169557324,0.0007001216678127064,-0.008101943234517213,0.999966933626045,162,162,162,18,162,162,53,53,221218_160052
0,0,0,0,0.005446120270581653,-0.0856232611158777,-0.002132992155561675,0.9861890112749083,0.16214223118133822,-0.033780629185333665,-0.16120689634028662,0.9865003183389013,0.02880032099782831,0.03799434975034664,-0.022956889701858742,0.9990142194194559,83,125,162,136,79,122,148,148,221218_160052
0,0,0,0,-0.00779979382105675,-0.07952571573632217,-0.004231799265701941,0.9798602471716215,0.19043109797707197,0.06008238457332041,-0.19193487971190987,0.9811980122044088,0.020284545745249592,-0.05508990799360878,-0.031407925263589355,0.9979872966465518,130,158,128,162,156,100,162,162,221218_160052
0,0,0,0,-0.009758849832977451,-0.08201795505969356,-0.003537468709637004,0.9771595451978965,0.19893357174226603,0.0747305644465854,-0.20031785361967994,0.9796642507137021,0.011432995878789843,-0.07093645571809383,-0.026141727322895277,0.9971382197783465,162,162,162,92,18,162,162,162,221218_160052
0,0,0,0,0.001806787903841367,-0.08621367793641177,-0.0017121456757551168,0.9861216243590248,0.16596850539796124,-0.004312445650140613,-0.16594485991768387,0.9861204553688118,0.00536199310957359,0.005142512850620049,-0.0045719491656998216,0.9999763256409661,136,88,162,162,131,76,162,162,221218_160052
0,0,0,0,0.006433899019377104,-0.08285676881311577,-0.005211685833128976,0.9844734617168824,0.17252569390239572,-0.032355650490684076,-0.17246877911523434,0.9850044164881642,0.0045628641565531374,0.032657669936462984,0.0010883208660614125,0.9994660034998757,152,162,138,69,157,162,44,44,221218_160052
0,0,0,0,0.001577919701643185,-0.07977770483107749,-0.005682732651296596,0.98552785788249,0.1695130841793435,0.0003944991217743296,-0.16949952796376747,0.9854736323153498,-0.010565511405046742,-0.00217976090668166,0.010345738407525886,0.9999441056075048,90,162,162,125,100,159,116,116,221218_160053
0,0,0,0,0.0052257499683818626,-0.08579023807217667,-0.0038583466348556805,0.985013503547239,0.17173052600237865,-0.01603197643898927,-0.17169096563681038,0.9851434418330804,0.003822477203525427,0.016450232469286296,-0.0010126461465973433,0.9998641729752538,130,162,162,162,132,79,162,162,221218_160053
0,0,0,0,-0.0016623504097555836,-0.09166282103538725,-0.003549432153662213,0.986646523156784,0.16141695753592727,0.021753256364841943,-0.16154415961092494,0.9868564988429096,0.0042113165535945345,-0.020787564509338215,-0.007669192353775996,0.9997545001901271,152,162,132,54,155,162,68,68,221218_160053
0,0,0,0,0.003425707702776573,-0.09404474531524765,-0.005236215821373069,0.9854457156349766,0.16839151406725067,-0.02326025637879777,-0.16815412629316154,0.9856897979902921,0.01182421026707103,0.02491849408074122,-0.007740809259720896,0.9996595162978006,59,154,162,116,93,150,92,92,221218_160053
0,0,0,0,-0.0003868404152450461,-0.09237335542198377,-0.004012851643519555,0.9839753801505252,0.17763169361264045,0.015473612439720981,-0.1777009645489735,0.9840792902267171,0.0032121247244518364,-0.014656686392024477,-0.0059103275024285275,0.9998751169885267,138,84,162,162,138,105,162,162,221218_160053
0,0,0,0,-0.0045026373641808,-0.09833404845071747,-0.0035054115560181343,0.9861010373279726,0.16214915479844202,0.03622700344836182,-0.16255859135109976,0.9866610797066429,0.008638180946681184,-0.03434310059739656,-0.014407129841586324,0.999306252382664,162,162,155,60,134,162,80,80,221218_160053
0,0,0,0,-0.0028672669406464707,-0.1020189663009422,-0.0038923619037919965,0.9842918044509269,0.1761768113872651,0.01146188554098571,-0.17620034913924046,0.9843537441680638,0.001069254657722559,-0.01109417207133659,-0.003072046830583482,0.9999337387418838,101,141,162,132,18,138,146,146,221218_160053
0,0,0,0,0.0023025420799709234,-0.10269133577398193,-0.004274704643559002,0.9830924334916995,0.182916834739384,-0.008408256673798518,-0.1828138237781859,0.9830776599707641,0.011722640573057082,0.010410237603722528,-0.009987293694069753,0.9998959350440936,162,109,122,162,155,99,154,154,221218_160053
0,0,0,0,-0.0054066839682878065,-0.0968139480484489,-0.005683877811114679,0.9854897961873347,0.1655717455152805,0.037361192401606756,-0.16440869799982744,0.9858623643919604,-0.03232922049007099,-0.04218579894524029,0.0257176119131862,0.9987787356591221,162,162,162,82,162,162,88,88,221218_160054
0,0,0,0,0.003448442322977738,-0.10474735599221241,-0.005065882989992887,0.9877575001265814,0.15366363440166558,-0.02688137656742297,-0.15353455571815056,0.9881197853556846,0.006813955464043735,0.027609077205123397,-0.0026033154067661305,0.9996154068464403,80,97,162,141,76,96,90,90,221218_160054
0,0,0,0,-0.0011698619267560273,-0.10257677350844319,-0.005742197663706372,0.9890186522384491,0.14649652917149308,0.019515954118316057,-0.14679687565928193,0.9890535419455905,0.014958892390687454,-0.01711089772968249,-0.017659504681296127,0.9996976338239957,162,135,162,138,162,154,162,162,221218_160054
0,0,0,0,-0.005777683435108996,-0.10723870316650586,-0.002759502992211449,0.9904929619887847,0.13149077160606007,0.04042114834002216,-0.13183092654649292,0.9912549151555249,0.005856618982489223,-0.03929757061926731,-0.011129697320943778,0.9991655672514781,40,149,162,135,74,146,162,162,221218_160054
0,0,0,0,0.000585638626485363,-0.10443614579500271,-0.005740141645173835,0.9906187383741543,0.1366184802656741,0.0031473849299013808,-0.1366158540891687,0.9906235589233708,-0.0010358173014189994,-0.003259385446113402,0.0005961173479720058,0.9999945105102434,130,84,162,162,127,78,138,138,221218_160054
0,0,0,0,4.88898223155454e-07,-0.10734780449535697,-0.004346290911006023,0.9912529875191725,0.1319157412009591,0.003968873608085533,-0.13190457159009944,0.9912580099989394,-0.0029566208032900105,-0.0043242025794043015,0.002407246631252656,0.9999877531428616,162,162,130,114,162,159,143,143,221218_160054
0,0,0,0,0.0013738761433869234,-0.11049406281391116,-0.005302493900512739,0.990264083803568,0.1386195125858083,-0.012715150771963373,-0.13833926900874904,0.9901671168256225,0.020768423323857546,0.01546903289820698,-0.018807219031714964,0.999703454797215,98,90,162,162,48,118,162,162,221218_160054
0,0,0,0,0.0009308351069420712,-0.10959176540485205,-0.005280362983585196,0.9853121301573183,0.17051671166983018,-0.009168271710442072,-0.17046925423571502,0.9853463016520961,0.005735780753790616,0.010011969095421099,-0.004088625911523431,0.9999415200965445,138,162,162,138,162,128,162,162,221218_160055
0,0,0,0,0.0005182485859460129,-0.11215919731682289,-0.0059875317994873,0.9840242779621572,0.17720724679430977,-0.017140947016923553,-0.1771555742957082,0.9841725746567234,0.004499532143917785,0.017666999660786335,-0.0013910345563307653,0.9998429587419461,92,147,162,162,85,146,127,127,221218_160055
0,0,0,0,-0.0007851279494664604,-0.10913803645753528,-0.005802999616649762,0.9853656084076474,0.170447500419577,-0.0015057782523123704,-0.1704533083043617,0.9853500716993484,-0.005559306628293795,0.0005361487900206529,0.005734614442792913,0.9999834132332734,159,101,125,162,138,153,162,162,221218_160055
0,0,0,0,-0.00298880069152771,-0.11213102317617507,-0.005056718322070719,0.9850152623688154,0.1720419513134209,0.012103713841820055,-0.17211358514104502,0.9850636941027113,0.0051412421278360845,-0.01103841974153771,-0.007147415546288451,0.9999135301317903,162,162,154,18,147,154,77,77,221218_160055
0,0,0,0,-0.0018815129640422784,-0.11400681867894791,-0.004435289548545995,0.9816820401355284,0.1904916823003276,-0.003645689199277497,-0.19051542404069846,0.9816518415121278,-0.007970900729576081,0.002060407226625812,0.008519450113648583,0.9999615861080972,102,142,138,162,88,136,162,162,221218_160055
0,0,0,0,0.0006356792348124474,-0.11412033585949966,-0.0038209501480722663,0.9828262626569239,0.184266455991218,-0.009920213115631127,-0.1842481279666478,0.9828759468589424,0.0027386907315584312,0.010254987694228761,-0.0008638764806854988,0.9999470430701904,162,109,162,162,154,98,162,162,221218_160055
0,0,0,0,-0.0035194642997638664,-0.1139744738808034,-0.005765232758529026,0.9841656018499634,0.176916399712734,0.010892917331196492,-0.1767306077337983,0.9841266873652545,-0.016154117293524502,-0.013577938921001492,0.01397321466859998,0.9998101764067432,162,162,162,36,162,162,92,92,221218_160055
0,0,0,0,-9.492271186825607e-05,-0.11760156463561311,-0.005061355903269116,0.9845829549303093,0.17430451203734967,-0.014640421582820622,-0.1741859940541416,0.9846714232521311,0.009023730159556462,0.015988881639185482,-0.006334454518214562,0.9998521042383642,91,118,162,144,91,114,139,139,221218_160055
0,0,0,0,-0.0047002419988592115,-0.12002973191697741,-0.00498374865029505,0.9835009858867393,0.1787856710307809,0.027595191499351208,-0.17909667487869554,0.9837882468539019,0.009223144773953761,-0.02549885893931905,-0.01401317901833429,0.999576629882168,162,120,131,162,162,106,162,162,221218_160056
0,0,0,0,-0.0025439830782610917,-0.12155130654502944,-0.005237818703316466,0.983399041995752,0.18145215855687577,-0.0011993151749249643,-0.18145479062113548,0.9833956656424909,-0.0026690365681719046,0.0006950988981984153,0.0028423494881467384,0.9999957189342907,162,162,162,18,162,162,152,152,221218_160056
0,0,0,0,-0.0017128298158577276,-0.12311275459657545,-0.006158697912793165,0.9827500036830434,0.1847373061457569,-0.008634696230213864,-0.1847760376021867,0.9827728386451258,-0.003919636390820428,0.007761841857094636,0.005447507632832205,0.9999550382250072,27,159,130,130,18,82,162,162,221218_160056
0,0,0,0,-0.0017133402289527533,-0.12422933330358821,-0.006319318569380339,0.9862486115712866,0.16481490105780647,-0.012236198879351663,-0.16478991644111338,0.9863240361536466,0.003029710367476168,0.012568198480310315,-0.00097164545250118,0.9999205449894877,130,162,87,136,162,162,138,138,221218_160056
0,0,0,0,0.00014370098401378373,-0.12645827629987305,-0.005415637041698396,0.9831293598756681,0.17968521964598985,-0.03420356108994216,-0.17981283370612172,0.9837006149721401,-0.0006670367364634626,0.0335262074359099,0.006806022642155793,0.9994146644265126,93,124,162,136,104,128,162,162,221218_160056
0,0,0,0,-0.0035069174902017802,-0.12483325514963606,-0.0031191782461232886,0.9808926896797976,0.19438218207266894,-0.008068371917608069,-0.19446626856260862,0.9808426241255807,-0.01142878339019736,0.005692251230265463,0.012779436259571236,0.9999021373538607,146,162,155,160,138,162,162,162,221218_160056
0,0,0,0,-0.006907365075921337,-0.115941670439481,-0.005852054204996904,0.9844576961150918,0.17387096189920925,0.024737282955277315,-0.1730162775740462,0.9843559309341616,-0.03329818206990481,-0.03013987813821305,0.02850069899114129,0.9991392785306912,162,162,162,162,162,162,162,162,221218_160056
0,0,0,0,-0.0014584733851422393,-0.12345398829023435,-0.004689782506701823,0.9836094077455974,0.17974857048649756,-0.01424725947038039,-0.17979005579285312,0.9837035767018506,-0.0016760137199246562,0.013713819028940323,0.004210058437503902,0.9998970979933858,97,97,82,162,95,95,162,162,221218_160056
0,0,0,0,-0.0009916959912126266,-0.12088645989817581,-0.006611740556317303,0.9867818703140848,0.16154238125777617,-0.01286854603303409,-0.1615531675421387,0.9868639888781789,0.00020374629158300973,0.012732418330337308,0.0018779012266208364,0.9999171760753209,162,142,112,149,162,130,146,146,221218_160057
0,0,0,0,-0.006144333189169543,-0.1201117943512563,-0.005869512588490111,0.9840054952670906,0.17735427819930288,0.01669267170267929,-0.1767985913001216,0.9837789966469045,-0.030350352068855203,-0.021804664603284507,0.026913672376975357,0.9993999253755842,99,158,162,128,67,162,132,132,221218_160057
0,0,0,0,0.0013909271404188711,-0.1248886311455144,-0.004457010054431276,0.9871390175845871,0.15749315324108512,-0.02743112546572823,-0.15755455703521537,0.987510281190274,-7.810853670857284e-05,0.027076216862285677,0.004399002805922046,0.9996236928238247,135,95,108,122,127,84,162,162,221218_160057
0,0,0,0,-0.0029175701469351945,-0.1221614648944368,-0.005653992408552744,0.9890140670817702,0.14773348717691964,0.005098223310477187,-0.14772689668215833,0.989026818673646,-0.0016480112092533254,-0.005285746024498682,0.0008767615604103659,0.9999856459860464,162,162,110,126,162,156,144,144,221218_160057
0,0,0,0,0.00173561901705023,-0.12356135933173551,-0.00471333579994182,0.9865410716961575,0.15915701113288053,-0.03749346161458837,-0.15961117815646167,0.9871349246020616,-0.009429339233881916,0.03551035995456438,0.015286806014648808,0.9992523844844043,99,105,162,152,90,110,18,18,221218_160057
0,0,0,0,0.002971049683235985,-0.12773013941773048,-0.005183967897348152,0.9820504278765895,0.1863237089084733,-0.029333131540953333,-0.1864539119199637,0.982462161099705,-0.0017437709254398877,0.028493785939232234,0.007181748108121101,0.9995681700899448,162,140,121,153,138,162,146,146,221218_160057
0,0,0,0,-0.008700210835262692,-0.12592866548206227,-0.003604843310555994,0.9846023708084597,0.16619680213596177,0.05419219831435216,-0.16609413305563903,0.9860889741611576,-0.006424484593484922,-0.054506058038146385,-0.0026754434354337255,0.998509855554549,162,162,162,162,140,162,93,93,221218_160057
0,0,0,0,-0.0009061470573575314,-0.12819966191606802,-0.005245944438349637,0.9830028531745231,0.18348127324186644,0.006325584580928635,-0.1835319420229434,0.9829755470822203,0.00866603113864926,-0.0046278405367801,-0.009679680157560119,0.9999424417855326,112,96,162,106,108,84,114,114,221218_160058
0,0,0,0,-0.0016341379298731307,-0.12870377064797522,-0.004932941202610341,0.9826418060066877,0.18496285407709953,0.014276683773542409,-0.18512270739631786,0.9826558383229261,0.01082065691740993,-0.012027647075528313,-0.013275768208301661,0.9998395319671582,162,156,103,138,162,138,146,146,221218_160058
0,0,0,0,0.0002960001530718098,-0.12637596652835204,-0.003624965294629745,0.9863458497053925,0.1646695229096673,0.0024110150664180927,-0.1646827279582936,0.986321082476444,0.007093756036822915,-0.0012099095679552723,-0.007393949364029385,0.9999719324219253,84,143,146,92,55,146,162,162,221218_160058
0,0,0,0,0.0040486759587576165,-0.12769603227790394,-0.004879923778694506,0.9805767428593257,0.19437143430905954,-0.02624875021854519,-0.19437637212074493,0.9809241174450823,0.002387839141100731,0.026212159860918002,0.0027606773127320104,0.9996525903213579,143,95,151,162,141,93,162,162,221218_160058
0,0,0,0,0.002880639763431253,-0.1262651865261024,-0.00392366422086976,0.9846594723443073,0.17363709582390144,-0.01720123473686889,-0.17387593287238495,0.9846747910412849,-0.013517242897822825,0.01459052741985423,0.016300761995749497,0.999760672195085,162,157,118,50,162,162,37,37,221218_160058
0,0,0,0,-0.000544480584295029,-0.12814560616943305,-0.0045120151093555605,0.9809557380697271,0.19420593346613454,0.003145688259386124,-0.1941456322170979,0.9808751958889858,-0.013831976748329566,-0.0057717795437222125,0.012957835324244195,0.9998993854706624,48,154,162,154,67,154,162,162,221218_160058
0,0,0,0,0.008770542588432031,-0.12916236622500799,-0.004880238086676203,0.9753946760303134,0.2151609938584079,-0.048072577355302605,-0.21579939566432307,0.9764011704801039,-0.008448379489333727,0.045120359070294776,0.01861453751628052,0.9988081158012395,148,96,159,162,130,34,138,138,221218_160058
0,0,0,0,-0.004679396359374588,-0.12768748192933732,-0.006055854528435711,0.9825790852457597,0.18225080186303055,0.036372880802734826,-0.18141237690306017,0.9830846339674575,-0.025182374063057594,-0.040347128076105535,0.01814518330995974,0.9990209515213673,127,162,146,31,113,154,49,49,221218_160058
0,0,0,0,-0.00029355016941351453,-0.13581993057531794,-0.0025609815409709524,0.98329933907045,0.18185368592219955,0.007186563860958416,-0.18186251587076502,0.9833237909867076,0.0005894070616520184,-0.006959533373255689,-0.0018865301583861221,0.9999740026116618,81,132,162,160,56,136,143,143,221218_160059
0,0,0,0,-0.0030032123667647903,-0.13493583330045833,-0.003725536216546199,0.9831294712239931,0.17729301365665479,0.04498477652910719,-0.17780260785861413,0.984037134703616,0.007559772680045762,-0.04292639571998052,-0.015430645898318957,0.9989590680892049,138,162,160,162,146,78,162,162,221218_160059
0,0,0,0,-0.00022024089525712887,-0.13538997460382096,-0.004888701126928963,0.9823984778702307,0.18567897565754585,0.020409524174261052,-0.18569237626462193,0.9826071294545623,-0.0012532127763383526,-0.020287239226995574,-0.0025587387184265406,0.9997909185328288,162,146,121,48,146,162,18,18,221218_160059
0,0,0,0,0.005828959721409399,-0.13886881814424346,-0.006119905894540201,0.9822719911391684,0.18537238698865985,-0.02790723142162557,-0.18511963075906177,0.9826497978110944,0.011406014617012275,0.029537395469510938,-0.0060376323125363495,0.9995454413206718,88,144,146,162,107,147,132,132,221218_160059
0,0,0,0,0.0022714162402848875,-0.1388058930984476,-0.005318898817121165,0.981541961317576,0.19069007945980698,-0.014583270156541896,-0.19060890226031982,0.9816426413170155,0.00678020112298665,0.015608476926403261,-0.0038753507924799892,0.9998706701890365,150,111,154,162,138,133,162,162,221218_160059
0,0,0,0,-0.0015037209011802416,-0.14307955774695713,-0.004880385415549304,0.9847249628558017,0.17370574369200806,0.011960858541356142,-0.173639602487035,0.9847886607356713,-0.00637041086484441,-0.012885494821092325,0.004196223879735038,0.9999081736481439,139,162,132,53,125,162,68,68,221218_160059
0,0,0,0,0.002052266978523204,-0.14347063601344823,-0.005766789718675669,0.984952171552057,0.1721820688448474,-0.014918274806255526,-0.17219353056175876,0.9850630005818788,0.0005224148758607059,0.014785391018276183,0.002054276742349574,0.9998885798725289,79,136,162,134,74,138,135,135,221218_160059
0,0,0,0,-0.0011720554217480722,-0.1462835993615642,-0.004236753089883749,0.983391927512921,0.18104512279727056,0.012766378254749699,-0.18102352565244245,0.9834746738569864,-0.0028370834061884655,-0.013069049804084345,0.0004789501178393513,0.9999144816153044,138,162,162,162,142,71,162,162,221218_160059
0,0,0,0,-0.0017172775708263754,-0.14539698863061845,-0.005232184405839335,0.9851380618273751,0.1708533620797761,0.017667139130043252,-0.17078086210906815,0.9852934323083702,-0.005545213005375576,-0.01835473443792669,0.0024455911409061804,0.9998285467057264,141,162,121,57,146,162,50,50,221218_160100
0,0,0,0,0.0024644047222413257,-0.1509565482453813,-0.005631083278059834,0.9850656255464034,0.17078671461179223,-0.021854324034022436,-0.17081850709622767,0.9853024222704957,0.000417494082932429,0.02160442085060054,0.0033218639351231794,0.9997610785681279,89,137,138,162,88,140,162,162,221218_160100
0,0,0,0,0.0012503204815329655,-0.1497110286108544,-0.004798255923851857,0.9844734933358139,0.17546373659537465,-0.004941463261886825,-0.1754657940924803,0.9844855279789316,1.7422387320599225e-05,0.004867856065546865,0.0008499058967179987,0.999987790744113,138,162,162,162,138,132,146,146,221218_160100
0,0,0,0,-0.0006743975115579559,-0.1494550984052765,-0.005836062183198321,0.9858962450175928,0.16734955635948,0.0016492563467043776,-0.16730908434465802,0.9857995664044173,-0.014383503488912477,-0.004032909119235431,0.013904706510699711,0.9998951918980746,138,162,114,74,162,162,47,47,221218_160100
0,0,0,0,0.0012916621990800708,-0.1515083730726723,-0.007001748026146393,0.9876674874520351,0.156238785520989,-0.010118108969158796,-0.15615186896560113,0.9876931373310961,0.008880331503172587,0.011381039000685838,-0.007190853077547872,0.9999093776854392,84,135,138,100,75,138,139,139,221218_160100
0,0,0,0,-0.004964641168584985,-0.15166580342255753,-0.00438463466876815,0.9870697109622656,0.1575348376424665,0.02960001063905074,-0.1575973737195226,0.9875034268859173,-0.00022290195065842813,-0.029265226764529317,-0.0044448641747746945,0.9995617988323126,138,147,162,162,138,75,146,146,221218_160100
0,0,0,0,0.00193666414769339,-0.15021811507413052,-0.006342330892811887,0.9913800391448543,0.12957739876965685,-0.0193730666967664,-0.12943394174616235,0.9915517060657235,0.008489341682606016,0.0203094241474027,-0.0059086315033422005,0.9997762826575546,162,162,116,124,162,162,134,134,221218_160100
0,0,0,0,-0.0018994606537358072,-0.15444640784261154,-0.0056228411193977035,0.9893385213227569,0.1455969988066125,0.0032869690306225677,-0.14560305483755648,0.9893416573471375,0.001683882296868684,-0.0030067671796371225,-0.002144522353681187,0.9999931801642458,92,100,162,156,120,120,18,18,221218_160101
0,0,0,0,0.003272852178245314,-0.15563542836434108,-0.004774486139321132,0.9854883947469182,0.16615196532898482,-0.03472964492271277,-0.16659874147073087,0.9859702167517983,-0.010372609063315967,0.03251896615070092,0.016008000990993806,0.9993429144916984,162,122,159,161,162,121,162,162,221218_160101
0,0,0,0,-0.011775804788162078,-0.15391725989973204,-0.004448746457412556,0.988111070497505,0.14041711972893509,0.06260626843459473,-0.14032923857478855,0.9900877871769798,-0.005820522657934745,-0.06280300280476007,-0.003034167105048486,0.9980213307683778,162,162,162,18,162,162,18,18,221218_160101
0,0,0,0,-0.002813087305926526,-0.1584692344541473,-0.003962845979896545,0.9888996726340131,0.14857624729251565,0.0015925466448990235,-0.1485843692847249,0.9888653870713094,0.008242054147459264,-0.00035024077922589055,-0.008387192187043096,0.9999647655485738,98,18,162,156,111,87,162,162,221218_160101
0,0,0,0,-0.00265288427406786,-0.15899034994382566,-0.005645176518659034,0.9865212261240773,0.16333614706020746,0.009857660481796473,-0.16334979959986407,0.9865680382546682,0.0005906479662161897,-0.009628778600235777,-0.0021929336200640762,0.9999512376435192,162,140,156,146,138,162,162,162,221218_160101
0,0,0,0,-0.009087824320731713,-0.15553043508667397,-0.006255672921869626,0.9850726646195486,0.16466125936429435,0.050184809294324,-0.16364049477117895,0.9862319374941317,-0.023840174865438296,-0.05341941491992271,0.015272037556772429,0.9984553725522627,162,162,162,126,162,162,112,112,221218_160101
0,0,0,0,0.0007125311501859632,-0.15910462307916995,-0.0065543544923170605,0.9873120532526887,0.15865408260458477,-0.006617520295170326,-0.15863098185752425,0.9873303021760136,0.0038840700223418045,0.007149901878853027,-0.0027850454068506143,0.9999705607792684,114,90,162,106,112,88,162,162,221218_160101
0,0,0,0,-0.0017615311107182785,-0.16112917068397759,-0.004523894660542094,0.988037200288192,0.15409917594325356,0.005994565896039561,-0.15410999404317033,0.9880527286559574,0.0013838827734305552,-0.005709691995702076,-0.0022911501755177198,0.999981074845013,162,162,116,151,162,130,162,162,221218_160101
0,0,0,0,-0.0006427115495200308,-0.15626127601425177,-0.0059579925222422725,0.9897073873187797,0.14306600601625355,0.0033771895405198147,-0.14298500139234843,0.9895658217178485,-0.017741867565450504,-0.005880209474619687,0.01707636994320467,0.9998368970617646,154,162,162,162,162,162,162,162,221218_160102
0,0,0,0,0.004518664266290981,-0.1626976543118288,-0.006452652802732606,0.9872330414222996,0.15707371760670494,-0.026434242211309533,-0.15703432249092641,0.9875866836860803,0.003572641284258008,0.026667273649415374,0.0006240537952452844,0.999644170229071,121,89,162,162,119,88,162,162,221218_160102
0,0,0,0,2.7193867089783663e-05,-0.16085613403569943,-0.00578901039590729,0.9907206276478377,0.13588926515124114,-0.0025972234656090817,-0.13590544610448338,0.9906922037104631,-0.007659453403961961,0.0015322115441482066,0.007941355297539185,0.9999672930670395,162,158,109,148,162,162,154,154,221218_160102
0,0,0,0,0.0010672177514216286,-0.1603996758047761,-0.0064090007470885,0.9909234566657765,0.13420496599981901,-0.007728527061216083,-0.13420330624322668,0.9909535467915412,0.0007353194211346141,0.007757294820698906,0.0003085486214612741,0.9999698641333212,162,162,162,75,162,162,18,18,221218_160102
0,0,0,0,0.004283937616704495,-0.16069620346912816,-0.0062263271217378735,0.9887077754588829,0.14844047319197212,-0.02055141517491089,-0.14856887855944317,0.9888901175952206,-0.004860416247653206,0.019601608881354274,0.007858832041367468,0.9997769829758075,127,88,162,114,121,84,114,114,221218_160102
0,0,0,0,0.002501416271459611,-0.16201925535385286,-0.0038363628702076102,0.9911318084341412,0.13228677730648625,-0.012567691113864505,-0.13239611863806655,0.991162099843635,-0.008304191901125904,0.011358084329869608,0.009894462260264523,0.9998865403319197,162,152,162,138,162,123,154,154,221218_160102
0,0,0,0,-0.006967022265702574,-0.16243956756396816,-0.0027801410426908646,0.9925840738035121,0.11937853561864625,0.022926440307472335,-0.11932939260282185,0.992848534955757,-0.003504667922773332,-0.0231808647954748,0.0007428793676794697,0.9997310116414211,162,162,162,162,162,162,94,94,221218_160102
0,0,0,0,0.0006424505753130777,-0.16160052130734281,-0.006573275494768993,0.9920468716987854,0.12218143342923705,-0.030244035409160246,-0.1218213855583999,0.9924604840576011,0.013481009041752503,0.031663139030824294,-0.00968942254879238,0.9994516300038664,140,86,162,130,137,88,130,130,221218_160103
0,0,0,0,-0.01475803971082544,-0.16629652817152185,-0.0053857169345911116,0.9900569895975548,0.12261498677267947,0.06893999106298063,-0.12405625860985728,0.992129336373732,0.01701248383811158,-0.06631140210214552,-0.02539576589420829,0.9974757405701123,130,18,120,155,162,147,162,162,221218_160103
0,0,0,0,-0.002376424013489087,-0.16600400491319312,-0.004391497987137616,0.995134182236349,0.09702493462309794,-0.01714996811009155,-0.09663544552666413,0.9950712464804364,0.022244214882381853,0.019223683639113802,-0.02047868377738193,0.9996054589177119,162,162,162,18,162,162,18,18,221218_160103
0,0,0,0,-0.005768477277309919,-0.16336419943692448,-0.0041577705498953565,0.9927655009939923,0.11981433621401598,-0.007822076050648838,-0.11991859832203762,0.992676403409989,-0.014597530252984308,0.00601579692353219,0.015429936830841269,0.9998628542139021,142,94,162,130,122,48,162,162,221218_160103
0,0,0,0,-0.003503868934117166,-0.16416714654471798,-0.0036751295806448647,0.9923857129306027,0.12314814044869474,0.0022654525481677797,-0.12315288217472303,0.9923855138519769,0.002087943678798739,-0.0019910759097150417,-0.002351042486980772,0.9999952540967112,162,148,106,150,162,162,156,156,221218_160103
