0,0,0,0,0,0,0,1,0,0,0,1,0,0,0,1,162,162,83,96,162,162,96,96,221218_073045
0,0,0,0,2.449457648420056e-05,0.00047976800064974956,-0.0006175920518308731,0.9999995518770556,-0.000831480858097973,0.000452642542197417,0.0008284974296690408,0.9999781928784849,0.006551897396062739,-0.0004580804486355721,-0.006551519446824277,0.9999784336450664,162,146,162,18,156,156,18,18,221218_073045
0,0,0,0,-0.0013240381565021928,-0.0004933223082725924,-0.004445423094055934,0.9999027886619188,0.0003870734698613934,0.013937840587669352,-0.0005069244532265261,0.999962921284071,0.008596457678952908,-0.013933996329735233,-0.008602687438017904,0.9998659097674683,162,84,51,27,162,18,18,18,221218_073045
0,0,0,0,-0.0020461896412940356,0.000948509151738719,-0.004851366793331979,0.9996581341313405,-1.2468805707177244e-05,0.026146026649858715,-0.0005187294620238269,0.9997936018913707,0.020309715330982532,-0.02614088339730448,-0.0203163348468462,0.999451800115243,162,88,56,70,162,18,41,41,221218_073046
0,0,0,0,-0.004085859279529133,0.004849014879310998,-0.0046032537738380785,0.9993498589352363,0.0014231142088553237,0.03602546588278082,-0.0023322847633531637,0.9996795209707062,0.025207455237731397,-0.03597804738872697,-0.025275088481113955,0.9990329073701057,162,18,162,162,162,18,161,161,221218_073046
0,0,0,0,-0.0037060851783343243,0.004791793603011962,-0.004479758232303954,0.9995131018563891,0.0033868045059497046,0.031017555878221754,-0.004212669479318143,0.9996373021726707,0.02659920150686095,-0.03091621958257761,-0.026716917115996986,0.999164848113933,156,162,153,156,162,162,162,162,221218_073046
0,0,0,0,-0.0028025878370898025,0.002594997720724135,-0.0021836546731882622,0.9999209824540622,0.003889789764100772,0.011954011196848278,-0.004038624615661344,0.9999143173605359,0.012451805034914047,-0.011904552041847353,-0.012499098887712947,0.9998510159857209,162,111,18,84,162,18,70,70,221218_073046
0,0,0,0,0.001993180711591838,0.007815110846084328,-0.005265076949415026,0.9999868829754656,0.001859263417894562,-0.004772527271432745,-0.001865300346801499,0.9999974655232813,-0.0012607940477239613,0.004770171027322998,0.001269679706632501,0.999987816616689,109,93,162,90,129,97,90,90,221218_073046
0,0,0,0,-0.000504583025796139,0.0067057329560740175,-0.003534014057286594,0.9999684688547096,0.0022332053850828383,0.007620635805259182,-0.0023104562990110436,0.9999458854770285,0.010143367747050566,-0.007597571194712253,-0.010160655061046946,0.9999195157614794,146,85,57,106,162,18,84,84,221218_073046
0,0,0,0,-0.003525313762619317,0.003690008352553509,-0.002752777507108395,0.9991514652805604,-0.005320547599040039,0.040841660115085256,0.004544849742081493,0.9998079696622283,0.019062217623205344,-0.04093523871350575,-0.0188604234612822,0.9989837789765805,116,84,162,152,39,82,128,128,221218_073046
0,0,0,0,-0.0036336415693611346,0.005818008245804918,-0.0036971096829732097,0.9992176543922963,-0.002226805887128498,0.039485699769665435,0.001384996424693112,0.9997714470783013,0.021333902405865152,-0.03952418165709061,-0.0212625243680151,0.9989923643961633,162,18,42,146,162,18,116,116,221218_073046
0,0,0,0,0.0027828572127016962,0.0031748904189013993,-0.0035262089650909823,0.999955759009089,0.0007187290354308554,-0.009378883362660238,-0.0004924693154447058,0.9997093248385707,0.02410442500419255,0.00939348170435762,-0.024098739788275727,0.9996654506594127,162,162,153,155,144,162,162,162,221218_073047
0,0,0,0,0.0011193452494167658,0.004949301136849549,-0.004615456908411586,0.9998119154889612,0.01935174937887079,-0.0012819681247843062,-0.01932340704197834,0.9996267975921883,0.01930988026572742,0.001655169654631681,-0.019281476384448947,0.9998127250049634,151,151,96,26,162,150,18,18,221218_073047
0,0,0,0,0.0030067713114190764,0.006812566532668374,-0.004380494692597714,0.9999739093906652,0.0019688220680410522,-0.006950127884721015,-0.0019667214929779413,0.9999980182431785,0.00030905708992694827,0.0069507225896765674,-0.00029538006054922615,0.9999757998102259,129,81,143,156,160,94,160,160,221218_073047
0,0,0,0,-0.002849094322775518,0.003318608601519446,-0.0040421404215499335,0.9996401657954977,0.0076867742164007415,0.02569926906542322,-0.008010817256216917,0.9998894074561767,0.012529950671200695,-0.025600112016130765,-0.0127313141144702,0.9995911903901915,162,162,162,162,162,162,162,162,221218_073047
0,0,0,0,0.0008258714414027188,0.007462037464085469,-0.003372365800956012,0.9998551751816538,0.016747102461016787,0.0030270813707594744,-0.016725382053113563,0.9998351696732838,-0.0070636449212287955,-0.0031448780011922133,0.007011992837704471,0.9999704704134025,162,162,162,160,162,162,162,162,221218_073047
0,0,0,0,0.0011007703057033871,0.008755453611504871,-0.0061870596585758,0.9998689914630027,0.015301976984014176,-0.005277254128824501,-0.015310589051693907,0.9998815132613362,-0.0015953999845124778,0.005252216070350316,0.0016759888427827214,0.9999848025283931,162,162,162,162,162,162,162,162,221218_073047
0,0,0,0,0.0010755981270992032,0.007529437273709805,-0.006750245330163662,0.999930833572749,0.011611146582890898,-0.0018733247285056842,-0.01161331975055842,0.9999318979383258,-0.0011533819095364917,0.0018598050648117464,0.0011750576532997936,0.9999975801793883,162,162,138,162,162,162,162,162,221218_073047
0,0,0,0,0.0008384285016104776,0.0071694143980878255,-0.0065455843068497055,0.9999598144963713,0.007801938134649111,0.004415784610456919,-0.007799355818442764,0.999969403528369,-0.0006017108404256672,-0.004420344013780275,0.0005672463849784852,0.9999900693458604,162,106,162,162,162,162,162,162,221218_073048
0,0,0,0,0.0008845886020167129,0.005467811611860496,-0.005102050297991267,0.9999376030325936,0.011157856031095896,-0.0005406387164095493,-0.011159646358441258,0.999931845986249,-0.0034301130721716843,0.0005023291618813053,0.0034359323804014864,0.9999939709988709,147,140,138,18,162,107,18,18,221218_073048
0,0,0,0,-2.9734080109443395e-05,0.005796858898736601,-0.003618583090478855,0.9999666136795868,0.0065558856362865,0.004877693072030927,-0.006507239970362394,0.999929592497657,-0.009922997301140367,-0.00494240368132,0.009890925689451805,0.9999388692489439,162,18,80,80,162,18,34,34,221218_073048
0,0,0,0,-0.004951530788255783,0.009601735982586956,-0.004286772062140842,0.999229752259994,-0.02510876257393515,0.03015712586499077,0.024480859955608513,0.999479437553293,0.021012886617193326,-0.030669034778829,-0.020258429113800776,0.9993242748755662,162,18,151,162,162,18,159,159,221218_073048
0,0,0,0,-0.00765127705163008,0.010185537698177982,-0.0038520048658522987,0.9988970301358576,0.0015784023359838647,0.046927942974616575,-0.0031664306699099374,0.9994241192478832,0.03378466490001951,-0.04684759228152243,-0.03389599551067464,0.9983267824644217,162,162,162,125,162,162,135,135,221218_073048
0,0,0,0,-0.004551593059008062,0.012108439619605504,-0.003966019917910457,0.9996847557693882,0.0034160001223491,0.02487408340950169,-0.0038924688850619235,0.9998093880407931,0.019132074416382348,-0.02480398694318242,-0.01922286473601864,0.9995075005736892,162,18,80,124,162,18,90,90,221218_073048
0,0,0,0,-0.002544390808730826,0.009355003385791316,-0.004842937162745309,0.9999152640258766,0.0015209779898225897,0.01292870426670593,-0.001697619088851571,0.9999052194436504,0.013662731014483584,-0.012906698163768753,-0.013683521304818959,0.9998230735421192,80,102,18,82,114,98,156,156,221218_073048
0,0,0,0,-0.007111833709936746,0.00686875773315665,-0.002330687446981339,0.9989196701875397,0.0033342441490098683,0.04635056988185194,-0.004589678767459314,0.9996247443462821,0.027005653842138756,-0.04624313312513752,-0.027189213055634494,0.9985601230432677,162,18,131,162,162,18,141,141,221218_073048
0,0,0,0,0.005225831488407613,0.009035552145095105,-0.0020458535121929966,0.9994613903998849,0.0017214160945255835,-0.03277141782954009,-0.002190420138681127,0.9998956241419628,-0.014280857165127028,0.032743413987317324,0.01434494853194724,0.9993608413841674,118,154,157,134,162,162,152,152,221218_073049
0,0,0,0,0.00033780885039591535,0.00724024401942347,-0.0036734114541608354,0.9999675620409632,0.008017304669250063,0.0007731052278469218,-0.008013707237217775,0.9999575419095491,-0.004549161958839958,-0.0008095444206890464,0.004542818954350776,0.999989353660217,146,84,95,87,162,18,33,33,221218_073049
0,0,0,0,-0.0013499014419874472,0.00972115686087649,-0.004104450102579316,0.9998694671828422,0.007290153552297213,0.014418816063907533,-0.007177961449795684,0.9999436805264569,-0.007817457683169394,-0.014474994470676659,0.00771293954253668,0.9998654835019993,110,70,18,90,117,77,90,90,221218_073049
0,0,0,0,-0.0026567665040874225,0.010554165042771735,-0.002782768793459345,0.9995985986569573,0.019822575040518566,0.020241222339852573,-0.019902615892495354,0.9997948509605871,0.003760568219530439,-0.020162525726806442,-0.004161911995820967,0.9997880530616752,146,162,74,18,162,18,18,18,221218_073049
0,0,0,0,-0.0006354659007309221,0.007064863925840603,-0.0013630172234460058,0.9996677473618589,0.020279329912263524,0.01591048908037997,-0.020444492397305985,0.9997380590632479,0.010287662079709577,-0.01569769457862582,-0.010609525849884376,0.9998204940618873,141,49,162,157,162,18,152,152,221218_073049
0,0,0,0,-0.005577199447879121,0.005238225900172311,-0.0031845152922814757,0.9987687044592973,0.0039123637473316404,0.04945471062097925,-0.005248003828201415,0.9996241812365863,0.02690640709763947,-0.04933085696108899,-0.02713281586922527,0.9984138805397745,162,162,153,162,162,162,162,162,221218_073049
0,0,0,0,0.000472994705702931,0.009669036291224398,-0.0023980794486249124,0.9995894205329193,0.028306080038084644,0.004444793756738642,-0.02831125565445153,0.9995985443771803,0.0011058400835073127,-0.004411707371379699,-0.0012312237406534418,0.9999895104080692,162,162,162,162,162,162,162,162,221218_073049
0,0,0,0,0.0019447797210883494,0.008188527624003239,-0.004531826271568951,0.9992396153637844,0.03810803168171067,-0.008244331930652169,-0.03812377967425522,0.9992714719720598,-0.0017614556883085773,0.008171200094592984,0.002074421398551572,0.9999644635010164,162,162,162,160,162,162,162,162,221218_073049
0,0,0,0,0.0006537283148460998,0.008741827708648509,-0.005661329949319283,0.9994652399955705,0.03185234104570338,0.007393403174749428,-0.03186843954335185,0.999489928984489,0.0020698839707325137,-0.007323701363923252,-0.0023043933016652788,0.9999705261505677,162,162,156,156,162,162,154,154,221218_073050
0,0,0,0,0.0007213873016296488,0.0085530564341042,-0.005530697186987454,0.9995022414616367,0.029954993289190403,0.009897862911165404,-0.029982764761796545,0.9995468513875736,0.0026694003870864156,-0.009813415837639937,-0.0029648369655613433,0.9999474519250325,162,162,150,162,162,162,162,162,221218_073050
0,0,0,0,-2.0516349446129956e-05,0.006257184590254039,-0.004005242336276749,0.9995416999451773,0.029017383165763324,0.008624473602296708,-0.02902623925901577,0.9995782416758385,0.0009034393823362158,-0.008594620712039194,-0.001153361370280923,0.9999624004193187,162,138,149,162,162,162,162,162,221218_073050
0,0,0,0,0.0010754888631402532,0.009624505088763669,-0.006084408536456365,0.9996227524863636,0.025595997987230355,0.009959799125715301,-0.025606020372073674,0.9996717247349872,0.0008800489081797636,-0.009934003839935453,-0.001134747731231972,0.9999500127082827,162,162,160,162,162,162,162,162,221218_073050
0,0,0,0,0.00040677430970040285,0.008576159139862982,-0.004821084135063991,0.9994642088224903,0.03272993616371836,-0.00021578125968509928,-0.03273013250758205,0.9994637455143127,-0.0009797083941078004,0.00018359975281840224,0.000986246024216262,0.9999994968048287,162,162,162,146,162,162,162,162,221218_073050
0,0,0,0,0.0005079397063047428,0.007467042142989877,-0.005131322888687451,0.9996485256497935,0.02625953429684918,-0.00364170629071502,-0.02626669552979115,0.9996531024097003,-0.001932756737250207,0.003589689699748806,0.0020277330131786638,0.9999915011772282,134,162,162,114,162,162,162,162,221218_073050
0,0,0,0,-8.617702596296767e-05,0.005790864979215327,-0.00357656528126582,0.999765900338499,0.020674822246746334,0.006379360894040542,-0.020622319174404918,0.9997537997847592,-0.008189002857813037,-0.006547096472478686,0.00805552859853085,0.9999461205418911,162,162,162,162,162,162,162,162,221218_073050
0,0,0,0,0.0010830731213120892,0.007359370128253828,-0.006774262720722957,0.9998702278685762,0.015874470721795708,-0.0027438296858578784,-0.015882368105388452,0.9998697171570348,-0.0028808151061566994,0.002697740796868168,0.002924019769729511,0.9999920861201749,18,66,162,48,162,99,18,18,221218_073051
0,0,0,0,0.0006499876382230624,0.006968847304894554,-0.005636991522460055,0.9997648404769474,0.016947219981367823,0.013529799740080922,-0.016980650359926817,0.9998530335824016,0.002359819786063405,-0.013487818928851545,-0.0025890096507942013,0.9999056834369783,114,18,162,49,162,30,18,18,221218_073051
0,0,0,0,-0.0073068172406229315,0.0116561414708366,-0.0036025459956567363,0.9979411579273803,0.0031448467744449116,0.06405899822292718,-0.003613639951122667,0.9999675243500066,0.007203599907203144,-0.06403426364738943,-0.0074202549878469295,0.9979201134835655,162,162,128,157,144,146,162,162,221218_073051
0,0,0,0,-0.005972510335106755,0.010178735903136671,-0.00267955158245492,0.9988239390375213,0.012002680856071436,0.04697525367507571,-0.01271151889618881,0.9998093732359038,0.01482007007342996,-0.04678841836311909,-0.015399767592299066,0.9987861087666273,162,18,140,162,162,18,114,114,221218_073051
0,0,0,0,-0.00012406007187781148,0.004904969273105242,-0.0021271517480586644,0.9997386260787259,0.022713174376973337,0.0026059999889959467,-0.022742291114357122,0.9996723348073783,0.011747817483861275,-0.0023383158664477925,-0.011804013321133159,0.9999275961530529,118,154,162,131,162,154,150,150,221218_073051
0,0,0,0,-0.0023859104204078455,0.006767972310512849,-0.0010572523690472457,0.9994473916448915,0.021476031386037178,0.02537107428016514,-0.02161350066692374,0.9997531026810195,0.005156575277883217,-0.025254067457433475,-0.005702083442175121,0.9996648029821166,162,18,79,79,162,18,64,64,221218_073051
0,0,0,0,-0.0004670617319915277,0.013866032922322358,-0.004531203850885179,0.9997776718921942,0.011875665918021841,0.01742341369613689,-0.011757653914625415,0.9999073442640044,-0.006860062778857469,-0.01750326713065569,0.006653679125830127,0.9998246667260432,120,18,156,156,162,18,82,82,221218_073051
0,0,0,0,-0.0012389688265827745,0.017025907307481214,-0.004418479318363144,0.9993526485027243,0.03105089817349521,0.018169360286196472,-0.031334396604783356,0.9993882671101634,0.015532132885049179,-0.01767595881429127,-0.016091404076832697,0.999714272777393,162,162,162,160,162,162,154,154,221218_073051
0,0,0,0,-0.0012305769630919228,0.01643279370381545,-0.003926870420832396,0.9995452799387854,0.023611210796375678,0.018754841423631714,-0.023767841691395217,0.9996840965444117,0.008172932002431898,-0.018555943884083187,-0.008614977708195205,0.9997907076511854,162,162,162,162,162,162,162,162,221218_073052
0,0,0,0,-0.002794769648175467,0.014753553487105941,-0.003134105748338889,0.9993602819983048,0.016986849726032028,0.03147179214240236,-0.01727443086654506,0.9998112767304487,0.008888473483574435,-0.03131486551953133,-0.009426444664689063,0.9994651176196584,162,162,156,162,162,162,162,162,221218_073052
0,0,0,0,0.0015257146935709898,0.01314466497816491,-0.004808630248124335,0.9997017025676119,0.02416867927112349,-0.0035186397526627724,-0.0241621328369113,0.9997062640613439,0.001891278213871851,0.003563315898275714,-0.0018056962093273466,0.9999920210886728,149,123,130,18,162,23,56,56,221218_073052
0,0,0,0,0.0017010581525194954,0.01287396936559626,-0.0046538734865000375,0.9995351598466536,0.02965159423218937,-0.007088525221427323,-0.029638175991144287,0.9995587106763102,0.0019905866046697317,0.00714442119721205,-0.0017795703420565286,0.9999728948202318,131,73,112,117,162,18,117,117,221218_073052
0,0,0,0,-0.001386442678564248,0.014368374019585128,-0.0027774520266353186,0.9994766819877922,0.02055749306711924,0.024975020349724604,-0.020758198233076067,0.999754069440177,0.007803707062892066,-0.024808453575145197,-0.008318059665718136,0.9996576166441227,131,162,162,160,162,162,131,131,221218_073052
0,0,0,0,-0.00013977385712672652,0.016997443363460985,-0.0010502364422813049,0.9996932812455313,0.020035996407776143,0.014556863690069912,-0.019943683689433306,0.9997802395144422,-0.0064592691026221305,-0.01468308255917428,0.006166970438703411,0.999873179739395,162,18,90,100,162,18,81,81,221218_073052
0,0,0,0,-0.002546101970376427,0.014803463286811702,-0.002015365990221951,0.9991938670914151,0.025521335122926966,0.030988343299474846,-0.025615086647940023,0.9996684146808182,0.00263211427517546,-0.030910892949272465,-0.0034237615399313115,0.9995162802846166,104,49,162,162,99,55,162,162,221218_073052
0,0,0,0,-0.0010942382171478665,0.018114984735401407,-0.0021999473887265864,0.9990920747348008,0.03632413712647695,0.022261699488768386,-0.03652252095069616,0.9992960784157211,0.008570479937935646,-0.02193471370949028,-0.009375751968641481,0.9997154413179309,162,101,18,18,162,18,49,49,221218_073052
0,0,0,0,0.002578330175312553,0.016008791689364643,-0.002708151567631212,0.9994190888409389,0.03290992167871194,0.008855614910821213,-0.03298982236710279,0.9994148666088679,0.009033051608676403,-0.008553156173876645,-0.009319949371056206,0.9999199878306195,105,73,162,162,118,78,106,106,221218_073053
0,0,0,0,-0.0019223142929392228,0.016725215008723482,-0.0025298697415119253,0.9986537071697946,0.03784938227035719,0.035471078610297156,-0.038819643028569925,0.998879335051532,0.02707599161884276,-0.03440651785868369,-0.02841651401494581,0.9990038504730993,154,162,92,100,162,18,162,162,221218_073053
0,0,0,0,0.0011071114030902288,0.011984845776523922,-0.00038292143915891197,0.9994264155286741,0.0320918170601344,0.010814583731496847,-0.0322240184673133,0.9994052274530189,0.012280226927792294,-0.010414056717962738,-0.012621672526201954,0.9998661114395849,90,118,82,18,128,122,162,162,221218_073053
0,0,0,0,0.005622212370604535,0.018643043478488663,-0.0031984291573618484,0.9992432305940233,0.033637735775917624,-0.01953122740356362,-0.033765689170668634,0.9994101792877711,-0.00625873556035019,0.019309177788035294,0.006913484494388129,0.9997896575706792,133,109,105,57,162,162,64,64,221218_073053
0,0,0,0,0.0037055463531076305,0.018013260292223277,0.0007293478353327387,0.9995308545413635,0.02724642139418831,-0.013989401024441826,-0.027727846344395866,0.9989864445361195,-0.035457723702817606,0.013009125908911312,0.03582898483482536,0.9992732591682778,83,90,162,162,139,123,148,148,221218_073053
0,0,0,0,-0.004536243600779824,0.019062407312238516,-0.002680820621002944,0.9984636762908773,0.04031261767342236,0.03801552293501416,-0.04034688004373344,0.9991857241064802,0.00013421082476452548,-0.0379791574214423,-0.0016678123771509655,0.9992771397382371,162,18,99,132,162,18,114,114,221218_073053
0,0,0,0,0.0014067473364878444,0.01787075894526391,-0.004313833395589717,0.9996759734947932,0.025425941113090284,0.0012122440973279763,-0.025437432374541574,0.9996195906465152,0.010658847493246491,-0.0009407717196380265,-0.010686230121390696,0.9999424580616446,162,162,159,143,162,162,106,106,221218_073053
0,0,0,0,-0.002682453924436695,0.018589963799615417,-0.003723715730465149,0.9988256526665884,0.03735656053327952,0.030851304028963713,-0.03776416682212298,0.9992055090882319,0.012736495277706206,-0.030351001291473088,-0.013886612000469211,0.9994428341469829,130,156,84,18,162,162,18,18,221218_073053
0,0,0,0,0.0006138756911342677,0.015392642265631196,-0.003870593797613675,0.9992927590511365,0.03732557093679879,0.004558888264530702,-0.0373173430909809,0.9993017030586807,-0.0018767441621871997,-0.004625755354155752,0.0017052912543845519,0.9999878471107243,146,18,162,114,162,18,137,137,221218_073054
0,0,0,0,-0.005123256406175593,0.007631513235135889,-0.001317505495221416,0.9981363891882349,0.03483806122552621,0.050100479721453386,-0.03557220729015005,0.9992713125234037,0.0138369807494388,-0.04958191854678352,-0.015593378652499382,0.9986483264369995,162,162,96,106,162,162,161,161,221218_073054
0,0,0,0,-0.0033458749192585707,0.007384009398850755,0.005171278866463402,0.9988240053022576,0.04635721537880704,0.014199120193857552,-0.046195969654343645,0.9988664153775085,-0.011481141867483885,-0.014715258055898546,0.010811697979929952,0.9998332702841705,162,162,162,162,162,162,162,162,221218_073054
0,0,0,0,0.005090099164466434,0.016326396850386615,-0.004571672948340821,0.9979614997655205,0.053966096853981974,-0.034066191100590296,-0.05434925090892009,0.9984675890938436,-0.01042268942100781,0.03345151583104343,0.012252914733816477,0.9993652296178466,162,162,162,162,162,162,162,162,221218_073054
0,0,0,0,0.0005918891125096248,0.014026147233703878,-0.005599646674165293,0.9986761909483309,0.05138455392321555,-0.0023437685562471347,-0.05138517610159125,0.9986788879560423,-0.0002059803177844597,0.002330087968632891,0.0003261425991794214,0.9999972321567012,162,162,162,157,162,162,154,154,221218_073054
0,0,0,0,-0.00078521259163742,0.01290701812049544,-0.005452317635822768,0.9986951329793069,0.05051777378856938,0.007482372277064188,-0.050547282609640296,0.9987144073999229,0.0038085000461966063,-0.007280356050826314,-0.004181744046167111,0.9999647540951159,136,162,162,122,162,162,162,162,221218_073054
0,0,0,0,-0.0009848937455190984,0.013162020609454594,-0.005472160728693887,0.9987469407203893,0.049628572214582674,0.00644617883751362,-0.04962384034010266,0.9987675799389472,-0.0008920385634140599,-0.006482505037659739,0.0005710366367778863,0.9999788252986141,162,146,156,157,162,162,162,162,221218_073054
0,0,0,0,-0.0010913074348204502,0.012168575555933536,-0.005090066005898619,0.9987227801982023,0.04991177770278096,0.007850016542783085,-0.049877582480120815,0.9987452314875483,-0.004493255704038952,-0.008064432969064788,0.004095976981296332,0.9999590931100412,162,162,156,162,162,162,162,162,221218_073054
0,0,0,0,-0.0010878596976635069,0.010485362707331136,-0.0052238026155428385,0.9983533435813237,0.057113490021127755,0.005352627167816704,-0.057104749232178786,0.9983666199170568,-0.0017719623362178784,-0.00544508724641685,0.0014633840909120625,0.9999841046396095,162,162,153,162,162,162,162,162,221218_073055
0,0,0,0,-0.0006389705378563662,0.009979176269063972,-0.005647035660057809,0.9984322128086744,0.05594099324991336,-0.001929170855017263,-0.05594092798642494,0.9984340763738375,8.781537157879485e-05,0.0019310623999051113,2.0241912110211536e-05,0.9999981352923977,162,146,162,162,162,162,162,162,221218_073055
0,0,0,0,-0.001388882504469592,0.01088729191464155,-0.0057023389732172025,0.9982823928405157,0.0584324187138405,0.004232799057855525,-0.05842707109162727,0.9982907307670058,-0.001376309678616737,-0.004305985168077378,0.0011266356677891258,0.9999900945428432,162,162,158,162,162,162,162,162,221218_073055
0,0,0,0,-0.0013557798458105758,0.010977871764185188,-0.0057644910204509014,0.9983542034917926,0.057037611883187934,0.005966171379631978,-0.05703334387873353,0.9983718834284069,-0.0008832132392840591,-0.006006834131092265,0.0005414889460850847,0.9999818122013234,162,162,162,106,162,162,162,162,221218_073055
0,0,0,0,-0.0011610692238342782,0.009994299769558568,-0.005660960962955708,0.9985653595958824,0.05306764599961739,0.007144757742980652,-0.053072116337980764,0.9985905863457711,0.00043741172408747224,-0.007111475413331724,-0.0008159716096970352,0.9999743802257023,162,162,153,161,162,162,162,162,221218_073055
0,0,0,0,-0.0011742044311297412,0.010039522553740854,-0.005698961656893764,0.9986404018224372,0.05177519010673135,0.0060561982573790925,-0.051775749397238745,0.9986587343100868,-6.450217109052892e-05,-0.006051414898615706,-0.0002491497292173445,0.9999816589828722,162,162,162,114,162,162,162,162,221218_073055
0,0,0,0,-0.0011493691638211553,0.010041172850959068,-0.005691854717232048,0.9986002729000556,0.05238581753204629,0.007295278297189093,-0.05239001262453705,0.9986266260979229,0.00038500062324478725,-0.00726509057996837,-0.00076666144952814,0.9999733149884983,162,162,151,162,162,162,162,162,221218_073055
0,0,0,0,-0.0011301276661105641,0.009830108863568499,-0.005543766191539012,0.9985777277182377,0.05314665488363728,0.004237308079549698,-0.053145238952395285,0.9985866935515146,-0.00044613736214224316,-0.004255030173133234,0.00022031008293581567,0.999990923049651,162,138,162,162,162,162,162,162,221218_073056
0,0,0,0,-0.001109438184389397,0.010514011618130703,-0.005736108354331193,0.9985620568522131,0.05335357148373699,0.0052168021822251755,-0.053349436378504214,0.9985754729189051,-0.000928721099772836,-0.005258921293825095,0.0006490721955115104,0.9999859611275103,162,162,162,114,162,162,162,162,221218_073056
0,0,0,0,-0.0013555963579933786,0.01078555142925286,-0.005687332955628122,0.9985466059821116,0.05374788482439839,0.003980019913140112,-0.05374400898010894,0.9985541682232454,-0.001074533725796673,-0.004032019388811705,0.0008590697789545503,0.9999915023732766,162,138,154,162,162,162,162,162,221218_073056
0,0,0,0,-0.0008671302046531701,0.008791965842249505,-0.005159043623899295,0.9986102779870478,0.052598958657567835,0.0032957922827487477,-0.0525951272662725,0.998615150258836,-0.0012386530456470481,-0.003356379965998161,0.00106358904768914,0.9999938017267215,162,138,162,122,162,162,162,162,221218_073056
0,0,0,0,-0.001112310485869246,0.009839858835761883,-0.005583457230026012,0.9986202372984287,0.0519316203661684,0.007792846987752651,-0.05191084061115145,0.9986476690720621,-0.0028456429819868827,-0.00793008733079269,0.00243718343205012,0.9999655863337721,162,162,162,162,162,162,162,162,221218_073056
0,0,0,0,-0.0006960759922064741,0.009707846869749348,-0.005666768787344401,0.9985458915841554,0.053886047485975586,0.0015479944262694143,-0.05388766787189289,0.9985464781298187,0.001024824796596822,-0.0014905206248618575,-0.0011067523997457425,0.9999982767222114,162,162,162,138,162,162,162,162,221218_073056
0,0,0,0,-0.0011084388758577021,0.007981598468968287,-0.005634599345548885,0.9988177011078935,0.048400520783261215,0.0045375699941375015,-0.048402538614302895,0.9988278537587695,0.00033587399745316687,-0.004515994822130364,-0.0005551068008539295,0.9999896487700292,162,162,162,162,162,162,162,162,221218_073056
0,0,0,0,-0.0010921440923247136,0.00819123603578309,-0.005910905663257804,0.9988284045730895,0.048198686811411824,0.004324905505530351,-0.04820143244224676,0.9988374933015431,0.0005328091647922283,-0.004294197071845994,-0.0007406515685546004,0.9999905056083094,162,162,162,162,162,162,162,162,221218_073056
0,0,0,0,-0.001175671481943405,0.007637681120976736,-0.005534820338722546,0.998861510981456,0.04712540279027506,0.007407988370425094,-0.04712221076321877,0.998888948431958,-0.0006049407276295638,-0.007428265788783915,0.00025517121993167443,0.9999723774960084,162,162,162,122,162,162,162,162,221218_073057
0,0,0,0,-0.0011376728017106832,0.007775092760654356,-0.005632603310494089,0.9987917146793179,0.04864361288223526,0.006993540856496087,-0.048645847163318004,0.9988160787479413,0.00014962736799145976,-0.006977982639083847,-0.0004896532950744168,0.9999755336996696,162,162,162,146,162,162,162,162,221218_073057
0,0,0,0,-0.001086983292064421,0.007980745642494513,-0.00565602590171177,0.9987921031815491,0.048935710975890404,0.004430667383274439,-0.04893787524265013,0.9988017515813323,0.0003813198101762364,-0.004406698187068758,-0.0005976866628349285,0.9999901118419828,153,162,155,162,162,162,162,162,221218_073057
0,0,0,0,-0.0011648889922104277,0.007755883613629111,-0.005295149607017713,0.9989187256497297,0.0461473681103295,0.005639145574464755,-0.046134009594916404,0.9989321899143666,-0.00247651197953576,-0.005747408547895365,0.0022136777946151955,0.9999810332829345,162,122,162,138,162,162,162,162,221218_073057
0,0,0,0,-0.0011660111827621888,0.007088582527727816,-0.005187345671163079,0.9990283719158045,0.04373241541485438,0.005457833749755431,-0.04371684102841258,0.9990396328859966,-0.002941042928923613,-0.005581211136829124,0.0026995860786197647,0.9999807809739397,162,162,162,162,162,162,162,162,221218_073057
0,0,0,0,-0.0013564122391181502,0.009244523331207732,-0.005439739553591227,0.9990192159127714,0.043619842195790626,0.007610230209752128,-0.04359875982585594,0.9990448705015352,-0.0029145953780579255,-0.007730095644844201,0.002579940190155793,0.9999667942136562,162,162,125,162,162,162,162,162,221218_073057
0,0,0,0,-0.0012954464923520884,0.0046154287345032685,-0.00455405022091776,0.9991867509749034,0.0402762542725643,0.0019131173484412598,-0.04027514524618349,0.999188438067245,-0.0006147423352738165,-0.0019363242538361126,0.0005371913175878001,0.9999979810348981,149,141,162,18,162,161,18,18,221218_073057
0,0,0,0,-0.0014075011313178648,0.006866637966282618,-0.00551796234918972,0.9991991585805157,0.03794210821612748,0.012705822134182027,-0.037916008958721915,0.9992783083418769,-0.002288829840601833,-0.012783495477838672,0.0018052427849959414,0.9999166581979997,158,162,154,154,162,162,162,162,221218_073057
0,0,0,0,-0.002762926342928719,0.004603657128831373,-0.0035943500453686217,0.9989756383364883,0.04255491569453065,0.015386785253519662,-0.04254560653042272,0.999094091041671,-0.000931992797959966,-0.015412507101863737,0.00027639798910274513,0.9998811820556414,162,82,76,60,162,18,44,44,221218_073058
0,0,0,0,-0.0016192467340604491,0.006565303207839102,-0.005635444900681463,0.9991398515805168,0.04012756512856582,0.010456361724574821,-0.04015758392595156,0.9991897733255598,0.002676814309442818,-0.010340475660848778,-0.003094414075359459,0.9999417478856646,162,18,132,140,162,18,127,127,221218_073058
0,0,0,0,-0.005919508560221554,0.010765616934004019,-0.004611459917891303,0.9982856854228714,0.042805702682058,0.03991693998397179,-0.04374261024374071,0.9987803259853976,0.022900752685581144,-0.03888797151887663,-0.02460756473926706,0.9989405354818421,96,134,162,162,18,162,162,162,221218_073058
0,0,0,0,-7.869814776653022e-05,0.01164306957552752,-0.003192669298432649,0.999204451977851,0.03965105265067466,0.004272841131635785,-0.03965254991642088,0.9992134929045421,0.00026623792088628233,-0.0042589238979493915,-0.0004354551620919469,0.9999908359310267,162,68,162,106,162,18,113,113,221218_073058
0,0,0,0,0.00013376034859870212,0.011673780460300764,-0.003835293166685627,0.9994185188549757,0.034097025379388024,-0.00013049905611190666,-0.03409678461038773,0.999417350990182,0.00153877191312519,0.00018289056594090398,-0.0015334275480628416,0.999998807574787,32,122,162,162,98,114,162,162,221218_073058
0,0,0,0,-0.002874979190198114,0.01717691202579741,-0.0036633644844558666,0.999445794551924,0.023290816260685555,0.023783221614918467,-0.023528283284145267,0.9996755863094541,0.00975407722699589,-0.023548325591734847,-0.010308249839820777,0.9996695535761133,162,18,162,122,162,18,162,162,221218_073058
0,0,0,0,-0.0006622958604637214,0.014207237246859461,-0.004761260967454606,0.9990135624586916,0.044287863055308435,0.0032383961444860596,-0.04429266548205174,0.9990175797787926,0.0014265613966239446,-0.0031720353228558225,-0.0015685913800335986,0.9999937388368954,103,144,162,138,109,157,161,161,221218_073058
0,0,0,0,0.003631482023090375,0.013994057010890848,-0.00475595892919628,0.9991965492200064,0.030360705263513955,-0.026162637533985574,-0.030151261327656616,0.9995103593578537,0.008363191776188874,0.026403739643922244,-0.007567635841924981,0.9996227155385076,115,75,101,101,162,18,109,109,221218_073058
0,0,0,0,-0.0005702414984654,0.015856360048353113,-0.004209825503851905,0.9991589941982852,0.04088976359702596,0.003054757870968392,-0.04086736120446672,0.9991395836312251,-0.007067616953845014,-0.003341122693730714,0.006936833153677815,0.999970358183153,89,97,162,162,72,106,162,162,221218_073059
0,0,0,0,-0.004865991607768599,0.020499969724711797,-0.0031795377036845096,0.9993696951114688,0.025143073104456865,0.025060693679051914,-0.025047784516810445,0.9996778102218725,-0.00410904378179277,-0.025155933367910815,0.0034787389762949415,0.9996774866883439,162,18,124,140,162,18,125,125,221218_073059
0,0,0,0,0.0038334166276193446,0.016201481865476985,-0.005556540072074956,0.9994925929551648,0.02216768597939651,-0.022872479666211518,-0.02179339978550762,0.9996265669068632,0.016485583392390004,0.02322938556121164,-0.015978749397786596,0.9996024585874782,48,88,162,90,119,73,162,162,221218_073059
0,0,0,0,-0.002181506396040464,0.016456379040522218,-0.002304111670234976,0.9997570048036684,0.021898803384137498,-0.0025246299414687845,-0.021905707512613445,0.999756285718215,-0.0027402819728935698,0.002464005756954261,0.0027949199026132943,0.9999930585250918,162,106,80,29,162,18,18,18,221218_073059
0,0,0,0,0.0019270020178524944,0.021220301252261042,-0.0036438615287161524,0.9999303772009321,0.0005331180274023041,-0.011787982693016487,-0.0005601149606626007,0.9999972278894709,-0.0022870252742183865,0.011786730761022634,0.0022934686705801564,0.9999279038907877,159,119,146,75,162,18,18,18,221218_073059
0,0,0,0,-0.00816501210970818,0.018348158694148742,-0.0037030659649592845,0.9984898796742002,0.014088770319241014,0.05309865101010433,-0.01585179425632621,0.9993319701780036,0.032929227124321316,-0.052599247209977176,-0.03372120892022842,0.9980461909460414,162,162,114,18,162,162,106,106,221218_073059
0,0,0,0,-0.008262604437003628,0.019825212734231212,-0.005599322396325934,0.9985620768340336,0.016535037108147643,0.0509938354777769,-0.018601728741054313,0.999013504510124,0.04032360963809283,-0.050276777907366385,-0.04121420088068191,0.997884580123884,162,18,162,162,162,18,150,150,221218_073059
0,0,0,0,-0.006429353292394101,0.017234874986483684,-0.005563382595594746,0.9992511512389671,0.009423161217951823,0.037527866716091186,-0.010511088131249713,0.9995270749524029,0.02889884882468285,-0.03723780033645007,-0.029271666671975446,0.9988776280187416,104,144,162,153,55,154,96,96,221218_073059
0,0,0,0,-0.0008312513831690363,0.022448349124849276,-0.0038310779167473608,0.9996802735009801,0.024962475306765795,0.004028101235636597,-0.024987912885087397,0.9996673092966374,0.006393350707421093,-0.003867167264641864,-0.006491960426551202,0.9999714493260131,120,18,162,148,162,18,161,161,221218_073100
0,0,0,0,-0.006256079228449278,0.015155648941886146,-0.002924560962291989,0.9983482495203643,0.04691476971280368,0.03316288682275833,-0.04743583828708828,0.9987600891232297,0.015103828010118564,-0.03241317518580525,-0.016651989591415912,0.999335828096352,162,146,162,139,162,162,161,161,221218_073100
0,0,0,0,0.000343147840973293,0.015416158204158537,-0.0032696644955196863,0.9988357023417099,0.0451438631217898,-0.01700797900941986,-0.045098251182257965,0.9989778817635482,0.003056057512001435,0.017128557085923153,-0.002285469241926919,0.9998506834335307,132,100,98,150,162,18,54,54,221218_073100
0,0,0,0,-0.0019607006926483234,0.019324189100325184,-0.004566912230640097,0.9990873285785055,0.04237531526265044,0.005370524206831808,-0.04233440796621842,0.9990752364530966,-0.0075146396014669214,-0.005683992964014971,0.007280423241895839,0.9999573429208888,94,62,162,156,113,52,152,152,221218_073100
0,0,0,0,-0.0065618721346524245,0.017892505407372528,-0.0034979200766063756,0.998184100082819,0.04178647282797084,0.04338655356731595,-0.04217352384745594,0.9990779193814898,0.00804393502222336,-0.0430104199949315,-0.009859091892812404,0.9990259766787392,162,93,75,43,162,18,18,18,221218_073100
0,0,0,0,0.0025283580648833154,0.019947005992513756,-0.004617480702529597,0.9996671794151327,0.023184198523207456,-0.011314739901090333,-0.022996302781349575,0.9995999885637032,0.01646307753223891,0.011691897133541502,-0.016197401096488498,0.9998004519598589,122,41,77,38,162,18,18,18,221218_073100
0,0,0,0,-0.006945057509925245,0.02130784144325648,-0.0028888858792770478,0.998463633791098,0.030583979008021383,0.0462059760714318,-0.03157031944932555,0.9992857128844195,0.020769664295433733,-0.045537752761246025,-0.02219649191008259,0.9987159900694198,162,18,54,68,162,18,162,162,221218_073100
0,0,0,0,-0.008699817952041514,0.022559606011784195,-0.003976228738599319,0.9982231681478598,0.018568041656266503,0.056619205239049876,-0.019715670283669336,0.9996099769061998,0.01977843307374173,-0.056229875672245154,-0.020859575706087263,0.9981999194466236,162,18,18,106,162,18,60,60,221218_073101
0,0,0,0,-0.004470125355295375,0.021658754699410476,-0.0021003081590185713,0.9992912718769527,0.03322757017475574,0.01768848582624568,-0.03345753196841154,0.9993573053606218,0.012867392002269195,-0.017249565360504985,-0.013450085599691122,0.9997607452246937,162,60,162,90,162,18,65,65,221218_073101
0,0,0,0,-0.0006839816096606346,0.02366007383871105,-0.0023265637414804363,0.9996450599069526,0.02663916252230896,0.00033049014384970327,-0.026639118760209628,0.9996451064368883,-0.00013611929388293866,-0.000333998959017185,0.0001272670134972187,0.9999999361238994,162,18,93,112,162,18,18,18,221218_073101
0,0,0,0,-0.005696597235028154,0.021992522345492205,-0.003179473640956998,0.9990896418106933,0.03046807451469782,0.02985940491616183,-0.03116704170131982,0.9992442155532726,0.02322957586596775,-0.02912907719390857,-0.02413905794954278,0.999284145147485,107,20,162,114,105,39,162,162,221218_073101
0,0,0,0,-0.008308372977050726,0.017613809178765538,-0.00046476187890409637,0.9984937696898586,0.029762806885608836,0.046090858278247215,-0.030804802614954295,0.9992818536421092,0.022064476369153516,-0.045401057547035446,-0.023451061977683357,0.9986935424171571,162,124,75,19,162,18,18,18,221218_073101
0,0,0,0,0.0010780403359065827,0.018440481658222208,-0.0011482582274548458,0.9996122667797115,0.02620624307121662,-0.009410043975449318,-0.02609471351457024,0.9995899990485023,0.011785572909644578,0.009715041436869402,-0.011535450849808,0.9998862692044389,162,162,162,146,162,162,162,162,221218_073101
0,0,0,0,-0.00815251960336049,0.01967463782370571,-0.0035744278103683746,0.9983611736658807,0.02466622711561786,0.05163859173492005,-0.026561844958744238,0.9989860338921688,0.036350687487069364,-0.05068959763967984,-0.03766273129070291,0.998004049772771,138,162,74,18,162,18,44,44,221218_073101
