0,0,0,0,0,0,0,1,0,0,0,1,0,0,0,1,162,162,83,96,162,162,96,96,221218_161559
0,0,0,0,0.0005035392027595842,-5.911015939208397e-05,-0.00035668165055879886,0.9999973705450612,0.001516384622327968,-0.001720314110851332,-0.0015149832620957322,0.9999985198048297,0.0008156064399876937,0.0017215483375142221,-0.0008129980483038115,0.9999981876511054,162,138,130,105,155,162,100,100,221218_161559
0,0,0,0,0.0016473885150998235,0.0016849108450423846,-0.0031068965680937644,0.9996763810823548,0.018409489570334187,-0.017556303706812236,-0.018456362026879634,0.9998265123721694,-0.0025115450298594444,0.017507021643296032,0.0028347577434421557,0.9998427218026429,44,114,162,156,99,115,82,82,221218_161600
0,0,0,0,0.0004979313536023211,0.002256014427244695,-0.0014382632191409228,0.999635341758991,0.020087701129031507,-0.018046267473781172,-0.020058023269233234,0.9997971536812762,0.0018240595793332108,0.01807924801852855,-0.001461421968063583,0.9998354889865213,162,120,112,156,162,162,162,162,221218_161600
0,0,0,0,-0.010592652100766653,-0.0022145850622612394,-0.0017132085814360876,0.9985578616461789,0.00785050886168383,0.0531090054060808,-0.008153719136474107,0.9999516600624622,0.005494943363629783,-0.05306330001850625,-0.005920054808751629,0.9985736022658558,79,154,160,94,162,154,92,92,221218_161600
0,0,0,0,-0.0016099673235971945,-0.0033333799378064653,-0.003126644108094989,0.9993277056331575,0.036553426092273925,0.00282556098598895,-0.0365413664094812,0.9993232818012752,-0.004207967544680705,-0.0029774645080912496,0.004101888692503273,0.9999871545246256,87,112,162,136,88,112,162,162,221218_161600
0,0,0,0,-0.010295402493040728,-0.0023044548010687713,4.9087043152706844e-05,0.9986187165311056,0.03857523869187446,0.03567365910068084,-0.03877204381706599,0.9992363535159443,0.004841325273707085,-0.03545966175831691,-0.006217778704905697,0.9993517657041303,146,83,159,162,159,101,162,162,221218_161600
0,0,0,0,-0.0029074541406942656,-0.0035177591690959166,-0.00401679198870758,0.9988471422043158,0.04793413171828219,-0.002589503173417648,-0.047956834250694406,0.9988036358844871,-0.009562373794191113,0.0021280410997539575,0.009675534111496577,0.9999509265362652,162,122,117,85,162,162,85,85,221218_161600
0,0,0,0,0.004259342887831696,-0.008677625855310893,-0.00368025048682058,0.9972828557512421,0.06304332312562187,-0.03811095687495717,-0.06254785493187211,0.9979429633225654,0.014057304094229355,0.038918780403141014,-0.01163534976932684,0.9991746329684705,103,143,162,162,79,138,162,162,221218_161600
0,0,0,0,-0.005853425992987105,-0.009684494745065598,-0.0020777803054476407,0.9949480248557615,0.09888625675258886,0.017318662219683634,-0.0991087543458624,0.9949981403533763,0.012496219641714669,-0.01599633231806612,-0.01414952009021727,0.9997719282084223,134,87,162,138,140,88,146,146,221218_161600
0,0,0,0,0.0017510727753845545,-0.014767521350472747,-0.004747769172078531,0.9956249380413043,0.09285750070718421,-0.010414764167443032,-0.09280811223781875,0.9956707962552747,0.0051302813994991685,0.010846061640091071,-0.004141261498728535,0.9999326041789508,162,132,100,108,162,159,127,127,221218_161601
0,0,0,0,0.0030122077377233714,-0.015229269495083346,-0.003595472661599819,0.9962392968842891,0.0825495702024078,-0.026321698328467313,-0.08239720342498419,0.9965762092806161,0.006823486177864414,0.026794854193276735,-0.00462899074047339,0.9996302357539442,78,136,162,136,92,131,162,162,221218_161601
0,0,0,0,-0.0014344656423225244,-0.01482329058811644,-0.0042477969912628755,0.9929819656295943,0.11826253424632155,0.000888216203669706,-0.11826476610045114,0.9929771399108375,0.0031376286743648348,-0.000510914466988197,-0.003220653370060145,0.9999946831650043,134,87,162,160,140,86,162,162,221218_161601
0,0,0,0,0.003920517854423489,-0.0161601139909155,-0.005025521610910688,0.9919849452381622,0.12081209492827921,-0.03701764633090559,-0.12057168757465174,0.9926667822780911,0.008667613112091516,0.0377933403689081,-0.004134861630184482,0.9992770218228074,162,157,103,119,162,156,139,139,221218_161601
0,0,0,0,0.000882092504637999,-0.015111698087292392,-0.005033105703741381,0.9919286461587651,0.12589457983564736,-0.015103499516488355,-0.12592068294029057,0.9920400010048853,-0.000786138713815861,0.014884305072445913,0.002681636483992906,0.9998856266035021,100,154,162,102,100,151,148,148,221218_161601
0,0,0,0,0.001825917271441213,-0.018793152468648388,-0.00412488566509478,0.9863591628112426,0.16293568513452258,-0.023400095043574175,-0.16306379347259822,0.9866087304865016,-0.003662265165054339,0.022490024380391778,0.007428017067620371,0.999719472335021,118,87,148,162,126,87,162,162,221218_161601
0,0,0,0,0.002257800534011367,-0.020192504488526497,-0.004237459486370554,0.9909386655873671,0.13344616485539565,-0.015253921768339871,-0.13353659719079622,0.9910309260719338,-0.0050676207147290235,0.014440853666984336,0.0070586581155152785,0.9998708102004865,162,156,89,141,130,18,156,156,221218_161601
0,0,0,0,0.000979414369784437,-0.02228063451014777,-0.005069764325755954,0.989068670210314,0.14695710424185793,-0.012115078260097712,-0.14707550223146493,0.9890792887797607,-0.009537145814364111,0.010581221657397348,0.01121472334789229,0.9998811267988147,162,162,162,85,162,154,162,162,221218_161601
0,0,0,0,0.005133709520918739,-0.027043613397797237,-0.0027285739494941064,0.9848449148502311,0.16362996521789783,-0.057495462224682846,-0.1633372893364309,0.9865217554340799,0.009785497815022507,0.05832172499049999,-0.00024604481347787274,0.9982978092012836,102,90,162,154,18,18,162,162,221218_161602
0,0,0,0,-0.0007809581735084281,-0.020929208475253328,-0.004388824310466222,0.9844533389272488,0.17457967092869384,-0.01932775138033176,-0.1748714907325828,0.984483085559789,-0.014595066825527594,0.01647984235225861,0.017748034964644617,0.9997066680036393,162,112,111,159,146,162,162,162,221218_161602
0,0,0,0,-0.004864519608425488,-0.022588209417391855,-0.004603201272139312,0.980894848004062,0.1944918210136969,-0.00426951026041114,-0.19453568369771754,0.9805217325242097,-0.02707396934295645,-0.0010793180020124372,0.02738728914108937,0.9996243151635283,162,146,138,52,154,162,64,64,221218_161602
0,0,0,0,-0.002763599852510401,-0.028160304747245346,-0.003659374628837475,0.9770346480370404,0.21053416643477796,-0.03284297944384758,-0.21071986685343583,0.9775438762639496,-0.002260020380701238,0.03162964192661955,0.009128786472692645,0.9994579686055488,51,125,162,144,68,115,162,162,221218_161602
0,0,0,0,-0.001100750693181718,-0.028795155979541243,-0.0035940062728741506,0.9732502730599301,0.22625487159857754,-0.03990788226255756,-0.22677251150605104,0.9739070877498913,-0.008900137963146582,0.03685286982053149,0.017712072392471672,0.9991637245604721,138,84,162,146,146,155,162,162,221218_161602
0,0,0,0,-0.009141733443152722,-0.026559585594478595,-0.005048399911615764,0.974956033351708,0.22135713266401438,0.021488435258730124,-0.22044653970089048,0.9746515897160675,-0.038178551542007215,-0.029394832284036103,0.03248535797413566,0.9990398617434071,161,162,96,72,162,90,162,162,221218_161602
0,0,0,0,-0.0026690605032519965,-0.03131171624605402,-0.005211811704223357,0.9740632986564269,0.22530545467151886,-0.020931849077900022,-0.2254027236937062,0.974262773075522,-0.002379317265934133,0.01985704816982424,0.007035701418710386,0.9997780736461107,85,146,138,162,71,139,162,162,221218_161602
0,0,0,0,0.0034782316743208197,-0.031275996080382854,-0.002850031450938373,0.9728321829907406,0.22325713686413254,-0.06126821832483279,-0.2240906176741347,0.974543176257044,-0.006999477213012693,0.05814584084776972,0.020538949585134657,0.9980967952769136,132,85,162,162,142,94,162,162,221218_161602
0,0,0,0,-0.0032784036037749598,-0.029872028415189385,-0.004518812781825365,0.9729838401553685,0.23082720258324874,-0.004609701086162162,-0.23086052647513686,0.9725269411108738,-0.029912641627740964,-0.00242159289204576,0.030168714939795175,0.999541887329764,98,18,104,120,162,160,140,140,221218_161603
0,0,0,0,-0.0034227766729431064,-0.03085733896613217,-0.0049503865785996415,0.9726188222524182,0.23238735053055604,-0.0029573491012673124,-0.23240439245911393,0.972482916243039,-0.01628422491690067,-0.0009082764055329753,0.016525644581138803,0.9998630296721391,77,154,146,162,78,148,146,146,221218_161603
0,0,0,0,-0.0037475013294222537,-0.03048113324089924,-0.003200560231005012,0.9727141353602822,0.23200426713074945,-0.0011094608699144346,-0.231897031373967,0.9720951357063129,-0.03542335354065902,-0.007139867662613741,0.034714077393022805,0.9993717802302163,124,92,138,162,129,81,162,162,221218_161603
0,0,0,0,-0.003073983128986435,-0.0353921813168931,-0.004329636169559559,0.9731718324308278,0.22957102010197397,-0.015288273040584395,-0.22962416584717119,0.9732777239698236,-0.001792897964236777,0.014468138173780802,0.005255354741405833,0.999881520093419,162,159,76,140,162,138,150,150,221218_161603
0,0,0,0,-0.004128891209964625,-0.032202609171926896,-0.004134097259719249,0.9741126698769891,0.2259963740128446,-0.00549047522260813,-0.22606293383357878,0.9738502872032085,-0.02260902609100892,0.00023734295588914868,0.023264931705795175,0.9997293066730845,162,162,162,113,162,154,162,162,221218_161603
0,0,0,0,0.0010600720153807197,-0.036032729942196626,-0.0034809934390808706,0.9677707362928121,0.24798480974923015,-0.04385585603891885,-0.2484853914040717,0.9686153474210919,-0.006270486351414229,0.040924469868696044,0.01696593274641397,0.9990181904710297,18,66,162,106,119,88,162,162,221218_161603
0,0,0,0,0.0027900069879092104,-0.036007016428599076,-0.0038347775701683684,0.9679957795146261,0.2472048491493406,-0.0432889523888303,-0.24783574155697238,0.9687526470063557,-0.009785403675082998,0.03951728797344715,0.02020077907483794,0.9990146708011818,162,123,85,149,138,162,162,162,221218_161603
0,0,0,0,-0.004974415556133871,-0.027761828695176363,-0.0050364903764007485,0.9712042715298436,0.2376563866650226,0.01678406504726524,-0.23645034588434788,0.9701186593556821,-0.054415261656138664,-0.029214669146821238,0.048879736571084596,0.998377320685613,143,162,160,88,117,162,77,77,221218_161603
0,0,0,0,-0.0016743755481155587,-0.0397260484528322,-0.0011084101522553236,0.9634530196589756,0.2653230985927945,-0.03690436645058669,-0.2655321265626772,0.9641016855942406,-0.0007934717676265361,0.035369035512765656,0.010563767673606964,0.9993184868396237,94,94,160,153,108,92,162,162,221218_161604
0,0,0,0,-0.005472361760319289,-0.043517106059609345,-0.0031593796464840507,0.9631938281695533,0.2685919289468906,0.010771493892173845,-0.2685927815991,0.9632528085415508,-0.001394456766182406,-0.010750211576486587,-0.001550013355640395,0.9999410134651235,162,115,103,154,162,120,162,162,221218_161604
0,0,0,0,-0.005221333055002497,-0.04467655109440362,-0.0041785184942785825,0.9579231504302066,0.28699227971030816,-0.004320793509038823,-0.2869909528463053,0.9574704522851636,-0.029774586230780255,-0.004408044264472381,0.029761794091156486,0.9995472999104337,151,162,152,80,162,162,83,83,221218_161604
0,0,0,0,-0.006077968984948168,-0.04953742490009006,-0.003344663349002852,0.9520668977480603,0.30493993593225105,-0.024088538478272945,-0.30533447650998596,0.9521302827844087,-0.014791283218669432,0.01842497399612433,0.021437352413865598,0.9996004002873979,96,112,162,148,89,103,154,154,221218_161604
0,0,0,0,-0.005163891416432254,-0.05243043937470783,-0.0036130651847087747,0.9455044948537692,0.3249816035438049,-0.02020414733204694,-0.3252750299432761,0.9455243291317947,-0.013412602852162392,0.014744663669221718,0.01925358091281854,0.9997059040114324,154,106,116,160,146,43,162,162,221218_161604
0,0,0,0,-0.012088189406216476,-0.04938199923177012,-0.004017350405702058,0.9481535201913319,0.3168855015950352,0.024258627901182394,-0.3152599776856762,0.9474489059111826,-0.05432970787082868,-0.04020010719404085,0.04386512927788102,0.9982283315028794,162,162,127,60,142,162,72,72,221218_161604
0,0,0,0,-0.007291293408249744,-0.058385659760648204,-0.002420587174960187,0.9426669167298264,0.3326072457136922,-0.027413576961667387,-0.33284416780765486,0.942971327963222,-0.004453604799069661,0.02436891584604947,0.013322715114709257,0.9996142562020913,83,125,162,162,82,114,162,162,221218_161604
0,0,0,0,-0.008384191940813301,-0.060955396757844046,-0.00320102448778109,0.9283844202144985,0.3715198106142673,-0.008683238113049245,-0.37151804716456643,0.928423838887636,0.001875104309614872,0.00875836366088276,0.0014851620395017918,0.9999605419013794,144,104,138,158,146,162,154,154,221218_161605
0,0,0,0,-0.011640541679894478,-0.06070504664009077,-0.0032449564432032174,0.9390274982405595,0.343788118651237,-0.006089911519733385,-0.34381122080949683,0.9385588324187962,-0.030019369316307398,-0.004604562254855223,0.03028279318207309,0.9995307651310854,129,162,124,54,162,162,64,64,221218_161605
0,0,0,0,-0.012483745740374586,-0.06453145845269523,-0.0028696909043403607,0.9363110881582842,0.35093818708651103,-0.012803711816576167,-0.351137897236124,0.9361042349336528,-0.020274083552000086,0.00487065872778774,0.023478717676075078,0.9997124719137221,80,133,162,162,103,122,142,142,221218_161605
0,0,0,0,-0.015821899149537022,-0.06418352380707934,-0.0030729567558921977,0.9265110919366041,0.37589568617036084,0.01672213015601049,-0.3752520199205329,0.9263605834608648,-0.03227988469009477,-0.027624591653113605,0.023632658093390706,0.9993389712241988,135,88,135,162,148,103,162,162,221218_161605
0,0,0,0,-0.015203316924166543,-0.06582026829466071,-0.0028912866147483007,0.9287323969854862,0.3707488693627761,0.001187710324945055,-0.3705288670566163,0.9282825824806078,-0.031619704946024264,-0.012825500666002012,0.028926163405401648,0.9994992664346034,162,162,61,82,162,160,58,58,221218_161605
0,0,0,0,-0.011415861673931271,-0.07230252536744997,-0.0038128669893182643,0.9230786471973264,0.3836057497960566,-0.027792801437769556,-0.38380425246111083,0.9234123386380958,-0.0019871194456264458,0.024901945328080922,0.012501262909311653,0.999611730395632,73,162,162,118,103,144,162,162,221218_161605
0,0,0,0,-0.015699811728348334,-0.07371893836940309,-0.005362002586122794,0.910638909815353,0.4130598654232353,0.010877660908628907,-0.41296598113795907,0.9106926417715909,-0.00990003261823871,-0.013995511890150225,0.004523251000991082,0.9998918270729662,112,88,150,161,131,84,162,162,221218_161605
0,0,0,0,-0.01591796442350446,-0.07362769321862798,-0.0045273553460716265,0.9127390227520237,0.4085102599750865,0.005181104203505971,-0.40843016012768874,0.9127114831496622,-0.011939548769270083,-0.0096062814736545,0.008781572856287468,0.9999152980800017,18,162,102,118,162,146,138,138,221218_161605
0,0,0,0,-0.011876612196467073,-0.07875392788826051,-0.0033183424334457534,0.9216673632959889,0.38758481341370826,-0.017529513572257373,-0.38784218805160514,0.9216052697048224,-0.014905167548361022,0.010378275500423148,0.020536291373127815,0.9997352410184788,56,152,162,126,75,139,162,162,221218_161606
0,0,0,0,-0.01430619893841889,-0.0778028736212956,-0.0013231100982269983,0.922333063675433,0.3855978567670927,-0.02481959926578249,-0.38617305980899913,0.9220784843163131,-0.02533054754018243,0.013118213630099934,0.032947862109013605,0.9993709775922057,125,93,162,162,137,89,138,138,221218_161606
0,0,0,0,-0.009617049503826358,-0.07840894250747743,-0.004399620625637035,0.9206413851002965,0.388741069973173,-0.03605302423819344,-0.3894139293448703,0.9209603256652883,-0.013743004863330984,0.027860934528407315,0.02669192886617764,0.9992553773988943,162,160,103,119,162,133,140,140,221218_161606
0,0,0,0,-0.014302820463841903,-0.07873537774385128,-0.005035926066797591,0.919167909668489,0.3938655222119581,0.0005515871296867467,-0.3938356841821671,0.9191138228492006,-0.011101104102381954,-0.004879313519814738,0.009986543958192496,0.9999382287118271,90,154,146,162,98,142,162,162,221218_161606
0,0,0,0,-0.01325377690101881,-0.07912557897162484,-0.003080590029464536,0.9137107072255325,0.4053022038362857,-0.029374599007755034,-0.4057195915379579,0.9139456933792645,-0.009740769772812989,0.022898832801897792,0.020818095949055912,0.9995210104531904,116,87,146,162,131,84,130,130,221218_161606
0,0,0,0,-0.013916666565357061,-0.0807266091911845,-0.004573501695493087,0.9100886839298553,0.41426490747552375,-0.011098370020820246,-0.4144123406027218,0.9098242152248072,-0.021961542448946512,0.0009996694438346436,0.02458625276163497,0.9996972125779607,155,156,64,130,162,162,146,146,221218_161606
0,0,0,0,-0.01910298138294564,-0.0782756931107582,-0.003806573722348383,0.9093072481137602,0.41591019297184445,0.013380579580227151,-0.41511340764359306,0.908868009905798,-0.040494436215337146,-0.029003229515074155,0.03126742637309225,0.9990901664643184,83,162,162,112,104,146,162,162,221218_161606
0,0,0,0,-0.009339931952393687,-0.08273181452583289,-0.002373838481005308,0.9065074528392582,0.4195016996412592,-0.047566395122757454,-0.42077763175676663,0.9069301514531646,-0.020588467604625453,0.034502500779614254,0.03867847441709308,0.9986558731899188,115,99,162,162,114,18,162,162,221218_161606
0,0,0,0,-0.011000291491818803,-0.08382855394413365,-0.0029283303017944573,0.9067830977961723,0.4190727466630035,-0.04607001796725026,-0.419889868713991,0.9075272725379369,-0.009313847282376863,0.03790661818896699,0.027789973087034167,0.9988947921044027,162,124,88,140,162,134,154,154,221218_161607
0,0,0,0,-0.013531946147475105,-0.0831856975071462,-0.00499244896685741,0.9032615685112548,0.4287755340580614,-0.0164341182851834,-0.42901549353188695,0.9031567820399086,-0.015922731075662163,0.008015307865479368,0.021432882413265266,0.9997381589152637,162,162,162,83,140,162,162,162,221218_161607
0,0,0,0,-0.011882902159032538,-0.08473661631509276,-0.003296131808382008,0.8993408577635715,0.43575606137930534,-0.03609261043867963,-0.43630877804254714,0.8997541412601907,-0.008782681148487168,0.028647369165477853,0.023646146754410576,0.9993098558423037,102,98,162,161,108,92,162,162,221218_161607
0,0,0,0,-0.010291260791162382,-0.08463289711191259,-0.004300517198626563,0.9045799624356732,0.4253505989800911,-0.028494903178523025,-0.42584266062009396,0.9046890265247512,-0.013992629549028041,0.01982725285750941,0.024791797695490177,0.9994959963957585,162,116,101,153,146,90,162,162,221218_161607
0,0,0,0,-0.015715285478276053,-0.08289044823479828,-0.005132440624276091,0.8981039150875222,0.4397494185359525,-0.005459542266141326,-0.43955288031836537,0.8971623648716055,-0.04350811949299446,-0.014234574398029241,0.041474569983056285,0.9990381558961737,148,162,153,80,162,162,76,76,221218_161607
0,0,0,0,-0.01346253373507278,-0.08785701842028011,-0.0040750622208794995,0.8914130282502906,0.4523380316997048,-0.027805002134196448,-0.4528791666560142,0.891398457141988,-0.01758553422095789,0.01683073006735663,0.028268280508706313,0.9994586689015613,97,113,162,148,60,103,154,154,221218_161607
0,0,0,0,-0.01726264545102074,-0.09084830077324758,-0.004440080818097325,0.882906259286501,0.46952675407513345,0.004600491320103023,-0.4694028296567075,0.8828331934895969,-0.01632592978164948,-0.011726927261384376,0.012254781949422507,0.9998561394002532,152,104,120,146,146,162,162,162,221218_161607
0,0,0,0,-0.020910646837096425,-0.08721036587649887,-0.004293410441374046,0.8865096107220686,0.462691341629919,0.0041752219235987095,-0.4618119815125962,0.8853146868989952,-0.05429179396873123,-0.028816728280912123,0.046202029626830676,0.9985163837561932,129,162,126,58,162,162,72,72,221218_161607
0,0,0,0,-0.01673788201035309,-0.09241323999373495,-0.0026939993939671947,0.8867940809511219,0.4610887198091422,-0.03151904907863105,-0.46192993186585024,0.8864536170720491,-0.028648260440937625,0.014730785330953088,0.039964699981937996,0.9990925015827549,49,125,162,141,94,110,162,162,221218_161608
0,0,0,0,-0.020124459002775374,-0.0925921257019625,-0.0019121976685917974,0.8810277484084746,0.472837120898929,-0.01466845712078722,-0.4730572593590631,0.8804178453463506,-0.032882319920910875,-0.0026336100670421676,0.03590925640695277,0.9993515844798138,146,98,162,146,146,84,154,154,221218_161608
0,0,0,0,-0.01989938012435477,-0.0931290343962044,-0.003980289117571534,0.8806580708273635,0.47371526218172727,-0.005934025844522479,-0.4736163324274711,0.8800358069898064,-0.03499354331517164,-0.011354820323431575,0.033627797904365576,0.999369921132073,162,114,98,74,162,90,71,71,221218_161608
0,0,0,0,-0.01410252703641457,-0.09884761002797236,-0.00537390104967056,0.8796306413153917,0.47485241590531363,-0.02766076585996293,-0.4749714355144979,0.8799976194078432,0.00251501129730266,0.025535667298318358,0.01092579266757501,0.9996142039558136,52,152,162,130,76,140,162,162,221218_161608
0,0,0,0,-0.02358836375349138,-0.09510110735812437,-0.003512447541462127,0.8775334764887024,0.47877645039139555,0.026610302370822052,-0.47840421134489675,0.8779265712791291,-0.019348023401349185,-0.0326252694873043,0.004248057519208277,0.999458626356386,126,94,143,162,130,41,162,162,221218_161608
0,0,0,0,-0.019935772244866312,-0.1013942446924426,-0.003923822439431124,0.889409779241323,0.45690485522253377,-0.013718522660109122,-0.45709778904252246,0.8892099930807216,-0.019162449160303026,0.003443231380375924,0.023313976054254282,0.9997222627701172,162,82,92,111,162,153,133,133,221218_161608
0,0,0,0,-0.02019218796238076,-0.10293441756127006,-0.0035329872842216337,0.8817721023169571,0.47098590243837213,-0.025499789800025662,-0.4714448565921048,0.8817428338484329,-0.016411037437795623,0.01475488964322382,0.026492539728128935,0.9995401135374056,83,134,162,162,104,128,162,162,221218_161608
0,0,0,0,-0.01693124897449738,-0.10206294147566387,-0.0029675236426438545,0.8777250222729137,0.4775562727906825,-0.03922743420469807,-0.47864152063899257,0.8776481876333518,-0.025218117778407795,0.022384816202207,0.0409104517472365,0.9989120356374882,140,95,137,162,150,94,162,162,221218_161608
0,0,0,0,-0.019153635729575624,-0.09924510619263079,-0.005787239300849567,0.8842249162464514,0.4669849285134614,-0.008448315230430862,-0.4668871714972819,0.8832566348996551,-0.043290714905211435,-0.012754080924304809,0.042223138763162776,0.9990267964237811,162,90,105,105,18,90,124,124,221218_161609
0,0,0,0,-0.019648160483346833,-0.10130004776126551,-0.0039057183728786193,0.8793424295299432,0.47585239349855823,-0.017927387709028506,-0.47618623742336164,0.8788612973120783,-0.029145966710905937,0.0018865091991596326,0.034166060478559745,0.9994143892272201,83,125,162,162,92,117,162,162,221218_161609
0,0,0,0,-0.015744962488492997,-0.10529779244491817,-0.0029643011737618408,0.8825784874073535,0.4689194029503032,-0.034202442931442825,-0.4692801430946072,0.8830445201442142,-0.002919373285209402,0.028833329028266533,0.018627103371290418,0.9994106614185898,130,162,145,162,154,95,162,162,221218_161609
0,0,0,0,-0.020434131783697906,-0.10150718673933665,-0.003937512990689951,0.8834326477682841,0.4682836637416809,-0.01603643132951687,-0.46855793017848135,0.882880154121848,-0.031242591516055823,-0.00047214825615521155,0.03511472241737985,0.9993831764371334,162,141,100,100,162,90,114,114,221218_161609
