0,0,0,0,0,0,0,1,0,0,0,1,0,0,0,1,162,162,82,95,162,162,95,95,221218_051745
0,0,0,0,-0.00032594869579741226,0.0022642286468690376,0.0009648724449281554,0.9999851168684514,0.0014451604138124717,-0.00526094601457437,-0.0014349975532048094,0.999997098239795,0.0019350178329171379,0.005263727159742664,-0.0019274395891343732,0.9999842889530908,150,162,135,85,150,162,85,85,221218_051746
0,0,0,0,-0.00017651301929383356,0.0007582131339991527,0.0003579380826204126,0.9999942742309126,0.0021350135544234536,0.0026254947178493576,-0.002136837285653053,0.999997477517646,0.0006920149998394618,-0.002624010633680794,-0.0006976212925281695,0.9999963139395699,78,154,162,91,78,154,91,91,221218_051746
0,0,0,0,2.472959295357624e-05,-0.00027193741186049003,-0.0001393440456350925,0.9999897507638283,-0.003044335259005711,0.0033511774240558567,0.0030457147128015124,0.9999952791355095,-0.0004066061769774914,-0.003349923758080319,0.00041680873995990125,0.999994302124412,78,154,162,102,78,154,102,102,221218_051746
0,0,0,0,-2.018992960195476e-05,-2.3073164780784694e-05,1.4268759505609019e-05,0.999995624090122,-0.0029152641932926513,0.0005030261327102026,0.002914336966261931,0.9999940709944278,0.0018342889739208375,-0.0005083705872313291,-0.0018328149595848815,0.9999981911726995,86,127,162,162,86,127,162,162,221218_051746
