0,0,0,0,0,0,0,1,0,0,0,1,0,0,0,1,162,162,83,96,162,162,96,96,221218_070609
0,0,0,0,-0.00032781406311269135,-0.0004577813353706661,-0.00021516373811197864,0.9999999065516162,-0.0004191957175601901,0.00010569630836828793,0.0004190136405386813,0.9999984384761758,0.0017168205434584792,-0.0001064158271406157,-0.0017167760948301276,0.9999985206766616,162,114,136,104,156,162,116,116,221218_070609
0,0,0,0,-0.0023279272523372696,-0.0011978126653482413,-0.0037082982624325744,0.9998485404907005,0.002560321231374991,0.017214552965688648,-0.002633084941018223,0.999987690089802,0.004205535941531468,-0.01720357353312712,-0.0042502263533019625,0.9998429739882339,37,82,162,90,162,90,162,162,221218_070610
0,0,0,0,-0.0023399049427812735,0.0011346503866315194,-0.0029412325360846925,0.9997252008892681,0.012921275449371057,0.019559226663497936,-0.013031501841379479,0.9998998575584702,0.005518588071967701,-0.019485960758215876,-0.005771957667154942,0.999793469591604,162,140,112,152,162,131,162,162,221218_070610
0,0,0,0,-0.00166879909512202,0.004217341050803625,-0.0036102396185578867,0.9999171048819111,0.01020185233054039,0.007855289530160832,-0.010082905855401822,0.9998361167719589,-0.015035777594791213,-0.008007394962652271,0.014955327057431998,0.9998560995555896,162,162,162,88,162,162,84,84,221218_070610
0,0,0,0,0.001643574957941013,-0.00022056439290485397,-0.003562261918172882,0.9993217950469759,0.03559553333988117,-0.009429101247665186,-0.03566921468471867,0.9993334852416568,-0.0077648179976883835,0.009146423774610906,0.00809588049634929,0.9999253970427613,104,96,162,162,96,90,162,162,221218_070610
0,0,0,0,-0.007993044483530415,-0.007576888476436672,-0.003817156568549973,0.9974832486928051,0.049594949407730654,0.050670598679050737,-0.050838501458499046,0.998429085520537,0.02355436172087133,-0.049422822124024685,-0.026071098555068555,0.9984376207222105,138,162,126,162,146,37,162,162,221218_070610
0,0,0,0,-0.002547072138928075,-0.008714333697066534,-0.0040635423252115,0.9985374129574872,0.05403267571334016,0.0018721323205635044,-0.05403944950769953,0.9985316494590872,0.003779275779712564,-0.0016651789914213738,-0.0038749172599359147,0.9999911060580264,162,162,162,18,162,162,18,18,221218_070610
0,0,0,0,-0.002029933755036961,-0.008785590702039214,-0.004673434557314893,0.9977149568670263,0.0675444570699222,-0.0016159093283179336,-0.06755261915503252,0.9976995164289911,-0.005684941745744048,0.0012282056517655391,0.005781110316091338,0.9999825349846818,63,108,162,162,84,107,162,162,221218_070610
0,0,0,0,-0.0015351558480125316,-0.011154413701539245,-0.004274222870727262,0.9972855625579174,0.07362781840258849,-0.0006716180562872009,-0.07361981068644513,0.9972523019361333,0.008244377330853104,0.0012767881696128351,-0.008172554090182804,0.9999657890006101,146,162,125,162,146,88,154,154,221218_070611
0,0,0,0,-0.0042966157684265205,-0.012312299138271476,-0.004812862107069271,0.9959039877921558,0.08724371917715294,0.02374406375958795,-0.08680999450400541,0.9960489068118726,-0.01872431822759702,-0.025283827912241024,0.016586401147080425,0.9995427051122391,162,162,162,22,162,162,62,62,221218_070611
0,0,0,0,0.0005826997681534218,-0.021018422535797,-0.002374953688097259,0.994744962440521,0.10057829136531847,-0.019143327956217284,-0.10044235041990504,0.9949112180988869,0.007937401534113,0.019844242019568293,-0.005972889336145495,0.9997852422653811,18,114,162,148,90,110,162,162,221218_070611
0,0,0,0,-0.005320408525162357,-0.021533077078693452,-0.004271108297326798,0.9927750774924273,0.1170727890248259,0.026298433030370556,-0.11747241444527215,0.9929746529682949,0.01419754932697326,-0.024451530714915827,-0.017184313557493454,0.999553311241204,138,162,122,162,146,162,162,162,221218_070611
0,0,0,0,-0.0051965529204307526,-0.022386166769303162,-0.00361034327568871,0.9914253868536854,0.1298821287958202,0.014364362898711014,-0.12982121353644463,0.991524308670967,-0.00509880677069344,-0.014904858870339462,0.0031902874519377433,0.9998838268759171,162,162,162,18,162,162,42,42,221218_070611
0,0,0,0,-0.0004160642882803378,-0.027240783388042367,-0.0030855625614933935,0.9903947346135721,0.13704906190481211,-0.01832550901671901,-0.13716511845963628,0.9905344018637836,-0.0052277148267863335,0.017435593699808263,0.007691121853621718,0.9998184068704515,122,122,162,151,132,98,162,162,221218_070611
0,0,0,0,-0.005074008019938708,-0.027216925718586027,-0.0020892116028892738,0.9906868494077841,0.1359845065532941,0.006912335924609546,-0.13600565440596193,0.9907044218246844,0.0026852461009625266,-0.006482929899634588,-0.0036003547705479666,0.9999725041547104,162,145,102,148,162,130,162,162,221218_070611
0,0,0,0,-0.005864114792196867,-0.02390654782806878,-0.0034280953503662004,0.9872750495102413,0.15839361086802045,0.014122345794556774,-0.15809270017860702,0.9872144238470608,-0.020356313481384187,-0.01716609346322005,0.01786464062066196,0.9996930428139962,84,162,162,116,84,162,132,132,221218_070611
0,0,0,0,-0.0003550208926124121,-0.023297651935660246,-0.0048869370309876925,0.9883171811714854,0.15170093091261008,-0.01469615464999029,-0.1518483183250293,0.9883582713589133,-0.009487658208491961,0.013085779423078911,0.011608401985980751,0.9998469919843849,144,96,150,162,130,83,162,162,221218_070612
0,0,0,0,-0.0072477112305387725,-0.03568129710294221,-0.0033347482054696953,0.9873100820801429,0.15800997087236712,0.01586350931587953,-0.1579548033889302,0.9874352511615772,-0.0046802617273082265,-0.016403716324836542,0.0021151520950960117,0.9998632127557993,138,162,114,63,162,162,47,47,221218_070612
0,0,0,0,-0.006961881048754143,-0.041934776446720834,0.001341170619052201,0.9858723690710198,0.16747109572694768,0.003017283266469754,-0.16737023894544797,0.9856631251948782,-0.021340261160747054,-0.006547901773716245,0.020533770405864227,0.9997677176500954,106,162,154,140,99,158,101,101,221218_070612
0,0,0,0,-0.0030738864443678737,-0.03604449209007998,-0.004926068248860993,0.9892549481566328,0.1457862069366959,-0.01100133694729034,-0.14594084506508262,0.98918141015473,-0.014879769688693468,0.008713052812101902,0.016325430202903845,0.9998287668592974,144,96,155,162,133,85,138,138,221218_070612
0,0,0,0,-0.012831249157296526,-0.05213928909717336,-0.0012002578778129713,0.9844473492493406,0.16922879994590456,0.047170221801637865,-0.17004862891895672,0.9853373978625387,0.013916758827520578,-0.04412346721110673,-0.02172154788106682,0.9987899148464209,143,151,105,73,154,154,73,73,221218_070612
0,0,0,0,-0.0049592016610119916,-0.04862947875738832,-0.0027849103857937596,0.9864425260619228,0.1635026003697758,-0.014072755554361362,-0.16336012393934227,0.9865079651153594,0.01074730991804905,0.015640098564079902,-0.00830267645240283,0.9998432141494147,86,162,162,93,120,154,139,139,221218_070612
0,0,0,0,-0.007001436398823446,-0.05287231533718639,-0.003949473331794406,0.9873542841110458,0.15818197877503173,0.010487098663580588,-0.15827115668947353,0.9873608224127937,0.008297428788951356,-0.009042046656615744,-0.009852307097679371,0.9999105827208313,131,91,156,162,132,70,162,162,221218_070612
0,0,0,0,-0.008988694432713412,-0.06708555901918145,0.003950423798482872,0.9880996757181905,0.15360787450670946,-0.007978203753753875,-0.15369574944884243,0.9880464677037109,-0.011907739482306202,0.006053713485460424,0.012992249526192113,0.9998972717260933,162,162,98,114,162,162,135,135,221218_070612
0,0,0,0,-0.003965619384691033,-0.05812056833007928,-0.004595960290582957,0.9872493098683409,0.15843507384090602,-0.015398946116932653,-0.1584482081108468,0.9873672202586034,0.0003710865931867019,0.01526320775418082,0.002073580435998043,0.9998813603389294,114,98,162,162,106,83,158,158,221218_070613
0,0,0,0,-0.006202678000940681,-0.06338251157745745,-0.0036447029997551117,0.9889969224433929,0.1477812188073446,-0.00676747850474017,-0.14781656125218706,0.9890018661252108,-0.00505697740046342,0.00594572258642869,0.006001680486842616,0.9999643134703653,162,152,100,136,162,144,152,152,221218_070613
0,0,0,0,-0.009803119008702038,-0.06306316265977818,-0.003572111254741772,0.989478164152243,0.14464130903420247,0.0034430200084089573,-0.14455409053198798,0.9893230355515356,-0.018548483430324367,-0.0060891359301450485,0.017855616706446625,0.9998220338518534,74,154,162,100,84,154,118,118,221218_070613
0,0,0,0,-0.0035826912890688234,-0.0645008683093119,-0.004840407651591605,0.9890181672151057,0.1458142238203667,-0.024109687889662255,-0.1460772989372031,0.9892273048817789,-0.009526909863248901,0.02246080260551531,0.0129441650173144,0.9996639239956199,136,88,162,122,130,83,162,162,221218_070613
0,0,0,0,-0.015365253485601388,-0.07803122578698407,-0.001274521598468692,0.9876990389564451,0.15422048078107897,0.025819600155066735,-0.15421333871241655,0.9880349435742494,-0.002279570003199404,-0.025862223564188522,-0.0017301976427384904,0.9996640194627558,162,162,148,122,162,156,147,147,221218_070613
0,0,0,0,-0.013120664866161591,-0.07619068544152852,-0.0024754520930027613,0.9844489794651562,0.17566531492684004,0.0013798411743538373,-0.17563056811539188,0.9843614869342222,-0.013651614707144601,-0.0037563777069103458,0.013196975877139012,0.9999058602959687,101,141,138,162,85,135,160,160,221218_070613
0,0,0,0,-0.011634518627465562,-0.07852857628731469,-0.004055850640099834,0.984898605210353,0.17255251671115107,-0.014155084999698423,-0.17258676471791004,0.9849935567597699,-0.0012254737623269571,0.01373120893823694,0.003649947723642281,0.9998990607969933,158,100,162,162,154,94,162,162,221218_070613
0,0,0,0,-0.01306349431675291,-0.08284389962483474,-0.00413637037300546,0.9819500245624084,0.1885780757394008,-0.014575960081927988,-0.1886793336333616,0.9820210088669924,-0.00590315199905472,0.01320069398008108,0.008546782685791388,0.9998763394461166,162,162,146,72,162,162,66,66,221218_070613
0,0,0,0,-0.015507421895473439,-0.08496207274279355,-0.0009863127347966572,0.9835727355138743,0.1804172948786329,-0.005854371224257031,-0.18046589702732316,0.9835378282357826,-0.009241235813645512,0.004090716792758436,0.01014594194327222,0.999940161158759,72,162,154,150,87,154,102,102,221218_070614
0,0,0,0,-0.013750405120920905,-0.08518795571538595,-0.0049933671081983655,0.9861785192573949,0.16563720638865015,-0.004030386464693626,-0.16562185386999295,0.9861816761281634,0.003886282248179968,0.004618406214022248,-0.0031650479948315065,0.9999843262747835,134,94,162,130,133,80,162,162,221218_070614
0,0,0,0,-0.01787220197311218,-0.09458056048339847,-0.003423802243961882,0.9863519174054047,0.16425505941858232,0.011409228110644567,-0.16436256453393625,0.986356877837709,0.009222630973516553,-0.009738706819202905,-0.010972009735869006,0.9998923805049449,162,162,92,122,162,162,144,144,221218_070614
0,0,0,0,-0.017030782199593114,-0.09032531875976546,-0.00421179693328938,0.9874517262029945,0.15722817172437434,0.014778038940868517,-0.15698370527309394,0.9874639357054544,-0.01646487047698009,-0.01718152197733263,0.013938353464594799,0.9997552288461603,72,134,162,160,62,134,162,162,221218_070614
0,0,0,0,-0.011650485256061965,-0.09374523100853815,-0.0036271801059881703,0.9883505641154589,0.14930792564076384,-0.02950094495954967,-0.14975710200044737,0.9886287180161127,-0.013640685988760354,0.027128818866324757,0.017899755715329042,0.9994716734016275,146,83,152,162,138,162,162,162,221218_070614
0,0,0,0,-0.017646104111920496,-0.09297577265578028,-0.003127354278173289,0.9889369053100204,0.14804631345344776,0.009278275092004556,-0.1477600605985632,0.9886733513339155,-0.02630530087403183,-0.013067586148494199,0.024643324349769333,0.9996108966779242,140,148,98,96,162,162,40,40,221218_070614
0,0,0,0,-0.016179602924179304,-0.09143974945147415,-0.004555292037529524,0.9897261933269269,0.14296544510457224,0.0017157355981168346,-0.1429093811357262,0.989561173034246,-0.01859014810297256,-0.004355574129190442,0.018153961802819047,0.9998257161350005,80,145,162,128,89,146,162,162,221218_070614
0,0,0,0,-0.015103456338954213,-0.09050711592972394,-0.004494543698845943,0.993172701247266,0.11579519771808627,-0.01412294879399575,-0.11598799958163222,0.9931562154454134,-0.013693636302844446,0.012440637052006815,0.015238238335603116,0.9998064945989137,147,95,162,162,130,39,162,162,221218_070615
0,0,0,0,-0.017689030634017944,-0.0969985193426467,-0.00361383735724663,0.9936210531676082,0.11276907543943994,0.0005816585140643462,-0.11276419322932789,0.9936064770584085,-0.005514115787444695,-0.001199761406226554,0.005413351282935575,0.9999846279820784,162,162,105,140,162,143,138,138,221218_070615
0,0,0,0,-0.01796993170728678,-0.09790536983717579,-0.005270330368714604,0.9928828493151628,0.11906183516539447,-0.0028154827031743614,-0.1190858077687175,0.9928233720438914,-0.01096915272335372,0.0014892695778449315,0.011226367642502576,0.9999358733167241,162,162,162,46,162,162,18,18,221218_070615
0,0,0,0,-0.016977516581741847,-0.10176675147409231,-0.005216630045686066,0.9953041067591817,0.09658742709978912,-0.006372126375876582,-0.09655326050689135,0.9953127971400402,0.005468430739954815,0.006870440582349241,-0.004827501995052457,0.9999647455139068,134,94,162,162,132,92,162,162,221218_070615
0,0,0,0,-0.0215382239048931,-0.10670803459839584,-0.00428318099688102,0.9934383240413199,0.11287223221204565,0.018443305599689222,-0.1130478809217043,0.9935508112606076,0.00877280243133821,-0.017334155447718064,-0.010800214759771366,0.9997914194551065,146,34,113,161,146,162,154,154,221218_070615
0,0,0,0,-0.02033790046853795,-0.10611311034409321,-0.004775382262516503,0.9928016435090665,0.1195023051813319,0.008005979143358176,-0.11938841750082911,0.9927565249221919,-0.013449460623415257,-0.009555229580903418,0.012396825430766622,0.9998775006504024,162,162,162,55,162,162,18,18,221218_070615
0,0,0,0,-0.020910361114178627,-0.11315319528758627,-0.004025143619700411,0.9914674547544747,0.1303331422890936,0.0023575800589459004,-0.13028501758594635,0.991367452056254,-0.014710173218583042,-0.004254451235250518,0.014277500640585816,0.9998890201518091,18,82,162,90,100,92,90,90,221218_070615
0,0,0,0,-0.018665716458335868,-0.11317446032862233,-0.0065387290739918336,0.9929863549387818,0.11820242272822448,-0.0025072228798880326,-0.11821727382075356,0.9929632986877217,-0.006968760979330887,0.0016658558701882515,0.007216281617026754,0.9999725747258488,162,136,162,162,162,142,154,154,221218_070615
0,0,0,0,-0.019878230342135678,-0.11584004565988115,-0.0052543774610986915,0.993377414126847,0.11477081665148721,-0.005382633909989079,-0.11479488983422109,0.9933794762868472,-0.00439879074495817,0.004842145248471011,0.004987558242226441,0.9999758386542013,144,162,146,73,162,146,36,36,221218_070616
0,0,0,0,-0.027096609348633255,-0.11604724800017208,-0.002859836032551244,0.9924161677706095,0.11659991310691865,0.038917993408648446,-0.11668245777595626,0.9931692610664273,-0.00015139394972651978,-0.03866980727723841,-0.0043908013192186825,0.9992423964528908,44,114,162,162,96,104,162,162,221218_070616
0,0,0,0,-0.021713363294372012,-0.11749056014890602,-0.005318219597133189,0.9941276919480735,0.10799743624711632,0.006832705616749857,-0.10796841485563193,0.9941442141157323,-0.004483629531290102,-0.00727691525010914,0.0037195838828753716,0.9999666050424788,162,127,162,154,162,106,154,154,221218_070616
0,0,0,0,-0.026619018034145542,-0.12268118737946954,-0.001529439780672437,0.9917317285634994,0.12388203291182914,0.033487616846920754,-0.12390599361502258,0.9922930195115908,-0.0013668119268734978,-0.033398851877387364,-0.002793805684357648,0.9994381978607133,137,159,118,58,136,160,77,77,221218_070616
0,0,0,0,-0.02661871043665237,-0.12340201524526584,-0.003001629430588515,0.989536696026976,0.1442297125499434,0.0038622834924496286,-0.14414050788720603,0.9893988162648938,-0.017705828408878372,-0.006375045257380209,0.01696385543993565,0.9998357797191393,85,114,162,149,77,114,135,135,221218_070616
0,0,0,0,-0.01841991625669895,-0.1236854071893897,-0.004945533400956492,0.9910153854052659,0.12925814380163236,-0.034363325668639734,-0.12945487031380926,0.9915789471173126,-0.0035536158707442666,0.03361461649472274,0.007970187869712767,0.9994030886800552,162,104,122,146,146,162,162,162,221218_070616
0,0,0,0,-0.03183015010353463,-0.12688976262010687,-0.002628724478797917,0.9913413309863522,0.12414262568212057,0.04278988159549732,-0.12315657166707082,0.99207312020661,-0.024967639430554717,-0.04555023966370985,0.019481597785331678,0.9987720675981628,131,157,116,75,162,130,76,76,221218_070616
0,0,0,0,-0.022769153712659307,-0.12616980847885284,-0.00404248073641722,0.9922720991832354,0.12352121213733327,-0.011772482092527506,-0.12365356701108152,0.9922614795904892,-0.011267275017905856,0.010289633031887574,0.012635912037407255,0.9998672197742318,162,114,162,162,101,114,159,159,221218_070616
0,0,0,0,-0.026518148910013,-0.12670070066653816,-0.004943903779449921,0.9959392818112769,0.08843848767057957,0.016839858781452655,-0.08857512362462941,0.9960409065035488,0.0075471879842229795,-0.01610572631457952,-0.009008133554090785,0.9998297150563947,160,96,162,162,155,84,162,162,221218_070617
0,0,0,0,-0.023296458291291955,-0.12838432681747203,-0.004929909711375358,0.9948264064155847,0.09965428436643148,-0.019734353439319948,-0.09939279410864561,0.9949523303121846,0.013817846635034648,0.021011748559555187,-0.011784906184072115,0.99970976908736,162,162,148,122,162,162,130,130,221218_070617
0,0,0,0,-0.02352319688860044,-0.12802003273944673,-0.0052924865408096045,0.994162246223793,0.1061133974729776,-0.019528826385736272,-0.10604857621885885,0.9943515296579098,0.004328388721762682,0.019877818421930666,-0.0022321164207251298,0.9997999249805276,140,162,162,162,82,162,148,148,221218_070617
0,0,0,0,-0.0257535713160362,-0.13352423819852832,-0.004723421798549177,0.9952492309200284,0.09735520630628232,-0.0009654833782814612,-0.09735395268060842,0.995249011377944,0.0012701372706266883,0.0010845508537556648,-0.0011701095186317525,0.99999872729577,141,87,162,162,136,88,162,162,221218_070617
0,0,0,0,-0.026637781815648243,-0.13991982480374443,-0.005061877169607987,0.9940408359391745,0.10898838282596751,-0.0020854002798660273,-0.10898018846641684,0.9940370128005093,0.0037061711326307634,0.0024768946629132073,-0.0034568181352864135,0.9999909576597222,162,152,114,150,138,162,146,146,221218_070617
0,0,0,0,-0.026365338063153748,-0.1365128881160187,-0.005959461511757191,0.9937472150959824,0.1114941078960507,0.005961240931488123,-0.11144381462202631,0.9937369683200504,-0.008192312040348844,-0.006837300013227082,0.007476743846007711,0.9999486734977903,162,162,162,18,162,162,18,18,221218_070617
0,0,0,0,-0.023992283653506086,-0.14082541058086562,-0.0051985568453744024,0.9940949535484812,0.10788534086634542,-0.011660898575826268,-0.10782480557788816,0.9941535541267293,0.005702816784982712,0.012207974096215247,-0.004411807265161206,0.9999157471132861,120,87,162,114,122,86,114,114,221218_070617
0,0,0,0,-0.027448658370481327,-0.1418261131002928,-0.005343817111337579,0.9944185773043592,0.10548917285367591,-0.0019306793159674502,-0.10548968205349402,0.9944203840586165,-0.0001635511107547135,0.0019026539954856499,0.0003663050100617044,0.9999981228624447,162,106,115,162,146,162,162,162,221218_070617
0,0,0,0,-0.03156591096957989,-0.14271709360478702,-0.004430971954599738,0.9938163971536822,0.10567834061317331,0.034074287574659794,-0.10577494345469898,0.9943895513551767,0.0010399484629845528,-0.03377321550622174,-0.004637723676177793,0.999418761797813,162,162,154,18,143,162,72,72,221218_070618
0,0,0,0,-0.026787864103449188,-0.14614416471895908,-0.005438791545899269,0.9936688154308361,0.11232502942757838,-0.0023179741959669384,-0.11233278220314794,0.9936643348403026,-0.003540580302471218,0.001905592500946726,0.0037785487256018495,0.9999910456032836,113,89,162,162,112,88,162,162,221218_070618
0,0,0,0,-0.02847930855912001,-0.149324656040277,-0.00584442420534087,0.9955475309408472,0.09424242460542706,-0.0018652190415558495,-0.09424278490694515,0.9955492384860043,-0.00010603263567029539,0.0018469246237577267,0.00028134396557803103,0.9999982548559807,162,140,162,162,162,119,154,154,221218_070618
0,0,0,0,-0.03530923190024515,-0.152012814361987,-0.004837981693608329,0.9938994966418415,0.10609927487682118,0.03011203157721692,-0.105459259037669,0.9941778918462002,-0.02210574693310662,-0.03228211979285678,0.01879529821145437,0.999302057191329,120,160,132,84,157,162,18,18,221218_070618
0,0,0,0,-0.02762229518930784,-0.15555271290972383,-0.005594260577886256,0.9944288395926748,0.10515490770096915,-0.007329964035818265,-0.1051649434460701,0.9944542935460419,-0.0009963522607640248,0.007184542876939321,0.0017616566757854525,0.999972639080393,109,90,162,82,118,90,82,82,221218_070618
0,0,0,0,-0.031521368646488274,-0.15983930633691568,-0.004231492025047412,0.9935448366860146,0.11307839744524226,0.009051713968974728,-0.11305324166133425,0.9935836297608848,-0.003245800525020149,-0.009360664742647412,0.0022015227457623018,0.9999537645577297,162,98,162,162,162,104,154,154,221218_070618
0,0,0,0,-0.034025599901914505,-0.15786433777987974,-0.0031442387392851545,0.9922776931640482,0.11971452134436421,0.03245632493559162,-0.120027917338763,0.9927392516515058,0.007878914247927752,-0.03127744728001328,-0.011713735941060992,0.999442099214331,149,160,124,76,156,162,18,18,221218_070618
0,0,0,0,-0.03146696151146128,-0.15669222434238483,-0.004340349258128151,0.9936187665638925,0.11258093079207197,0.0068761002057315685,-0.11255830129483266,0.9936386185601341,-0.003595068223284564,-0.0072370948363424765,0.00279816509504271,0.9999698969121175,100,108,162,162,92,108,162,162,221218_070618
0,0,0,0,-0.028229415589535928,-0.1588847178931293,-0.004815239834504992,0.9950399012518215,0.09838960310455273,-0.014665637309496535,-0.09855183418709677,0.9950735110152764,-0.010781635037801801,0.013532586416649965,0.012173482519720464,0.9998343239898385,154,162,153,162,146,162,162,162,221218_070619
0,0,0,0,-0.03545258297776904,-0.16131539014649876,-0.004077714751087258,0.9946546266409393,0.09927721344591217,0.028393812568730824,-0.09861828671965879,0.9948421604054526,-0.023738353023975412,-0.030604039378039228,0.02081131351516573,0.9993149063250888,136,152,106,29,162,114,72,72,221218_070619
0,0,0,0,-0.028770574473150762,-0.16153524010492148,-0.006605569553410795,0.9949567905136852,0.10014150556743155,-0.005715231700830827,-0.10015475084584621,0.9949696984373334,-0.002079681352432652,0.00547821994014208,0.00264160069073006,0.9999815053550131,51,114,162,136,162,114,162,162,221218_070619
0,0,0,0,-0.03230162788230162,-0.15899151370361453,-0.006620714122933857,0.9968076315560277,0.07360794991657608,0.03092596612462435,-0.0737998449796704,0.9972599892173312,0.005108501465597687,-0.03046520232394993,-0.007374524752567318,0.9995086231904325,162,113,149,162,160,88,162,162,221218_070619
0,0,0,0,-0.0334157121474008,-0.1546172416434164,-0.0067941860519736275,0.9966492533706182,0.07559385334979124,0.031238359296219705,-0.07484914033451016,0.9968972842137304,-0.024360027062233974,-0.032982903859033574,0.02194023844488036,0.9992150689366165,162,162,162,122,162,149,122,122,221218_070619
0,0,0,0,-0.031235035699666736,-0.16161818027465202,-0.005032122106932102,0.9960687296479177,0.08844288155306794,-0.004994248709660946,-0.08848917495108806,0.9960272700539756,-0.009967107168067662,0.004092888229562071,0.010369860722979752,0.9999378551962746,100,162,162,162,159,162,162,162,221218_070619
0,0,0,0,-0.03198005249912719,-0.16555486944348574,-0.00602491471470562,0.9963923523230432,0.08398067380961599,0.012228109364725358,-0.08412382017715507,0.9963865736460601,0.011703791550827822,-0.011201031691522152,-0.012690243667732982,0.9998567370402116,144,85,162,162,144,77,162,162,221218_070619
0,0,0,0,-0.03150688585328654,-0.167509290014198,-0.0058298536702695025,0.9975953595258455,0.0692581984376774,-0.0026077963240224286,-0.0692728764493455,0.997579484678181,-0.0060365832759487524,0.0021834012306527883,0.006202717016036325,0.9999783792966149,162,162,116,154,138,100,153,153,221218_070619
0,0,0,0,-0.029930831681254072,-0.1664867942000684,-0.006039226282565258,0.9971618161518973,0.07473266766605706,-0.009129117819621668,-0.07477282165999746,0.9971920051703215,-0.004138836236839528,0.008794177030972732,0.004809699357321354,0.99994976335936,162,162,162,18,162,162,18,18,221218_070620
0,0,0,0,-0.028280553517112644,-0.17216127117418145,-0.00452965692478885,0.9961410251066426,0.08445716837391953,-0.023875611191047585,-0.08434105632143653,0.9964198849488876,0.005830874465280666,0.024282592902549506,-0.003794678998940218,0.9996979324242019,127,88,162,114,128,89,162,162,221218_070620
0,0,0,0,-0.03141509639627829,-0.1733137896261323,-0.005176405503935222,0.995631086640455,0.09330909800262038,-0.0034859066374665296,-0.09329881100729459,0.9956336157694111,0.0030058300940951467,0.0037511571245246104,-0.002667466938282479,0.9999894066640708,162,107,115,162,162,153,162,162,221218_070620
0,0,0,0,-0.032810163135783055,-0.17260273305624252,-0.004439492860237093,0.9954654212514503,0.09505134295414189,0.0037198515141364354,-0.09498231713962443,0.9953556624003002,-0.015667314972503985,-0.005191774596505993,0.0152429501827548,0.9998703405673485,134,162,147,60,162,154,70,70,221218_070620
0,0,0,0,-0.033191471651845744,-0.17914945546449512,-0.004451067713856449,0.9940381796753802,0.10902950956894339,-0.0008144880675119719,-0.10903227087398064,0.993990926371819,-0.009695473096017895,-0.00024749892795250625,0.009726475911057466,0.9999526660850663,102,94,162,158,105,97,140,140,221218_070620
0,0,0,0,-0.03582129200963585,-0.18223795634505124,-0.005377190080726568,0.9965547122954812,0.08078778365857402,0.01876271337537809,-0.08083578202949633,0.996725784867261,0.0018127670622993715,-0.01855483078206069,-0.0033232201669225105,0.9998223214463515,162,135,140,154,162,106,154,154,221218_070620
0,0,0,0,-0.03932505831234123,-0.18380227119500336,-0.004402766798849489,0.9949081265485616,0.09492714139868896,0.033862332369524954,-0.0939619657485549,0.9951521114385808,-0.029041764615838534,-0.03645502325192281,0.025712116311336554,0.9990044636309159,162,156,119,68,162,162,45,45,221218_070620
0,0,0,0,-0.03154348752799943,-0.1857816121824991,-0.006208380028152494,0.9952921252249175,0.09540188434851926,-0.017089936454496628,-0.09537126792829151,0.9954383777645439,0.0025994859574038124,0.017259974479037182,-0.0009573589945579707,0.999850577208784,96,103,162,157,100,107,162,162,221218_070621
0,0,0,0,-0.03707484939927913,-0.1920586316914218,-0.004948916784993651,0.9948092067510024,0.100670845807061,0.014833171202823982,-0.10067662541425725,0.9949191367140446,-0.00035846251863379296,-0.014793892612786179,-0.0011367518070805741,0.9998899182093448,162,96,162,154,162,100,154,154,221218_070621
0,0,0,0,-0.03487327356388284,-0.19118576560672718,-0.005099773322204348,0.9949540171407685,0.10029717239274111,-0.0026421554586433423,-0.10028808331561374,0.9949527223645236,0.0033735151255427313,0.00296717379460362,-0.0030915157192752613,0.9999908191629711,161,157,112,68,162,162,34,34,221218_070621
0,0,0,0,-0.034333821758823685,-0.19516569800211203,-0.004505045417213471,0.9947656602059566,0.10113836177277208,-0.014570966094511011,-0.1011152995597689,0.9948720256117003,0.00231275813912993,0.0147301551229338,-0.0008273047756467756,0.9998911631256986,76,114,162,162,73,118,18,18,221218_070621
0,0,0,0,-0.037254043197883946,-0.19686199518467562,-0.006093017096151676,0.9956337062475791,0.09329583032993838,0.0030677396819945666,-0.09329602658254715,0.9956384108311895,-7.938167750640125e-05,-0.0030617654413407124,-0.00020717284913656918,0.9999952913248105,162,118,162,162,162,100,154,154,221218_070621
0,0,0,0,-0.04073374542611874,-0.19761805551889178,-0.004735476508743619,0.994885881387833,0.09604288380877772,0.031270552998749555,-0.0965000805060932,0.9952420711832917,0.013451922134349694,-0.02982980853896827,-0.01640073829084269,0.9994204312030266,129,149,99,60,153,155,60,60,221218_070621
0,0,0,0,-0.037377394092427935,-0.20183783959890056,-0.004121935463854365,0.9951223033309045,0.09854169553917244,0.0045973528970119784,-0.09854590051871992,0.9951322626027641,0.0006967194968825071,-0.004506318269848873,-0.001146371391752165,0.9999891894057068,70,112,162,161,94,111,136,136,221218_070621
0,0,0,0,-0.03550711144997262,-0.20210317676385203,-0.003980912025976335,0.9950391767821353,0.09901924179772041,-0.009603458883961573,-0.0990881779641017,0.9950541151453006,-0.006988627916568467,0.008863952644609723,0.007905547811903151,0.9999294638409789,162,125,120,162,146,44,162,162,221218_070621
0,0,0,0,-0.03853724520924237,-0.20343943169598844,-0.004264312135267678,0.9955783326860089,0.09300938745613209,0.013154365480009035,-0.09296560232785023,0.9956616707632531,-0.003903095790180378,-0.013460322060283436,0.0026629340890117416,0.9999058598248491,156,130,114,72,162,122,43,43,221218_070622
0,0,0,0,-0.03655403001924251,-0.20933481700037282,-0.0016861970342655908,0.9937234750120013,0.11013272689627776,-0.019607082303648646,-0.11038115820010147,0.9938160232099932,-0.012071119479068065,0.018156407256842692,0.014159607249625818,0.9997348900573891,98,105,162,162,162,106,162,162,221218_070622
0,0,0,0,-0.031126209985277792,-0.20279640967169854,-0.0050328921132726245,0.9938147235402064,0.10530152208777242,-0.03526874991690535,-0.10599874885709495,0.9941938810836025,-0.018514644383681614,0.03311435512633977,0.022138569554559263,0.9992063466685169,154,162,148,162,162,108,146,146,221218_070622
0,0,0,0,-0.0425387398413489,-0.20073001780746202,-0.005322061143561485,0.9944197246637032,0.09853927865460882,0.037675214159890655,-0.09754100505972343,0.9948520577108162,-0.027479730720898876,-0.040189097174523125,0.023651508002312607,0.9989121295877398,133,162,127,68,155,162,60,60,221218_070622
0,0,0,0,-0.03542100884119545,-0.20482577443502437,-0.0062183856640219415,0.9951689433073467,0.09799581461117735,-0.0059661206181144425,-0.09800797388278383,0.995184037068176,-0.0017802865157984708,0.005762927375013925,0.00235641324443282,0.9999806178045111,95,104,162,157,97,105,18,18,221218_070622
0,0,0,0,-0.04045998303650275,-0.2143204405408775,-0.003818280539967689,0.9934861295120617,0.11308320161623281,0.01405346858838737,-0.11318708573173276,0.9935502304780597,0.006828113982012736,-0.013190681964921805,-0.008374307685799302,0.9998779309896203,162,105,162,162,161,96,162,162,221218_070622
0,0,0,0,-0.041753456380777904,-0.2113433218640013,-0.003435357652476545,0.9918787249693806,0.12437033490442553,0.02661981872357869,-0.12471835575446939,0.9921216248033787,0.011832723076457219,-0.024938458072158002,-0.015056606299679576,0.9995755958984391,127,160,116,44,156,162,30,30,221218_070622
0,0,0,0,-0.04104756581479685,-0.21342781228953123,-0.0043820697180936286,0.9944909559902939,0.10374348228769437,0.015000944514718343,-0.10377961375678199,0.9945989514970566,0.001648468819213668,-0.014748905790056445,-0.0031961795596651557,0.9998861206228528,89,116,162,162,100,116,161,161,221218_070622
0,0,0,0,-0.03535661021681358,-0.2130451023567973,-0.004973718063631893,0.994983558114834,0.09855406747617515,-0.01717017370461588,-0.09890070162409126,0.9948826939853944,-0.020665827508835343,0.015045607312688756,0.022260300812521713,0.9996389891897615,154,162,152,162,159,101,162,162,221218_070623
0,0,0,0,-0.04441585015477925,-0.21485745205212503,-0.005324452792842105,0.9945430803947424,0.09577835097941213,0.04135902226360285,-0.0951210978671809,0.9953104340635403,-0.017581711656970152,-0.04284901375153021,0.013551654065508104,0.9989896469396518,162,122,111,78,144,160,73,73,221218_070623
0,0,0,0,-0.035286835947286654,-0.21895054068324493,-0.005572572512903828,0.9946521149704559,0.10145745495404628,-0.01932757147309297,-0.10142097214741189,0.9948394848501755,0.002861082262066818,0.0195181093724203,-0.0008855604350199404,0.9998091113753876,108,116,162,152,112,120,162,162,221218_070623
0,0,0,0,-0.04454913881753883,-0.2203400986643147,-0.00469553205202361,0.9925428201977414,0.11599767311503599,0.03746051128604099,-0.11664508275821044,0.9930514763953532,0.015578507545318488,-0.035393145413265756,-0.019831920252627522,0.9991766711632376,146,152,162,154,156,85,162,162,221218_070623
0,0,0,0,-0.03745989677909234,-0.22029344851459343,-0.005309775580800646,0.9935147341233709,0.1123351873802039,-0.01758632298183186,-0.11212375175451818,0.9936145848360597,0.012582571023276205,0.018887492482010243,-0.010529125192489282,0.999766172737617,162,156,87,115,162,162,114,114,221218_070623
0,0,0,0,-0.03719301594302121,-0.22066364389713167,-0.005986173118752436,0.9931119502446779,0.11610450394330415,-0.015760661321531408,-0.11611387607711675,0.9932358551517848,0.00032221615474690676,0.015691464672258418,0.0015100347617404625,0.9998757411455973,71,120,162,162,40,122,148,148,221218_070623
0,0,0,0,-0.04118181798751783,-0.22134331546056352,-0.00605612272044781,0.9912127011376638,0.13191793408713273,0.009748834266664376,-0.13199405340803982,0.9912211834651846,0.007624651781864368,-0.008657422728011569,-0.00884443983879621,0.9999234095247729,153,93,160,162,146,112,162,162,221218_070623
0,0,0,0,-0.041348467864062294,-0.22265132365941365,-0.00517311162524281,0.9923321446816883,0.12357200723592451,-0.0026217664131617407,-0.12359378464703652,0.9922700161888907,-0.01117100573446737,0.0012210765997794127,0.011409382112197806,0.9999341653187749,162,162,110,118,162,162,114,114,221218_070624
0,0,0,0,-0.03927118564832438,-0.22015909358902486,-0.00689314959283277,0.9927861554987253,0.1194681391473976,-0.010149540813196724,-0.11955901708427934,0.9927874339530373,-0.008874255956649505,0.009016145734276662,0.01002370757759604,0.9999091130710317,108,116,162,135,75,114,134,134,221218_070624
0,0,0,0,-0.037888947459452094,-0.22378596433034326,-0.0060180774054628405,0.9935620347038792,0.11160979887070933,-0.019435431333703918,-0.11189511273376081,0.9936176087604949,-0.01426643989837255,0.017719112319365328,0.016349322833521307,0.9997093241045114,162,96,154,162,157,100,162,162,221218_070624
0,0,0,0,-0.04195372484405466,-0.22432231618799425,-0.0045883725131988795,0.9952960096628509,0.09672220517282852,0.005537885491009214,-0.09664525805132987,0.9952366725035631,-0.012792959009827326,-0.006748869934893805,0.012197570681924057,0.9999028312911518,139,155,108,76,162,114,59,59,221218_070624
0,0,0,0,-0.03957909360404946,-0.22334997990135197,-0.006792844524473984,0.9944350995172743,0.10535034971619987,0.0003696792430518631,-0.10533433685735757,0.9943341115425554,-0.014295177567884312,-0.0018735866377274151,0.014176686409419067,0.9998977503902885,60,122,162,146,83,122,162,162,221218_070624
0,0,0,0,-0.04096822875836906,-0.2279889714711988,-0.004445500150590753,0.9975265983097187,0.0701918998751028,-0.003712526978381972,-0.07022580555780399,0.9974813362190634,-0.009965948444040572,0.003003647515801319,0.010202013848025573,0.9999434469083966,154,159,124,162,146,144,162,162,221218_070624
0,0,0,0,-0.042519398224421606,-0.23187969355071614,-0.004200671839828585,0.9979690088741584,0.06368014253186045,0.0016421856933582163,-0.06366377756986998,0.9979343414307549,-0.008600791748374538,-0.002186493142831714,0.008478775871947536,0.999961664068903,162,162,92,131,162,142,133,133,221218_070624
0,0,0,0,-0.03819102118563447,-0.23496385553595278,-0.004151904249058647,0.9961194044290057,0.08487845701743063,-0.023276160644382628,-0.08502440475717819,0.9963644938466126,-0.005352195574718225,0.022737253917095225,0.007310467572096355,0.9997147464893106,80,162,162,162,162,162,51,51,221218_070624
0,0,0,0,-0.03859672452527044,-0.23292646009942208,-0.004698195459435062,0.9966609884646743,0.07866999031066983,-0.0218610772181388,-0.07890378689470386,0.9968316271556313,-0.010044875107830325,0.02100158294732737,0.011736256932083307,0.9997105550042626,138,162,162,162,130,89,162,162,221218_070625
0,0,0,0,-0.04290338825355419,-0.23610146069724836,-0.004978487048523383,0.9983571639335362,0.05701618654729714,0.005668129690552154,-0.057014816525889724,0.9983732509353103,-0.00040312948108634335,-0.005681893971575764,7.929983108356213e-05,0.999983854765882,146,162,116,154,138,162,155,155,221218_070625
0,0,0,0,-0.03868232032129243,-0.23547046104268077,-0.0049316224403572195,0.9979138284351898,0.060204992074803815,-0.023309868019689504,-0.05996754942833481,0.9981423816403665,0.0107554167216337,0.02391409695938279,-0.009335143414463188,0.9996704312242352,162,162,162,18,162,162,18,18,221218_070625
0,0,0,0,-0.040382157168282834,-0.2350049100499323,-0.005724293679909953,0.997528091248402,0.06995030605807794,-0.006682952394059237,-0.069928832638176,0.9975462061963412,0.0033948297671788155,0.006904023188113836,-0.0029191069982743407,0.9999719062444457,133,86,147,162,133,93,122,122,221218_070625
0,0,0,0,-0.04292029745953385,-0.23471335445762465,-0.00461498322917453,0.9970896197339739,0.07557006963635415,0.010072477049602438,-0.07562921703668367,0.9971201373030988,0.005626127892863549,-0.00961830282203514,-0.006371527274152054,0.9999334437306407,162,159,122,162,146,92,162,162,221218_070625
0,0,0,0,-0.044814177396515664,-0.23806818500858395,-0.003363991293733881,0.9965122927172986,0.08271773524353787,0.01100121536430524,-0.0827030396005254,0.9965726372972624,-0.0017848896917175337,-0.011111152242039192,0.0008688305690122518,0.999937891785933,162,162,162,68,162,162,18,18,221218_070625
0,0,0,0,-0.040022115639021416,-0.24203686860067164,-0.005274890466046789,0.9950452101255111,0.09595303232713243,-0.026039304781528293,-0.09597782327041258,0.9953834276594637,0.00029896683758684446,0.025947779221938885,0.0022017102726784032,0.9996608751098167,117,89,162,162,117,91,98,98,221218_070625
0,0,0,0,-0.04560974678863708,-0.24379353164975648,-0.006220151158644716,0.9950264084963503,0.09815295262875301,0.016983647579730896,-0.0981871245294186,0.9951672609125113,0.0011880170596406368,-0.016784962660047163,-0.002849683867961738,0.9998550616616156,162,120,162,154,162,138,154,154,221218_070625
0,0,0,0,-0.04612267868597289,-0.2490479969386371,-0.0027438911774243513,0.9927813972385557,0.11902706396286514,0.014753146831818317,-0.1191932421283806,0.9928107364230387,0.010945897590784957,-0.013344224517985358,-0.012625358906690764,0.9998312517542601,162,162,154,18,78,154,18,18,221218_070626
0,0,0,0,-0.04345663577132697,-0.2442872841490742,-0.006028643116494814,0.9934300767467402,0.11442448258148681,0.0019288340839267034,-0.1144101424579362,0.9934131163629643,-0.006379619171902684,-0.002646113701072554,0.006117027381238359,0.9999777897825022,94,102,162,152,95,104,153,153,221218_070626
0,0,0,0,-0.04270455783420998,-0.2513426916399796,-0.005897258622823587,0.9935345582305134,0.11347433349693445,-0.0035577013823249763,-0.11346833025623931,0.9935398972636913,0.0018467739749487044,0.003744279711816909,-0.001431147329950026,0.9999919660611077,162,104,151,162,162,99,154,154,221218_070626
0,0,0,0,-0.04909598777355895,-0.2434566767015357,-0.007443911018666816,0.991545404989028,0.12338115485929631,0.04018458001186986,-0.12234556179475746,0.9921122104467373,-0.027293321373791347,-0.04323509401249424,0.022146162378032314,0.9988194402081171,145,130,114,144,162,122,52,52,221218_070626
0,0,0,0,-0.04236836384375109,-0.24988555437487225,-0.005527955865158973,0.9922574218286156,0.12391644733747496,-0.00836199170576686,-0.12398264909027663,0.9922527377229425,-0.007925099739527144,0.00731515895834645,0.008900480918628936,0.999933632742109,79,128,162,140,76,131,120,120,221218_070626
0,0,0,0,-0.04542216732546525,-0.250988794947955,-0.00483638730639091,0.9941554522296744,0.10742764827900078,0.010688179791472572,-0.10727471478602293,0.9941311193145228,-0.013980457003655876,-0.012127339757299863,0.01275217611613477,0.9998451428269851,146,81,162,162,144,78,146,146,221218_070626
0,0,0,0,-0.04556922337217312,-0.25562967595870634,-0.004698025574084164,0.995019885854017,0.09851832957549882,0.015151418834944457,-0.09858339801237538,0.9951222534508796,0.0036075369959459283,-0.01472210553528555,-0.005083249403377925,0.9998787027355425,122,162,156,122,162,162,141,141,221218_070626
