0,0,0,0,0,0,0,1,0,0,0,1,0,0,0,1,180,180,68,92,180,180,92,92,221213_020740
0,0,0,0,-4.6802154802766394e-05,8.711120543691137e-06,0.000193679219505416,0.999998838234327,8.276434690772395e-05,-0.0015220644070952842,-8.0123918092232e-05,0.9999984921148664,0.0017347472876987817,0.0015222056872233724,-0.0017346233185648685,0.9999973369823484,180,150,143,83,180,150,83,83,221213_020740
0,0,0,0,-2.998589241676175e-05,7.750281177068552e-06,0.00011929671347155058,0.9999997505049368,-0.0002685657708921315,-0.0006533471440187808,0.00026767580199931975,0.9999990368229051,-0.0013618747839218596,0.0006537122676811049,0.0013616995589201778,0.9999988592166404,180,180,180,84,180,180,84,84,221213_020740
0,0,0,0,-7.360876113834958e-05,2.7013039402203065e-05,0.00023367966995957445,0.9999967258067833,0.00026251788769467773,0.00254547835811676,-0.00026221440479647675,0.9999999584748275,-0.00011955730709035978,-0.0025455096383470857,0.00011888945454413969,0.9999967531177183,131,180,180,97,131,180,97,97,221213_020741
0,0,0,0,-0.00015644672479067645,3.610961638990384e-05,0.0006700061440513272,0.9999917737098183,0.0007590834712377851,-0.003984508122027153,-0.0007475600437378145,0.9999955365634584,0.0028927507916662563,0.003986686176740411,-0.002889748335992772,0.9999878777704672,0,150,180,155,0,150,155,155,221213_020741
0,0,0,0,-0.0001643107840978708,3.5091100735198943e-05,0.0006626310392320311,0.999992107295006,0.0009479691737918455,-0.0038583289307398388,-0.000929355892419553,0.999987936835831,0.004823119368481099,0.003862854555567409,-0.004819495540296151,0.9999809252267863,97,87,180,180,97,87,180,180,221213_020741
0,0,0,0,1.6596768546150997e-05,6.444313356220727e-06,-4.983512735223794e-05,0.9999997721456206,-0.00023873755134181998,0.0006314373186783474,0.00024190597785732413,0.9999873579427389,-0.005022493026004892,-0.000630230278324948,0.005022644630069689,0.9999871878432824,149,78,180,150,149,78,150,150,221213_020741
0,0,0,0,6.060583861663971e-05,-3.507831305052389e-06,-0.0002999832058366847,0.9999929645089982,-0.0002527332335219237,0.0037426004887172793,0.00026776242414893364,0.9999919009886298,-0.004015751539981409,-0.0037415552634815817,0.0040167254149773195,0.9999849332270717,180,83,180,180,180,83,180,180,221213_020741
0,0,0,0,-1.0379388170805859e-05,1.3676111918742295e-05,2.38108592944819e-05,0.999999763346639,-0.00016974226427573052,0.0006667040044155355,0.00017196414012547056,0.9999944274711646,-0.003333984845790947,-0.0006661343710514639,0.0033340987059729964,0.9999942200087051,180,99,131,180,180,99,180,180,221213_020741
0,0,0,0,1.7928801898325908e-05,7.525363875389435e-06,-0.00011345191260125898,0.9999988231161466,-0.00013446787063663731,0.001528294707562353,0.00013839075489702456,0.9999966956182594,-0.002567021729531795,-0.0015279444755473116,0.0025672302103035174,0.9999955373474058,180,180,0,150,180,180,150,150,221213_020741
0,0,0,0,3.2052359794088048e-06,2.121253115246538e-05,4.162821342079681e-07,0.9999979890970149,0.0004120182786596919,0.00196266218819818,-0.00041690199812968135,0.9999968166384007,0.002488554960063011,-0.0019616306102037905,-0.002489368193608189,0.9999949775130601,180,90,97,87,180,90,87,87,221213_020741
0,0,0,0,5.2608490664796115e-05,7.017230201810526e-06,-0.0002238179247762151,0.9999977732118887,-0.0004432699788510873,0.002063269974856232,0.0004559981555500858,0.9999808456184693,-0.006172557156675091,-0.0020604943449155444,0.006173484259001163,0.9999788210033043,180,180,149,78,180,180,78,78,221213_020742
0,0,0,0,6.885883463278453e-05,4.525038925402847e-06,-0.00025152960799379454,0.9999976755138915,-0.0006595098881664625,0.0020528062550930442,0.0006709122258790811,0.9999843247497524,-0.005558788678127545,-0.0020491080007417374,0.005560153009614544,0.9999824427733274,180,180,180,83,180,180,83,83,221213_020742
0,0,0,0,9.652488166358997e-05,3.663759479553136e-06,-0.00039438595648877417,0.9999886129514463,-0.00048557034285382503,0.004747440245495242,0.000492347166818307,0.9999988614815014,-0.0014264045599240236,-0.004746742220695465,0.0014287257061406998,0.9999877135150945,135,180,180,99,135,180,99,99,221213_020742
0,0,0,0,2.843997823234745e-05,8.578539128983181e-06,-0.00014338198580876593,0.9999967266969034,-0.0002574818166811112,0.002545643060656798,0.0002634631114860004,0.9999972050634884,-0.0023495642997498857,-0.0025450309756617057,0.0023502272919551223,0.9999939996065021,34,145,180,180,34,145,180,180,221213_020742
0,0,0,0,3.5653188720508044e-06,9.513380380469366e-06,-3.9710534971426625e-05,0.9999993678462654,5.715560285609046e-05,0.0011229605099202238,-5.5051492086247406e-05,0.9999982431839443,-0.0018736590829820075,-0.0011230656271994982,0.0018735960778899963,0.9999976141778208,129,80,180,90,129,80,90,90,221213_020742
0,0,0,0,8.231551974510753e-05,9.754224911756593e-06,-0.00033152990846718744,0.9999967743219553,-0.0008392593860625107,0.002397287919181923,0.0008489788454382846,0.9999914131198089,-0.0040562201083849505,-0.002393863113159781,0.004058242271054646,0.9999888999829272,150,126,180,180,150,126,180,180,221213_020742
0,0,0,0,1.7947842760712707e-05,1.3465188122740307e-05,-5.321942400593471e-05,0.999999828996423,-0.0005710953758435246,0.0001259253616712137,0.0005715668646512337,0.999992705661852,-0.003776497637815839,-0.0001237677027911302,0.003776568966785567,0.9999928610787152,180,82,180,180,180,82,180,180,221213_020742
0,0,0,0,8.179355822843237e-05,2.0242381312193802e-06,-0.00035592340039047876,0.999990148101446,1.2183236254949408e-05,0.004438868281112559,-1.1857320746705277e-05,0.9999999972322939,-7.344941802426067e-05,-0.0044388691636786685,7.339606132325537e-05,0.9999901454782272,180,152,135,180,180,152,180,180,221213_020743
0,0,0,0,0.00015277778466918357,-5.858270250323067e-06,-0.0006408773229199527,0.999978998974354,-0.0005686673339332176,0.00645586769629851,0.0005842284132179159,0.9999969283010472,-0.002408747730775013,-0.006454478089666212,0.00241246884594229,0.9999762595715247,140,180,34,145,140,180,145,145,221213_020743
0,0,0,0,5.94906179397503e-05,5.928699673529714e-06,-0.0002706868187136724,0.999992479139296,-0.00012986983419792397,0.003876183518689297,0.00012521432426408608,0.9999992706312891,0.001201273600219057,-0.0038763367007255455,-0.001200779211907567,0.9999917660376344,144,144,129,80,144,144,80,80,221213_020743
0,0,0,0,9.44892032145872e-05,1.8119500579845405e-06,-0.0004168318643801294,0.9999864783391287,-0.00036275765337761065,0.005187633930070877,0.0003772637172324289,0.9999960212157565,-0.0027955723462922883,-0.005186599174330611,0.002797491651571117,0.9999826364639859,180,180,150,126,180,180,126,126,221213_020743
0,0,0,0,0.00013156849843257157,-1.0424690417339816e-05,-0.0006132711440854921,0.9999819324076357,-0.0002857856101175881,0.006004430437227679,0.0002971786886508526,0.9999981572213055,-0.0018966388216686476,-0.006003877340308344,0.0018983889427350057,0.9999801745916288,180,180,180,82,180,180,82,82,221213_020743
0,0,0,0,-5.5018279186691554e-05,1.8778289078362487e-05,0.00014251576509449748,0.9999993364571295,0.0005733305953744049,0.0009991883355523526,-0.0005797637366783263,0.9999790303743888,0.0064500143803841725,-0.0009954693923621917,-0.006450589393686161,0.9999786992417203,140,180,180,152,140,180,152,152,221213_020743
0,0,0,0,9.567005562677311e-05,7.656908019064435e-06,-0.00037716694957334873,0.9999934434820272,-0.0003687908673631965,0.0036023584293855913,0.0003842829169906237,0.9999906777453321,-0.004300784704076865,-0.00360073875716149,0.00430214083070998,0.9999842630085113,83,135,140,180,83,135,180,180,221213_020743
0,0,0,0,4.135007409949987e-05,1.1815924733871164e-05,-0.00020000277957532564,0.9999964515880251,-0.000438815974376556,0.002627594317853269,0.0004508927118046556,0.9999893307423856,-0.004597292372467173,-0.0026255489180406003,0.004598460822507335,0.9999859802271944,0,80,144,144,0,80,144,144,221213_020743
0,0,0,0,1.0151940267655313e-05,1.6219168364219744e-05,-5.426594608515245e-05,0.9999988355516125,-0.00033731520333816643,0.0014883258620980004,0.00034326869929828934,0.9999919342941654,-0.00400168879520394,-0.0014869640272297785,0.004002195031126885,0.9999908856449216,154,62,180,180,154,62,180,180,221213_020744
0,0,0,0,7.767593728491562e-05,1.067276770725864e-05,-0.0003068192327652097,0.9999951803845311,-0.0007264443434899878,0.0030185238651837193,0.0007390700171523571,0.9999909750779439,-0.004183723003824188,-0.0030154573813302205,0.004185933740372899,0.9999866923992051,180,81,180,180,180,81,180,180,221213_020744
0,0,0,0,1.2856139881806117e-05,9.10471101180782e-06,-0.00010546022738255889,0.9999993849824665,-2.9552298358089527e-05,0.0011086754936892006,3.098512725574113e-05,0.9999991643913327,-0.0012923840596762992,-0.0011086363743509743,0.0012924176172887266,0.9999985502899951,180,150,140,180,180,150,180,180,221213_020744
0,0,0,0,7.295549217589681e-05,1.2896768960227178e-05,-0.00027654327139958745,0.999994262232438,-0.00023189558347646213,0.0033796045093586516,0.00023846036223965157,0.9999980855037656,-0.0019421960402462221,-0.0033791476524345607,0.0019429907980923835,0.999992403045094,180,136,83,135,180,136,135,135,221213_020744
0,0,0,0,7.961754733579185e-05,7.493936460548772e-06,-0.00032073619468475645,0.9999932105327242,-0.0005199089378615711,0.00364809308422721,0.0005209146020940762,0.9999998265874154,-0.000274723707899076,-0.0036479496202908115,0.00027662218762863374,0.9999933079494747,180,180,0,80,180,180,80,80,221213_020744
0,0,0,0,8.702898067716736e-05,1.0797412280570684e-05,-0.00032888234407668637,0.9999961524434027,-0.0008308528244635352,0.0026466548650989274,0.0008493861901152555,0.9999750748537758,-0.007009152180229143,-0.0026407653229531983,0.007011373244211957,0.9999719331079945,180,180,154,62,180,180,62,62,221213_020744
0,0,0,0,7.028710168829888e-05,1.9622262960639764e-05,-0.0002833267524988692,0.9999966286763039,-0.0008314893753948456,0.0024599311869481603,0.000848297483758817,0.9999762497070799,-0.006839620833259251,-0.0024541856908073052,0.0068416845281196416,0.9999735838137989,83,180,180,81,83,180,81,81,221213_020745
0,0,0,0,0.00011497878348512569,3.885241245945442e-06,-0.0005334695973863157,0.9999904861900831,-0.0005911965754707356,0.004321807021373758,0.0006056413541215412,0.9999942329148025,-0.0033417563772117206,-0.004319806462218104,0.0033443420494332363,0.9999850772128478,82,180,180,150,82,180,150,150,221213_020745
0,0,0,0,9.454757066817976e-05,5.340389223180975e-06,-0.0004113601631725583,0.9999967726348805,-0.00041886718494210364,0.0025058471830079402,0.00042421957822698077,0.9999976291706777,-0.002135811502174529,-0.002504946620720484,0.0021368676385659906,0.9999945795048704,79,132,180,136,79,132,136,136,221213_020745
0,0,0,0,0.00011316230467112165,4.7135566336488355e-06,-0.0004683041804104393,0.9999959003263031,-0.0009461222988663795,0.0027026252389322006,0.0009571064992856687,0.999991276274923,-0.004065872747643602,-0.0026987548491016677,0.004068442779073449,0.9999880821767917,0,0,180,180,0,0,180,180,221213_020745
0,0,0,0,2.8649074012759845e-05,1.1342711171646869e-05,-0.00012974915038621582,0.9999967378831278,6.61300326948199e-05,0.002553399679113558,-7.034766494327405e-05,0.9999986334404813,0.001651716796114496,-0.002553286961655098,-0.0016518910337265322,0.9999953759801612,150,130,180,180,150,130,180,180,221213_020745
0,0,0,0,5.839640800159307e-05,1.0465579417702486e-05,-0.00027363259068458046,0.9999986298737973,-0.0003752299841036927,0.0016122819190970297,0.00037456447024833894,0.9999998445415483,0.00041305972352665153,-0.0016124366608475888,-0.00041245525405993655,0.9999986149633799,180,101,83,180,180,101,180,180,221213_020745
0,0,0,0,8.568248861018368e-05,1.2759000964882028e-05,-0.0003649871813038441,0.9999941843348737,-0.0006797488898135855,0.0033420409747999973,0.0006933130877296176,0.9999915211715265,-0.004059175041775405,-0.003339253418479626,0.004061468515720379,0.9999861768345114,170,180,82,180,170,180,180,180,221213_020745
0,0,0,0,0.00010587966615940858,2.807549232843737e-06,-0.0004391996935836362,0.9999897887301967,-0.0007004093241329696,0.004464511408364734,0.000722341464908835,0.9999876710701777,-0.0049128332405668496,-0.004461015371507418,0.004916007976011867,0.9999779658609658,180,166,79,132,180,166,132,132,221213_020745
0,0,0,0,3.533723613186046e-05,1.1446795030164991e-05,-0.00018692151644350563,0.9999951939701953,-0.00037040079459643125,0.0030781227660579714,0.0003810437583738313,0.9999939493730209,-0.0034577482562123483,-0.0030768233887835373,0.0034589045376389152,0.999989284511206,180,180,0,0,180,180,0,0,221213_020746
0,0,0,0,0.00012839181688070744,4.886154112870855e-06,-0.0005347891140649041,0.9999896032881338,-0.000730792504526937,0.00450102854427177,0.000760715154287804,0.9999776002330031,-0.006649837945273234,-0.004496068070554375,0.006653192809447699,0.9999677596789533,180,180,150,130,180,180,130,130,221213_020746
0,0,0,0,8.862732130021644e-05,3.5154764604951316e-06,-0.0004148701008459543,0.999992672907573,-0.00036145985232479306,0.003810968111042064,0.0003648227998773912,0.9999995446832464,-0.0008817809393959389,-0.0038106476474362504,0.0008831648065619807,0.9999923494629503,180,180,180,101,180,180,101,101,221213_020746
0,0,0,0,4.377881229084002e-05,1.3025231759604405e-05,-0.0001832628143331183,0.9999983217997191,-6.855386231249621e-05,0.0018307643523593504,7.490295200992778e-05,0.9999939831234582,-0.0034681560560456967,-0.0018305155813835223,0.0034682873654397375,0.999992310068161,86,180,170,180,86,180,180,180,221213_020746
0,0,0,0,2.1229689326413004e-05,1.6429258342925274e-05,-9.101249687970547e-05,0.9999976102504377,3.717873194875528e-05,0.002185889099480889,-3.936140240908517e-05,0.9999995007310826,0.000998492997398243,-0.002185850885430837,-0.000998576650910348,0.9999971124461204,61,133,180,166,61,133,166,166,221213_020746
0,0,0,0,0.00015594785771275155,2.5624046963088065e-06,-0.0006784239744459519,0.9999851956247698,-0.0004375551649330925,0.005423751171275934,0.0004666840168192349,0.9999854698177565,-0.005370508298893608,-0.005421322469538424,0.005372959969856393,0.999970869857639,114,94,180,180,114,94,180,180,221213_020746
0,0,0,0,1.6924794860290193e-05,1.6498432424974507e-05,-7.235919004355829e-05,0.9999997317520007,-0.00047607006863753016,-0.0005566446045925939,0.00047525535114759397,0.9999988171154445,-0.001462839725484312,0.0005573403603548728,0.0014625747847534574,0.9999987751226107,154,84,180,180,154,84,180,180,221213_020746
0,0,0,0,0.00011408800068143932,9.709133571223633e-06,-0.0004600144574634646,0.9999900686710852,-0.0007989864825020107,0.004384538721443206,0.0008245359404472569,0.9999826744424654,-0.005828460806941686,-0.0043798058954667325,0.005832018132338615,0.9999734020786862,180,99,180,180,180,99,180,180,221213_020746
