0,0,0,0,0,0,0,1,0,0,0,1,0,0,0,1,180,180,68,92,180,180,92,92,221213_034959
0,0,0,0,0.0001181427472152774,-0.0001379370213455272,-0.0006410146628811342,0.9999984166521947,-0.00036254830311848303,0.001742197414708363,0.0003417399572538596,0.9999287858431255,0.011929226969661417,-0.0017463982665837082,-0.011928612703075976,0.9999273265053187,180,180,180,84,180,180,84,84,221213_034959
0,0,0,0,0.005892513579677294,-0.0062863416280574125,-0.0037402864391268276,0.9995276761661791,-0.006262697714867614,-0.03008659494142896,0.008456684133993524,0.9972698221730465,0.07335793260716801,0.029545034630124933,-0.07357771673728497,0.9968517495236855,0,150,180,155,0,150,155,155,221213_034959
0,0,0,0,0.0068081833567112116,-0.006908627530250372,-0.0021813539337574017,0.9993332819065639,-0.02028236647214346,-0.030358150209550416,0.022050108679759546,0.9980099977644971,0.059074842947901225,0.02909955980881405,-0.059704857192678006,0.9977918348265509,149,78,180,150,149,78,150,150,221213_034959
0,0,0,0,0.007735383722632161,-0.0002807041022335477,0.0007442116133670185,0.99919462907665,-0.039562015205133305,0.006703743527615817,0.03954702326570957,0.9992149367195703,0.002354397444462367,-0.006791625372227609,-0.0020873881799646113,0.9999747579991154,180,99,131,180,180,99,180,180,221213_034959
0,0,0,0,0.006893772626177491,-0.000784004489056439,0.0014535250866267724,0.9992721626148527,-0.03808174788514915,-0.002219346986577506,0.038084027313220026,0.9992740459004785,0.0009940086983977574,0.0021798822538863366,-0.0010778068929604544,0.999997043218459,180,90,97,87,180,90,87,87,221213_035000
0,0,0,0,0.004159625122559185,-0.0019115026868911644,-0.0007418966130916527,0.9985914893981883,-0.05171156304931133,-0.01187230173572513,0.05168139597965012,0.998659602375746,-0.0028340593346417187,0.012002941768653004,0.002216490404829049,0.9999255055048768,180,180,180,83,180,180,83,83,221213_035000
0,0,0,0,0.005822322080527326,-0.003155727819971227,-0.002497935400556539,0.998460751411108,-0.05061313790214125,-0.02268122931555307,0.0513201976954198,0.9981771511617014,0.031758655626660685,0.021032479646225243,-0.0328737763332516,0.9992381846334347,34,145,180,180,34,145,180,180,221213_035000
0,0,0,0,0.01356029106607115,-0.004703142620808731,-0.0011624456346162049,0.9981265306812229,-0.05785878024396977,-0.01989447910717938,0.05875440990199363,0.9971251632702532,0.04784692352011136,0.01706892109462258,-0.04892617215714839,0.9986565383607693,150,126,180,180,150,126,180,180,221213_035000
0,0,0,0,0.013812535235822071,0.0007173014113221465,0.00041377230250350117,0.9975350734477373,-0.06874792499013181,-0.014053471143049426,0.06849403329542549,0.9974924840205951,-0.017813245783628362,0.01524285552455582,0.016806758520726113,0.9997425609743157,180,152,135,180,180,152,180,180,221213_035001
0,0,0,0,0.015154097660897536,-0.00019875257154151893,-0.00219379831414801,0.9976603429212327,-0.06732336090873865,0.011891393452389928,0.06702090393732194,0.997457405116625,0.024226502294654284,-0.013492168013781076,-0.023372848648813428,0.9996357693421777,144,144,129,80,144,144,80,80,221213_035001
0,0,0,0,0.014140482898796103,-0.00039212451490754086,0.0004001303485933194,0.9977495820924528,-0.06508657789038619,-0.016109277229416522,0.06498212308481924,0.9978623968933781,-0.0069253552683199646,0.01652558966345552,0.00586295528907876,0.9998462535017838,180,180,180,82,180,180,82,82,221213_035001
0,0,0,0,0.018133349364885254,-0.0010997522507667779,-0.0005054348820706656,0.9980270748642954,-0.061231548654109444,-0.0138800319609509,0.061610532594557135,0.9976859631160652,0.028755195610242364,0.012087187895976074,-0.02955361992358457,0.9994901117260638,83,135,140,180,83,135,180,180,221213_035001
0,0,0,0,0.019747418002590417,-0.006840474623042284,-0.0033222810307738104,0.9968002131125833,-0.07547680537916311,-0.026317047487581752,0.07698657474004751,0.9950984557795878,0.06206553483918316,0.021503545021760054,-0.06389299769798433,0.9977250535075594,154,62,180,180,154,62,180,180,221213_035001
0,0,0,0,0.017145434593320186,0.0028479668840878797,-0.00036665905218846717,0.9970406115829853,-0.07629820807750386,0.00941287938882396,0.0763457686280336,0.9970698450689419,-0.004800798557636712,-0.009019005866578606,0.005505224641935599,0.9999441734591088,180,150,140,180,180,150,180,180,221213_035001
0,0,0,0,0.01862803613168071,0.0029991638495297096,-0.001623375081970524,0.9961301173472081,-0.08734593178161815,0.00977125964434558,0.08737141358959372,0.9961733515740481,-0.00221126685062179,-0.009540723305522636,0.003056438275073424,0.9999498151326786,180,180,0,80,180,180,80,80,221213_035002
0,0,0,0,0.018834524160917437,0.001651630788109551,-0.00333286350812656,0.9968982600423371,-0.07840884980218799,0.006775794954020978,0.07834172106023268,0.9968797411692215,0.009662110934239476,-0.00751224772499497,-0.009101314140430191,0.9999303636829093,83,180,180,81,83,180,81,81,221213_035002
0,0,0,0,0.02655659303938669,-0.0035519139939155925,-0.0024395339731096977,0.9943095388640774,-0.0990903713229043,-0.039110602590539015,0.10185677632272741,0.9918481576189421,0.07656650276100999,0.031204775933308154,-0.08011448395264655,0.996297110012848,79,132,180,136,79,132,136,136,221213_035002
0,0,0,0,0.028144508820371186,-0.0006965468556787702,0.004253181180435162,0.9959450123114711,-0.08739511503835327,0.021345405110637226,0.08730310698950222,0.9961681874372328,0.005206711821990888,-0.02171865469783146,-0.0033220784835468887,0.9997586027800238,150,130,180,180,150,130,180,180,221213_035002
0,0,0,0,0.03117142035172453,-0.00015710990119115198,0.00011758148777440969,0.9947906445243165,-0.10160121557374767,-0.008292560571495109,0.1017097386133406,0.9947166523307708,0.013925180324472309,0.006833932842877633,-0.01469607327826145,0.9998686527700019,170,180,82,180,170,180,180,180,221213_035002
0,0,0,0,0.03336363226045881,0.0028837453226671084,0.00046323885191590364,0.9970158317495622,-0.07713700091341083,-0.003051938861319067,0.07712947542376487,0.9970179223360411,-0.0025112868369745597,0.0032365508776465847,0.0022683982911290766,0.9999921895233027,180,180,0,0,180,180,0,0,221213_035002
0,0,0,0,0.03528585699111633,0.0008054127149840495,-0.0038304351798247316,0.9959225697507871,-0.08934386277612211,0.01248636236978819,0.08889278747735953,0.9954966789101242,0.03293075482609365,-0.015372293111089104,-0.031686534413733654,0.9993796356447102,180,180,180,101,180,180,101,101,221213_035002
0,0,0,0,0.03828335227121846,-0.004952187501720842,-0.0035606597558942576,0.9955484368755394,-0.08977962624706812,-0.028686731176749383,0.09142277983402698,0.993861145868227,0.06230487991252308,0.02291691868662312,-0.06465014651516027,0.9976448132444126,61,133,180,166,61,133,166,166,221213_035003
0,0,0,0,0.036925575625107704,-0.0038019246795174683,-0.0007439718745438917,0.9954826337397171,-0.08683538644512312,-0.03839194685818727,0.08835775615326066,0.9952888508872122,0.03991253220697539,0.034745256513612,-0.043124458959365855,0.9984653465139715,154,84,180,180,154,84,180,180,221213_035003
0,0,0,0,0.036061079984572225,0.004578555412414045,-0.00022283381269050384,0.9965065065581583,-0.07789770561501855,-0.030111955219973893,0.07762947351655627,0.996932343713714,-0.009978321453201738,0.030796870438344445,0.007605887022363794,0.9994967249840324,170,180,86,180,170,180,180,180,221213_035003
0,0,0,0,0.035812687519094014,0.004001564489345993,0.0010219448232964279,0.9968643097366914,-0.07894264203533576,-0.0054412536855322005,0.07877228085176706,0.9965401431747032,-0.026507938636415124,0.007515034437699308,0.025996197987830146,0.9996337939203424,180,180,114,94,180,180,94,94,221213_035003
0,0,0,0,0.0400630477556216,0.0019239883277458875,-0.002761618654079756,0.9969712438693563,-0.07775108830575173,-0.001762715195331145,0.07776824450604862,0.9964858439893309,0.03111370880044566,-0.0006626039813305582,-0.031156556230474253,0.9995142970262212,180,180,180,99,180,180,99,99,221213_035003
0,0,0,0,0.04309822742470666,-0.0040289381996058415,-0.004156014938620056,0.995124015568047,-0.09031001834051859,-0.03965216547756547,0.09282080464465672,0.9934356887035295,0.06685679199050626,0.0333540382089407,-0.07021134521912102,0.9969743603211058,0,140,180,152,0,140,152,152,221213_035003
0,0,0,0,0.04262012376600946,-0.0037400473403412793,-0.0017838843697964846,0.995393734313179,-0.09108353359854852,-0.02991828199055043,0.09267349395880006,0.9940673128241289,0.05693681666622756,0.024554779728848293,-0.05944718228660995,0.9979294039713682,160,80,180,180,160,80,180,180,221213_035003
0,0,0,0,0.039965554429157446,0.0019290426077063078,-0.0002639732728676458,0.9947609466914088,-0.10205592808602801,0.005936874608040293,0.10198639915915719,0.9947246799540955,0.01102658046588962,-0.00703088359747207,-0.010363331159483851,0.9999215809467847,170,180,99,174,170,180,174,174,221213_035004
0,0,0,0,0.04135602721080206,0.0028873309580240286,-0.0016415773257981714,0.996098963792044,-0.08806054388085813,0.005674058849164206,0.08801757573245948,0.9960912590072555,0.007423617145407907,-0.0063056081861330516,-0.006895240441662778,0.9999563465295144,180,180,117,97,180,180,97,97,221213_035004
0,0,0,0,0.044355670267048314,0.0017105595525572226,-0.002838136020710813,0.9948769640689358,-0.10100888294085733,-0.004126976134855191,0.10108382062225985,0.9945106102153359,0.027031599610956036,0.0013738898734117675,-0.027310286270203002,0.9996260604298265,180,180,180,96,180,180,96,96,221213_035004
0,0,0,0,0.04954325969249011,-0.00456313040238783,-0.0035695262292063656,0.9929535467000303,-0.1117318722695706,-0.03948724876420734,0.11399953734596611,0.991618577966141,0.06080050425212517,0.03236293529233466,-0.06487360442848296,0.9973685657106508,36,133,180,180,36,133,180,180,221213_035004
0,0,0,0,0.048952910792510185,-0.0036912692718075735,-0.0027442416004270775,0.9926842508249266,-0.10931024033543325,-0.05127620814728384,0.112105656185427,0.9921599351423309,0.05523572168082434,0.04483636933772181,-0.06057998395655475,0.9971558381358627,160,81,144,160,160,81,160,160,221213_035004
0,0,0,0,0.048234179238317965,0.004474056973738316,-0.0021047362628002775,0.9942520298659141,-0.1062392720955555,0.013270952193253471,0.1061412024221507,0.9943197672542429,0.007889587812247209,-0.014033754162345128,-0.006435643874053528,0.9998808110130113,180,171,96,173,180,171,173,173,221213_035004
0,0,0,0,0.04704205275644767,0.004345070420411948,-0.000846272744726595,0.9970371396673895,-0.07653727124844037,0.007680379789611777,0.07646368357798931,0.9970275175001806,0.009456978434577639,-0.00838136131873312,-0.008841688598315713,0.9999257859087218,108,110,110,80,108,110,80,80,221213_035005
0,0,0,0,0.05008019506967522,0.0021652708614944283,-0.003122042394645197,0.9954786821752514,-0.094936998331884,0.0030264967133286744,0.09486875539777864,0.9953306082879328,0.017801669990462423,-0.004702401928848113,-0.01743406300621528,0.9998369571401102,180,180,180,95,180,180,95,95,221213_035005
0,0,0,0,0.05365016083454131,0.005810730604872444,-6.928386304716483e-05,0.9976706941515535,-0.06668186419519241,0.014377587371029664,0.0663002130332221,0.9974722240235667,0.025562551774570966,-0.016045802656988694,-0.024549771667618348,0.9995698279400798,82,124,180,180,82,124,180,180,221213_035005
0,0,0,0,0.050960216892574475,0.0007334865231636428,-0.0035630505251742495,0.997093562815972,-0.07617974948903868,-0.001035740671609193,0.07611143160859841,0.995410743443843,0.058004325830627035,-0.0033877676191161896,-0.0579145716064898,0.9983157944389117,160,75,180,180,160,75,180,180,221213_035005
0,0,0,0,0.0503081111654536,0.003110103431217759,-0.0006737587905423226,0.9953054675946866,-0.09647286680544094,0.007746750703491497,0.09637193474599998,0.9952670348845905,0.012489173925741398,-0.008914952015302208,-0.011683973740741007,0.9998919983619183,180,173,99,170,180,173,170,170,221213_035005
0,0,0,0,0.049265012753871046,0.0041553568629991156,0.0009479216699631587,0.9953400358632671,-0.09641071838750687,0.0017850455777883528,0.09640839357623249,0.9953409518871902,0.0013457876325217856,-0.0019064773170063198,-0.0011674229338035538,0.9999975012308447,180,180,100,0,180,180,0,0,221213_035005
0,0,0,0,0.04956131479033002,0.004193611979090003,0.00086467447673233,0.9960967945630375,-0.08761455989930657,0.010717497604044262,0.08753488894041754,0.9961317672492217,0.007690610842445314,-0.011349849313123581,-0.006722437845902463,0.9999129910897133,180,180,180,94,180,180,94,94,221213_035005
0,0,0,0,0.04954436414782247,0.0037544181257405246,0.0015610629338593807,0.995774812704486,-0.09111192842637927,0.011451588613471063,0.09115591716000024,0.9958309005513566,-0.003378797684672171,-0.0110959970288834,0.004408401694620904,0.9999287198817892,35,130,180,172,35,130,172,172,221213_035006
0,0,0,0,0.049508610888117366,0.003721206788548287,0.0017764053942487257,0.995740921280848,-0.09164167490929652,0.01009064450795927,0.09169548844346359,0.9957745153101878,-0.005005203080242285,-0.009589321450545875,0.005909152103184876,0.9999365614055421,160,96,174,160,160,96,160,160,221213_035006
0,0,0,0,0.04952273163869671,0.0037390529721121057,0.001687403036036761,0.9957168740402786,-0.0917663418731869,0.011262559685479664,0.0918257000339907,0.9957631842583119,-0.004870491660486085,-0.010767895092505933,0.0058838231585122,0.9999247136961443,180,113,85,170,180,113,170,170,221213_035006
0,0,0,0,0.049510501647491156,0.0037037965493859626,0.0018699345153313507,0.9956434700105014,-0.09252437277323393,0.0115464742829533,0.09258906009511421,0.9956908369777048,-0.005198375644434512,-0.011015742196994343,0.0062448059663138536,0.9999198246971065,179,180,115,85,179,180,85,85,221213_035006
0,0,0,0,0.04949328123382203,0.0036965451356783113,0.0019625428013082535,0.9957364522885304,-0.09177747130761248,0.009263549224354736,0.09184191617128598,0.9957504609253266,-0.006788372484269376,-0.008601163749055377,0.007610212045611045,0.9999340501527001,180,180,180,180,180,180,180,180,221213_035006
