0,0,0,0,0,0,0,1,0,0,0,1,0,0,0,1,162,162,83,96,162,162,96,96,221218_065526
0,0,0,0,5.320758713348722e-05,0.000274527634938182,-0.0004398536191320135,0.9999830249930222,-0.0005099081131188945,0.005804284583053442,0.0004940539718314345,0.999996144502989,0.0027325610384697266,-0.005805655559694688,-0.00272964702337536,0.9999794214835872,162,122,140,104,154,162,18,18,221218_065526
0,0,0,0,-0.0018822869323043903,-0.001046015346584106,-0.003887313571974804,0.9996556267591766,-0.0012691960768039928,0.026211009710326333,0.001198273173192209,0.9999955791242081,0.0027213734479508114,-0.02621434779121163,-0.0026890283299781845,0.9996527282494266,101,88,162,162,80,72,162,162,221218_065526
0,0,0,0,-0.0025431147183531747,0.0012252159711246824,-0.004650551962122995,0.9995873662428744,0.010076836734508241,0.02689897040892142,-0.010256452469233884,0.9999259628724206,0.006547820737293114,-0.026830997565881008,-0.006821006896891967,0.9996167122625211,138,162,104,149,162,160,146,146,221218_065526
0,0,0,0,-0.005009010954108016,-0.002619275636072338,-0.0029638958635291313,0.9991197641118663,0.017518984140260468,0.03811537951722358,-0.017533105824939974,0.9998462826287999,3.6242270380502746e-05,-0.03810888559352187,-0.0007044913512660043,0.9992733442510893,162,162,162,88,154,162,91,91,221218_065526
0,0,0,0,0.00011272795936235341,-0.008873277353630415,-0.0015810515137665293,0.9992419306144076,0.038904215971143255,-0.0014234049532259308,-0.03890706603800658,0.999240766163241,-0.002032596815112604,0.0013432476705446477,0.0020864364762079274,0.9999969212295238,116,100,162,154,50,162,162,162,221218_065526
0,0,0,0,-0.001808828612745568,-0.005454073845729268,-0.004317911452321244,0.9993247390005947,0.03336257220581514,0.015394960123505455,-0.033342913206816094,0.999442796384872,-0.0015319573329179886,-0.015437492033205623,0.0010176100426580674,0.9998803169927517,162,148,111,151,138,97,162,162,221218_065527
0,0,0,0,-0.008587568918405473,-0.009227400148189346,-0.0020934045476297958,0.997017170471416,0.0611343227958483,0.0471100452288447,-0.059733841105778396,0.9977456845153646,-0.030584591835041922,-0.048873612634226175,0.02767929925521124,0.9984213671495717,162,162,162,162,162,162,162,162,221218_065527
0,0,0,0,0.004211037825852061,-0.012638839495323961,-0.004351378653223714,0.9975004838805772,0.06463163925913552,-0.02855758856575332,-0.06428589479297526,0.9978485997114372,0.012864516492653102,0.029327604550668667,-0.01099651129223243,0.9995093638134259,96,103,162,162,104,104,157,157,221218_065527
0,0,0,0,-0.001235653107791855,-0.008054521009856708,-0.004695983361833134,0.996184295292308,0.08698271158151973,0.007131458398808355,-0.08692022155431081,0.9961777294748476,-0.008649068347902788,-0.007856519453123734,0.007996198113060828,0.9999371659848529,146,162,148,146,162,116,162,162,221218_065527
0,0,0,0,-0.0008429071698028354,-0.007493296833023466,-0.004747984621856272,0.9976100620646442,0.06784125173958978,0.013104527072050865,-0.06775643242425795,0.9976786365115056,-0.006812056494222735,-0.013536245140860659,0.005907860098980419,0.9998909276798833,162,162,162,18,162,162,18,18,221218_065527
0,0,0,0,0.00017418315361154152,-0.008129759152012417,-0.0035694866210390086,0.9973251481635257,0.0730030413474313,-0.003620054506059596,-0.07303385656046268,0.9972863634425388,-0.009271735946490516,0.0029333660711477988,0.009511321968103482,0.9999504638320399,102,94,162,162,78,96,162,162,221218_065527
0,0,0,0,-0.005317228295954567,-0.013785216720722637,-0.002843945685515714,0.9956463526656072,0.08711597201126962,0.03315339868256995,-0.08736252447212779,0.9961581560446542,0.006059493672827628,-0.03249814981703767,-0.008929477378091365,0.9994319059807043,162,124,122,162,146,88,162,162,221218_065527
0,0,0,0,-0.006422502245852273,-0.01029412156678644,-0.0041477549130753966,0.9928437403068403,0.11449531324317316,0.03394304905086808,-0.11382255980230961,0.9932762203571928,-0.021137051662404833,-0.03613491681976922,0.017122304701096228,0.9992002274159825,162,162,162,18,162,162,18,18,221218_065527
0,0,0,0,-0.0017168860445616538,-0.01545781392293355,-0.003919608472212621,0.9917066943627636,0.1285195726391795,-0.0007428355969204348,-0.12851978865682928,0.9917069129208554,-0.00025057651714069905,0.0007044712097332966,0.00034396748342178343,0.9999996927032953,85,119,162,142,101,117,162,162,221218_065528
0,0,0,0,-0.0039567777491320635,-0.018740359782426386,-0.004938846890362669,0.9917650377638803,0.1272212298885209,0.014726456969015764,-0.12732499078603735,0.991840833508442,0.006333064551545607,-0.01380060109356385,-0.00815595800201559,0.9998715036236034,162,119,127,162,146,162,162,162,221218_065528
0,0,0,0,-0.009007917603689054,-0.01813037930117367,-0.004692302908608059,0.9886088096327288,0.14501198149092923,0.04030070397192333,-0.1443438440267363,0.9893444536672236,-0.019036982152852266,-0.04263186845709956,0.013002969736839827,0.9990062294950314,162,162,162,18,162,162,18,18,221218_065528
0,0,0,0,-0.004812034264626168,-0.02250415219430535,-0.005420284402190445,0.9874013833901474,0.1579419316310269,0.009636094223382933,-0.1578486543848484,0.9874148901755477,-0.009779415550223705,-0.011059402701527733,0.00813516393635188,0.9999057499182682,69,125,162,162,88,120,144,144,221218_065528
0,0,0,0,-0.00630560729424736,-0.026668084119153557,-0.004895098748322446,0.9897508119399566,0.14105960340440127,0.022260245991193254,-0.14106463930660632,0.989999464784355,-0.0013517632883236655,-0.02222831081059701,-0.001802224759454683,0.9997512961654134,162,120,128,162,146,85,154,154,221218_065528
0,0,0,0,-0.011925648280660582,-0.02841851630799097,-0.004560065283403969,0.9843213238118637,0.1702768645132532,0.046014355377381036,-0.16901249345975472,0.9851533893808714,-0.030126009458570694,-0.050460960591104886,0.021876672574155126,0.9984864058430172,162,162,162,18,162,162,52,52,221218_065528
0,0,0,0,-0.0079192482065246,-0.03181608832610627,-0.0036144001220023703,0.9825206475771002,0.18509658461538184,0.019809882594162106,-0.1847166018502824,0.9825971434882278,-0.019560946031787645,-0.02308579835219062,0.015559819166526068,0.9996123938517103,84,118,162,136,26,122,160,160,221218_065528
0,0,0,0,-0.008664524750122894,-0.035499710616440416,-0.004620484642885059,0.9832808173612764,0.18050199256719626,0.024038820449663528,-0.18062618262840627,0.9835469934692765,0.003081198895845969,-0.02308714703961827,-0.007371724141472481,0.9997062775259306,138,162,123,155,162,115,154,154,221218_065528
0,0,0,0,-0.012953847892835622,-0.033984767370369595,-0.004334643518104975,0.9791741654522249,0.1976451709289855,0.04641486959359573,-0.19651844471145152,0.9801075293307516,-0.02774404147491087,-0.05097503898115778,0.018044870673449558,0.9985368936815745,162,162,162,62,162,162,84,84,221218_065529
0,0,0,0,-0.0061006764280244555,-0.04169216480420712,-0.004077893103668906,0.9776443161408157,0.21010724697439223,0.008156953254603042,-0.21014974285117496,0.97765767565841,0.0047491900130214116,-0.006976868720355344,-0.006357200251406963,0.999955453661723,110,86,151,159,114,18,122,122,221218_065529
0,0,0,0,-0.012734996997823995,-0.04059583747480722,-0.00446129105790799,0.974142915292506,0.2220208419277626,0.041860797115005136,-0.22239523624095162,0.9749464338740391,0.004450839653878673,-0.039823855699159375,-0.013645395779554863,0.9991135389390297,162,162,105,113,162,148,146,146,221218_065529
0,0,0,0,-0.012547385152582004,-0.03855084493272243,-0.0035929216418126297,0.971478892281086,0.23432024326160134,0.03637011754363397,-0.23416662751282843,0.9721594262840425,-0.008487664363610653,-0.03734638418350652,-0.0002710809934235749,0.9993023436895927,111,95,150,158,108,76,162,162,221218_065529
0,0,0,0,-0.007597520856049665,-0.041449886932364066,-0.003967145381486292,0.9670978357206689,0.253698042475541,-0.01894939018745255,-0.25394655366706087,0.9671428013077474,-0.012080966816655752,0.01526184867636878,0.016495609193997077,0.9997474535362911,162,162,92,100,162,162,136,136,221218_065529
0,0,0,0,-0.013906512604448577,-0.04034864575555708,-0.0033518571692623955,0.9669700720156902,0.2537779278822809,0.023783253472653646,-0.2529663469006114,0.9669275804303136,-0.032543532981812895,-0.03125551410116702,0.025452259682679886,0.9991873074230463,135,95,152,162,128,88,162,162,221218_065529
0,0,0,0,-0.007522439361016688,-0.042210320970272774,-0.004056097085614496,0.96871751319113,0.2472422990105484,-0.02139217653187152,-0.2475587033874118,0.9687768464525613,-0.01364221956185203,0.017351311591223953,0.018511276493229374,0.999678080498245,133,162,139,67,162,162,18,18,221218_065529
0,0,0,0,-0.01319427683023603,-0.042520400098775224,-0.0030012141357948496,0.9698725447930824,0.24289330590558508,0.01871066013921173,-0.24239505400860004,0.9698437005332354,-0.025452589812590073,-0.02432867955227165,0.02015039657813066,0.9995009138910214,76,162,154,135,92,155,132,132,221218_065529
0,0,0,0,-0.014881115291117873,-0.04543071953249356,-0.004334556732821182,0.9720595914083212,0.2341629574102644,0.016366432964015614,-0.23396733173618106,0.9721573142982323,-0.01301706329014777,-0.018958861551757147,0.008824150572527644,0.9997813240580835,147,94,151,162,138,125,162,162,221218_065530
0,0,0,0,-0.01628297389702838,-0.05497488333616385,-0.002948338630841263,0.9723058102860862,0.23249586049799692,0.02381357040034579,-0.2324188956273205,0.972597343100816,-0.005988751840787436,-0.02455337531365349,0.00028817447776747227,0.9996984789006018,162,162,148,43,80,154,74,74,221218_065530
0,0,0,0,-0.01595447178069411,-0.05394420330720262,-0.0031120980970703593,0.9689155753427682,0.24680252856412985,0.017062231757411818,-0.2466166527047722,0.9690352300958951,-0.012286148366695965,-0.019566156160207654,0.007696410029777558,0.9997789409693363,65,162,162,113,92,147,128,128,221218_065530
0,0,0,0,-0.01597573941890986,-0.0579736529257624,-0.004417639201325707,0.9696038798087745,0.2441580267547309,0.01597417387560516,-0.244250664344638,0.9697034573891484,0.004100938274931496,-0.01448893463905957,-0.007877988243703043,0.9998639947884198,138,84,162,162,146,129,154,154,221218_065530
0,0,0,0,-0.0191488163447033,-0.06318630875167541,-0.004713605683911326,0.9754938301192873,0.21767593960611414,0.032077604583244795,-0.21784980541196564,0.975980285112391,0.001986291495411769,-0.030874741799282453,-0.008925715015134,0.9994834075312589,162,162,162,18,162,162,72,72,221218_065530
0,0,0,0,-0.019149150627764573,-0.06650709880517802,-0.004649121094666309,0.971468965646161,0.23613173393058765,0.022132623371674147,-0.2360744054567791,0.9717210381970877,-0.005205671272895765,-0.022735959944689854,-0.00016779781669307565,0.9997414905710805,18,146,162,127,56,136,140,140,221218_065530
0,0,0,0,-0.019663693647409337,-0.06977389258160449,-0.004609281727154413,0.9745494606771955,0.22250920998662985,0.027258029365912602,-0.2223848361194709,0.9749297254400585,-0.0075508355490207625,-0.02825479353849784,0.001296890318482347,0.9995999123237249,161,104,141,146,146,148,154,154,221218_065530
0,0,0,0,-0.01981829542624531,-0.07534540565369552,-0.00421938370625996,0.9746446809897208,0.2232940861003625,0.0144047537656638,-0.22318874462102606,0.9747375937553527,-0.008567823207504374,-0.015953999277170717,0.005135604407320897,0.9998595378724131,162,162,162,18,162,162,70,70,221218_065530
0,0,0,0,-0.019700420753919805,-0.07575972455646651,-0.004252918955525542,0.9739740399862475,0.22633030899254888,0.012213134904843964,-0.22619121553439026,0.9740115868530969,-0.01178824376179975,-0.014563771762205675,0.008718939571410988,0.9998559279440254,47,143,138,96,72,137,162,162,221218_065531
0,0,0,0,-0.020589897405037076,-0.07426014680044424,-0.006110385731570189,0.9773618718347616,0.21110893750255166,0.014028114277921363,-0.21098862645805525,0.9774415560937348,-0.009581436552056044,-0.015734388739124874,0.00640475820008823,0.999855693629538,159,101,162,146,153,92,162,162,221218_065531
0,0,0,0,-0.020540724181375113,-0.08250508263894041,-0.0037468067436556285,0.9790598483622064,0.20354235006643395,0.003510705684993452,-0.20351120517568075,0.9790424975200991,-0.007679675614804344,-0.005000269284279143,0.006804394097931528,0.9999643481284943,133,162,144,62,159,162,60,60,221218_065531
0,0,0,0,-0.021650265294623015,-0.08184476599825785,-0.005552457053130566,0.9796354549866545,0.20032076697705348,0.013636922336599097,-0.2001735284902761,0.9796937455532747,-0.011433434109991565,-0.015650361811857024,0.008470846564536776,0.999841642928338,83,134,162,132,72,137,133,133,221218_065531
0,0,0,0,-0.026512681115173513,-0.08875115996099137,-0.004488781505713524,0.9787615322548339,0.2009290090372583,0.040661976162951786,-0.20097846470534386,0.9795913375393416,-0.0029100073140019846,-0.04041682450235242,-0.0053239783235895675,0.9991687222646414,138,162,162,146,140,84,162,162,221218_065531
0,0,0,0,-0.02524160286864776,-0.09274752500711125,-0.003787947235865341,0.9756826073456292,0.2183510025242698,0.019138689084702468,-0.21839147447457483,0.9758612417964644,2.5224641581966205e-05,-0.018671197070776486,-0.004204337772786927,0.9998168381977952,138,154,103,71,162,160,142,142,221218_065531
0,0,0,0,-0.022978063233918898,-0.09203716833225561,-0.005021346295721096,0.9771747864069387,0.21235449362022268,0.005916574165181992,-0.21236015311488762,0.9771914096370083,0.0003380838016478164,-0.005709831834196103,-0.001586811562296792,0.9999824397705646,67,162,162,122,93,154,160,160,221218_065531
0,0,0,0,-0.02573104911688443,-0.09135978660653299,-0.005245832437625442,0.9750146914246611,0.22166602326685847,0.014509501546549978,-0.22161834744095174,0.9751214935221778,-0.004835385053914288,-0.015220367394199352,0.0014989997113238598,0.9998830398682894,127,84,162,162,126,72,162,162,221218_065532
0,0,0,0,-0.02526322671753193,-0.0967958173453608,-0.0057226279653508905,0.9767488566706922,0.21428671743838357,0.006547802835852224,-0.21425367855800256,0.976763145902544,-0.005396112575730172,-0.007551967747477816,0.0038677559447574876,0.9999640034756716,162,162,78,114,162,158,140,140,221218_065532
0,0,0,0,-0.030093705812113063,-0.09774675147750145,-0.0057168866836673216,0.9736125225181771,0.22655660606091896,0.027400004488140974,-0.22589814794698923,0.973825917890576,-0.0251616453892958,-0.03238337150317702,0.018308082770569858,0.9993078261253401,48,105,162,162,73,101,162,162,221218_065532
0,0,0,0,-0.027476262982942513,-0.09925616977596119,-0.0051276555697365445,0.9741944463021007,0.225259242137501,0.014263752163479413,-0.22512324273421486,0.9742733439461796,-0.010534555366037923,-0.016269799475541948,0.0070516031912563485,0.9998427718983913,162,130,89,146,162,115,154,154,221218_065532
0,0,0,0,-0.026529045882040324,-0.1007827262014106,-0.0042781646653647365,0.9763985567353136,0.2159404470288234,-0.003947371554341371,-0.21597120044209403,0.9763397164479771,-0.010825833265138477,0.0015162403493468788,0.011422846548720908,0.9999336075919878,162,162,162,18,162,162,18,18,221218_065532
0,0,0,0,-0.02936778137929482,-0.09851982164042772,-0.004588792683773657,0.9764202391472734,0.21467541797378933,0.022759206958057214,-0.2140126585863254,0.9764176739589423,-0.028409645288562994,-0.028321344395945736,0.022868994258338226,0.9993372356483163,94,103,162,150,44,104,154,154,221218_065532
0,0,0,0,-0.025218939602914013,-0.10064587811312675,-0.006019954836587793,0.9759515715395594,0.21788561228672726,-0.006662579673203947,-0.2179301921651628,0.9759398793495098,-0.006912542088038858,0.00499613373711303,0.008198283582651844,0.9999539123349532,146,34,98,146,162,116,162,162,221218_065532
0,0,0,0,-0.037031909176164356,-0.10316976302605008,-0.004260116867730035,0.9744341293170637,0.2165967198431451,0.05969915054072916,-0.21430991243392875,0.9758433252065037,-0.042438968913906805,-0.06744915903594617,0.028559859997973325,0.997313865010529,162,162,162,18,162,162,18,18,221218_065532
0,0,0,0,-0.029509096888120638,-0.10609618384287334,-0.004442952300412251,0.9743228885432931,0.22493182063456718,0.010029203690808584,-0.22479812426682272,0.9743197313281318,-0.012917603136608675,-0.012677231037215964,0.010331370223532983,0.9998662663589232,92,100,162,162,72,101,82,82,221218_065533
0,0,0,0,-0.03627701651180069,-0.11066879201182078,-0.004702186694677368,0.9753429308456768,0.21581351162175447,0.046159456786787116,-0.21591565222851644,0.9764079435995944,-0.0028211342301752962,-0.04567929916383168,-0.00721497589026514,0.9989301005329673,162,123,126,162,146,87,162,162,221218_065533
0,0,0,0,-0.038693237784093414,-0.11130632625626391,-0.0034158460563976645,0.9697588994291951,0.23609149138412958,0.06187474988954318,-0.23633065140713197,0.9716662830133238,-0.0035295411248402186,-0.06095490286561661,-0.011200096030333782,0.9980776811779504,162,162,162,18,162,162,18,18,221218_065533
0,0,0,0,-0.035348642466294565,-0.11729984195943222,-0.004550563418125764,0.9649585895696025,0.2618293252229526,0.01732988370233201,-0.2617496322660484,0.9651121518089643,-0.006757546837366499,-0.01849460527914699,0.0019846621788370423,0.9998269903796377,104,112,162,162,92,100,82,82,221218_065533
0,0,0,0,-0.034778669999486624,-0.11874739142168023,-0.006425264342982295,0.9681309050860033,0.25026052319968833,0.009603184116353495,-0.2501984453053417,0.9681676805643414,-0.007216666644094928,-0.01110353926207121,0.004583976273958754,0.9999278466856373,162,162,112,148,138,162,162,162,221218_065533
0,0,0,0,-0.04253471214167243,-0.12287194714370486,-0.0020447211903529827,0.9650956857599219,0.2558258507819017,0.05606649087735852,-0.25593853754340107,0.966678620016873,-0.005283048591340951,-0.055549818431115464,-0.009250928277178442,0.9984130598095562,162,162,162,142,131,162,92,92,221218_065533
0,0,0,0,-0.03150448779814526,-0.12019183781916087,-0.00621599510878823,0.9676614926937387,0.2519440167124166,-0.012467878750557729,-0.25203747963308926,0.9676951448155423,-0.006573854320475424,0.010408862470280706,0.009503638421164157,0.9999006632855258,116,86,162,161,120,88,162,162,221218_065533
0,0,0,0,-0.04050530692974163,-0.12472367598979606,-0.0037386689436896825,0.9657125468757374,0.2560312189675,0.042980131698168604,-0.25632420623961544,0.9665899134813627,0.0013566324935086057,-0.04119682150854651,-0.012326965162087623,0.9990750061068917,162,162,132,122,162,144,152,152,221218_065533
0,0,0,0,-0.04172027298917819,-0.11588404914968542,-0.0062466266320038155,0.9659041411808553,0.2533127005887109,0.053496408946091575,-0.2514881205456821,0.9670916824476666,-0.0385668635611206,-0.06150540849448792,0.02379818188424801,0.9978229959591685,83,117,162,152,95,119,151,151,221218_065534
0,0,0,0,-0.030013922933505487,-0.1214752487028804,-0.005810123095067177,0.971096838882749,0.23822788347496446,-0.014778533315960922,-0.23847076483267887,0.970988149958965,-0.01771177459723468,0.010130342148686928,0.02072409646534079,0.9997339085945048,162,132,149,160,162,112,162,162,221218_065534
0,0,0,0,-0.03823965045886978,-0.11929840119174684,-0.00570114341359329,0.9694825541596986,0.24223127066887204,0.03778344465676553,-0.2410930593872143,0.9699645148811707,-0.0322951480357172,-0.044471495312170296,0.022200256338146342,0.9987639534560809,162,162,162,18,162,162,18,18,221218_065534
0,0,0,0,-0.036082203187277805,-0.1226976837601449,-0.0052061282573266365,0.9678919238512954,0.25079777494047567,0.016902657434421393,-0.25043481160439296,0.9679058706924989,-0.02099120329252688,-0.021624728440169615,0.016084202308554965,0.9996367688095444,75,114,162,144,18,114,152,152,221218_065534
0,0,0,0,-0.038358579174056336,-0.12804207277958135,-0.0053550580037228235,0.9668961637500009,0.25273691746745586,0.03515478736359277,-0.25279708362757564,0.967515279420291,-0.0027961755433375977,-0.03471949070656854,-0.006183416315038666,0.9993779677017857,162,116,128,162,146,162,162,162,221218_065534
0,0,0,0,-0.038933000289503326,-0.127131106617427,-0.00555438201598496,0.9643773360252285,0.2627195618898336,0.03089960454921292,-0.26219126830382794,0.9648059098501514,-0.0201319433600462,-0.03510117642065552,0.011313183399727686,0.9993197282628069,162,162,162,18,162,162,18,18,221218_065534
0,0,0,0,-0.039010061370906284,-0.12983601189479776,-0.006612932011309691,0.9603731157451622,0.27819857392080455,0.017000941808038586,-0.277853588584087,0.9604124596899561,-0.020131830101434503,-0.021928562763539106,0.01461029570949433,0.9996527784157891,100,124,162,139,69,120,162,162,221218_065534
0,0,0,0,-0.039387511821523925,-0.13493876919612313,-0.006069239651698977,0.9663464063326045,0.25626419553954466,0.0224340155239979,-0.2560774559370472,0.9665949962312627,-0.010883465509388691,-0.024473649684316746,0.004772352161604797,0.9996890842286789,162,124,123,162,162,111,154,154,221218_065534
0,0,0,0,-0.04484776057743022,-0.1352838388026878,-0.006118816886114042,0.9618982343743038,0.2694101865905415,0.04658259405449772,-0.2678490087275369,0.9627450009033415,-0.03713450900847898,-0.05485157455599996,0.023242517008158662,0.9982239679409892,162,162,162,18,162,162,18,18,221218_065535
0,0,0,0,-0.037548935121228706,-0.14132171652278813,-0.005829961032765896,0.9629478014129623,0.2696735915829427,0.0027723197321931877,-0.2696631666507878,0.9629478760651428,-0.0036282962254356008,-0.0036480550723290827,0.0027462673552066585,0.999989574800559,84,117,162,138,78,114,150,150,221218_065535
0,0,0,0,-0.04268071192188296,-0.14534115641053158,-0.005781236269677359,0.9615099287014621,0.27307742908612775,0.030452827983949986,-0.27298056028767215,0.9619912808729826,-0.007374905381492155,-0.03130927519981604,-0.0012219852978642134,0.9995089974774582,162,118,122,162,146,87,162,162,221218_065535
0,0,0,0,-0.0448259616808901,-0.14208598501176006,-0.006092187581221542,0.9588908732576987,0.2816385252386075,0.034756787603433266,-0.2806916323893126,0.9593371465643306,-0.0297396490972974,-0.04171930835609676,0.018761138644268788,0.9989532116105634,162,162,162,18,162,162,18,18,221218_065535
0,0,0,0,-0.04437900251510921,-0.1493004962544715,-0.004664926447438655,0.9513711536286981,0.30744829648528404,0.019195651369402367,-0.30700177704671333,0.9514294354914523,-0.023063784827650324,-0.025354229102045545,0.0160491204965502,0.9995496930107719,99,107,162,161,91,100,82,82,221218_065535
0,0,0,0,-0.0451936102583746,-0.15341310577822287,-0.005376053982557694,0.9541510172380528,0.29829193681242566,0.02485471255677539,-0.29824700428921536,0.9544724017934904,-0.005581993109519271,-0.025388200725864393,-0.0020867791588637017,0.9996754896548407,162,149,101,137,130,162,146,146,221218_065535
0,0,0,0,-0.052443287243060445,-0.15093040084548248,-0.004214313740180886,0.9463008675132112,0.3167988867928944,0.06444480949251347,-0.3163002485585256,0.9484870434033753,-0.018068792370798423,-0.06684924012700881,-0.0032853953653857685,0.9977576786333116,18,154,162,162,97,137,137,137,221218_065535
0,0,0,0,-0.04122385331687609,-0.15589637075556406,-0.004146263955992269,0.9464387789969981,0.32279949824000254,-0.007356734783405021,-0.3228706822965422,0.9463576298440416,-0.012718449171718334,0.002856593081992674,0.01441250748380982,0.999892053925819,138,162,129,157,162,106,154,154,221218_065536
0,0,0,0,-0.04748377699486509,-0.15462009469505478,-0.005789333429985222,0.9530008889804134,0.302176608582068,0.02187699312932626,-0.30203813745903885,0.9532489230244934,-0.009458026904085563,-0.023712214633299103,0.002405821789608554,0.9997159311017809,162,162,162,18,162,162,18,18,221218_065536
0,0,0,0,-0.047512922852017796,-0.15970974254541903,-0.00431760137043552,0.9543211809430008,0.2982937413422129,0.017085885391791095,-0.2982100250187091,0.9544722591194842,-0.0073135182838717765,-0.018489580360230188,0.0018842630953598899,0.9998272775688258,18,138,155,156,111,87,162,162,221218_065536
0,0,0,0,-0.053632539719927784,-0.15921761853499883,-0.004885312091218397,0.9445544480657047,0.3236271662622689,0.05551893277383243,-0.3240669232696982,0.9460334720317705,-0.00113975349264215,-0.05289162392858857,-0.016915290496059738,0.9984569840837564,162,158,116,122,162,139,155,155,221218_065536
0,0,0,0,-0.04629000433487721,-0.16296777890428715,-0.0038615184082360088,0.9391770305730821,0.34335378742779116,-0.007394721287392926,-0.3433533097716764,0.939205311577682,0.0013738169835480314,0.0074168667752897545,0.0012487446737061327,0.999971714961967,18,114,162,140,62,98,162,162,221218_065536
0,0,0,0,-0.047606472922827596,-0.15391619447878735,-0.005850317406052019,0.9369103579542435,0.3492912834182214,0.013949210949127816,-0.349006319671401,0.9369199539295839,-0.019380112435442208,-0.019838598425175952,0.01328906530340872,0.9997148747297332,162,162,103,119,162,162,138,138,221218_065536
0,0,0,0,-0.04510679134809139,-0.15372253604779795,-0.0053184141832113285,0.9431128208237988,0.33247102166096953,0.001107679325387131,-0.3323919882047973,0.9429516452970929,-0.018914566047547078,-0.007333033140437266,0.017470386006501127,0.9998204900069537,104,88,152,152,109,85,162,162,221218_065536
0,0,0,0,-0.04773266819500383,-0.15207792346420101,-0.006167202687786366,0.9413741339810331,0.3369183087942034,0.017343386944684836,-0.3368053025699102,0.9415297812131488,-0.009157469601978472,-0.019414634486657083,0.0027792603285287537,0.9998076553416541,162,162,88,109,162,162,142,142,221218_065536
0,0,0,0,-0.046075803201449404,-0.15090877029719918,-0.004902614520978954,0.9456771443390434,0.32489649491434436,0.0117049676259833,-0.32453492063045797,0.9455356750493477,-0.02528581618925684,-0.019282737516602925,0.02011354770665807,0.9996117352414975,124,92,162,122,120,80,162,162,221218_065537
0,0,0,0,-0.0460304172035902,-0.15009843129233524,-0.0064555544783541086,0.9484838720319074,0.31672735712458433,0.0078819885965198,-0.31659165072617856,0.948446201104868,-0.01481655493755733,-0.012168450428584863,0.01155789161657118,0.9998591620601107,162,138,106,34,162,122,60,60,221218_065537
0,0,0,0,-0.04524960898678234,-0.15056765003831407,-0.004930434422538488,0.9522367190680139,0.3053587052808391,0.0011366476122854343,-0.30530783091891034,0.9521342221502791,-0.015084806590511857,-0.0056885181000729335,0.014017279318498856,0.9998855717742569,162,162,162,40,162,162,162,162,221218_065537
0,0,0,0,-0.05106341150600619,-0.15362003267339008,-0.005293103804904498,0.9544318079485552,0.2953478404633408,0.04277355619648003,-0.29558948337088936,0.9553147964097798,-0.0007050397658956069,-0.0410704431018607,-0.011970500999613916,0.9990845438746587,117,80,161,162,122,66,162,162,221218_065537
0,0,0,0,-0.0496812922605201,-0.15724242610817762,-0.004628967340461254,0.9532981771024285,0.30153262157428984,0.017339655697906825,-0.30133557143831385,0.9534282319886905,-0.013095030846229294,-0.02048069625600769,0.007258413976538005,0.9997639003821923,114,18,104,120,162,162,144,144,221218_065537
0,0,0,0,-0.046352917172987555,-0.15494277417677438,-0.007293630762879033,0.9518375885149278,0.3065794998371801,-0.003770327528252593,-0.30658493545214205,0.951842835334482,-0.0009456089149191014,0.003298854936454052,0.002055991731138003,0.9999924451985173,88,105,162,144,95,102,162,162,221218_065537
0,0,0,0,-0.052025720013712175,-0.1560019276244059,-0.0038972365795077457,0.9541516712035876,0.2987364659531815,0.01873798946537529,-0.2978086996799481,0.9537509698393398,-0.04085420327771628,-0.030076015931958883,0.033400770055824376,0.9989894002567486,138,162,103,146,161,113,146,146,221218_065537
0,0,0,0,-0.04870709168984822,-0.1585800656092855,-0.005844461814366542,0.9572787385085937,0.2891460885557792,0.003457784303177584,-0.28909970135583685,0.9572458214708797,-0.010089596250933608,-0.0062273168668289846,0.008658911561753694,0.999943120269951,100,162,162,105,91,162,162,162,221218_065537
0,0,0,0,-0.05036101146194653,-0.1589271341385452,-0.006830273079307836,0.9553510144974986,0.2953792171671399,0.007453667843942593,-0.29531385631110973,0.9553602775094315,-0.00874450843462579,-0.009703884235783406,0.006152903609645221,0.999933986025032,132,82,162,130,134,83,138,138,221218_065538
0,0,0,0,-0.05201798580204577,-0.16649132547417778,-0.005644409811852713,0.9516635332925656,0.3070631153489998,0.006983021786898836,-0.3069487492257752,0.9516247906593042,-0.013882476413380284,-0.01090801310237863,0.011068016751103719,0.999879249837377,162,162,92,111,162,162,136,136,221218_065538
0,0,0,0,-0.055140795919966935,-0.17122865537786813,-0.0012356311855599156,0.9521289150554479,0.30528780964468955,0.015807668951571145,-0.30496901226570555,0.9521574178456528,-0.019752296048290277,-0.021081524447122885,0.013985883019928928,0.9996799309794802,107,84,156,156,108,84,162,162,221218_065538
0,0,0,0,-0.0457266691987653,-0.1637736716447531,-0.00730842893831718,0.9549453720780952,0.2945527205795403,-0.03630469867411732,-0.2953879923507677,0.955163844126829,-0.02019813971239178,0.028727518542505354,0.030012092097182513,0.999136629298686,162,140,72,122,162,161,130,130,221218_065538
0,0,0,0,-0.05736405814481659,-0.16612447256800633,-0.005859566247537695,0.9677754478591513,0.24950627678838336,0.034019117628436374,-0.24813806051992912,0.9679040256126199,-0.03986602719476015,-0.04287406491606185,0.030139924453854973,0.9986257554817467,88,113,160,162,73,116,162,162,221218_065538
0,0,0,0,-0.05238450547679175,-0.1650403530669743,-0.00702665956323173,0.9653682051328438,0.26062767884218013,-0.011723546388688447,-0.2607713370338366,0.9653119952069618,-0.01307905543756775,0.007908116095224696,0.01568326913915422,0.9998457364858507,146,42,162,162,157,99,146,146,221218_065538
0,0,0,0,-0.057662231864321255,-0.1629989822675575,-0.0071222533607659955,0.9691886730100002,0.24544680714730566,0.020716683380987554,-0.24478615473056606,0.9691126552888325,-0.030006662780981876,-0.027441839612864807,0.024010960418555587,0.9993349884890652,139,162,138,18,162,162,52,52,221218_065538
0,0,0,0,-0.057965462195950924,-0.1646665290484427,-0.005217670890462767,0.9726201211115613,0.23032836288322053,0.030966841305942065,-0.22989827878773617,0.9730688550880587,-0.016845909534688695,-0.03401295957967035,0.009265447056134505,0.9993784418684853,99,115,162,133,89,113,162,162,221218_065539
0,0,0,0,-0.057092139575211164,-0.16902201247701432,-0.0046625235681148625,0.9759685753071928,0.21644848639804729,0.02520699801330081,-0.21599134464385045,0.9761972602717767,-0.019663368908171386,-0.028863108837920547,0.013746336743720751,0.9994888489494712,162,95,162,162,146,135,162,162,221218_065539
0,0,0,0,-0.0620977360308664,-0.16701669230779337,-0.00627108306463009,0.9724314407644867,0.22735589152844585,0.051830411922052885,-0.2261367737173232,0.9736826012177205,-0.028361094101134247,-0.05691443213653602,0.01585845746593047,0.99825310254533,132,148,99,75,147,155,63,63,221218_065539
0,0,0,0,-0.05996289626413368,-0.16923084206105854,-0.007330288777658123,0.9694344615700101,0.24341572324644767,0.030750778801080254,-0.2425919971969414,0.9697180671651369,-0.028213349845583692,-0.03668715874067409,0.01989110077192406,0.9991288187684395,28,122,162,162,70,120,141,141,221218_065539
0,0,0,0,-0.05660841388062713,-0.1724518395875445,-0.006241364256857118,0.9724582839710058,0.23300605899987237,0.005749991783867026,-0.23282239535150134,0.9722531547310224,-0.02274940303313686,-0.010891196396893153,0.020784118574597873,0.9997246632228902,162,101,156,162,155,95,162,162,221218_065539
0,0,0,0,-0.060209771731694346,-0.17445980799084482,-0.006676712590646505,0.9729869454549799,0.22874486370592909,0.031179982398068257,-0.22820825312753124,0.9734099948399053,-0.01984880727540744,-0.03489121922015039,0.012197101046213158,0.9993166833128524,162,122,104,80,151,159,50,50,221218_065539
0,0,0,0,-0.05872017686915449,-0.17510748471159532,-0.0071812644102718926,0.9718621339462241,0.23464152895490445,0.020672336374871418,-0.23412620927997926,0.9718949545497001,-0.02459909447566977,-0.0258633085601691,0.019066992697859983,0.9994836362141108,76,122,162,144,91,123,162,162,221218_065539
0,0,0,0,-0.05909471684135003,-0.1776724342258491,-0.006787741940927905,0.9696538314543102,0.24419852832286068,0.011769703094129311,-0.24405274876942196,0.969680558261033,-0.012564662695844829,-0.01448112440608042,0.009310944931634795,0.9998517906872076,146,41,154,162,146,80,162,162,221218_065539
0,0,0,0,-0.06002278463500552,-0.17982308722099993,-0.007756897678280084,0.9720835644255277,0.23393046588690303,0.018168128789076036,-0.2336679877488441,0.9721935331704673,-0.015459804750705684,-0.021279456646401063,0.010782912012084067,0.999715416272738,129,153,109,77,151,162,41,41,221218_065540
0,0,0,0,-0.05934368106162589,-0.1816595558065076,-0.008029574774708947,0.9702616645947351,0.24192416261743477,0.008062366879974334,-0.24181702885721962,0.9702433525197962,-0.01234347786536745,-0.010808643417236787,0.010026785776067602,0.9998913124907525,56,127,162,162,94,124,156,156,221218_065540
0,0,0,0,-0.06177335980835235,-0.18756094248213095,-0.005804081603024092,0.9717671367042454,0.23509908064259713,0.01992622148421492,-0.2348002210450439,0.9719080261836957,-0.01623714374239348,-0.023183792158120924,0.011100041473715015,0.9996695958467733,146,146,162,146,148,92,146,146,221218_065540
0,0,0,0,-0.06059585991262618,-0.19396744051480774,-0.005139673027610925,0.97194463855504,0.23510917195834244,0.006877270183314885,-0.23513058302442638,0.9719606276658191,0.0024793535568415443,-0.006101517082261173,-0.00402685094447356,0.9999732776233402,162,156,113,121,162,162,132,132,221218_065540
0,0,0,0,-0.062310538008821394,-0.1901824607390642,-0.0061997779734935254,0.9724603002948705,0.23241043048935747,0.01750303259902087,-0.2322896658107882,0.9726080028559251,-0.008670867206985839,-0.01903878956034752,0.004366300534820754,0.9998092117557812,73,125,162,133,58,128,156,156,221218_065540
0,0,0,0,-0.0635711783694099,-0.18783805082780325,-0.008331140720187702,0.9695772090624802,0.24341159265672152,0.025900429087736352,-0.2434977097228969,0.969901455924116,0.00017651057651225184,-0.025077899160705297,-0.006477835795848798,0.9996645120324555,153,93,156,146,146,46,162,162,221218_065540
0,0,0,0,-0.059618535054197515,-0.18743364264363394,-0.007868768059665465,0.9745518802836898,0.22404488929586122,0.007247083270414477,-0.22397645700779842,0.9745512822852563,-0.009183948083278801,-0.009120270925627637,0.007327057838439433,0.9999315650991699,162,162,104,116,162,162,127,127,221218_065540
0,0,0,0,-0.06079345042257674,-0.18786770757144,-0.006967405277722605,0.9755216564541758,0.21974372424953534,0.00837815265113174,-0.2196378693267551,0.9755080523221897,-0.011968550963706054,-0.010802969337398665,0.009835421064281962,0.9998932744778232,56,127,162,133,63,129,132,132,221218_065541
0,0,0,0,-0.0622303067898077,-0.19217614148196838,-0.0072176049254029095,0.9752089502917074,0.22113284479557155,0.00823214574477438,-0.22108483153305264,0.9752338620918356,-0.00635700365307669,-0.009434009590159912,0.0043794043043791624,0.9999459086775603,162,101,153,162,146,44,162,162,221218_065541
0,0,0,0,-0.06390148608384805,-0.1907466796666406,-0.007279596813579647,0.978271115613555,0.20572797328432565,0.02572207931978807,-0.20556968741161682,0.9786039667133574,-0.008682162770437478,-0.026957892604946968,0.00320582925402868,0.999631429420411,162,162,77,114,162,162,122,122,221218_065541
0,0,0,0,-0.06279586189878325,-0.19207592770414916,-0.008393594081866407,0.9762276979922725,0.21636396641639474,0.01288858833518501,-0.21611991772402311,0.976200397060915,-0.0180268117278965,-0.016482197537651656,0.014812792264685794,0.999754429022274,59,152,162,124,71,155,102,102,221218_065541
0,0,0,0,-0.0641824669524676,-0.19666322962939864,-0.007999584034473262,0.9784766923981819,0.20616060192047708,0.009009364533612457,-0.20609673620210547,0.9785026478124869,-0.0075301760133118754,-0.010368112670719251,0.005511301093048816,0.9999310615236976,146,133,162,146,151,90,146,146,221218_065541
0,0,0,0,-0.06873575754855218,-0.20935910155189918,-0.004757561809900057,0.9755527269868469,0.21814552138181348,0.0266347211283031,-0.21804541287140136,0.9759160207987718,-0.006642158838157936,-0.02744220826146935,0.0006721974025096647,0.9996231656761393,162,162,102,136,162,162,145,145,221218_065541
0,0,0,0,-0.06879379304436112,-0.21094669017739098,-0.003642908813027146,0.9751224700662948,0.22087900792777487,0.018671695923203044,-0.22067022358252988,0.9752669256459745,-0.012612539993390135,-0.020995732800808124,0.00817848383812614,0.9997461135739746,162,162,162,18,162,162,18,18,221218_065541
0,0,0,0,-0.06202388460756094,-0.2056305129303012,-0.008546128315461698,0.9745357739870946,0.22354318643039264,-0.01756328613672823,-0.22373394766387195,0.9746015051563179,-0.009748169560453294,0.014938068218938928,0.013429443308874467,0.9997982317299327,144,91,152,162,142,91,162,162,221218_065541
0,0,0,0,-0.0697955473064843,-0.20603992107105207,-0.008600295597550767,0.9730686000061243,0.22855901626763264,0.029971248971173516,-0.2287124092828596,0.9734924648031903,0.001747801887742178,-0.028777309154084732,-0.008555527697406624,0.9995492331164428,130,18,95,143,130,162,152,152,221218_065542
0,0,0,0,-0.06936884272948693,-0.2075813401232922,-0.005207418128166996,0.9725157090649597,0.23087846145574173,0.030138541067999763,-0.2304027921732186,0.9729204348778892,-0.018449410716971763,-0.033581974043563,0.010998337731152474,0.9993754487611195,162,162,162,18,162,162,18,18,221218_065542
0,0,0,0,-0.06753344783810117,-0.20611301122369652,-0.007187196060006118,0.9647952137310457,0.2627355949382161,0.0118407227028953,-0.2623124842327616,0.964547655527746,-0.028982422803574964,-0.019035655420880034,0.024856133415910996,0.9995097880732874,135,88,162,162,128,80,130,130,221218_065542
0,0,0,0,-0.06726464353787429,-0.20997194326552782,-0.0061481476617209485,0.9683289759202456,0.2496196792662609,0.005386103996156379,-0.24948395589433003,0.9682019452753614,-0.01851347931431102,-0.00983616513507493,0.016583391933328,0.9998141032049013,130,18,80,134,162,162,144,144,221218_065542
0,0,0,0,-0.07156158084335845,-0.2050180476851836,-0.008463728862486308,0.9670075386305316,0.25123120413492706,0.042181776878597275,-0.2505627524471518,0.9678825342858608,-0.02053550365797395,-0.04598616441744751,0.009288804729022779,0.9988988891719108,55,162,154,162,49,162,162,162,221218_065542
0,0,0,0,-0.06922197466711444,-0.2078528796634267,-0.007300368702055637,0.9638366523782451,0.26566505401196483,0.02099968116705843,-0.26492621891049056,0.9637221201437346,-0.03246188040542386,-0.028861844467896858,0.02572458400995232,0.9992523403582428,140,85,152,162,131,83,162,162,221218_065542
0,0,0,0,-0.07046942841458986,-0.20520897273099292,-0.008951308439121008,0.9672810642656465,0.2518465805754315,0.03066989673245207,-0.25072290009886217,0.9673799160773406,-0.0362508666960307,-0.038799098947431346,0.027375131463796006,0.9988719798343567,162,161,102,130,162,162,142,142,221218_065542
0,0,0,0,-0.07042961837470985,-0.20811151915200976,-0.0069433744098506,0.9685557311598512,0.24717729333000585,0.028340453409528264,-0.24633365473103935,0.9687140532199068,-0.03021280591254362,-0.03492171508180143,0.02228157885591098,0.9991416341337365,87,144,146,162,104,152,162,162,221218_065542
0,0,0,0,-0.06501018653512752,-0.21330843990884707,-0.006736521020595243,0.9696518294192519,0.2442178625108601,-0.01153105955770957,-0.24439582344328342,0.9695084450181478,-0.018001569986307475,0.00678315467731092,0.02027339806542174,0.9997714629571621,138,162,162,162,141,93,162,162,221218_065543
0,0,0,0,-0.07362624487347924,-0.20937228995674884,-0.008522877070839652,0.9737389642581349,0.22488599226943282,0.03547844368749272,-0.22355818373928613,0.9739564933314501,-0.03782178711664056,-0.04306005072785672,0.028897051380676848,0.9986544910292132,162,162,109,133,162,135,140,140,221218_065543
0,0,0,0,-0.06722736626398954,-0.2131733799067348,-0.009368526789019171,0.9763196975934737,0.21618280813256927,-0.008052425653413737,-0.21615454203870965,0.9763499579219469,0.004239530852309508,0.008778499132696993,-0.0023985691002507575,0.9999585915522943,117,162,162,162,162,162,162,162,221218_065543
0,0,0,0,-0.07166203477152944,-0.21270750387660753,-0.008999857072267026,0.9754673927138249,0.2195410386580834,0.01628183334335912,-0.21963029173639131,0.9755754187130636,0.0038906753421402043,-0.015029993475669046,-0.007371210739098659,0.9998598724563162,138,157,128,162,149,87,146,146,221218_065543
