0,0,0,0,0,0,0,1,0,0,0,1,0,0,0,1,180,180,68,92,180,180,92,92,221213_023011
0,0,0,0,0.00016986671527149944,-3.377943147073181e-05,-0.000533887733812799,0.9999942962624686,0.000426861121131677,0.0033504077533501953,-0.0004306342026051737,0.9999992738844792,0.001125515303736999,-0.0033499248818426924,-0.0011269516842643387,0.9999937539720872,180,180,180,84,180,180,84,84,221213_023011
0,0,0,0,9.845009151626671e-05,-2.4391753742726563e-05,-0.00032160000079295425,0.9999982889549464,0.0006116751588788773,0.001745835238348303,-0.0006161057424928186,0.9999965884812039,0.0025383931275008804,-0.0017442766103791195,-0.002539464403311577,0.9999952542985645,0,150,180,155,0,150,155,155,221213_023011
0,0,0,0,0.0001134321111257719,-1.5194005560784096e-05,-0.0003580327905884362,0.99999860243309,-0.00024090178630672534,0.0016544177815867645,0.0002416049278472732,0.9999998805767651,-0.00042482174590260723,-0.0016543152436933957,0.00042522086767446903,0.99999854121308,149,78,180,150,149,78,150,150,221213_023012
0,0,0,0,3.8869815544545494e-05,-1.234206839467386e-05,-0.0001472211929529621,0.9999979645942554,0.0020040423967183085,0.00023371225708121644,-0.0020049731195311187,0.9999897784843017,0.004052531271864507,-0.00022558842370481603,-0.004052991610112148,0.9999917611504964,180,99,131,180,180,99,180,180,221213_023012
0,0,0,0,0.000184470572317047,-2.3630680902386736e-05,-0.0006013408969250955,0.9999935034977139,0.0006128071067338297,0.0035521021688513315,-0.0006196543078338499,0.9999979516026863,0.0019268676580029447,-0.003550914094540162,-0.0019290562155135779,0.9999918348422703,180,90,97,87,180,90,87,87,221213_023012
0,0,0,0,0.00016643596168533503,-2.2472776362400526e-05,-0.0005411405628390487,0.999996573192976,0.0004603268484345742,0.0025771498788396156,-0.00044902721382272034,0.9999902919986516,-0.0043834099755720194,-0.0025791426611645155,0.0043822377440421965,0.9999870719241764,180,180,180,83,180,180,83,83,221213_023012
