0,0,0,0,0,0,0,1,0,0,0,1,0,0,0,1,180,180,68,92,180,180,92,92,221213_023107
0,0,0,0,0.00011052961048757526,-2.911091752379538e-06,-0.00036327463865448717,0.9999940510601599,-0.0008094921886465173,0.003352993690251491,0.000822217776336428,0.9999924584589709,-0.0037956531863245838,-0.0033498958519069615,0.0037983874972284,0.9999871751428626,180,180,180,84,180,180,84,84,221213_023107
0,0,0,0,7.486263743289312e-05,4.526218939262042e-06,-0.00026144565223662486,0.9999990449536065,2.018309887523802e-05,0.0013819133538025229,-2.0486496109096434e-05,0.9999999756923734,0.0002195348630990048,-0.0013819088893176042,-0.00021956296399560813,0.9999990210594841,0,150,180,155,0,150,155,155,221213_023107
0,0,0,0,0.00010684375659508749,-6.764775809017104e-07,-0.0003560711675989481,0.999995571197989,-0.0007492119969902186,0.0028803239039718554,0.0007635355414923445,0.9999873330418678,-0.00497501450143706,-0.00287656007848003,0.004977191697754653,0.999983476345944,149,78,180,150,149,78,150,150,221213_023108
0,0,0,0,6.782549773337587e-05,8.293560023247756e-06,-0.0002410422282111968,0.9999976059369848,-0.0012735010170521499,0.0017794143583591269,0.0012802870569222212,0.9999918929208861,-0.003817716274746471,-0.0017745380669475224,0.0038199852960652024,0.999991129324149,180,99,131,180,180,99,180,180,221213_023108
0,0,0,0,6.361184395300978e-05,1.957506494612224e-06,-0.000254820703445513,0.9999978832880884,-0.0005367159567695559,0.001986291852836462,0.0005405828223370737,0.9999979589622014,-0.0019467515618056153,-0.0019852429461126586,0.0019478211963492704,0.9999961323940368,180,90,97,87,180,90,87,87,221213_023108
0,0,0,0,0.00010733075700444794,3.305262100581144e-06,-0.0003658700147306515,0.9999938770156168,-0.00090793637055433,0.003379583232056729,0.0009209259961773847,0.9999921877925309,-0.003843988711807838,-0.0033760667328919555,0.003847077521179711,0.9999869009981887,180,180,180,83,180,180,83,83,221213_023108
0,0,0,0,4.80523296738089e-05,8.783945968910897e-06,-0.00019309962966584937,0.9999990169574958,9.599914047466266e-05,0.0013988810553496758,-9.702219415100978e-05,0.9999997279025064,0.0007312876364686284,-0.0013988104717331219,-0.0007314226400911471,0.9999987541743169,34,145,180,180,34,145,180,180,221213_023108
0,0,0,0,6.212222997470374e-05,1.0240960019712933e-05,-0.00023286363908114893,0.9999996349843814,-0.00011174816738486274,0.0008470793654397001,0.00011334340873268,0.9999982199558933,-0.0018834113509597675,-0.0008468673898341601,0.0018835066743478962,0.9999978676068424,150,126,180,180,150,126,180,180,221213_023109
0,0,0,0,0.0001030546089830775,0.00014213208138388715,-0.000258313525829279,0.9999994368304504,0.00021796164512950485,0.0010386681388156753,-0.0002178446451985328,0.9999999699148974,-0.00011275599309208676,-0.0010386926840491937,0.00011252966129915758,0.9999994542271429,180,152,135,180,180,152,180,180,221213_023109
0,0,0,0,0.0001059746537327988,-3.310014919519211e-05,-0.0004406880701065541,0.9999950722367027,-0.0010316075223850373,0.0029650106630247555,0.0010370064305198835,0.9999978062649864,-0.0018199128767963076,-0.002963126722763363,0.0018229786438205726,0.9999939482961331,144,144,129,80,144,144,80,80,221213_023109
0,0,0,0,9.999272380512014e-05,2.1142048628308013e-05,-0.0003031049654523832,0.9999974256098738,0.0005731645229422631,0.0021955081540652142,-0.0005710441362670245,0.9999993700967293,-0.0009662891588449087,-0.0021960606137722844,0.0009650329391822138,0.999997123010465,180,180,180,82,180,180,82,82,221213_023109
0,0,0,0,7.957390107371509e-05,8.754850169476192e-07,-0.00031134543309918605,0.9999977164715087,-0.0003137896359418085,0.0021139034586182,0.00031760910156266393,0.9999983174108903,-0.0018067373487765349,-0.0021133329663324597,0.0018074046180185932,0.9999961335486854,83,135,140,180,83,135,180,180,221213_023110
0,0,0,0,7.269348630725703e-05,1.647071281547091e-05,-0.0002775210299325037,0.9999983376661589,-1.5342740576268712e-05,0.0018233018178256484,1.9892726837847517e-05,0.9999968861038434,-0.002495473280727294,-0.0018232578528541478,0.0024955054028627166,0.9999952240803885,154,62,180,180,154,62,180,180,221213_023110
0,0,0,0,6.503206409302908e-05,-1.1523257379915386e-05,-0.0002507820708979036,0.9999978214706772,-0.0006577284075450762,0.0019810217671003927,0.0006606918660845055,0.9999986632704567,-0.0014956415204005293,-0.0019800353930946374,0.0014969471070696901,0.999996919299855,180,150,140,180,180,150,180,180,221213_023110
0,0,0,0,3.5437113944297716e-05,9.85558563649895e-06,-0.00013011081807356994,0.9999999955149677,-9.035221122022003e-05,2.839968516110633e-05,9.038175497013411e-05,0.999999453022651,-0.001042010334615521,-2.8305521689415463e-05,0.0010420128967552388,0.9999994567038127,180,180,0,80,180,180,80,80,221213_023110
0,0,0,0,3.7376248827769576e-05,9.031919692682744e-06,-0.00014599134284332127,0.9999999434875105,-5.879114252538702e-06,0.00033614046492927256,6.1960238927415014e-06,0.9999995555485091,-0.0009427960510651676,-0.0003361347727255024,0.0009427980805198411,0.9999994990724715,83,180,180,81,83,180,81,81,221213_023111
0,0,0,0,0.0001283963554943035,-2.594996345320344e-06,-0.0004432263266007652,0.9999968039070937,-0.0007367300111435038,0.00241855421443644,0.0007460136513424742,0.9999923494676691,-0.0038398528308321044,-0.0024157067763904572,0.003841644832766278,0.9999897030098608,79,132,180,136,79,132,136,136,221213_023111
0,0,0,0,7.514889998855301e-05,-8.030533928858608e-06,-0.00031036119365779324,0.9999978874919736,-0.000586328159401164,0.001970083977658728,0.0005895170610526898,0.9999985165076207,-0.0016184721778260344,-0.0019691320992412356,0.0016196301569071608,0.9999967496531831,150,130,180,180,150,130,180,180,221213_023111
0,0,0,0,-0.00027513010790342074,0.00012325435185482278,0.00021349013669846872,0.9999863211676289,0.0029911163416473812,0.004290769238994984,-0.002936194182724152,0.999914407447561,-0.012749766370965759,-0.0043285380156483574,0.012736993437369839,0.9999095122843985,170,180,82,180,170,180,180,180,221213_023111
0,0,0,0,-1.1045673793202981e-05,-0.00012654495604977334,0.0002647328550781092,0.9999818457162227,0.005043440036309908,0.0032972641048511983,-0.005034468933854534,0.9999836183817525,-0.0027234336218641374,-0.003310945564494152,0.002706784206174806,0.9999908554375536,180,180,0,0,180,180,0,0,221213_023111
0,0,0,0,0.0004208013428352031,0.00013370546736778469,-0.00044828967080012827,0.9999859585073118,0.002210845335848613,0.004816113694025174,-0.002221871827524005,0.9999949202088079,0.0022853538372319218,-0.0048110366653013915,-0.0022960225347875714,0.9999857910024147,180,180,180,101,180,180,101,101,221213_023112
0,0,0,0,0.00045301025547336837,0.00012743010474685831,-0.0005591197041577844,0.9999747802846682,0.0012103932292613973,0.0069981242386520605,-0.001183443929500722,0.999991873843674,-0.0038537912610809633,-0.007002731973649972,0.00384541218191415,0.999968086765801,61,133,180,166,61,133,166,166,221213_023112
0,0,0,0,0.0003277359075815611,0.0001368856514986118,-0.00014974825649760604,0.9999805708651547,0.0030765845602920144,0.00542148684793532,-0.00309927168183059,0.9999864557527336,0.004181246958474886,-0.005408549458141706,-0.004197968381125005,0.9999765620524462,154,84,180,180,154,84,180,180,221213_023112
0,0,0,0,0.0004545802684818301,0.00013374131600352862,-0.0006995893907135731,0.9999451921172233,0.0008576926950944405,0.010434420199014485,-0.0008507359340959825,0.9999994129142116,-0.0006711330731945103,-0.010434989699049038,0.0006622193535969344,0.9999453347336087,170,180,86,180,170,180,180,180,221213_023112
0,0,0,0,-8.408714213900548e-05,0.0002508170984233341,-0.00014158528663110737,0.9999313278629806,0.00927472131752265,0.007163735244886536,-0.009176705775368091,0.9998654598340099,-0.01359596638846092,-0.007288870234052859,0.013529293233799202,0.9998819083248307,180,180,114,94,180,180,94,94,221213_023113
0,0,0,0,0.0006197785891439156,4.192350680059381e-05,-0.0005996204760082557,0.9999663369068998,0.00585289485678033,0.005750536913325625,-0.005896687943415063,0.9999535182161736,0.007628268374528881,-0.0057056221653765705,-0.007661920705105371,0.9999543693823307,180,180,180,99,180,180,99,99,221213_023113
0,0,0,0,0.0008214961279094657,9.048518127006272e-05,-0.00032538361253808823,0.9999883272065686,0.0020507390410835287,0.0043749194270853485,-0.0020895172168244294,0.9999584096114924,0.00887766664471127,-0.004356531694904775,-0.00888670448700736,0.9999510223580712,0,140,180,152,0,140,152,152,221213_023113
0,0,0,0,0.0008238829935970082,8.452225337196931e-05,-0.0003444343757209589,0.9999846699100198,0.0022059362550706564,0.005078758725042006,-0.0022511737198090366,0.9999576929849283,0.008918769934375166,-0.005058869619971278,-0.008930066377000561,0.999947329489244,160,80,180,180,160,80,180,180,221213_023113
0,0,0,0,0.000859973833184674,9.464183459858763e-05,-0.0004236379016333558,0.9999832226789962,0.0014953416270757048,0.005596276793363491,-0.001519577149789003,0.9999894756662845,0.0043289077093893345,-0.005589744700381358,-0.004337339056254276,0.9999749708088178,170,180,99,174,170,180,174,174,221213_023114
0,0,0,0,0.000796033075329966,0.0001370758879937154,-0.00018885839451376896,0.9999931913743056,0.0018079580949424976,0.0032169072970943775,-0.0018406878566375,0.9999462784633506,0.010200590939253433,-0.003198292238929456,-0.010206442809445545,0.9999427980899368,180,180,117,97,180,180,97,97,221213_023114
0,0,0,0,0.0013551652010617976,0.0007099544023596322,4.278959095671553e-05,0.9999883771152315,0.0038488170644879103,-0.0029038322351665536,-0.0038560770806575994,0.9999894435094293,-0.0024987075161186185,0.002894184512761654,0.002509875874857178,0.9999926620826269,180,180,180,96,180,180,96,96,221213_023114
0,0,0,0,0.0013866854045882226,9.719854918570359e-05,-0.0005191553608551169,0.9999937971383119,0.0028416134340588615,-0.0020810857723951057,-0.0028405212636052114,0.9999958265426613,0.0005275757857208098,0.0020825762535125634,-0.0005216611448531625,0.9999976953702435,36,133,180,180,36,133,180,180,221213_023114
0,0,0,0,0.0013857423648730716,0.0001082012787259317,-0.00045861927502754973,0.9999896309563485,0.003320024350359385,-0.003116956544188066,-0.003311199070701566,0.9999905070275322,0.0028322809770078986,0.003126330196816029,-0.002821930745350289,0.999991131343858,160,81,144,160,160,81,160,160,221213_023114
0,0,0,0,0.0013895974989249216,0.00010992094393775381,-0.0005003825822209595,0.999990690101984,0.003139155871870702,-0.0029606434723596924,-0.003131803065634632,0.9999920085310243,0.0024848910733811075,0.002968420272873173,-0.0024755957869956606,0.9999925299253906,180,171,96,173,180,171,173,173,221213_023115
0,0,0,0,0.0013779137626959426,0.00012833304815706471,-0.0004707325922502781,0.9999940757647698,0.0025618292288770764,-0.002299014216185605,-0.0025628853381472576,0.999996611586322,-0.00045654640361977324,0.0022978368322532586,0.0004624358087583877,0.9999972530457347,108,110,110,80,108,110,80,80,221213_023115
0,0,0,0,0.0013776757712473942,0.00012189567629744547,-0.00043046882005393083,0.9999893536724882,0.0030108920208144377,-0.0034967228826994707,-0.00300281772481952,0.9999928186999035,0.0023120627878700523,0.0035036591430826743,-0.002301538151441574,0.9999912136087731,180,180,180,95,180,180,95,95,221213_023115
0,0,0,0,0.001080732406605861,0.0006352232023436495,0.0003386846198661919,0.9999486034776817,0.007981103646442373,0.006252390552338628,-0.007949286667586696,0.9999554126999043,-0.005097200569086181,-0.006292793061173453,0.005047236545845083,0.999967462550027,82,124,180,180,82,124,180,180,221213_023115
0,0,0,0,0.001236968254205939,0.0004338981465729884,-0.00017576824240661537,0.9999695033165233,0.007702499356489253,-0.001289938203561031,-0.007702938739766551,0.9999702754768104,-0.0003360023857764035,0.0012873118026027232,0.0003459284537781398,0.9999991115805194,160,75,180,180,160,75,180,180,221213_023116
0,0,0,0,0.0013842028645286164,0.000582788715842197,6.992629219393365e-05,0.9999545286747294,0.007701990492427776,0.005623159730419233,-0.007721291973328925,0.9999643457683806,0.0034188948912529825,-0.005596626945032814,-0.0034621574876626646,0.9999783453817231,180,173,99,170,180,173,170,170,221213_023116
0,0,0,0,0.001363191581443518,0.0005757450427034023,0.00015435147120457238,0.9999589084801622,0.00802015222728758,0.004225932963739465,-0.00803761648378077,0.9999591608540405,0.004131990482047769,-0.004192621187578604,-0.0041657871207276004,0.9999825339200892,180,180,100,0,180,180,0,0,221213_023116
0,0,0,0,0.0013974186280128476,0.0005643401547375856,9.819871538441216e-05,0.999957524046475,0.008286505492170089,0.004035335125066957,-0.008336190562512164,0.9998876791075632,0.012455404280709143,-0.003931670096645182,-0.012488514548121972,0.9999142858138556,180,180,180,94,180,180,94,94,221213_023116
0,0,0,0,0.0013935995735005202,0.000561706230045601,6.318752480616308e-05,0.9999494897358506,0.0085175828281121,0.00533561240895897,-0.008567649961182467,0.9999188123634409,0.009432075902378377,-0.005254840735458405,-0.009477313145181417,0.9999412818682871,35,130,180,172,35,130,172,172,221213_023117
0,0,0,0,0.0066797989472629216,0.001114327303562656,-0.001918748980011098,0.9999242483425957,-0.007290276814868347,-0.009917128639773176,0.0072846082514633585,0.999973282298102,-0.0006075957396516089,0.009921293218020108,0.000535307316147295,0.999950639475249,160,96,174,160,160,96,160,160,221213_023117
0,0,0,0,0.004645718421988826,0.001446710995838053,-0.00110162075429443,0.9999727109158684,-0.004454866632709423,0.005893351071682496,0.0044340092584517,0.9999838773408213,0.003547480840525163,-0.005909059609218465,-0.0035212528598068523,0.9999763416165565,180,113,85,170,180,113,170,170,221213_023117
0,0,0,0,0.0012715920945078896,0.0011694304593232834,-0.0002595144078085809,0.9999568238909798,0.0038220727160420053,0.008470071665412544,-0.003932757741963545,0.9999065898299939,0.013089882776229042,-0.008419249990763173,-0.013122628345940347,0.9998784490401258,179,180,115,85,179,180,85,85,221213_023117
0,0,0,0,0.0013673092138617449,0.0011696899791179584,-0.0005466274167507112,0.9999546296053657,0.003626410148115269,0.008808398278580175,-0.0037446726544247072,0.9999025740033266,0.013446930067289597,-0.008758776027941768,-0.013479304542928887,0.9998707877478626,180,180,180,180,180,180,180,180,221213_023117
0,0,0,0,0.0012407487316277999,0.001176264096645131,-0.0001645103645788737,0.9999870285353892,0.0031290455742999717,0.004018934530029532,-0.0031619331904145322,0.9999613553253177,0.008203050313922725,-0.003993111501331596,-0.00821565151082645,0.9999582781950409,57,123,180,169,57,123,169,169,221213_023118
0,0,0,0,0.0011934796313630425,0.001159579165457442,1.0881907912541067e-06,0.999982215742196,0.00351607794252505,0.004817197860819984,-0.0035822531537452853,0.9998983830134734,0.013798228487187869,-0.00476819270486029,-0.013815239518164392,0.9998931960441501,167,79,172,180,167,79,180,180,221213_023118
0,0,0,0,0.0009376725450333523,0.0013942355803752016,0.0002853419878563468,0.9999921176077021,0.0038899750369112813,0.0007954977536444174,-0.0038770864314276094,0.9998706718112834,-0.015607941967359928,-0.0008561093779914604,0.01560473472589156,0.999877872207835,180,138,75,170,180,138,170,170,221213_023118
0,0,0,0,0.001876916891406205,0.0009924836186442857,-0.0007356439485841637,0.999959210157393,0.006702221525096147,0.0060546055223962905,-0.006677923030681973,0.9999696036421645,-0.004024566526911087,-0.006081395020846145,0.003983970175816235,0.9999735719588987,180,180,116,50,180,180,50,50,221213_023118
0,0,0,0,0.0021411884290185035,0.0012859659540725554,-0.0002204409514071637,0.999979971910248,0.005973976787240017,0.002089827678435322,-0.005992222623706117,0.9999430050553292,0.008836283661518085,-0.0020369208153430806,-0.008848629400330293,0.9999587755059344,180,180,180,180,180,180,180,180,221213_023119
0,0,0,0,0.0021575934314766454,0.001089483156016275,-0.000532274662415344,0.9999338232885546,0.008693933604273727,0.00753422603975121,-0.008807832903004109,0.9998453958499217,0.015218622712524717,-0.007400751521726718,-0.015283975798132454,0.9998558040841269,0,130,180,180,0,130,180,180,221213_023119
0,0,0,0,0.002212435525576012,0.0010211777745527551,-0.0005649245982382034,0.9999488942653734,0.008234404543367269,0.005865444507806799,-0.00831138900088856,0.9998780169666593,0.013223917713660055,-0.0057558379349913055,-0.013271991886598196,0.9998953568054152,169,78,172,180,169,78,180,180,221213_023119
0,0,0,0,0.0023012674060033655,0.0010154371510621828,-0.0008296184795871797,0.9999513414273872,0.008357120284359835,0.005241499606194468,-0.008412731723875602,0.9999075873313228,0.010679079651153878,-0.005151768872057046,-0.010722655352399033,0.9999292394663148,180,141,65,170,180,141,170,170,221213_023119
0,0,0,0,0.002200401433991611,0.0010518340573733576,-0.0007305855015036222,0.9999528301126468,0.008056274449815427,0.005425310285842374,-0.008097795769762559,0.9999377559138846,0.00767528511365548,-0.005363138389005676,-0.007718856126003435,0.9999558270277376,180,120,120,80,180,120,80,80,221213_023120
0,0,0,0,0.0021728989448473457,0.0010381017477359006,-0.0006758807248519183,0.9999360044517527,0.007973770006012905,0.008025334445107921,-0.008028635157389663,0.9999444605312579,0.006827654821480317,-0.007970446573069476,-0.006891650364242581,0.9999444870274965,180,180,180,180,180,180,180,180,221213_023120
0,0,0,0,0.002200185904068952,0.0010253133681793203,-0.0005984903762393801,0.9999544902019845,0.008436598071142167,0.004454361668638062,-0.008474715823913091,0.9999270293094855,0.008609021315431712,-0.004381405778167214,-0.008646378969929047,0.9999530206035259,97,117,180,180,97,117,180,180,221213_023120
0,0,0,0,0.0022191160153231526,0.001020279418546816,-0.0007267492888014537,0.9999303517504393,0.008266228384576468,0.008423842148150458,-0.008361841642294594,0.9999002937886735,0.011379019539198967,-0.008328940664461547,-0.01144866584446884,0.9998997733762068,173,87,130,180,173,87,180,180,221213_023120
0,0,0,0,0.0021369637173767886,0.0010421281321560567,-0.00048621139862958795,0.9999559791707348,0.0075235708828607995,0.0056067461033674545,-0.007560581568171014,0.999949575439069,0.006609401302473911,-0.005556737086464577,-0.00665150061239423,0.9999624394008784,180,144,43,170,180,144,170,170,221213_023120
0,0,0,0,0.0021933578975824874,0.0010365540556060877,-0.0007021115967279501,0.9999479349951863,0.007820256335145024,0.006555218510101185,-0.007863378621924115,0.9999474435448413,0.006578557956259402,-0.006503427981520095,-0.006629761608701895,0.999956874912864,180,120,124,78,180,120,78,78,221213_023121
