0,0,0,0,0,0,0,1,0,0,0,1,0,0,0,1,162,162,83,96,162,162,96,96,221218_071618
0,0,0,0,-6.609887914278689e-05,-0.0008803774452020852,0.00047056196018502305,0.999992987051205,0.00012041964004257172,-0.0037431734555610783,-0.0001282978116844027,0.9999977772898024,-0.0021045082861708203,0.003742911711440986,0.0021049737683249193,0.9999907798061716,162,114,137,105,148,162,114,114,221218_071618
0,0,0,0,-0.0040753368338290324,-0.0030405630296919117,-0.0024542874791571023,0.9994531734308473,-0.0006565500177058042,0.033059386883044654,0.00016799108827035737,0.9998907730072968,0.014778830598715053,-0.033065478947126054,-0.01476519545910244,0.9993441164609175,47,82,162,162,18,82,106,106,221218_071618
0,0,0,0,-0.004276084116839662,-0.0008801824533947178,-0.0024798721605628904,0.9994455178580554,0.018348876076481835,0.02778444853102606,-0.018575583102508543,0.9997960623785894,0.007923469231969805,-0.027633395481647182,-0.008435188142423722,0.9995825343888101,138,162,114,150,162,130,146,146,221218_071618
0,0,0,0,-0.0031701999702765243,-0.0030921126537282184,-0.002795426737009221,0.999350490731765,0.03182449847146372,0.01690556036397458,-0.032005403431658336,0.9994321168220938,0.010540304345022022,-0.01656052008111389,-0.011074527599346688,0.9998015323118354,162,162,162,162,81,162,87,87,221218_071618
0,0,0,0,-0.001307724792968784,-0.007468922723443128,-0.0003239911514860139,0.998679297215403,0.051313739331277045,0.0025615364903091476,-0.05129786314707865,0.9986658494406047,-0.005920337627225554,-0.0028619136767243027,0.005781117272509627,0.9999791938501463,102,94,162,162,53,92,90,90,221218_071618
0,0,0,0,-0.007655804097896235,-0.014220432399702387,-0.001998911993425667,0.9971599287780073,0.054304668901140135,0.05218313305060386,-0.05606802944188575,0.9978833275204265,0.03294299214196702,-0.05028372016809535,-0.03577523713826939,0.9980940235738099,162,136,162,146,162,122,154,154,221218_071618
0,0,0,0,-0.005456742222744976,-0.008019891087414188,-0.001618465041559547,0.9987383020344476,0.04115153624558184,0.028781159010328402,-0.04161295921651384,0.9990116844991555,0.015621006990776152,-0.028109885709372794,-0.016798967194136417,0.9994636706887432,162,162,162,18,162,162,18,18,221218_071618
0,0,0,0,-0.0006900528921367083,-0.005726889563588133,-0.0022960362507662424,0.9992550243491356,0.03857013381001825,-0.001319504030327926,-0.038565800692343354,0.9992510495876227,0.003165266970280756,0.0014406005578284308,-0.0031120211940129116,0.999994119979773,82,162,162,161,144,82,162,162,221218_071619
0,0,0,0,-0.004762123408196595,-0.007441450158912732,-0.0036451021918704196,0.9994028859190373,0.023622434601462884,0.025216109933925545,-0.023964616187472285,0.9996235984903271,0.013355093119737153,-0.02489113873826091,-0.01395141300189025,0.9995928117426431,162,124,116,162,146,162,154,154,221218_071619
0,0,0,0,-0.0010071551676420626,-0.008344733702093432,-0.003443453056105661,0.9999715908449348,-0.004468276702189034,-0.00607058533936847,0.004475333652087708,0.999989325081521,0.0011493962362011192,0.006065384715941052,-0.0011765314776818322,0.9999809132588129,144,154,154,18,154,162,18,18,221218_071619
0,0,0,0,-0.005620148904019337,-0.010994784972083838,-0.003397181599967325,0.9996099004538338,0.025285466932981632,0.01186136908868738,-0.025088695847694714,0.9995497996178896,-0.016454647504567377,-0.012272092541161864,0.016150642272640472,0.9997942550839358,162,82,162,162,96,96,82,82,221218_071619
0,0,0,0,-0.004189513400896794,-0.013443891566689459,-0.003039392020366849,0.9997462481101731,0.009596263543635002,0.020380164759731128,-0.009638929402228026,0.9999515517433116,0.0019962981045711556,-0.020360020373554385,-0.00219223450947906,0.9997903098541433,162,140,162,162,146,162,154,154,221218_071619
0,0,0,0,-0.004577453603394302,-0.016045408973096364,-0.0010532045469144324,0.9998409369562655,0.017633271040832635,0.002677412709775125,-0.01768636370828939,0.9996165874906882,0.021304237894120517,-0.0023007227551441523,-0.02134820287217928,0.999769453878709,142,154,148,70,162,162,60,60,221218_071619
0,0,0,0,-0.003616280786875023,-0.01366830689834897,-0.003636589202042073,0.9999674532893074,0.00568692889397853,0.005722866576472361,-0.00563908204537161,0.9999493018221993,-0.00834233414470725,-0.005770018698655921,0.008309790915011703,0.9999488258201846,98,105,162,162,93,108,160,160,221218_071619
0,0,0,0,-0.005899285767310303,-0.014947987078795522,-0.004252994394326082,0.9997940468074885,0.0012006618725959018,0.020258883961694018,-0.0011482650192073754,0.9999959664569434,-0.0025977985467180694,-0.02026192132428108,0.0025740009540323166,0.9997913927731811,162,92,162,162,152,92,162,162,221218_071620
0,0,0,0,-0.008345266653883479,-0.017024355483449827,-0.0034537332151194367,0.9992406432746295,0.017211289443149064,0.03495580558088858,-0.016746227740355994,0.9997679024912963,-0.013553781930577899,-0.035180970489355055,0.01295811189400939,0.9992969461834501,162,162,112,123,162,153,133,133,221218_071620
0,0,0,0,-0.004377680678308737,-0.022335740753424815,-0.0005530212518371491,0.9996727487931498,0.024448801861311396,-0.007526712954143963,-0.02461543856448638,0.999434540243006,-0.022905893423508017,0.006962435251098288,0.023083670782556284,0.9997092920637363,106,130,130,162,72,138,132,132,221218_071620
0,0,0,0,-0.004570488436959272,-0.026973056540049223,-0.0014991694427095026,0.9998273299424427,0.012212417174317368,0.014005968974951119,-0.012196605796490794,0.9999248819660674,-0.0012137677667387612,-0.014019739912418557,0.001042732903003493,0.999901174917242,148,92,162,162,138,80,162,162,221218_071620
0,0,0,0,-0.007506610775169106,-0.02431713367168109,-0.0034619506170515124,0.9994250189525352,0.022531030227362085,0.025337406509324763,-0.022149885091763046,0.9996387381750484,-0.015224182415448857,-0.025671269585799038,0.014654208156391922,0.9995630245768208,162,141,101,137,162,162,145,145,221218_071620
0,0,0,0,-0.006338451266099068,-0.023715116715847806,-0.0030860363450398443,0.9998388772489477,0.017227927885762648,0.005041630919266993,-0.01712525191374805,0.9996583621161076,-0.01974550070856231,-0.005380082569423736,0.019655980059618973,0.9997923270156868,149,162,162,162,162,162,32,32,221218_071620
0,0,0,0,-0.002442605398893488,-0.026717464097064325,-0.003480200795344557,0.999808337253825,0.010348914554991531,-0.01661892671851763,-0.010551784190897029,0.9998703131701946,-0.012166211050544898,0.016490864383976664,0.01233923856934245,0.9997878747931472,139,92,162,122,131,92,122,122,221218_071620
0,0,0,0,-0.013601205216517018,-0.03488187308645985,-0.004285756937170426,0.9979151947755595,0.005781750011225766,0.06427935440609839,-0.00763534969445066,0.999560959549836,0.028628474965587892,-0.06408561048394998,-0.02905958552043573,0.997521215322401,138,162,118,160,146,89,154,154,221218_071620
0,0,0,0,-0.006827196180773321,-0.03171913453805053,-0.0034600041663537806,0.9999761560009908,-0.0046923969664521455,0.005066442557727052,0.004692438446913427,0.999988990443262,3.699800290359233e-06,-0.005066404139371841,2.0074257774685496e-05,0.9999871654906981,162,162,162,18,162,162,18,18,221218_071621
0,0,0,0,-0.008135107004119888,-0.0381747683532887,-0.002803054603410071,0.9997244405774091,0.023019125892692144,-0.004600299481874162,-0.02305056523114383,0.9997104736338966,-0.0069021988680950715,0.004440084989201089,0.007006336405450133,0.9999655978559774,118,68,104,106,98,18,162,162,221218_071621
0,0,0,0,-0.011330927899473917,-0.03928844657836439,-0.004177273660609548,0.9990426166989959,0.0409302625347278,0.01544550510868108,-0.04105184702726729,0.9991278191175491,0.007638515632000306,-0.015119387384212105,-0.008265269157670086,0.9998515337043181,162,162,126,162,146,37,154,154,221218_071621
0,0,0,0,-0.008245324834862164,-0.03967631551136097,-0.0008573365533876554,0.9988911007295397,0.04111192217373915,-0.022942945288465914,-0.041392067092711815,0.9990724459325838,-0.01187200741567772,0.02243358342132569,0.01280849848600059,0.9996662826670772,162,162,162,18,162,162,18,18,221218_071621
0,0,0,0,-0.008413243799964387,-0.042555177140787825,-0.0033692917364349095,0.9986905646604634,0.04367163020386095,-0.02664478886201355,-0.04379863415278689,0.999031544820746,-0.004201440160777427,0.026435500837214902,0.005362944005999706,0.9996361353648007,105,113,160,162,100,116,162,162,221218_071621
0,0,0,0,-0.01558581450266297,-0.04913838753932098,-0.0009751283521408638,0.9986820357367696,0.046428337712514416,0.021876950288249333,-0.04664298996747544,0.9988673416027275,0.009405602925635265,-0.021415484667777415,-0.010413613049918802,0.999716426632918,162,121,162,162,161,96,162,162,221218_071621
0,0,0,0,-0.014623179970402356,-0.04958036349592887,-0.0028913714135929136,0.9980816170882526,0.061544518072166016,0.006734829304654637,-0.061436695085450584,0.9979953746496141,-0.01519094055526298,-0.007656247610636598,0.014748032860045753,0.9998619291678644,148,162,130,18,152,162,74,74,221218_071621
0,0,0,0,-0.014682453627293507,-0.0508382358634204,-0.00263532020600199,0.9979203745909623,0.06442219980808121,0.0021693658339691684,-0.06439219550338765,0.9978543948981434,-0.011842792775111705,-0.002927649994011946,0.011678473973443494,0.999927518428793,103,143,138,162,92,139,162,162,221218_071621
0,0,0,0,-0.018079495573086163,-0.06039275898492846,-0.0011774428022531813,0.9979164000088742,0.06097579808964273,0.02109053438532717,-0.0608860810045727,0.9981328371209105,-0.0048707905792267445,-0.021348155265318615,0.0035765218150043618,0.9997657049321478,142,88,159,162,137,81,162,162,221218_071622
0,0,0,0,-0.015130811457880783,-0.0581524985561237,-0.0021923803229243477,0.9972745290308982,0.07373822246930654,-0.0024876280402723098,-0.07376611185839212,0.9971757752861569,-0.0141079383237905,0.0014403081249791988,0.014252990195736299,0.9998973836264327,162,162,100,114,162,154,135,135,221218_071622
0,0,0,0,-0.01726445992061676,-0.05745903560922405,-0.0030409442749700366,0.9975514423800597,0.06962205602142336,0.006624886475369156,-0.06945027466290603,0.9973120874472454,-0.023350794009325687,-0.008232809648513395,0.022833518059397716,0.9997053822493518,101,117,162,140,91,118,18,18,221218_071622
0,0,0,0,-0.016563437197255504,-0.06311505116033966,-0.0023938104455386022,0.9980868635888994,0.06179008139368641,0.0021444282769406313,-0.06177304846208003,0.9980637953085878,-0.007262986845571094,-0.0025890567731995037,0.00711662388910832,0.9999713248135899,162,112,144,162,146,160,162,162,221218_071622
0,0,0,0,-0.021951510026120877,-0.06222628178583334,-0.0024000181043717927,0.9974187113943769,0.06177707780991927,0.036599273457919364,-0.061927484672272486,0.9980761751212535,0.002989196797762599,-0.03634419902193245,-0.005247981764209833,0.9993255515020402,104,154,138,28,156,162,18,18,221218_071622
0,0,0,0,-0.021475315182080304,-0.06401634261459554,-0.0018188650848552923,0.9976049130073773,0.06273421182228336,0.02913513704411925,-0.062443007168977986,0.9979900912732448,-0.010800397035095007,-0.029754132473283453,0.008955243573325961,0.9995171310254288,56,130,162,162,100,124,162,162,221218_071622
0,0,0,0,-0.014226504831239828,-0.06581407825028263,-0.0036841518922106076,0.9998671966596878,0.015811261772904782,-0.003948802988979725,-0.015858569595905415,0.9997991890970837,-0.012251010210862494,0.003754306096859511,0.012312005602805797,0.9999171564203545,161,97,162,162,138,162,162,162,221218_071622
0,0,0,0,-0.0199390057825303,-0.06668063057373919,-0.004635795956610844,0.9989352738849219,0.027396201154798325,0.037118280546678505,-0.02659847893540842,0.9994080847993275,-0.02181744613981074,-0.03769402481533034,0.020806926731902046,0.9990726861911472,162,160,111,135,162,162,142,142,221218_071622
0,0,0,0,-0.01599657214634216,-0.07011062222654363,-0.0037312273117793837,0.9994570155393099,0.03289536225963223,0.0018892408692225402,-0.03285751359391532,0.999308061578112,-0.017429339213599897,-0.002461278058254303,0.01735779959570432,0.9998463126418556,98,158,162,128,132,162,87,87,221218_071623
0,0,0,0,-0.016972363980912036,-0.0712212016692032,-0.004935699890884826,0.9999289767843751,0.008560195823703902,0.008292432357934684,-0.008514070282363574,0.9999481757733258,-0.005581789571877629,-0.00833978382082242,0.005510790783326003,0.9999500383472988,142,87,162,162,130,41,162,162,221218_071623
0,0,0,0,-0.01638492242311372,-0.07750185066634374,-0.004195098722150736,0.9999800337239085,-0.0017374654266014953,0.006075637202993937,0.0017863425769189905,0.9999660137194908,-0.008048626351751059,-0.006061446504665962,0.008059318820072887,0.9999491518304455,162,162,131,146,138,162,146,146,221218_071623
0,0,0,0,-0.018545045553888792,-0.07293398988664612,-0.003981565290857636,0.9994641853354393,0.020433368698930494,0.02556989783670901,-0.02015615838705054,0.9997357510700675,-0.011052479877554332,-0.02578898041494273,0.0105311668860189,0.9996119362098356,162,162,162,18,162,162,18,18,221218_071623
0,0,0,0,-0.01371732894844907,-0.07756052278554315,-0.003555308829270909,0.9999657815275258,0.00825875147881536,0.00047832839734081697,-0.008256981735769666,0.9999594639416093,-0.003590644263179871,-0.0005079632464113668,0.0035865718479773834,0.9999934392163378,120,88,162,162,117,88,106,106,221218_071623
0,0,0,0,-0.02177029300258683,-0.07992729031356804,-0.005374494562203014,0.9983666762676883,0.010883991206444642,0.05608492180280748,-0.01224320792499958,0.9996382179669647,0.023948633354257284,-0.055803974570940926,-0.024596176842132226,0.9981387401092277,162,145,132,162,162,116,162,162,221218_071623
0,0,0,0,-0.013304599140180673,-0.08268964577634319,-0.002779980538162974,0.9997174250921904,0.023771178159977015,3.249502865339122e-05,-0.023767170652321,0.9995218485986478,0.01977866965003843,0.00043768278890847533,-0.019773853009176817,0.9998043824523613,160,162,132,61,162,162,18,18,221218_071623
0,0,0,0,-0.012159040366157947,-0.08029878080253894,-0.0048288521351255165,0.9987244194743632,0.05029184976408888,-0.004501532283729893,-0.05030916162755932,0.9987263913355504,-0.0038188357129219463,0.004303742781262024,0.004040432795690174,0.9999825761986537,95,103,162,149,158,98,151,151,221218_071623
0,0,0,0,-0.01692966559160189,-0.08714229676104457,-0.003508212084327944,0.9983707944226198,0.0536128440171089,0.019529971846989427,-0.05361670019215043,0.9985615368440889,-0.0003264905448909256,-0.019519382788707837,-0.0007211740206073277,0.9998092186030191,162,116,162,162,162,103,154,154,221218_071624
0,0,0,0,-0.01948051391318603,-0.08761377784711921,-0.0034119758538655454,0.9975284724440349,0.05839644287378349,0.03907431538952343,-0.05880224933894892,0.9982261700517502,0.00931712919811913,-0.038460916995712524,-0.011591759292847188,0.9991928687597533,124,162,134,64,124,162,67,67,221218_071624
0,0,0,0,-0.020077463885583735,-0.08058833723054637,-0.002766953622362789,0.9980741607139513,0.04844966582751263,0.03873757344419393,-0.04782019789513622,0.9987110319894854,-0.01701479520205854,-0.03951200309288267,0.015129589012935884,0.9991045476564941,61,111,162,150,18,114,152,152,221218_071624
0,0,0,0,-0.011870251515021898,-0.08349729049551968,-0.002579983462870694,0.9990220994138476,0.04374287726478828,-0.0064347161046040754,-0.04377475206448619,0.9990294144413967,-0.004898996078131281,0.006214174477912859,0.005175883449079527,0.9999672965982835,162,104,151,162,146,160,162,162,221218_071624
0,0,0,0,-0.017878244355317874,-0.08688771903602288,-0.0028856004310775507,0.9974746692635437,0.0537640816494102,0.04640805643398001,-0.05309826082758067,0.9984695570865245,-0.015463449438154753,-0.04716840971105695,0.012960212028964494,0.9988028704551736,131,154,114,162,150,160,63,63,221218_071624
0,0,0,0,-0.017209775298417676,-0.09045829346491718,-0.0009986619017617882,0.9967330913520221,0.07632002753100656,0.02642722084345738,-0.07521339933401712,0.9963404413544079,-0.04060381117980498,-0.029429392866047257,0.03848348112333371,0.9988257768580895,103,127,122,31,84,126,132,132,221218_071624
0,0,0,0,-0.017778534456413503,-0.09760054961955289,-0.0016864396635144496,0.9959922332327944,0.0776895802372676,0.04431478830489274,-0.07787710227717833,0.9969597858858793,0.0025183858505093202,-0.04398440952042237,-0.005959400048602035,0.9990144429737743,149,93,154,162,146,96,154,154,221218_071624
0,0,0,0,-0.007284648600246094,-0.09699035669682277,0.001199786502457001,0.997571621074287,0.0667318543038248,-0.01994292978460036,-0.06703172934306387,0.9976415741057887,-0.014766071820326422,0.018910528509235996,0.016067023274331654,0.9996920739280689,162,122,106,74,162,114,39,39,221218_071625
0,0,0,0,-0.010823798044702071,-0.09321964608378275,-0.003345546023936219,0.9982450437466307,0.0589834813130672,0.005270822277164806,-0.058899641589676054,0.9981534055594881,-0.014852985915432085,-0.006137170023237072,0.014516470031910712,0.9998757959076309,64,153,162,136,76,156,120,120,221218_071625
0,0,0,0,-0.013829918897525079,-0.09725467571755908,-0.003355569179021134,0.998059209539783,0.05796914675133706,0.022746258543905263,-0.05815626469302262,0.9982781628751449,0.007652346279458063,-0.022263493207026894,-0.008960332111455973,0.9997119831824928,141,87,162,162,138,124,146,146,221218_071625
0,0,0,0,-0.013498301876538846,-0.1084587288777642,-0.001827045218358303,0.9981531722988115,0.05946853910860565,0.012399092148484694,-0.059433099450089996,0.9982271370973469,-0.0032077175982378747,-0.012567868537428254,0.002464877019768024,0.999917983167471,162,162,108,124,162,162,139,139,221218_071625
0,0,0,0,-0.014859003631984627,-0.11083786372079751,-0.0005038449669483858,0.9977250930061097,0.0655844499648223,0.015598676506757114,-0.06524456958428615,0.9976401834129719,-0.021382483005802675,-0.016964224878018505,0.020316110910898296,0.999649673991716,85,136,138,162,56,144,162,162,221218_071625
0,0,0,0,-0.005454911119436023,-0.11077686253580155,-0.001240540427287662,0.9980186211064045,0.050909299093153136,-0.03697397991444854,-0.05190613665113988,0.9982997765762917,-0.02651997484311102,0.03556100255649941,0.028386605178673842,0.9989642715050456,156,97,152,162,130,162,162,162,221218_071625
0,0,0,0,-0.014087271925406195,-0.10703928532468676,-0.0041375269574618345,0.9991040489281,0.03946252445381044,0.015290800476420709,-0.03900457597097099,0.9988131251488729,-0.029171631487920877,-0.01642383843083131,0.02854908394458067,0.9994574564918325,162,162,109,125,162,156,134,134,221218_071625
0,0,0,0,-0.01194883122351409,-0.10911306709475221,-0.003232106633482279,0.9994633357109846,0.03275388840229335,0.00047261400813306155,-0.03273926815419673,0.9992878779712252,-0.018758391735251376,-0.0010866877187896743,0.01873285173954195,0.9998239341881678,68,138,138,162,91,138,162,162,221218_071625
0,0,0,0,-0.011371554735820494,-0.1075719102114816,-0.005885585027526896,0.9999711256496022,0.0001352312758009565,0.007597998392289859,-5.546916086402481e-05,0.9999449033333605,-0.010497010089035806,-0.007598999291971785,0.010496285540093714,0.9999160380750083,156,102,162,162,138,157,162,162,221218_071626
0,0,0,0,-0.010810267574336618,-0.10744126756126404,-0.006000020307489973,0.9999586125852444,0.004854621248657385,0.007694528518679431,-0.004741522079412834,0.9998814501294669,-0.014649356824303697,-0.007764733412238163,0.014612266748435385,0.9998630859150215,162,162,100,144,162,144,145,145,221218_071626
0,0,0,0,-0.013399492951850986,-0.10647954836231066,-0.006001811901112153,0.9999197709873838,-0.0005332835673689651,0.012655717963663205,0.0008134718240311794,0.9997544506054172,-0.02214445208741183,-0.012640801087372568,0.022152970529862447,0.9996746751041422,162,162,162,18,162,162,18,18,221218_071626
0,0,0,0,-0.009168772525711383,-0.10782319922418149,-0.00560473899505054,0.9995590170421006,-0.02763631073623891,-0.010863046475050134,0.027513316216291404,0.9995574162934744,-0.011313220739323395,0.01117089435145668,0.011009353369038253,0.9998769950637849,149,93,162,162,130,37,162,162,221218_071626
0,0,0,0,-0.01612508694083642,-0.1129867967759135,-0.004892683197530445,0.9995557619447415,-0.017711070872433118,0.023970747414698453,0.017579988508023597,0.9998293933338405,0.005668176932891598,-0.024067047328772625,-0.005244253448915113,0.9996965914909572,162,152,113,153,138,162,146,146,221218_071626
0,0,0,0,-0.010498993840425436,-0.11298224166822557,-0.00315134685506796,0.9998570698488899,-0.011677068488735096,-0.012226444483236685,0.011668115324390403,0.9999316025115257,-0.0008033576472118791,0.012234989087408494,0.0006605832589442328,0.999924931518256,162,162,162,18,162,162,18,18,221218_071626
0,0,0,0,-0.013540565223098155,-0.11760231074149008,-0.0060431167527347784,0.9996143156651767,-0.016951987158900634,0.021996591749743215,0.01697789357117573,0.9998553735528501,-0.000991517713717835,-0.021976602265278325,0.001364591094523809,0.9997575540319855,124,85,162,122,122,90,114,114,221218_071626
0,0,0,0,-0.018621412592345885,-0.11884797644347178,-0.005511393683819588,0.9983256585485154,-0.02470201429567471,0.05230382369778821,0.02349054702033353,0.9994442431056378,0.023651619895586173,-0.05285899813994325,-0.02238337357808388,0.9983510960092673,162,135,121,161,146,162,154,154,221218_071627
0,0,0,0,-0.011123671551853426,-0.11840259200057723,-0.00454075612652427,0.9998969927416712,-0.01432607315705715,-0.0008760902123532735,0.014332614996294242,0.9998654177646918,0.007982637759983396,0.0007616124536383985,-0.007994372154068926,0.9999677544602789,162,162,162,75,156,162,18,18,221218_071627
0,0,0,0,-0.011277575608639706,-0.12269937476635051,-0.004605561311873341,0.9996870193428224,-0.02370722137023134,-0.007989431291757089,0.02364779208051989,0.9996925727958292,-0.007452638899896073,0.008163656483424394,0.007261373958046293,0.9999403117991903,128,89,162,114,122,92,106,106,221218_071627
0,0,0,0,-0.016759769487520143,-0.12641379851069423,-0.0038264646371543587,0.9993847561536725,-0.02003459464957134,0.02878756997197565,0.019680249770119947,0.9997276805288424,0.012540038014609374,-0.029030965134657912,-0.011965776266064463,0.9995068900521401,162,156,130,162,146,32,162,162,221218_071627
0,0,0,0,-0.012827575892803422,-0.12430307166729482,-0.004055954563340902,0.9998204248058458,-0.018497854361591466,0.004116737188145979,0.01843848286067973,0.9997316857756838,0.014020656400658133,-0.00437498466915391,-0.013942232250477575,0.9998932311347138,136,162,145,57,125,162,68,68,221218_071627
0,0,0,0,-0.00939613429386009,-0.1279121592271215,-0.005063707696469133,0.9996275973289026,-0.018311928714722925,-0.020232150780206407,0.01831599855642105,0.9998322479023682,1.5854931533709152e-05,0.020228466460097395,-0.0003864210715983646,0.9997953089625037,124,90,162,162,122,75,161,161,221218_071627
0,0,0,0,-0.009120284683305127,-0.13259767498027042,-0.004136668171528968,0.9990616330117483,-0.04139992617276638,-0.012723975667525414,0.04144512540693301,0.9991353013336234,0.0033092610918817014,0.012575970097844384,-0.003833502557732487,0.9999135708821228,154,162,114,162,162,162,146,146,221218_071627
0,0,0,0,-0.01701114335866802,-0.13100536711813782,-0.004799857258393714,0.9993537351923754,-0.020404593961333792,0.02959331854187325,0.021165099472891344,0.9994477482575658,-0.025617124490938184,-0.02905426855644959,0.02622691457557903,0.9992337056117025,114,146,136,64,156,146,57,57,221218_071627
0,0,0,0,-0.012000763377217907,-0.13799913449994816,-0.003907336776036108,0.9996426223142779,-0.02659302826509715,-0.0027273614219535058,0.026567280517345575,0.9996058054451237,-0.009078178579373887,0.0029677025704886537,0.009002475664953888,0.9999550730774632,126,94,162,162,106,18,162,162,221218_071628
0,0,0,0,-0.01341717501166026,-0.13616420226239467,-0.0056864791213593335,0.9989729247884673,-0.03576707613750103,0.027817473000786238,0.03601836446993352,0.9993142496808389,-0.008585325021987758,-0.027491325186071083,0.00957844712864953,0.9995761503708045,162,112,113,161,162,124,162,162,221218_071628
0,0,0,0,-0.014048168284272536,-0.1368506479868099,-0.004275708868111183,0.9998363077408146,-0.006190407921544067,0.01700107564184102,0.006397137278162255,0.9999059358717105,-0.012132437643068109,-0.016924371712387542,0.012239209871697986,0.9997818598993768,162,154,149,72,162,162,18,18,221218_071628
0,0,0,0,-0.009851440336216183,-0.14381487052264308,-0.004156651886198182,0.9999503798360357,0.006830707230780989,-0.007251158838051291,-0.006915066880440573,0.999907953215032,-0.011673343452721661,0.007170754200663013,0.011722906467831546,0.9999055724157857,117,93,162,162,114,112,90,90,221218_071628
0,0,0,0,-0.017111507704175355,-0.1481895626274583,-0.005017236270330794,0.9992860235265124,0.008948662742560093,0.03670646563877443,-0.009335381116581732,0.9999025733063172,0.010377598701708197,-0.03661002381833125,-0.010712858186564459,0.999272205570382,162,111,144,154,162,95,162,162,221218_071628
0,0,0,0,-0.014466462632150054,-0.15214757172027304,-0.0026880008983021786,0.9996737186126632,0.02279789150439088,0.01152008932620828,-0.022910242818527052,0.9996903059366027,0.009716634724993534,-0.01129500283868597,-0.00997739241168963,0.9998864308267902,143,162,130,69,162,130,63,63,221218_071628
0,0,0,0,-0.010146019152233898,-0.14589442504404848,-0.005056476487128203,0.9997443191933306,0.021118992615546457,-0.008079875714907685,-0.021264417051961453,0.9996053447369088,-0.01835699705417624,0.0076890056642009595,0.018524117369291607,0.9997988479027092,105,113,162,133,104,114,156,156,221218_071628
0,0,0,0,-0.012315638683242244,-0.1530420339972426,-0.004489993601934472,0.9999963866554682,0.0023969843347767957,-0.001217021817908166,-0.0024083266252398973,0.9999528682081332,-0.009405388093755815,0.0011944198895658844,0.009408285094895703,0.9999550277550988,162,113,156,162,146,149,162,162,221218_071628
0,0,0,0,-0.013402321114318091,-0.15442831776055477,-0.005143476752342502,0.9998706819942084,0.012672564452616775,0.009900777678091957,-0.012556586728705887,0.9998528314099036,-0.01168963863101814,-0.010047458293579637,0.011563806976665278,0.9998826565902846,162,162,123,114,162,160,131,131,221218_071629
0,0,0,0,-0.010277247807065862,-0.1550499818268155,-0.005915980748690153,0.9998293254279402,0.01747802032918644,-0.005986553238990345,-0.017567720215424673,0.9997290049644598,-0.015273894041926635,0.005717973482211926,0.015376457268954726,0.9998654256154238,69,146,146,162,94,148,160,160,221218_071629
0,0,0,0,-0.011402520629444968,-0.16015591321635547,-0.005539206593148993,0.9999885889585949,-0.0034200759040905323,0.0033354210240431822,0.0034599856232005433,0.9999216029437925,-0.012033971323067948,-0.003294002441501146,0.012045374511713364,0.9999220262104381,146,143,128,162,138,159,162,162,221218_071629
0,0,0,0,-0.0103357660040682,-0.16310636883827834,-0.005150212034528312,0.9999331537302962,0.0007048380786321737,-0.01154085240640553,-0.000876723563590636,0.9998886733543609,-0.0148953769153368,0.011529068773173761,0.014904499352202942,0.9998224524745799,162,162,97,143,162,150,144,144,221218_071629
0,0,0,0,-0.012930548223400187,-0.1594163768030945,-0.005749532316466965,0.9999605632326387,0.006565906028930918,0.005980038250961909,-0.006403642575864593,0.9996213581111254,-0.02676067581041107,-0.006153482040624871,0.02672132642831569,0.9996239819915721,162,162,162,18,162,162,18,18,221218_071629
0,0,0,0,-0.007492874751916817,-0.15783403792108175,-0.006265960714316121,0.9996858200483777,-0.006890402465102668,-0.024099451198527494,0.006529861659773225,0.999866060855653,-0.015007373377928523,0.024199630181172656,0.014845292279684345,0.9995969163599021,130,162,159,162,130,92,162,162,221218_071629
0,0,0,0,-0.012478502821136453,-0.16019101753560394,-0.006056130531471027,0.9999453095637325,-0.008448802270585731,0.006164058864364218,0.008469951658484718,0.9999583045252656,-0.0034130821642203222,-0.00613496539466478,0.003465104781869051,0.9999751773161457,162,109,125,162,146,162,162,162,221218_071629
0,0,0,0,-0.00602256915949248,-0.1657988274807103,-0.0056487223125333275,0.9992687406754596,-0.018152066018693888,-0.03365243539676994,0.018285780622545097,0.9998260659972175,0.003669874596290317,0.0335799662880258,-0.004282552017351557,0.999426858560602,146,162,162,69,162,154,18,18,221218_071629
0,0,0,0,-0.010612435700549663,-0.1666763559426736,-0.004775086061226008,0.9999710302269437,0.006142586521723442,-0.004495257243783483,-0.006242649248063722,0.9997252126850706,-0.022594876679379632,0.004355231019164812,0.02262228442518285,0.9997345968856712,121,91,162,106,118,102,162,162,221218_071630
0,0,0,0,-0.011553258102126845,-0.16916835612440817,-0.0059702925933180495,0.9994182572818457,-0.027626160272799734,0.019998556955449866,0.027784782318284785,0.9995842892155361,-0.007697702579124076,-0.01977758537446652,0.008248880048389022,0.9997703751835733,162,131,143,154,162,118,154,154,221218_071630
0,0,0,0,-0.010183433888584725,-0.16666530673033952,-0.005968700368447766,0.9994972969338186,-0.028956357578019867,0.012910568453940013,0.02922120652780546,0.9993561071840703,-0.020820473648809592,-0.012299370351744308,0.021187269520051125,0.9996998675098617,162,148,109,76,162,114,39,39,221218_071630
0,0,0,0,-0.009033040460683942,-0.17212987958722725,-0.005505259392835471,0.9996765316101732,-0.02528499077423415,-0.00273886644454425,0.025264723911236384,0.9996548853334928,-0.007197496409981057,0.0029199098518886157,0.007125971542855798,0.9999703468883602,112,104,162,162,132,90,66,66,221218_071630
0,0,0,0,-0.013521158330816505,-0.17816294333882343,-0.004458272381980988,0.9989715321641722,-0.03285684672935426,0.031245888506665532,0.03261084974331173,0.9994332414082989,0.008350356107392034,-0.031502546001655134,-0.007322813059530581,0.9994768461571827,162,144,145,154,162,98,162,162,221218_071630
0,0,0,0,-0.014095138625695489,-0.17868095869936473,-0.0016555012751364173,0.9997209641076287,-0.005992760542041494,0.022849086301175825,0.005835118601041722,0.9999587560726882,0.0069597086487176735,-0.0228898517824954,-0.006824439511710969,0.9997147001573631,132,158,116,63,162,122,73,73,221218_071630
0,0,0,0,-0.011492344841047289,-0.1768546041498288,-0.003748656950477325,0.9998355911734431,-0.01736378789190853,0.005223934618347651,0.01739368707014254,0.9998322788672378,-0.0057335665385971745,-0.00512350202087564,0.005823487373677203,0.9999699179084592,98,98,82,18,87,105,152,152,221218_071630
0,0,0,0,-0.00436898802070855,-0.1715067503959382,-0.004848627419755225,0.9990677777348316,-0.02490487888558586,-0.035260778489419206,0.023796428918832713,0.9992199951938608,-0.03151398380864351,0.036018126862685844,0.030645525162326746,0.9988811472466724,162,162,132,162,162,123,160,160,221218_071630
0,0,0,0,-0.006092328734228797,-0.17343125434247886,-0.0035125846488350265,0.9994299163875163,-0.0016008563364667344,-0.033723574671603744,0.0006588339336419772,0.9996097688507927,-0.02792625925384955,0.03375512061138462,0.027888120715733784,0.9990409624011697,162,138,126,70,162,162,51,51,221218_071631
0,0,0,0,-0.007899814097568056,-0.17799368018856976,-0.003430506562968616,0.9995490599521635,-0.022896485402556194,-0.019427498679867157,0.022616562844839375,0.9996389392543978,-0.014508005080901477,0.01975266649926372,0.01406207959558481,0.9997060018243443,85,108,162,162,97,112,132,132,221218_071631
0,0,0,0,-0.017181770862073356,-0.17756875311460119,-0.005453294990935831,0.9991021440598375,-0.0054544787839763305,0.042013740564599444,0.004948441366871291,0.9999140731119731,0.012139164743231089,-0.04207634327116547,-0.011920362990270548,0.999043285490227,162,106,140,162,162,107,162,162,221218_071631
0,0,0,0,-0.010111691534260392,-0.1783435520020733,-0.004870704194910203,0.9999383553189554,0.0032516861797213296,-0.010616595452942749,-0.003241661448435316,0.999994283728455,0.0009613227701957679,0.010619660685566346,-0.0009268481015665986,0.999943180265519,140,156,108,64,162,162,55,55,221218_071631
0,0,0,0,-0.009877370638826655,-0.1785139135344075,-0.005440437287708599,0.9999343064330901,0.00960676905824942,-0.006252424044822773,-0.009699108391812305,0.9998418011339021,-0.014909728425388707,0.00610820060072456,0.014969391890669167,0.9998692950540309,102,118,162,142,80,124,162,162,221218_071631
0,0,0,0,-0.0159347792353903,-0.18308197916912972,-0.00614815418396536,0.9996848098140537,0.003852807430179263,0.024808000764772305,-0.003734001766306083,0.9999813468375723,-0.004833550219479902,-0.024826160755304284,0.0047393936132132134,0.9996805489206693,162,98,162,162,155,94,154,154,221218_071631
0,0,0,0,-0.011857839315051744,-0.18253332211493833,-0.0059835761602231585,0.9999734815813862,0.001195505909428542,-0.007183794235759061,-0.001255907050663735,0.9999638520981845,-0.008409351606398966,0.00717348112713045,0.008418150781523706,0.9999388360824565,122,18,102,122,162,162,129,129,221218_071631
0,0,0,0,-0.011261346619757029,-0.1867306278616082,-0.00387214356044957,0.9999514026530903,-0.002143909360968232,-0.009622680747568738,0.0020020121011696357,0.999889479658847,-0.014731612780249398,0.009653200488151471,0.014711632139650361,0.9998451798154167,95,146,162,124,80,156,138,138,221218_071632
0,0,0,0,-0.015770738672694865,-0.18371195630426373,-0.0037324345726655883,0.9998125417799159,0.011016209186774673,0.01592245065110442,-0.010506288770343368,0.9994402505155443,-0.03176166786711846,-0.016263431244906194,0.03158842801692143,0.9993686366999728,157,104,162,146,141,86,162,162,221218_071632
0,0,0,0,-0.015784314796070134,-0.18234711461499464,-0.005439392651815145,0.9998600204848527,-0.0044240525541403685,0.016135897713748255,0.004784377553610221,0.9997385172752531,-0.02236083199934971,-0.016032752959328364,0.022434902167757228,0.9996197407000664,162,162,104,132,162,162,136,136,221218_071632
0,0,0,0,-0.010188574362765254,-0.1850087144639535,-0.00536013194918844,0.9996900052699079,-0.0007529493339963405,-0.024886269924440606,0.00045278579592659604,0.999927114578911,-0.012064846245047375,0.02489354029612281,0.012049838056756591,0.9996174833676784,155,162,162,162,162,162,77,77,221218_071632
0,0,0,0,-0.014053423598387668,-0.18963803198231954,-0.0061739754479541165,0.9999904972302263,-0.0029295437474312004,-0.003228501614857296,0.0029097114294091425,0.9999769746573602,-0.0061305574388585875,0.0032463870137146547,0.006121105173534083,0.9999759962333155,138,162,162,162,138,83,162,162,221218_071632
0,0,0,0,-0.019261675065251727,-0.192012662536296,-0.007152857056900608,0.9993669770706384,-0.008357339625918028,0.03458034145394472,0.007914840009347224,0.9998852925793374,0.012913442266080398,-0.03468429685492822,-0.012631569890952309,0.9993184892684459,162,158,159,146,162,126,160,160,221218_071632
0,0,0,0,-0.01177692485129099,-0.19232732713628597,-0.0057142471475554735,0.9994497302875638,-0.031643295836302814,-0.009946781224706854,0.031707018296689635,0.9994772546575416,0.0063152524063644685,0.009741746190973679,-0.0066271600885242955,0.9999305871560843,162,162,162,18,162,162,18,18,221218_071632
0,0,0,0,-0.012317437443209248,-0.18701327743495733,-0.0077007324982111824,0.9994428926136969,-0.03012671562965033,-0.014362639358304214,0.030059147238513488,0.9995361240091134,-0.004897394014413218,0.014503519271538708,0.004462936948829453,0.9998848584324752,137,89,162,122,132,85,162,162,221218_071632
0,0,0,0,-0.01716431599807121,-0.19463828670637995,-0.005714870092206503,0.9995528927881024,-0.024099479887667346,0.017698293366315575,0.0241108777287591,0.9997091976748683,-0.00043088214225082624,-0.017682762625932682,0.0008574108791007841,0.9998432800956853,162,162,119,160,162,131,162,162,221218_071633
0,0,0,0,-0.014596807046501958,-0.19238166744443375,-0.006245395049510105,0.999983304013238,-0.0049414281822216044,0.002995660576148204,0.004993343923967506,0.9998330278475788,-0.01757791061533201,-0.0029083004013546795,0.01759257549830559,0.9998410088989709,162,162,162,76,162,162,18,18,221218_071633
0,0,0,0,-0.013285616347160634,-0.19683780947089524,-0.007790221791115659,0.9999569979740575,-0.00924457214501513,-0.0007349071822656523,0.009239462849634459,0.9999350316867437,-0.006675682128566814,0.0007965732616403637,0.006668604913102521,0.9999774473354646,116,100,18,98,18,66,131,131,221218_071633
0,0,0,0,-0.01756041255739553,-0.20198290712254563,-0.006373057220383671,0.9999114389591869,-0.0008615000059331077,0.013280514158275194,0.0008267742334060718,0.9999962258584192,0.002620059786541048,-0.013282721217256143,-0.002608847764406959,0.9999083774178545,162,103,108,154,162,111,154,154,221218_071633
0,0,0,0,-0.00896051119974689,-0.19723997676386495,-0.0030646145993085683,0.9992887987284119,-0.009793055200419908,-0.036414184128831545,0.009147088107027983,0.9997985852982122,-0.017863919358753335,0.03658179212517052,0.017518130766017888,0.9991771052117713,159,162,125,69,162,162,51,51,221218_071633
0,0,0,0,-0.012893309528289501,-0.19951801625637744,-0.005615257083745828,0.9998342902963681,-0.0008979865653539847,-0.018182012201239224,0.0006544810385346734,0.999910079689761,-0.013394184909364382,0.01819240506716379,0.013380065580724706,0.9997449726019769,99,105,162,162,92,112,156,156,221218_071633
0,0,0,0,-0.0181728980388792,-0.20338351710497926,-0.007779041321517188,0.999710478788441,-0.009541408421483604,0.022088914095531435,0.009512805113984307,0.9999537727134269,0.001399633898077023,-0.02210124746363154,-0.001189101139404408,0.9997550304444742,162,118,145,154,161,96,154,154,221218_071633
0,0,0,0,-0.014670168918812884,-0.2072806068922871,-0.005577562293889338,0.9999258422937003,-0.010384123266250095,-0.006362381411416965,0.01032341399385649,0.9999015686555005,-0.009501585329906581,0.00646042078695095,0.009435199216835612,0.9999346178520845,162,162,111,119,162,162,124,124,221218_071633
0,0,0,0,-0.013035291554416892,-0.21106928511522105,-0.004613278745864369,0.9995868695584855,-0.01476465822155128,-0.024659583813751117,0.01445989603404066,0.9998174176888477,-0.01249170495530374,0.024839517164215858,0.012129969233531133,0.9996178581005055,92,140,162,132,88,146,161,161,221218_071634
0,0,0,0,-0.0141581748579728,-0.21483783501311204,-0.005820787095715707,0.9998136049880345,-0.01763938172338228,-0.007849044097704174,0.017573613703948887,0.9998105322552056,-0.008370644715138424,0.007995209954421326,0.008231148399798195,0.9999341602394655,161,96,162,162,154,94,146,146,221218_071634
0,0,0,0,-0.013164217924339264,-0.21411511380445136,-0.006004381633755995,0.9993446702743337,-0.02889657654830891,-0.021799492151688155,0.028751096575994724,0.9995623861796771,-0.006957771228475559,0.021991008161555827,0.006326452290004132,0.9997381514984112,138,113,85,135,122,162,137,137,221218_071634
0,0,0,0,-0.015306714778820465,-0.21455733441445546,-0.006468449571591595,0.9998224957799642,-0.01880247089824721,0.0012016740169555433,0.018811777187331218,0.9997888428658637,-0.008269626351435638,-0.0010459308661017268,0.008290764081719148,0.9999650840202193,162,162,162,18,162,162,18,18,221218_071634
0,0,0,0,-0.015802459365505048,-0.21684549305247214,-0.005269537905027821,0.999827586540026,-0.01856757237135087,-0.00020603344601929411,0.018562952148594023,0.9997321611579039,-0.013821098150180216,0.00046260250241468445,0.01381489061782836,0.9999044628343962,138,162,162,138,139,84,162,162,221218_071634
0,0,0,0,-0.01987654655213285,-0.21867914543731282,-0.005989816060444353,0.9994608771151321,-0.030134814078923246,0.01303257828213503,0.030120089613314503,0.9995454093965449,0.0013246720274825167,-0.013066572539772859,-0.0009314154407265221,0.9999141948924116,146,98,111,153,138,162,146,146,221218_071634
0,0,0,0,-0.013026335093378805,-0.2193284864114604,-0.005686389189803742,0.9979245120031485,-0.06183626054157558,-0.017970676824006087,0.061894710980663493,0.9980789937208975,0.0027142302225547613,0.01776831719377573,-0.003820886718455918,0.9998348302238655,162,162,162,18,162,162,18,18,221218_071634
0,0,0,0,-0.014697190284691478,-0.21880068875434644,-0.005889633068800693,0.9989528089894805,-0.04568383008812816,-0.0025046118472681115,0.045655829254652974,0.998904300172775,-0.010283207253064317,0.0029716438374098493,0.010158088640021958,0.9999439897154666,138,162,162,138,130,95,162,162,221218_071634
