0,0,0,0,0,0,0,1,0,0,0,1,0,0,0,1,162,162,83,96,162,162,96,96,221218_070324
0,0,0,0,4.124085955795054e-05,3.614859521094971e-05,-0.00011903878143282309,0.9999984807887992,-0.0013897232322480429,-0.0010521831736157571,0.0013908622588417827,0.9999984467604701,0.0010825797082998508,0.0010506770531518615,-0.0010840415054976262,0.999998860465223,151,162,136,85,151,162,85,85,221218_070324
0,0,0,0,-0.0036266253959841843,-0.0037479299704438196,-0.0026604440603396617,0.9997150780024424,0.0002801156825548149,0.023868061290645573,-0.0006064033026275571,0.9999064548164596,0.013664329160797685,-0.023862000955581844,-0.013674909564031626,0.9996217293350578,78,154,162,92,78,154,92,92,221218_070324
0,0,0,0,-0.0034278768671819893,-0.004787326822354165,-0.0033737868440670282,0.9998206143070573,0.0026714415426998843,0.018751069482623398,-0.0028047236250852174,0.9999709657672433,0.007085276841039959,-0.018731597156812944,-0.0071365974113170565,0.9997990779378344,78,154,162,103,78,154,103,103,221218_070324
0,0,0,0,-0.004216985564274273,-0.011720757274899962,-0.0018195972388547754,0.9996530030654383,0.00037333963850121055,0.02633883216402221,-0.0006944328608476201,0.9999255461125462,0.012182774500465962,-0.026332322822948666,-0.012196837665630173,0.9995788342725683,87,128,162,162,87,128,162,162,221218_070324
0,0,0,0,-0.0055120888104052135,-0.012400231579179577,-0.001924988327086874,0.9994544181611684,0.005873151093267157,0.032501878628115384,-0.006488576231152803,0.9998010400316739,0.018862097711459937,-0.032384632105577654,-0.01906269781064003,0.9992936751303727,100,92,162,162,100,92,162,162,221218_070324
0,0,0,0,-0.0011279171072600958,-0.014347790508577152,-0.0029234225732323593,0.999714801252293,0.022417839551691812,-0.008231441363641494,-0.022456971388761623,0.9997367969224941,-0.0046926874173088,0.00812407490935477,0.004876202311925741,0.9999551100213852,130,156,151,162,130,156,162,162,221218_070325
0,0,0,0,-0.0005621122822272173,-0.013637861592309397,-0.0030202149670491285,0.9997882599877722,0.019334941842080785,-0.007042386994874759,-0.0194050624547335,0.9997614073632813,-0.010028554139047194,0.006846805222154162,0.010163088652337745,0.9999249136246655,162,107,78,154,162,107,154,154,221218_070325
0,0,0,0,-0.0031682129343521825,-0.013750959306525257,-0.002123865271165981,0.9996642761433001,0.024918703008607993,0.007098819849862755,-0.024776879519194644,0.9995045364330445,-0.019411024987279746,-0.007579000210009481,0.019228621638960452,0.9997863866175027,162,103,78,154,162,103,154,154,221218_070325
0,0,0,0,0.0012361709447938074,-0.014221738212553792,-0.0030810385525477657,0.9992301330749396,0.03799464602033709,-0.009774867202536034,-0.038077518935835115,0.999239174654967,-0.008436491365075566,0.00944688873275435,0.008802199080410715,0.9999166353174749,162,146,87,128,162,146,128,128,221218_070325
0,0,0,0,0.0019102839923943182,-0.014868199301328211,-0.0035861689470692015,0.9991687653371162,0.03764828006401438,-0.015632830291561154,-0.0377652561156565,0.9992602938497236,-0.007256070967393931,0.0153480879989034,0.007840417309463579,0.9998514709951632,162,90,100,92,162,90,92,92,221218_070325
0,0,0,0,-0.003848928850509581,-0.02465121468790976,-0.0013250625294182194,0.9991815287229692,0.034509872173266724,0.02110311307400927,-0.03471675010733905,0.9993518808109771,0.009516595060626132,-0.020761019262410977,-0.01024143750399079,0.999732010609362,152,162,130,156,152,162,156,156,221218_070325
0,0,0,0,-0.007059910386246815,-0.019503707784931934,-0.0020040245343245777,0.9981793611986661,0.04381137373664233,0.04145511317473597,-0.04448917514875259,0.9988885105444119,0.015571024274316293,-0.040726848289617666,-0.017386978854187694,0.9990190272435849,129,154,162,107,129,154,107,107,221218_070325
0,0,0,0,-0.0001976939745821915,-0.020885011974197787,-0.0028840250890906916,0.9993912383641773,0.03429218658005595,-0.006418615152455414,-0.03433474684536797,0.9993883151867068,-0.006642335985218618,0.006186908758111666,0.0068586739122562775,0.9999573394661315,116,154,162,103,116,154,103,103,221218_070325
0,0,0,0,-0.004320553104361885,-0.02618051693859147,-0.0027673620971669366,0.9988634752897287,0.04223625479540147,0.022087474119589397,-0.04239903290018765,0.9990765564994438,0.006953866718780758,-0.02177337229862225,-0.007882451019301365,0.9997318576621803,77,128,162,146,77,128,146,146,221218_070326
0,0,0,0,-0.0074118474516708666,-0.029811626756424126,-0.0010779856619644312,0.998064865486257,0.04713279948977203,0.04055888921257239,-0.047302490770410786,0.9988753759075586,0.0032338479322192256,-0.040360855402431624,-0.005146126484108964,0.99917191650556,140,82,162,90,140,82,90,90,221218_070326
0,0,0,0,-0.0015400120621464064,-0.03289062031776302,-0.0021778358628550265,0.9984813528897775,0.05436340448448466,-0.008922341859409466,-0.054256289838195366,0.998456869988187,0.011837811722909368,0.009552117272814216,-0.011335741098384979,0.9998901229781986,137,81,152,162,137,81,162,162,221218_070326
0,0,0,0,-0.00793311170524888,-0.02757473951037892,-0.0016328543762288428,0.9982975418416394,0.04618943536793534,0.03561676590220612,-0.046649095735537306,0.9988370281906581,0.012184128295102119,-0.035012566601120725,-0.013824875248845686,0.9992912453355909,162,108,129,154,162,108,154,154,221218_070326
0,0,0,0,-0.002613867137695597,-0.030409897622190152,-0.003363028981257843,0.9983671658169841,0.056835648206434525,-0.005719380343763401,-0.056847691813019643,0.9983809275573661,-0.0019655597742879657,0.0055984063887996715,0.0022874839122439443,0.9999817124644116,162,120,116,154,162,120,154,154,221218_070326
0,0,0,0,-0.002151298592671269,-0.029516641311224,-0.003942426766685658,0.9980533245305289,0.062270495536696994,-0.003456411314058464,-0.06229476390534312,0.9980301788700952,-0.007424584466751266,0.002987270248119697,0.00762544753706805,0.9999664638208244,162,143,77,128,162,143,128,128,221218_070326
0,0,0,0,-0.0017308091727872288,-0.03164972384387821,-0.004090764602942831,0.998358882697333,0.056683455527863004,-0.008156421320217334,-0.056735057705836145,0.9983697655011348,-0.006240557693433475,0.007789388066308984,0.006693071240500447,0.999947262724851,162,90,140,82,162,90,82,82,221218_070326
0,0,0,0,-0.008764604088506045,-0.036214426175985914,-0.003738064138898156,0.9974151846498202,0.0622934318589017,0.035811698887470926,-0.06279578220732938,0.9979407187750388,0.013077138361646071,-0.034923332700877385,-0.01529216001748436,0.9992729910665372,162,162,137,81,162,162,81,81,221218_070326
0,0,0,0,-0.008747644218308148,-0.03310970454075479,-0.00414733430784664,0.9970914421971571,0.057649740452763554,0.04985141244661262,-0.05850258683131062,0.9981618965474631,0.01582010160576811,-0.04884775564177178,-0.018690524511121992,0.9986313439213997,132,154,162,108,132,154,108,108,221218_070327
0,0,0,0,-0.007574302154841589,-0.03471329629468667,-0.0063750618326767206,0.9971059134758105,0.05830510014550204,0.04878844749111068,-0.05918734558692849,0.9981048926215085,0.016836907298595015,-0.047714310578100036,-0.019675838534378674,0.9986672148138368,128,154,162,120,128,154,120,120,221218_070327
0,0,0,0,-0.006684849500587953,-0.03881512174431201,-0.004193461214771654,0.9976163841056925,0.06496506510942977,0.023261351620460342,-0.06503323842738067,0.9978807048962424,0.0021855652417967883,-0.023070068563630215,-0.0036931167198246536,0.9997270291561409,69,128,162,143,69,128,143,143,221218_070327
0,0,0,0,-0.006263652048048268,-0.040096412907929535,-0.00313414128840106,0.9979475495452101,0.061336551465897234,0.018398799172285176,-0.061411885666710776,0.9981061695980031,0.0035573177061370117,-0.01814576136648955,-0.004679921438965566,0.9998243994220964,18,82,162,90,18,82,90,90,221218_070327
0,0,0,0,-0.003952377308424515,-0.040918314192126104,-0.003166496933988572,0.9974819767447632,0.07076261643694307,0.00472844417936651,-0.07077160453570819,0.9974909915897022,0.0017611612177248909,-0.004591956097419464,-0.002091366154353183,0.9999872699823773,140,92,162,162,140,92,162,162,221218_070327
0,0,0,0,-0.0056065220889404965,-0.04046039277790592,-0.0018460641170459646,0.998327297775912,0.05548067919708182,0.016263479064338043,-0.0556968366158527,0.9983610809967199,0.013153491629533706,-0.015507059890020441,-0.014037314091081875,0.99978121852067,162,110,132,154,162,110,154,154,221218_070327
0,0,0,0,-0.00494173649076976,-0.041447436497259904,-0.0036099567491193474,0.9974382568212384,0.07127213728129222,0.006099694809338803,-0.07124405354447289,0.997447821402566,-0.004704084802352806,-0.0064193974766117035,0.004257467161596899,0.999970332214614,162,122,128,154,162,122,154,154,221218_070327
0,0,0,0,-0.004131610511594441,-0.04392374844175151,-0.0037887006832166836,0.9965545521941008,0.08245949876752304,-0.008913785067184555,-0.08254447213780929,0.9965408889783621,-0.009626355162120364,0.008089166873387501,0.010328971740969264,0.999913935157456,162,136,69,128,162,136,128,128,221218_070327
0,0,0,0,-0.003989115304978613,-0.04420830763310002,-0.004217038754337765,0.996638494912905,0.08170745561353764,-0.005966754134382264,-0.08173134319268503,0.9966468626312439,-0.003875402846044743,0.005630097482096217,0.004350046489567336,0.999974689228623,162,162,18,82,162,162,82,82,221218_070328
0,0,0,0,-0.009686910711195262,-0.04952112747957249,-0.003643789139484266,0.9961108832753882,0.08297598499971609,0.029632653165940225,-0.0833482698723652,0.9964534834459831,0.01155513901475369,-0.028568761429389987,-0.013980030103464559,0.999494064328897,162,138,140,92,162,138,92,92,221218_070328
0,0,0,0,-0.012435122365043266,-0.05301541037413193,-0.004797962051152627,0.9950628239127389,0.08316820781469146,0.05415741570365319,-0.08437442951259394,0.9962257509968772,0.020376670364243673,-0.05225832097599713,-0.024845568208455196,0.9983244791294907,135,154,162,110,135,154,110,110,221218_070328
0,0,0,0,-0.012429193250162146,-0.05092852156965055,-0.00418216275814387,0.9956651651516498,0.07666255568789582,0.0526662269290054,-0.07782431174940267,0.9967589455371128,0.020371082260771407,-0.05093383359093465,-0.024381489846676527,0.9984043707579547,111,154,162,122,111,154,122,122,221218_070328
0,0,0,0,-0.007799476923701143,-0.05304125033030638,-0.0028438620035470263,0.9962587327779265,0.08626371931449237,0.005206543359083004,-0.08623482000594702,0.9962594287495857,-0.005541339738007633,-0.00566508448846568,0.005071622775856186,0.9999710923122518,53,130,162,136,53,130,136,136,221218_070328
0,0,0,0,-0.009659759587265754,-0.05457531829224116,-0.0029630065177007614,0.9951619228833531,0.09623610311795414,0.019782813242268216,-0.09614054022849837,0.9953512856439914,-0.0057284108988384826,-0.020242128536309332,0.0037987660528029754,0.9997878903091374,82,162,162,162,82,162,162,162,221218_070328
0,0,0,0,-0.007885958542433319,-0.0562658810190354,-0.0029745993558241146,0.9954497323505971,0.09489657378178178,0.008629637744660846,-0.09485083645984696,0.9954759458798365,-0.005564170873775813,-0.00911861754832437,0.0047203240486266744,0.9999472832879158,138,90,162,138,138,90,138,138,221218_070328
0,0,0,0,-0.007165911631787758,-0.05675063705954608,-0.004080665156897534,0.9954214543325718,0.09556863829930687,-0.0016624163268743528,-0.09558058052048968,0.9953708765538741,-0.010058366454810673,0.0006934564108766523,0.01017120848224731,0.9999480314677442,162,112,135,154,162,112,154,154,221218_070328
0,0,0,0,-0.006122604670859899,-0.05705779542109701,-0.0030262306948853346,0.9956394060461942,0.09317988780958633,-0.00443639896479192,-0.0931788950543866,0.9956492897997079,0.0004303925900563761,0.004457201411818706,-1.5137069170258794e-05,0.9999900665138849,162,124,111,154,162,124,154,154,221218_070329
0,0,0,0,-0.006714019549556138,-0.05793433177186391,-0.003052231605642386,0.9953728457510338,0.09560725117243879,-0.009599555444906848,-0.0956802939156649,0.9953841533129746,-0.007461145329371073,0.008841905773170249,0.008345109745487194,0.9999260871912657,162,162,53,130,162,162,130,130,221218_070329
0,0,0,0,-0.006259930688547466,-0.05932747274807448,-0.003905450831345303,0.9958590986447291,0.09067011805679745,-0.0066019192719292425,-0.0907164323923961,0.9958515235582014,-0.007090269445222999,0.005931655797706078,0.007659811902160778,0.999953070269361,162,162,82,162,162,162,162,162,221218_070329
0,0,0,0,-0.010167589347915812,-0.06270163109703364,-0.005212033505593072,0.9959091408899423,0.08635600725879658,0.02660118610467009,-0.08627255494325473,0.9962624168828782,-0.004271179023366991,-0.02687060392733544,0.0019587539419779225,0.9996370010796795,162,162,138,90,162,162,90,90,221218_070329
0,0,0,0,-0.0030553525558447425,-0.05901875135075518,-0.005940466335271455,0.9952367630517707,0.09426941874930987,-0.02484073587681114,-0.09462041819470329,0.9954238715022125,-0.013352621623004528,0.023468317598279116,0.015639460739262586,0.9996022435633544,137,154,162,112,137,154,112,112,221218_070329
0,0,0,0,-0.00935298536545029,-0.0629934162751209,-0.004280681059390223,0.9955216376104323,0.09449232854191011,0.0028051552844659054,-0.09448259677833563,0.9955206387163678,-0.003420057861808837,-0.0031157592116005653,0.0031397032476677502,0.9999902171061735,82,156,162,124,82,156,124,124,221218_070329
0,0,0,0,-0.011632062977384505,-0.06594056040105956,-0.004390829748792846,0.9946191121658982,0.09993246408295298,0.027318937326135242,-0.10004624205087422,0.9949787730944362,0.0028267548511383563,-0.026899278165369155,-0.00554470141665299,0.9996227714094863,102,126,162,162,102,126,162,162,221218_070329
0,0,0,0,-0.011529227931846714,-0.06834648192762627,-0.004038312101833419,0.9943915321470006,0.10307852467819453,0.023670626195924,-0.10285390960509028,0.9946408245972576,-0.010521564685774715,-0.024628318523363186,0.008027938381420302,0.9996644427666997,58,162,162,162,58,162,162,162,221218_070329
0,0,0,0,-0.010552148499715197,-0.07129074280687886,-0.0050730657157275205,0.9934987049141764,0.11357444571126471,0.007821036710902212,-0.11346477045737262,0.9934533527048777,-0.013273351667711621,-0.00927734870046484,0.012299645556601228,0.999881317717394,141,86,162,162,141,86,162,162,221218_070330
0,0,0,0,-0.00843611981718595,-0.07166632790475091,-0.005077192753363435,0.9935550305188611,0.11331124207996873,-0.0029939520636230216,-0.11331529221475445,0.9935583316046047,-0.0012191182716026739,0.0028365262116396934,0.0015505216445151678,0.99999477498719,162,112,137,154,162,112,154,154,221218_070330
0,0,0,0,-0.010118882774321714,-0.07108920283474285,-0.004973377962869008,0.9936711399096437,0.11206325218034807,0.007713184908532514,-0.111946706012276,0.9936131508747752,-0.014171853149944784,-0.00925206591365191,0.013218695830764515,0.9998698242055631,162,125,82,156,162,125,156,156,221218_070330
0,0,0,0,-0.009378863726381248,-0.07065426729057933,-0.0045219758858609516,0.9933423021651467,0.11500929793428706,0.006628130800480468,-0.1148495821944106,0.9931641616203349,-0.02084518032418843,-0.008980211523967685,0.01994516135911263,0.9997607445480866,162,162,102,126,162,162,126,126,221218_070330
0,0,0,0,-0.00899096945942518,-0.07224267064803447,-0.0048616377415184875,0.9930443645877819,0.11769660150791995,-0.003224895957093441,-0.11770859254756569,0.9930408265052894,-0.003821535576680792,0.0027526715967085796,0.004174552332716821,0.9999874978777996,162,162,58,162,162,162,162,162,221218_070330
0,0,0,0,-0.008099904720366147,-0.07513926991393172,-0.004579471581161898,0.9932882116568124,0.11493943945509186,-0.012940395718871064,-0.11502024202692507,0.9933469032904632,-0.005680989994285698,0.012201332209200524,0.007131267839373325,0.9999001312687802,152,162,141,86,152,162,86,86,221218_070330
0,0,0,0,-0.013519052946860705,-0.08154013417853778,-0.0028122378065300047,0.9923819777768863,0.12314839332801356,0.0035331861491599142,-0.1231147579330199,0.9923557526982832,-0.0085332564545013,-0.00455703442270053,0.008033262559709492,0.9999573491554113,124,162,162,112,124,162,112,112,221218_070330
0,0,0,0,-0.0024955538996501436,-0.07545842327351304,-0.004385525570756887,0.9921368203193287,0.11466534170999704,-0.05016362404353632,-0.1162242814318085,0.9927895224140157,-0.029340766701149053,0.04643755131691801,0.034940286139084925,0.9983099369595635,80,156,162,125,80,156,125,125,221218_070331
0,0,0,0,-0.018103182999178347,-0.08688986891888295,-0.002619065959770406,0.9931569915667615,0.10632310397726683,0.04831757095197433,-0.10695631111916197,0.9942060697672084,0.010706929990561168,-0.046899228286196935,-0.015801531529602723,0.9987746362355616,88,120,162,162,88,120,162,162,221218_070331
0,0,0,0,-0.014041772555033083,-0.08498833615504109,-0.003828829294248659,0.9915044976071133,0.1285774378752446,0.019664020298592162,-0.12848222323270422,0.9916934407298673,-0.00603638356461836,-0.020276822681263774,0.0034586244079447175,0.9997884218069127,114,98,162,162,114,98,162,162,221218_070331
0,0,0,0,-0.015191156321731986,-0.09046179304625135,-0.0029193364555500367,0.9897902590577133,0.14170780761401153,0.015301644868922968,-0.1413802640932593,0.9897387141235289,-0.020709869386960202,-0.018079380503341413,0.018335076392941643,0.9996684255163213,138,156,152,162,138,156,162,162,221218_070331
0,0,0,0,-0.01261155804836206,-0.09186164117269491,-0.002981284862809852,0.9903086382970067,0.13872043019232996,-0.006741154321324013,-0.13879795717612378,0.9902372391260218,-0.01285835649722296,0.004891625298809267,0.013669399962311419,0.9998946041991659,154,128,124,162,154,128,162,162,221218_070331
0,0,0,0,-0.01343437590745225,-0.08714415563926581,-0.00483201802666855,0.9890420265823934,0.1475259784680263,0.005652904637719058,-0.1474130376302608,0.9889311815094946,-0.016867559837014316,-0.008078736931663558,0.015849413720620487,0.9998417525260194,162,143,80,156,162,143,156,156,221218_070331
0,0,0,0,-0.01247379627469461,-0.09018753501755228,-0.004717968581099907,0.9883436058090899,0.15222848024177188,0.001845713836882414,-0.15220476084472562,0.9883039718433669,-0.00943239178716658,-0.003260004982682569,0.009041517677202453,0.9999538105960725,162,151,88,120,162,151,120,120,221218_070331
0,0,0,0,-0.013451535378789764,-0.09584309385269785,-0.002340894685632977,0.9885431646056605,0.1505121560609442,-0.011335898257811132,-0.15063581571135828,0.9885283399848218,-0.010980531491095446,0.009553153217610867,0.012562321630146214,0.9998754549136916,162,162,114,98,162,162,98,98,221218_070331
0,0,0,0,-0.01844861710282336,-0.09340505159622003,-0.0058838292705852835,0.9885010863762153,0.14632644771329742,0.03813361945383454,-0.14681541018789487,0.9891098742273056,0.01033886054674445,-0.03620549080460598,-0.01581857786441228,0.9992191626614981,160,162,138,156,160,162,156,156,221218_070332
0,0,0,0,-0.01925392909727533,-0.09925807226578931,-0.002665942754047246,0.9874979456953511,0.15431398554213185,0.032171433191013905,-0.15439785310593843,0.9880087487143026,0.0001241784058730602,-0.03176649498667093,-0.005089826136732172,0.9994823577563339,123,162,154,128,123,162,128,128,221218_070332
0,0,0,0,-0.013562515135090963,-0.09770753290315326,-0.002279197003543121,0.9891549316523512,0.14648664095397002,-0.010685747978236097,-0.14666196255942102,0.989021931517206,-0.018052360405086443,0.007924009468109562,0.019423774092560717,0.9997799393236246,79,156,162,143,79,156,143,143,221218_070332
0,0,0,0,-0.017138147582980323,-0.10504622028609178,-0.0011965129360994031,0.9886236275281894,0.14975821899366598,0.013992817330658172,-0.14966560630982678,0.9887085848772192,-0.007452548423174023,-0.014950899000259074,0.005273521966672823,0.9998743223951455,72,122,162,151,72,122,151,151,221218_070332
0,0,0,0,-0.018634749808236595,-0.10169324269106794,-0.00328455072937317,0.988189529764976,0.1526808595678307,0.013038726337455944,-0.15254798363200897,0.9882387185028672,-0.010646499031131441,-0.014510890830098322,0.008531727459309106,0.9998583117991655,108,85,162,162,108,85,162,162,221218_070332
0,0,0,0,-0.0166728609153885,-0.09930108169288199,-0.00551547194875035,0.9878521933652297,0.1552476395594265,0.006798122883009079,-0.15520303261228088,0.9878601230109368,-0.006663034801706951,-0.0077500149327202235,0.005527004255821499,0.99995469371992,145,86,160,162,145,86,162,162,221218_070332
0,0,0,0,-0.017520483677325976,-0.10518523830860871,-0.0026188104730728856,0.9878160060197071,0.15560887742567922,-0.002327126466860913,-0.15562623878025028,0.9877158650041116,-0.014065696651523256,0.00010979246503568961,0.014256482227396287,0.9998983651652376,154,127,123,162,154,127,162,162,221218_070332
0,0,0,0,-0.018091364694314827,-0.10181877772803338,-0.004136185362821232,0.9868579430643778,0.1613703778207101,0.008426231230328903,-0.16118377497408445,0.9867326400709255,-0.019454760439690806,-0.011453859430314907,0.01784091311181494,0.9997752302010124,162,162,79,156,162,162,156,156,221218_070332
0,0,0,0,-0.017158528398912187,-0.10688263798798114,-0.003850003360999721,0.9848323432009486,0.17323171064341536,-0.009799500644677047,-0.1733463259937677,0.9847829736030999,-0.012391374657379106,0.007503802355569256,0.013902133972636236,0.99987520402359,162,152,72,122,162,152,122,122,221218_070333
0,0,0,0,-0.020079986519532633,-0.11006912590089335,-0.004302574406048754,0.9857955129706062,0.1673992081390364,0.013590869046628835,-0.16729733104485195,0.9858713508523299,-0.008323616634143398,-0.014792215259665703,0.005931667811545186,0.9998729947771794,162,162,108,85,162,162,85,85,221218_070333
0,0,0,0,-0.021970691402274478,-0.11072564388785366,-0.004055845592549734,0.9851053605561161,0.1701700232849141,0.024689912491069332,-0.17024592302939537,0.9854011090391954,0.000989947571100584,-0.024161007749555447,-0.005178559600517487,0.9996946674985268,160,162,145,86,160,162,86,86,221218_070333
0,0,0,0,-0.021541575108280614,-0.11214739703805354,-0.0032953474730475496,0.9856291038977776,0.16789867988544463,0.01858232607586573,-0.16782075125766338,0.9858011189147692,-0.005687652741101844,-0.019273427224505424,0.0024874161523277165,0.9998111560509348,123,162,154,127,123,162,127,127,221218_070333
0,0,0,0,-0.019966664157922948,-0.10866080280123969,-0.005283883304801784,0.9860767142658629,0.16528416894608275,0.018271756304261328,-0.16519923697644767,0.9862415096691384,-0.0060742660411145155,-0.0190243445363844,0.002971212099715521,0.9998146059213275,105,153,162,162,105,153,162,162,221218_070333
0,0,0,0,-0.020354287771345403,-0.11330084109821781,-0.004756345414354823,0.9866345450153851,0.16270704112269724,0.00887092731234345,-0.16263549068513028,0.9866515614835303,-0.008270029729002624,-0.010098106351733417,0.006716769402663207,0.9999264539239376,70,120,162,152,70,120,152,152,221218_070333
0,0,0,0,-0.018817145603405416,-0.11536206664826198,-0.0047633708602331515,0.9847832103511422,0.17373777694840398,-0.004148912089406864,-0.1737524484353113,0.9847832032342174,-0.0034827130930358036,0.0034807001068100675,0.004150601014368887,0.9999853285113668,112,88,162,162,112,88,162,162,221218_070333
0,0,0,0,-0.019468829518827308,-0.11444435369134753,-0.004719272825401244,0.9849627115928531,0.17273466386188205,0.0033455451239172533,-0.1727226468743333,0.9849639205475627,-0.003600343914143281,-0.003917145437419109,0.0029683530953013714,0.9999879223528273,138,147,160,162,138,147,162,162,221218_070333
0,0,0,0,-0.020563134809943318,-0.11297164178026176,-0.005383757406063228,0.984185629834335,0.17685730687223095,0.010006949260122548,-0.17669811016489495,0.9841502939548932,-0.015032523828450238,-0.01250695373573374,0.013026584909323874,0.9998369288008183,154,162,123,162,154,162,162,162,221218_070334
0,0,0,0,-0.020045308587447574,-0.11532011874659287,-0.004390287531825909,0.9847542253286489,0.17379863225295863,0.007290481765580479,-0.1736936668130783,0.984711730178561,-0.01316505061794539,-0.009467090704159953,0.01169802871199014,0.9998867587471358,162,162,105,153,162,162,153,153,221218_070334
0,0,0,0,-0.020970923444451006,-0.11848604592174139,-0.0025625404879083824,0.9854211727998541,0.17007126789989385,0.004569029731048924,-0.16998661091194794,0.9853327218542448,-0.014965939795944894,-0.007047290857537288,0.013971080066635397,0.9998775648114828,162,146,70,120,162,146,120,120,221218_070334
0,0,0,0,-0.021898343955657623,-0.11583566674907464,-0.004042805518608306,0.9849382797452635,0.1720610821808302,0.0170753943205929,-0.17198614951194763,0.9850824407156114,-0.005774891326135093,-0.017814305164562744,0.0027511802078823804,0.9998375275708388,162,106,112,88,162,106,88,88,221218_070334
0,0,0,0,-0.025048902179273996,-0.11550123776238552,-0.0044481912273379165,0.9843527077398121,0.17195026355925666,0.03850783851635747,-0.17236633365343212,0.9850025547029475,0.007733967386938468,-0.036600461584157876,-0.01425040668088664,0.9992283683529287,124,162,138,147,124,162,147,147,221218_070334
0,0,0,0,-0.02807607160722092,-0.11260387938748695,-0.0032698912547377,0.9818606980074864,0.1783251655746494,0.06441820418970538,-0.17961905702382638,0.98362431244029,0.014839350735081731,-0.060717082127883494,-0.026140912362448053,0.9978126520738926,122,162,154,162,122,162,162,162,221218_070334
0,0,0,0,-0.018436645754856595,-0.1172125189793235,-0.004275348944150603,0.9843273764046441,0.17570009368553755,-0.01513582304478975,-0.17592631519818758,0.9842861238071725,-0.015190724190769599,0.012228968931917904,0.01761543526414875,0.9997700479406838,97,149,162,162,97,149,162,162,221218_070334
0,0,0,0,-0.020833098314222087,-0.1182596177794425,-0.004765290677878564,0.9867120346377241,0.16234060790095292,0.00669983040325559,-0.16222581849078174,0.9866379555852847,-0.015110539814550227,-0.00906336119104196,0.013822866013972526,0.9998633825973832,44,122,162,146,44,122,146,146,221218_070334
0,0,0,0,-0.0209240139036401,-0.11680071270285042,-0.004995399656562649,0.9858807785686878,0.16713428550614742,0.010257731579026425,-0.16699265401523347,0.9858671982898116,-0.013391073188737945,-0.012350868542183993,0.011489035840626088,0.9998577189289017,111,80,162,106,111,80,106,106,221218_070335
0,0,0,0,-0.01956883765211037,-0.11715427124645161,-0.004609001084992348,0.9871472061398407,0.15976254751179905,-0.004040027579928954,-0.15974562193037745,0.9871492136226175,0.004215011070627487,0.004661510954974384,-0.003515459683846393,0.9999829557841615,146,90,124,162,146,90,162,162,221218_070335
0,0,0,0,-0.02322342245504469,-0.11442393848648413,-0.0032753422654426267,0.9878716715934577,0.15281674541502313,0.027506413505007335,-0.15267218242571284,0.9882499725820922,-0.00729358655698635,-0.028297794552196692,0.003005663363448359,0.9995950184005656,154,162,122,162,154,162,162,162,221218_070335
0,0,0,0,-0.020203416478817737,-0.1216375417768103,-0.0025153825184652256,0.9875104639671577,0.15754274291068635,-0.0018351325691228259,-0.15755308651297176,0.9874656668357773,-0.009411787864720215,0.00032937153019933335,0.009583369801476692,0.9999540242119351,146,162,97,149,146,162,149,149,221218_070335
0,0,0,0,-0.021840936215349993,-0.1222844020509044,-0.003575204750831118,0.987074463378784,0.1602206582339605,0.003653001582587665,-0.16013760472051333,0.9869491992351305,-0.016947733875434946,-0.006320704063835821,0.01614369239710601,0.9998497036534668,114,18,44,122,114,18,122,122,221218_070335
0,0,0,0,-0.025243959973035024,-0.12661277629316725,-0.002839433486507059,0.9870635600893082,0.15922785180483792,0.0187621841328767,-0.15904351163753744,0.9872108688238066,-0.010948145146349663,-0.020265481731750305,0.007822511474047817,0.9997640314416291,162,162,111,80,162,162,80,80,221218_070335
0,0,0,0,-0.021106917008769266,-0.1215782183173727,-0.0010081606319554681,0.9874517173706461,0.1576551669202192,-0.009162652733737512,-0.1577500791528859,0.9874203549779169,-0.010768245100431886,0.007349720336140053,0.01207853131148735,0.9999000403502033,162,162,146,90,162,162,90,90,221218_070335
0,0,0,0,-0.027674996716193084,-0.12303945152542728,-0.005119564884678907,0.9865702746060233,0.1568020388174385,0.04574072459515536,-0.15763714346764163,0.9873795292055214,0.01523798888454377,-0.04277410739171009,-0.022243784043588156,0.9988371187577406,120,162,154,162,120,162,162,162,221218_070335
0,0,0,0,-0.028376096194807854,-0.12486901705111775,-0.004661339473897963,0.9872391944905637,0.15378927782507468,0.0413234907487935,-0.15416302280215546,0.9880272303413269,0.0059962075139128644,-0.039906581689311965,-0.012290245322603777,0.9991278269609875,96,148,146,162,96,148,162,162,221218_070336
0,0,0,0,-0.02189571623102135,-0.1274568216885541,-0.0046799611737297075,0.9886627441436403,0.15015153898420527,0.0007026258192708029,-0.15013685560523582,0.9886134214375321,-0.01012064931465615,-0.002214256385294742,0.00990041889277179,0.9999485380630386,100,116,114,18,100,116,18,18,221218_070336
0,0,0,0,-0.025631159820312388,-0.12947060287722567,-0.0029500177736965782,0.9862412505226895,0.16426570890071945,0.01857343928260645,-0.16367704397382882,0.9860664441220145,-0.02971183354418179,-0.023195280628391164,0.026262990231732238,0.9993859286084923,114,90,162,162,114,90,162,162,221218_070336
0,0,0,0,-0.024559801801291886,-0.12892471442447828,0.0004282907409182135,0.9874889917845373,0.15611558211740545,0.022212971987144222,-0.1559041665870496,0.9877113635227007,-0.010961441918231304,-0.023651256735224637,0.007361208343262474,0.9996931682604279,148,92,162,162,148,92,162,162,221218_070336
0,0,0,0,-0.02559003707256996,-0.12761050469792634,-0.003288447437983455,0.9860957865924662,0.16372856189475835,0.02842635545510863,-0.16325883356754595,0.9864164608433588,-0.018141638278499503,-0.031010529288457257,0.013248539434135988,0.9994312498997178,154,162,120,162,154,162,162,162,221218_070336
0,0,0,0,-0.02209052129309283,-0.1279332472881991,-0.004583582903236627,0.9866355649395934,0.16288335760979583,0.004390194766569186,-0.16282088837910363,0.9865820247317978,-0.012052667071928208,-0.006294466122597517,0.011176774573490905,0.9999177263187032,146,162,96,148,146,162,148,148,221218_070336
0,0,0,0,-0.023737017889528617,-0.1317092132786446,-0.004622093011862449,0.9829525451888041,0.18379485824367764,0.0048727805244769586,-0.18370944492184102,0.98287596607259,-0.014341379410055847,-0.007425210661145034,0.013201719587255748,0.9998852838433904,162,162,100,116,162,162,116,116,221218_070336
0,0,0,0,-0.024348377088673268,-0.13300501144856614,-0.005039025807177744,0.9836183101932111,0.18013821715441117,0.006726259962461648,-0.18007033838059433,0.9836067313961212,-0.009616194035949092,-0.00834823862564433,0.008247464620654002,0.9999311407487921,158,162,114,90,158,162,90,90,221218_070336
0,0,0,0,-0.027066324547627335,-0.13328889380132103,-0.004931188963956834,0.9821175145521023,0.18688051657746796,0.0228223603893402,-0.18685046196993713,0.9823822699642839,-0.003461288985746069,-0.02306712967890318,-0.000864976046164513,0.9997335441730544,162,146,148,92,162,146,92,92,221218_070337
0,0,0,0,-0.025233568290786823,-0.13015688596305597,-0.006165520859654994,0.9827390624119137,0.18377212381323577,0.021254216497570828,-0.18374469976986793,0.9829686181760905,-0.0032528429825209094,-0.0214900096843616,-0.0007086537663737695,0.9997688119228393,120,162,154,162,120,162,162,162,221218_070337
0,0,0,0,-0.028968144375788513,-0.13322128193734728,-0.003947059337668313,0.9830367028789708,0.17916414921586113,0.039230707724915055,-0.17934654233359493,0.9837852872852727,0.0011516397086309186,-0.03838826052096011,-0.008167995885839831,0.9992295158257606,93,148,146,162,93,148,162,162,221218_070337
0,0,0,0,-0.02537439669903266,-0.13526725859721167,-0.004980597494280703,0.9840699076571234,0.17735860611197976,0.012261389877007077,-0.1771231173233399,0.9840206439993228,-0.01818717935310245,-0.015291113542274174,0.015725680308819597,0.9997594134717924,88,112,162,162,88,112,162,162,221218_070337
0,0,0,0,-0.026928195564053237,-0.1350599229285101,-0.004930736354463339,0.9841458723822443,0.17616313625364804,0.020577932312778092,-0.17556888880772062,0.9840743362794403,-0.027807660077797634,-0.02514889969388063,0.02375394917605854,0.9994014622476437,117,93,158,162,117,93,162,162,221218_070337
0,0,0,0,-0.02435675943418092,-0.1360618265499146,-0.005502816863470816,0.9837475626441131,0.17950436752073543,0.004349141610466805,-0.1794422217093955,0.9836961260772066,-0.011934010587121612,-0.006420440776404483,0.010959634194539132,0.9999193289253683,151,89,162,146,151,89,146,146,221218_070337
0,0,0,0,-0.025780032768290745,-0.1384006673223509,-0.003698350350098689,0.9843741004411812,0.17576582233954316,0.01067736287288252,-0.17555321203574448,0.9842987206740821,-0.018360234837790635,-0.013736816390562694,0.01619889430393326,0.9997744224067658,154,162,120,162,154,162,162,162,221218_070337
0,0,0,0,-0.02494151373518569,-0.1361661381297148,-0.004578934813131541,0.9851581703009281,0.17159654319056541,0.00424333057586032,-0.1715746459673718,0.9851580339721708,-0.005078283298340867,-0.005051767066946364,0.004274864341187513,0.9999781023524295,146,93,93,148,146,93,148,148,221218_070338
0,0,0,0,-0.025294933339763764,-0.13924571261084384,-0.0053869351892843476,0.9810826733680951,0.19358911089838296,-0.0002101392056551027,-0.19357031511163705,0.9809710913718013,-0.01504164221084739,-0.002705757656138175,0.014797771264320388,0.9998868460186457,162,137,88,112,162,137,112,112,221218_070338
0,0,0,0,-0.02482689233372043,-0.13709391744246813,-0.005224336495528115,0.9807549495986754,0.19522108795622856,0.002907860878109518,-0.1952000678794866,0.9807432033473651,-0.006300998951993123,-0.004081952663104866,0.00561212126879247,0.9999759205887513,156,162,117,93,156,162,93,93,221218_070338
0,0,0,0,-0.02801079594033623,-0.1435802228520051,-0.004676892872417127,0.9814368352348566,0.19113294834779346,0.015809316875488325,-0.19108191635819807,0.9815628798912205,-0.004691914378264379,-0.016414618029930352,0.0015839430337147371,0.9998640164739392,162,146,151,89,162,146,89,89,221218_070338
0,0,0,0,-0.03191037413347525,-0.1471606405786383,-0.00419950726754964,0.9783655068475716,0.20369875524804668,0.036162855546684906,-0.20369150472241312,0.9790272598556222,-0.00392369258629695,-0.03620367267023038,-0.003527260975456828,0.9993382072727921,119,162,154,162,119,162,162,162,221218_070338
0,0,0,0,-0.029257950762314633,-0.1430866324523523,-0.005479858354882516,0.9797300690348479,0.19921579479199475,0.021025197605884893,-0.19913873271337684,0.9799546228008171,-0.005718599882822642,-0.021742975009941566,0.0014157530516968467,0.999762591159028,85,147,146,93,85,147,93,93,221218_070338
0,0,0,0,-0.030096772037204178,-0.14918228854876292,-0.0045421459469980885,0.981390780307618,0.1908178707449592,0.0214633765182594,-0.19061728929784377,0.9816022211697586,-0.011051172577622241,-0.023177259284623268,0.006754228228177807,0.9997085550564703,70,112,162,137,70,112,137,137,221218_070338
0,0,0,0,-0.03142057044428523,-0.1496793978351445,-0.004282803259913648,0.9811385440786529,0.19094640656918885,0.030110249775375242,-0.19083028184328116,0.9816001053832509,-0.006710934600021139,-0.030837653199219255,0.0008384091518658272,0.9995240548457346,117,86,156,162,117,86,162,162,221218_070338
0,0,0,0,-0.03385998382621888,-0.1480782248371797,-0.004602830626850352,0.9772463770492504,0.20728045830434705,0.044992556598329604,-0.2061019481240014,0.9780866924587328,-0.02946878033832981,-0.05011492316272177,0.01952520525569827,0.9985525829099424,151,89,162,146,151,89,146,146,221218_070339
0,0,0,0,-0.0309038856642046,-0.14665363961227085,-0.00682907592557247,0.9759001877264953,0.21655030574554338,0.026921899578281148,-0.21578843622349198,0.976021425653244,-0.02859243707748696,-0.03246805179882753,0.022093930101314736,0.9992285443606319,154,162,119,162,154,162,162,162,221218_070339
0,0,0,0,-0.028139699395217904,-0.151189113299537,-0.005361793078592247,0.978710682717156,0.20521654676832685,0.00340124503684428,-0.20521085736185202,0.9787158457852526,-0.0019486481652399297,-0.0037287472602950335,0.001209190366069262,0.9999923171217504,162,135,85,147,162,135,147,147,221218_070339
0,0,0,0,-0.02838366632109629,-0.15357993560957262,-0.006178241448226374,0.9752649942307222,0.2210149780963414,-0.0032512282638494185,-0.2210384017488246,0.9751882592428454,-0.01224271159649924,0.0004647369956842659,0.012658534353690597,0.9999197695453078,162,154,70,112,162,154,112,112,221218_070339
0,0,0,0,-0.03122781455260709,-0.15514796182458757,-0.005803104421529537,0.9756032550742361,0.21897281016271578,0.015785977891739467,-0.21888338292472995,0.9757244074205051,-0.00720731873386327,-0.016980970760863225,0.003576195373396036,0.9998494173917742,160,162,117,86,160,162,86,86,221218_070339
0,0,0,0,-0.03635499372851331,-0.1555409015060728,-0.007539401762062525,0.9745071421305402,0.2185316300443812,0.05079130443996307,-0.21890265478859178,0.9757450562045923,0.001792489554789282,-0.04916764854123074,-0.012865145255419983,0.9987076801419338,155,162,151,89,155,162,89,89,221218_070339
0,0,0,0,-0.03336371668021129,-0.1578001222105193,-0.0059185024227930705,0.9749750026502754,0.22090247175847985,0.025016837891495225,-0.2207235680831322,0.9752878258185369,-0.00973464446205344,-0.026549024459408845,0.003969229288622179,0.9996396323271242,117,162,154,162,117,162,162,162,221218_070339
0,0,0,0,-0.027482208726033464,-0.15569578721778476,-0.00640043809840285,0.9775330265138434,0.2104104317432131,-0.012515282190952912,-0.21065144012095108,0.977294508177464,-0.022834514690239262,0.007426496458889429,0.02495785447116903,0.9996609188372537,77,147,162,135,77,147,135,135,221218_070339
0,0,0,0,-0.03699370459843948,-0.1641410436487195,-0.0047554278286064955,0.9764083414208868,0.21425440369210552,0.026866360048465356,-0.21386915812647922,0.9767228067607255,-0.01650884477249166,-0.02977807928635711,0.010373487937595615,0.9995027047197141,64,112,162,154,64,112,154,154,221218_070340
0,0,0,0,-0.03426840031689693,-0.1624433001573672,-0.005355972720482272,0.9801861091789965,0.19699375418891188,0.02070391709551675,-0.19681904850587872,0.9803869574834079,-0.01018212854308541,-0.022303666016598958,0.005905455696723443,0.9997338006065585,119,87,160,162,119,87,162,162,221218_070340
0,0,0,0,-0.03449280230444762,-0.16177049229793294,-0.006867777546214204,0.9783103843913066,0.2065338838626546,0.015891715097563743,-0.20625453725014242,0.9783403281159627,-0.017586024157869154,-0.01917961563390314,0.013926851710241508,0.9997190531072102,146,80,155,162,146,80,162,162,221218_070340
0,0,0,0,-0.033998884493666864,-0.1647666471607664,-0.005943618980182641,0.9785292714339009,0.20586814678944762,0.009938364277796428,-0.20570528598721516,0.9784942300795662,-0.015309376797115316,-0.01287634513197626,0.012936299257379552,0.9998334120730143,154,162,117,162,154,162,162,162,221218_070340
0,0,0,0,-0.03505958241187285,-0.16304239568864687,-0.0059811434237914685,0.9779079027065251,0.2083404225453893,0.017041190032800205,-0.20783712812306346,0.9777814239543544,-0.02733523629591303,-0.022357593736416756,0.02318955159990749,0.9994810566983813,162,136,77,147,162,136,147,147,221218_070340
0,0,0,0,-0.03301893081453536,-0.16589556477547085,-0.006631159447834156,0.9769368661878128,0.21351638187462718,0.002261449602318927,-0.2134833306562961,0.9768935651750301,-0.01018969339648185,-0.004384862030901686,0.009471905340959368,0.9999455265134107,162,151,64,112,162,151,112,112,221218_070340
0,0,0,0,-0.034682159884172864,-0.16688133289054974,-0.0062162767579568845,0.9768909213504225,0.21357014684751782,0.008480575372685628,-0.21348920097548915,0.9768989700848232,-0.009526978222919839,-0.010319343485385447,0.007496307273747009,0.9999186549551362,162,160,119,87,162,160,87,87,221218_070340
0,0,0,0,-0.037668561602954204,-0.1689028702785056,-0.006464572097022225,0.9757572023502704,0.2175017601576673,0.024307743414182993,-0.21746819265385636,0.9760590139431594,-0.004048022254516857,-0.02460624403354571,-0.0013362741576568062,0.9996963274544612,149,162,146,80,149,162,80,80,221218_070340
0,0,0,0,-0.03777052659817859,-0.1682667377978201,-0.007532644643291175,0.9764650471778088,0.21321497812163331,0.03248668565167488,-0.21318158596669737,0.9770021006156295,-0.004528443151053689,-0.032705092031102986,-0.0025036967148895735,0.9994619094582831,116,162,154,162,116,162,162,162,221218_070341
