0,0,0,0,0,0,0,1,0,0,0,1,0,0,0,1,162,162,83,96,162,162,96,96,221218_162632
0,0,0,0,6.970670540691615e-05,0.0008642040353177283,-0.0007897501261867057,0.9999965861461193,-0.0025989797547908687,0.00027018575305264676,0.0025983874744398222,0.9999942700795499,0.0021698365379544476,-0.00027582356614309027,-0.002169127083172596,0.9999976094016714,162,158,130,162,146,162,103,103,221218_162633
0,0,0,0,5.5298593292646414e-05,0.0007590439653869518,-0.0045602368390430525,0.9997123846971884,0.023807690737051662,-0.0028882078923781617,-0.02379663060923868,0.9997095783385341,0.003805174087704895,0.002977961502124097,-0.0037353500450697306,0.9999885893875654,64,111,162,151,89,115,18,18,221218_162633
0,0,0,0,0.0016263529284917325,-0.0007680863283241468,-0.0037307050692521604,0.9994245562755776,0.03375904123838893,-0.003299007127802292,-0.03375333933707748,0.9994286280554415,0.001769041213392581,0.0033568433029598937,-0.0016566707226676747,0.9999929934980326,162,117,111,156,138,162,162,162,221218_162633
0,0,0,0,-0.006968358236395113,-0.0018505788796178146,-0.002510299873982047,0.9991567520323712,0.004220694501900627,0.040840795854684565,-0.004713607295116053,0.9999171228841047,0.011980370171334303,-0.04078684560480034,-0.012162775221814704,0.99909383949883,140,154,161,89,162,154,96,96,221218_162633
0,0,0,0,-0.005325301165457479,0.0007827103182608264,-0.004426111978473701,0.9995872300793553,0.010509215549924945,0.02673809736700013,-0.010789852056657808,0.9998879814874495,0.01037321404147257,-0.026626087862797295,-0.01065743240560173,0.9995886506856922,87,112,162,137,99,115,18,18,221218_162633
0,0,0,0,0.00024309016520750876,0.0017688960791275576,-0.003112912486474828,0.9992960695092843,0.03716647369751099,0.0051008524962518394,-0.03712923855485811,0.9992844612819803,-0.007210068288171986,-0.005365175452185487,0.0070156021320978154,0.9999609973489425,160,116,158,162,159,101,162,162,221218_162633
0,0,0,0,-0.005908256373659965,0.00016140848813872566,-0.0011156074108502612,0.9971203330225915,0.05896825772685373,0.04768423275649212,-0.059353151114003806,0.9982145946391201,0.006695259688450411,-0.04720428927284251,-0.009506189042771656,0.9988400209463622,162,162,115,76,160,162,65,65,221218_162633
0,0,0,0,-1.869718678967902e-05,-0.0010956636357336569,-0.002676850291874311,0.9978121097076126,0.06609147773943798,0.0017059575202103695,-0.06610723624788939,0.9977404383450135,0.011993790341913972,-0.0009094154766186626,-0.012080325381273214,0.9999266166585293,90,146,162,133,72,147,131,131,221218_162633
0,0,0,0,0.00730038660108237,0.0005996121197102688,-0.003863601576217346,0.9952478807631208,0.0903117974858066,-0.03640652512119023,-0.09102640107844871,0.9956771790021078,-0.018470233379976223,0.03458106625340803,0.021696415586175924,0.9991663602261085,133,86,149,162,135,88,162,162,221218_162634
0,0,0,0,-0.0017224693948269323,-0.006479368663029006,-0.003184472127272242,0.9964524697587936,0.0827366374778187,0.015398841854659897,-0.08263313280060466,0.9965537226769965,-0.007241766509523124,-0.01594493258557311,0.005943621579879693,0.9998552057609927,162,146,100,122,162,146,140,140,221218_162634
0,0,0,0,0.005587209991250543,-0.009513029934434591,-0.004171393920085753,0.9943877509678236,0.10093638002168025,-0.031699336164533035,-0.10063984393178647,0.9948640976509331,0.010818919473849472,0.03262855403689819,-0.007567984759162764,0.9994388941141658,78,154,162,121,93,150,145,145,221218_162634
0,0,0,0,0.003593178740296833,-0.011237403011741143,-0.00520662437984637,0.9934110989068202,0.1146018287812134,0.0008996714653800173,-0.11460516147186868,0.9933933832618075,0.0059365861963434855,-0.00021338404599974777,-0.006000577610625988,0.9999819736053184,106,18,162,114,123,76,162,162,221218_162634
0,0,0,0,0.0030778045276725202,-0.01371954175067136,-0.004694656500275729,0.9934748613396132,0.11397767894014939,0.004097388150127672,-0.11394971052530645,0.9934651768501624,-0.006511977984785148,-0.004812832579205554,0.00600259023186436,0.9999704023385257,162,115,91,141,162,136,155,155,221218_162634
0,0,0,0,0.005160773081929179,-0.01419221560511541,-0.004860415553963715,0.9925656098362385,0.1194175917176609,-0.023514866760622668,-0.1195522017733981,0.9928181691971008,-0.00439931395214947,0.022820631488819514,0.007177861831416844,0.9997138075859413,162,162,162,84,124,154,162,162,221218_162634
0,0,0,0,0.007874967962712212,-0.016865628432593538,-0.004166003913008864,0.9886411550367176,0.14861671475434327,-0.022399523729118104,-0.14866283313883727,0.9888878617484478,-0.0003986599008652419,0.022091369599900313,0.003724108243389568,0.9997490197079427,100,92,162,162,107,91,162,162,221218_162634
0,0,0,0,0.009762045875001811,-0.021218960941934206,-0.004539883326151795,0.984127507999496,0.1765717395745353,-0.01776144088538178,-0.17662438726021987,0.9842772914438505,-0.00142806614334735,0.017230026803645226,0.004542502788150234,0.9998412333189532,138,162,102,154,162,122,162,162,221218_162634
0,0,0,0,0.00821070723905691,-0.021327192946338003,-0.005071813984392881,0.9813899606841419,0.19201298176228304,-0.0021817202237700865,-0.19202469002544992,0.9813534816709707,-0.008477171279047024,0.000513311803429253,0.008738354937948752,0.9999616880980846,162,162,157,81,149,162,87,87,221218_162635
0,0,0,0,0.010633638728648982,-0.02365878086220541,-0.00293971618114397,0.9776738667736448,0.20890169429348507,-0.022669193836132372,-0.20899415166919158,0.9779153019431897,-0.0017626098363978987,0.021800339353868183,0.006460986509171638,0.9997414670090387,86,113,162,156,87,106,162,162,221218_162635
0,0,0,0,0.008841252182454733,-0.02539403656943373,-0.0031924690293735902,0.9774835798312784,0.21100883562832462,0.0010594559959694238,-0.21100246027062522,0.9774758680851731,-0.004346155874042992,-0.0019526699597992503,0.004024748180566763,0.9999899941909978,138,162,125,162,146,162,162,162,221218_162635
0,0,0,0,0.00512093980349284,-0.02359033031961888,-0.004346973092171524,0.978482285879711,0.20529037423960797,0.0206948898082841,-0.20478697050483569,0.9785103275299635,-0.02407977634147899,-0.025193509701248923,0.019323590809312514,0.9994958158527565,162,138,123,72,160,162,50,50,221218_162635
0,0,0,0,0.0063962579451296644,-0.02854232328583428,-0.004720139671766765,0.9739027158406455,0.2269197369336976,0.004575267003887078,-0.22687394428602153,0.9738841374936419,-0.008826105730702742,-0.006458597550443865,0.007557759470095169,0.999950582173676,61,133,162,138,100,122,162,162,221218_162635
0,0,0,0,0.009634223588707198,-0.026199484447656518,-0.004225671088724681,0.9748244445004192,0.22146000180854275,-0.025937810304843035,-0.22184557123909995,0.9749946465082625,-0.013037706923591113,0.02240189559049101,0.018463663753118174,0.9995785352811277,147,94,162,146,156,96,154,154,221218_162635
0,0,0,0,0.0018036338737496202,-0.02467469095597241,-0.004786456314623988,0.9710178921640369,0.2369292153626905,0.031445190489659554,-0.23602281223506033,0.9712843984669002,-0.0299974898857508,-0.03764950467090733,0.021706317108437206,0.9990552290016921,162,106,78,87,162,162,75,75,221218_162635
0,0,0,0,0.0076771310600779255,-0.030981373164711057,-0.003090167544672562,0.9706497077526977,0.24043047634531842,-0.005686025322390396,-0.24041719338545853,0.970665246200361,0.002924541579885474,0.006222376094603043,-0.001471687180298224,0.9999795578773503,79,154,146,162,97,141,135,135,221218_162636
0,0,0,0,0.012781621705203021,-0.029041941014373407,-0.003492976750805954,0.9704472706211664,0.2394283167252865,-0.0301027589105163,-0.24003261886840882,0.9705917050167888,-0.01833259479116165,0.024828145784612687,0.02501646063494245,0.9993786769159121,126,87,137,161,132,92,138,138,221218_162636
0,0,0,0,0.006940876533588901,-0.03506011297653078,-0.004289384876748958,0.965532469516751,0.2598326035046242,0.015299296222151915,-0.25981680554691755,0.9656531204862229,-0.003046054926616079,-0.015565277520164912,-0.0010339493359760618,0.9998783191391295,162,139,98,124,162,159,142,142,221218_162636
0,0,0,0,0.009633289879098346,-0.04238751044064282,-0.0034905334924669185,0.9624886040120518,0.27125828624739196,-0.005884665586105263,-0.2711393257634588,0.9624099265391077,0.015830329229929867,0.009957568552073465,-0.013640947222205343,0.9998573755228355,79,162,162,136,106,146,162,162,221218_162636
0,0,0,0,0.013689960669942394,-0.04170275884085184,-0.00370994966219812,0.9577210119258542,0.286653723055166,-0.02449706868851905,-0.2869082281677244,0.9579285440129122,-0.0075215141400639405,0.021310371310115872,0.014231922706162576,0.9996716063041456,120,88,147,162,132,92,162,162,221218_162636
0,0,0,0,0.012303905446745513,-0.04352712028983052,-0.0033296942576568345,0.9560863040126858,0.29304181305495774,-0.005047284500139572,-0.293076229902671,0.9560503202944508,-0.008608631187125952,0.002302769071978693,0.009709833486855082,0.9999502069544558,162,158,93,119,160,162,141,141,221218_162636
0,0,0,0,0.009853339668530345,-0.04234222886714767,-0.004041158929251609,0.9528372869394295,0.30336400770618105,0.008448872489974278,-0.30318136632776976,0.9527636970039904,-0.0179554109648195,-0.013496804419362449,0.014547044364161973,0.9998030904986904,103,151,138,162,72,139,162,162,221218_162636
0,0,0,0,0.019372940910410065,-0.04633622434453022,-0.0032396556035575452,0.9407510236825046,0.3370130430227395,-0.037546241794252366,-0.33736089360809907,0.9413700911168756,-0.003158957826494706,0.03428029906906393,0.015638426492379304,0.9992898982340299,126,84,162,130,141,93,162,162,221218_162636
0,0,0,0,0.014820392200265743,-0.04304516570917405,-0.004183166587364617,0.9407874512551477,0.338882253024384,0.008819872219051944,-0.33852850727535316,0.9405366121095468,-0.028095035921265662,-0.017816321807945863,0.02344567906061432,0.9995663453771452,162,149,71,108,50,162,132,132,221218_162637
0,0,0,0,0.018137283708428383,-0.04493862688727812,-0.0031764558446295554,0.9461418025221299,0.32364759535481874,-0.008241573952782045,-0.3236790572503129,0.9461628327616203,-0.0027860003688843756,0.006896188637531454,0.005303576298138989,0.9999621566143019,48,143,162,161,95,125,162,162,221218_162637
0,0,0,0,0.016723157047310394,-0.04881912460134996,-0.0030760947324475207,0.9423539266137421,0.33454201377011444,0.00712165839528874,-0.33455347558228304,0.9423766607004774,0.00044871241609954304,-0.006561171501916219,-0.0028054214752851743,0.9999745399953285,139,93,144,162,152,96,162,162,221218_162637
0,0,0,0,0.014933357520765418,-0.04684257143447057,-0.004862813144469125,0.9433367089020778,0.33180922462188683,0.0043002434371601185,-0.3317511465497285,0.943308117388428,-0.01053434535418896,-0.007551847504892123,0.008510823986138108,0.9999352656419015,162,114,99,75,162,162,63,63,221218_162637
0,0,0,0,0.014661264978852888,-0.04568796051875945,-0.0041310172881947604,0.9436568520669616,0.33085282032813557,0.00693951208591004,-0.3306756288172215,0.9435516202066428,-0.019077958794247327,-0.012859784345284777,0.015708319016949895,0.9997939160948395,48,154,162,129,87,140,136,136,221218_162637
0,0,0,0,0.024500794998209525,-0.05152923744698312,-0.0018850667843426927,0.937009063276183,0.3466738548258351,-0.042793150368788085,-0.3474624794345237,0.937612127486472,-0.012382397809196416,0.03583072317862667,0.026471433102262132,0.999007218445397,116,74,146,162,131,84,162,162,221218_162637
0,0,0,0,0.015123787189328844,-0.0550231239027954,-0.0027790945938384604,0.930436253333926,0.3663698305164369,0.007843836388157178,-0.3662671446888678,0.9304323708095363,-0.01199925294381503,-0.011694323554224692,0.008291600394552606,0.9998972408000266,156,124,77,131,162,162,146,146,221218_162637
0,0,0,0,0.017484479162227055,-0.05750141138645404,-0.004660160739778152,0.9234826086392487,0.38358759474376247,-0.006358356670014527,-0.38353658070023217,0.9234915026859881,0.007945799616863826,0.008919798519153832,-0.004899145381815698,0.9999482164436846,162,162,154,162,104,155,162,162,221218_162637
0,0,0,0,0.017190242107157402,-0.0565975641439479,-0.004005897312434781,0.9226785485102355,0.38556379823516934,-0.0022030909002539716,-0.38556313083658367,0.9226811631437714,0.00073710185785353,0.002316950266357883,0.0001693225527110214,0.9999973015320274,99,91,156,156,119,95,162,162,221218_162638
0,0,0,0,0.018098422581911584,-0.05619562723674909,-0.005585256084319978,0.9117109533620608,0.41083218742560884,-0.00022648340285544947,-0.4108211757850802,0.9116821917981047,-0.007844914580081042,-0.00301646253198079,0.007245338728706835,0.999969202536008,160,151,82,140,162,129,158,158,221218_162638
0,0,0,0,0.017762086739702046,-0.05521428321312072,-0.00410216382432621,0.9161991600207318,0.400717544936646,0.0021326878001568426,-0.40058337361258634,0.9160070417317073,-0.021542058469091616,-0.010585837825375224,0.018882496600650108,0.9997656682241401,162,162,162,106,114,162,104,104,221218_162638
0,0,0,0,0.020632133663651603,-0.06063303939453346,-0.002712635421563747,0.911566020816665,0.410828267885727,-0.01635616087241285,-0.410846201600862,0.9117014984799121,0.0024033933568609767,0.01589931830660442,0.004529014848432888,0.9998633405130364,84,100,160,152,90,18,151,151,221218_162638
0,0,0,0,0.019757036282308092,-0.06284340502614827,-0.0029782552989466304,0.9134826928942804,0.4068489360174327,-0.004828358323173831,-0.40687565063496867,0.9134506262131334,-0.007756184062205935,0.0012548717006205092,0.009049681337968254,0.9999582634113771,130,162,107,146,162,121,162,162,221218_162638
0,0,0,0,0.013127337448948853,-0.05618817009816368,-0.004688800624948142,0.9109336391953815,0.4117108274745708,0.026345768587441643,-0.4106261891081093,0.9109933330189015,-0.038435400526929266,-0.039825090091676854,0.024193836721743155,0.9989137202300667,162,162,161,89,139,162,88,88,221218_162638
0,0,0,0,0.018999536091754553,-0.06341108951433738,-0.002374615123489132,0.905801003558434,0.42342762221745395,-0.01528367415928679,-0.4235992571868659,0.9057886818916403,-0.01051347077519777,0.009392085139606855,0.015997265400016832,0.9998279233130329,104,112,162,153,113,90,82,82,221218_162638
0,0,0,0,0.014110326628534092,-0.06460278136906294,-0.0031557374164720153,0.9092676811479522,0.415619684294179,0.022193738915125025,-0.4155456944386174,0.9095365373165473,-0.008066171319367122,-0.023538476020188596,-0.0018882037583713683,0.9997211485375381,158,110,115,158,146,162,162,162,221218_162638
0,0,0,0,0.0057191467619932684,-0.0640354764175044,-0.0029012038064837875,0.903618107840146,0.42136272313768647,0.07699201733548272,-0.4216036657391246,0.9066737426906823,-0.01389508368465099,-0.07566151081445867,-0.019904267513884744,0.9969348804791661,145,162,146,76,148,162,148,148,221218_162639
0,0,0,0,0.013053927050102408,-0.0647510526213394,-0.002130769696264412,0.9017975179190393,0.4302525333276027,0.04054619883836094,-0.430215744111918,0.9026698755080399,-0.010075185781383769,-0.04093470646393419,-0.008357835573929735,0.9991268670150107,86,123,162,140,75,114,146,146,221218_162639
0,0,0,0,0.018782917391110952,-0.0652203808922458,-0.0032352830103282715,0.8937717510643033,0.44851563226237434,0.0024051228100600837,-0.4483883656091649,0.8936233785347752,-0.019624752799359144,-0.010951282381114435,0.016461620587795062,0.999804523125312,148,100,162,146,146,162,154,154,221218_162639
0,0,0,0,0.016458592234921104,-0.0643814240053644,-0.005415786220425989,0.8841337547413224,0.4670041008602365,0.014651740740723555,-0.4668623440737128,0.8842465444865996,-0.012149084307359998,-0.018629423313932334,0.003901069498361038,0.9998188467136233,148,162,108,35,162,162,84,84,221218_162639
0,0,0,0,0.018270511830098514,-0.07128838932353865,-0.003855093011505384,0.8783614459651382,0.4779963246790878,0.0008269433568424234,-0.4779969894283439,0.8783592428470889,0.0019795460411572738,0.00021986239141254794,-0.002134033358063753,0.99999769877843,31,154,162,125,97,135,162,162,221218_162639
0,0,0,0,0.012467137752505741,-0.06470364987141008,-0.0058668898329474195,0.8559347585945836,0.5153920770958529,0.0417934910776194,-0.5150110867714652,0.8569442517953288,-0.020251662090296364,-0.04625223813078666,-0.00419000975746098,0.998921005027988,114,18,140,162,140,85,162,162,221218_162639
0,0,0,0,0.017672863138257097,-0.0746902891916007,-0.002800696450182605,0.8603850289664403,0.509631693448523,-0.0036247707802183806,-0.5096149933413422,0.8603899550951141,0.004656579552855188,0.005491856892021265,-0.002159213796442862,0.9999825885002493,162,90,96,104,162,157,132,132,221218_162639
0,0,0,0,0.01852007863659426,-0.07573419724175146,-0.0038562228056440717,0.8506292967038882,0.5256765253926876,-0.009694856374379352,-0.5256130165612609,0.850682010432162,0.008430536665450098,0.012678975132897365,-0.0020755187705021,0.999917464499652,71,132,162,131,95,117,162,162,221218_162640
0,0,0,0,0.01756870924866867,-0.07255230963752046,-0.0029727878209665493,0.8498674367525163,0.5269896752089211,0.0026874097014639,-0.5269632853669981,0.8498600550786423,-0.00689801833481001,-0.005919106598751813,0.004446234915466711,0.9999725972106183,130,162,162,146,146,162,154,154,221218_162640
0,0,0,0,0.01946775592331773,-0.07671944695916344,-0.0035428390286016964,0.8547888572182938,0.5188770545393012,-0.010129750641667651,-0.5186890699179212,0.8548025129750844,0.01656238386113176,0.017252777258321618,-0.008903150234639997,0.9998115200340384,162,162,116,65,160,162,84,84,221218_162640
0,0,0,0,0.015058514132165565,-0.07121295312222864,-0.0033953493456825856,0.8552875598881933,0.5178461377771174,0.017848459032148267,-0.5172999485902681,0.8553481995717662,-0.027932430575308642,-0.029731348590429623,0.014657253448756322,0.9994504549162672,55,152,162,140,72,138,132,132,221218_162640
0,0,0,0,0.01825114883054027,-0.07069894496629459,-0.0026879027580231085,0.8649469413020523,0.5018098995196849,-0.007322122388206812,-0.5018630852879608,0.8648684926871452,-0.011659072961249654,0.00048203472198160856,0.013759182428852487,0.9999052217792529,121,88,162,122,132,92,162,162,221218_162640
0,0,0,0,0.014123856415689598,-0.07148145174632559,-0.002759162556156325,0.8584341263012399,0.5122779713119312,0.025731904514800535,-0.5118456690655078,0.8588021018898377,-0.021747663057901052,-0.03323946239501636,0.00549817225349527,0.9994322929751477,162,162,97,123,159,162,141,141,221218_162640
0,0,0,0,0.020177621834707747,-0.07038122076477826,-0.005161906500348479,0.8562959094560278,0.5162848430838239,-0.014397091747450845,-0.5162142652558604,0.8564169230243527,0.008537347588848502,0.01673761617511177,0.00012148832029654473,0.9998599089099247,92,155,162,137,99,142,162,162,221218_162640
0,0,0,0,0.019824897290287177,-0.07329302152044936,-0.004951654552773521,0.8551171579962991,0.5183188957629978,-0.010962134616878538,-0.5182844875219799,0.855187240786621,0.005997765404301798,0.012483432797542979,0.000552712215200732,0.999921926159636,120,88,153,161,136,96,162,162,221218_162640
0,0,0,0,0.01848983008429319,-0.07286331101536858,-0.004857054586159704,0.8529372172854766,0.5220091990905389,-0.002121186969863464,-0.5219975097057288,0.8528722203840857,-0.011294935065644851,-0.004086958566559723,0.010741124800200313,0.9999339603232315,162,138,107,122,162,140,142,142,221218_162641
0,0,0,0,0.016421792179588147,-0.07304072282347007,-0.004200573390683915,0.8518429383459128,0.5236600807979747,0.011988668352256636,-0.5232498589825118,0.8517758821599244,-0.02621891770202218,-0.02394145912394264,0.016061330870834133,0.9995843337036022,87,162,162,119,62,146,104,104,221218_162641
0,0,0,0,0.02409748460873177,-0.07884039996835301,-0.0029849066327119478,0.8363839612024457,0.5474108567686359,-0.028341195019502805,-0.5476011527648341,0.8367385825939389,0.001233648779472179,0.024389484084959487,0.01448786701050538,0.9995975464033291,106,18,151,162,135,95,162,162,221218_162641
0,0,0,0,0.01294728225852599,-0.08029565693459706,-0.002213093382051612,0.8551543794110048,0.5165478376085076,0.043466295404066047,-0.5163109068594386,0.8562248007859795,-0.017382116585576375,-0.04619561485858953,-0.007577729276305153,0.9989036706243762,160,136,67,130,162,137,143,143,221218_162641
0,0,0,0,0.018016052910549626,-0.09077559316218609,-0.0020395500507740527,0.8411502530595995,0.5407668108541132,-0.006124382127550632,-0.5405327616383493,0.8410353293816639,0.021997916435334944,0.017046564856074965,-0.015193123791632299,0.9997392578147863,162,162,162,122,108,146,134,134,221218_162641
0,0,0,0,0.015636933440448107,-0.08955811457600205,-0.0015550051779669172,0.8290108448454191,0.5589499826627795,0.017774588883084176,-0.5589566618103239,0.8291814682301873,-0.005054004500470583,-0.017563295435179486,-0.005745400326351575,0.9998292459357982,100,92,156,156,115,91,154,154,221218_162641
0,0,0,0,0.01658642924197886,-0.0910892623431282,-0.002997670389153162,0.8244809577612383,0.5658361820553602,0.007782375352307256,-0.5658004860688154,0.8245172084176406,-0.006417397250746897,-0.010047897959438007,0.0008877500745250959,0.9999491245290444,162,136,96,141,162,131,154,154,221218_162641
0,0,0,0,0.015765801425544457,-0.08792576248330364,-0.0030730865127819307,0.82328646735186,0.5674987266432668,0.01202447227804136,-0.5667560525209541,0.8230125271681843,-0.037920404205449156,-0.031416072417805224,0.02440441317690849,0.999208414201627,162,162,154,162,128,162,96,96,221218_162641
0,0,0,0,0.019047872779909034,-0.09536421032951004,-0.0019778493154404275,0.8175897609788457,0.5758010641506183,0.0003424406054286539,-0.57579757214535,0.8175866146589766,-0.003046874135064932,-0.0020343682246177454,0.0022939166266106852,0.9999952996351719,108,82,155,156,119,88,162,162,221218_162642
0,0,0,0,0.009139322050807648,-0.09104903335599879,-0.004780130373559954,0.8222863743556483,0.5656238963042919,0.06256777508106266,-0.5656590154861919,0.824423565171588,-0.018859039979834,-0.06224947187113598,-0.019884494444669595,0.9978625206572521,160,149,89,141,162,155,153,153,221218_162642
0,0,0,0,0.016589641935774467,-0.09564478477701766,-0.003934240706895353,0.8236995774137553,0.5669866622234496,0.006717963166897352,-0.5669939986725416,0.8237213849382141,-0.0009409913883525082,-0.006067259490263757,-0.003033950589998018,0.9999769914883518,162,162,162,86,122,162,162,162,221218_162642
0,0,0,0,0.018099658562908044,-0.09546765415889169,-0.0036381480070859507,0.8124878197451049,0.5829654119904208,-0.003856318021765796,-0.5829624726045048,0.8123996346748965,-0.012711770723915529,-0.004277651305122513,0.012576247569692042,0.9999117659555657,102,94,162,159,114,90,162,162,221218_162642
0,0,0,0,0.018345480124107666,-0.10027092957033101,-0.0031854126848947506,0.8132761263726141,0.5818757542439048,-0.0015965260545972551,-0.5818514238007532,0.8132098022577806,-0.011778715248191329,-0.005555438181907208,0.01050828886869717,0.9999293539904003,162,136,72,146,162,121,162,162,221218_162642
0,0,0,0,0.01569920980479262,-0.09828932271588586,-0.003711380029560618,0.7958099426031191,0.6055051165991239,0.007077360122382424,-0.6048786862033969,0.7954267747699758,-0.0376566190182757,-0.028430797225422275,0.02568656752694706,0.999265675392591,88,162,158,82,145,162,87,87,221218_162642
0,0,0,0,0.019508788215662258,-0.10557238875880226,-0.0012338487491109773,0.7932766049404849,0.6086489586479378,-0.016083320269107665,-0.6087541650338306,0.7933558957020556,-0.002188448937758526,0.011427799790939783,0.011526833544822777,0.9998682600724799,104,112,162,162,18,90,140,140,221218_162642
0,0,0,0,0.015099317078391239,-0.10480928981436366,-0.0025710324548706698,0.7911065604927784,0.6114300621730221,0.017426675425346393,-0.6109845800389292,0.7912450481450566,-0.025082199675892473,-0.029124781543203727,0.009195262748958677,0.9995334883049385,161,113,112,146,162,117,162,162,221218_162643
0,0,0,0,0.013506626591632133,-0.09562959012871353,-0.004910065988431356,0.7947306659827753,0.6063435016285637,0.027399390127977666,-0.6045604816033735,0.7947908302523069,-0.053048659081509436,-0.05394249373240478,0.025594807669932596,0.9982159652050597,160,154,148,72,124,162,159,159,221218_162643
0,0,0,0,0.02018844796577566,-0.10799405404387741,-0.00298091265814876,0.8001223668346662,0.5996022575218215,-0.016772920605187775,-0.5994334649939219,0.800296958917926,0.014293305849267095,0.021993615807173808,-0.0013821437895714624,0.9997571557844793,105,113,162,148,86,99,82,82,221218_162643
0,0,0,0,0.018515288955005225,-0.1036911701641624,-0.004245129682480864,0.7928680246805868,0.609377858057949,0.004349890551589689,-0.6093005825458474,0.7928516553528256,-0.011792061464216063,-0.010634639081583392,0.0066991576329510985,0.9999210097495771,161,113,111,146,146,162,162,162,221218_162643
0,0,0,0,0.011935155287218106,-0.10342287970447672,-0.0027065972910264025,0.7841462740547269,0.6193721059985313,0.038636966716257624,-0.6193396047029512,0.7849939190849414,-0.014247843558138806,-0.03915450079469182,-0.012757010253538563,0.9991517320992391,162,162,152,80,124,162,80,80,221218_162643
0,0,0,0,0.016513939744259624,-0.10343663896262745,-0.003514308048901127,0.7844851819783129,0.6201064777070626,0.007138316481693227,-0.6200033971668063,0.7844990369093928,-0.012531902882427219,-0.013371116560431877,0.0054053116445535844,0.9998959925151979,88,116,162,148,63,106,162,162,221218_162643
0,0,0,0,0.015620642651691004,-0.10931652257520863,-0.002017616629134078,0.7791830639253374,0.6265224699005586,0.018529641162960513,-0.6263068672511988,0.7794023766135607,-0.01648160681253886,-0.024768143368329755,0.0012369473865442796,0.9996924572263457,152,100,128,146,146,162,162,162,221218_162643
0,0,0,0,0.011938197208888612,-0.10256157069587712,-0.004388849828878882,0.7719600719073583,0.6348327595376001,0.032634564477887124,-0.6331070738759035,0.7724389153038068,-0.05013536808053129,-0.057035781655708544,0.01804132872473931,0.9982091113933836,162,162,112,70,162,162,75,75,221218_162643
0,0,0,0,0.018453321802141938,-0.10699780240229129,-0.003918156224149427,0.7742660922153554,0.6328411759999268,-0.0049055483478752685,-0.6328401416342994,0.774156608850987,-0.013960662900463888,-0.005037219654122648,0.01391369581994144,0.9998905117495547,18,138,162,132,68,122,162,162,221218_162644
0,0,0,0,0.022730138676866872,-0.10818372508394736,-0.00246702810992222,0.7615270605643865,0.6475286858310303,-0.027984586009155463,-0.6479783980750866,0.761578635232333,-0.01104436443179244,0.014160920034036815,0.02654398959455165,0.9995473400295726,141,97,144,162,154,95,162,162,221218_162644
0,0,0,0,0.017572303918721624,-0.10580215637839552,-0.0021504125173963384,0.7573321720154909,0.6526680281899936,0.021735367696100908,-0.6507671131325524,0.7570582384502053,-0.05800851713150738,-0.05431524367452427,0.029787053786136573,0.9980794486068327,161,161,82,106,162,90,122,122,221218_162644
0,0,0,0,0.019925458518617913,-0.10801800744327505,-0.0031945036929395543,0.7584632048931068,0.6516970313113212,0.004954412506792009,-0.6513872566459028,0.758300249348552,-0.025987953310129177,-0.020693204261344616,0.016483665185121933,0.9996499787823052,69,125,162,145,80,114,149,149,221218_162644
0,0,0,0,0.025179419894002058,-0.11605250766049247,-0.0014865886534097261,0.739227542053774,0.6729179534590145,-0.02690852990536961,-0.6729261262025352,0.739640649909638,0.010106318582905274,0.026703365765133536,0.010636583745772595,0.9995868113090695,140,92,140,162,146,160,154,154,221218_162644
0,0,0,0,0.021014867768928955,-0.11018176627839071,-0.0022682726461645264,0.7454338389240075,0.6664862775721526,0.0111549807275394,-0.6657257261867803,0.7452214548921703,-0.038134507489696656,-0.033729056910926564,0.02100059466808063,0.9992103510990501,162,114,98,126,162,162,80,80,221218_162644
0,0,0,0,0.019480684984603272,-0.10825234099643366,-0.004107510462124264,0.738456363284794,0.6741998027971694,0.011697240377734125,-0.6737362519549033,0.7384365621911846,-0.028123058528982423,-0.027598230485951284,0.012886796635448042,0.9995360264375273,79,146,138,98,91,131,162,162,221218_162644
0,0,0,0,0.029903743882535052,-0.11106254438401675,-0.003560007488888295,0.7294712466219115,0.6830466886293194,-0.036316958908974045,-0.6836032159440656,0.7298417022083821,-0.00421104126110967,0.023629293320074827,0.027898223421801014,0.9993314493335538,127,95,162,160,140,88,162,162,221218_162644
0,0,0,0,0.02108472685143234,-0.1114995101716082,-0.0027285264875964166,0.730433418654889,0.6829782083182534,0.0027906763552753475,-0.6828656525518949,0.7303768825716869,-0.015624019000860355,-0.012709110000570598,0.009506648581521056,0.9998740431453059,161,145,91,114,162,145,140,140,221218_162645
0,0,0,0,0.02341109747385193,-0.11975189712516054,-0.003243336644254635,0.7250032479118882,0.6886899484652163,-0.008743306021794364,-0.6881512292911952,0.724846586797986,0.03233127328651022,0.028603778460729232,-0.017423561354880025,0.9994389643032145,90,154,162,162,94,138,93,93,221218_162645
0,0,0,0,0.01979467137079237,-0.1152409755269157,-0.003891007846632155,0.7180953674763979,0.6958716041008649,0.010087309602981577,-0.6958153900091467,0.7181659193730524,-0.008868781059334219,-0.01341589487720427,-0.0006502746716707975,0.9999097913849506,128,89,141,162,140,92,162,162,221218_162645
0,0,0,0,0.013630803875785476,-0.11868716424115366,-0.0018685891213947592,0.7254860454388032,0.6862864154154427,0.05177792859692372,-0.6857138826617217,0.7272139600462915,-0.030924544277606127,-0.05887672713859764,-0.01306951911942045,0.9981797025943947,18,82,90,114,162,146,133,133,221218_162645
0,0,0,0,0.015189647439552888,-0.11795225994461911,-0.0019074625815433954,0.7229739856405816,0.6906690831370056,0.01687701649167755,-0.6889857415733951,0.7225869900016311,-0.056273348833551076,-0.05106137479084696,0.02905614356847076,0.9982727465604765,44,146,162,135,92,132,162,162,221218_162645
0,0,0,0,0.018490644410326343,-0.11628781068786409,-0.0028130211170411257,0.7246509719141497,0.6891152982546365,0.0010366365327956347,-0.6887538116475008,0.724317976323493,-0.03133139185671815,-0.02234179591969311,0.021990336197137896,0.9995085138551946,122,50,144,162,140,92,162,162,221218_162645
0,0,0,0,0.019681688781709818,-0.1195211040968287,-0.003659778987752549,0.7363384672337672,0.6766047373533061,-0.0034192196316887792,-0.6765417471135059,0.7361775834051871,-0.018271018151822967,-0.009845104592203564,0.01576689832410121,0.9998272244907148,160,144,93,116,162,145,140,140,221218_162645
0,0,0,0,0.017580457968011526,-0.11784852761230813,-0.0037245080596782776,0.7289589564040181,0.6845127586127976,0.007818131149018881,-0.6839911761250674,0.7287729174425984,-0.03234355863616968,-0.027837220791818777,0.018229594030097357,0.9994462321906495,46,154,146,91,96,140,29,29,221218_162646
0,0,0,0,0.025834814606458745,-0.1263635504252244,-0.0027213250396029842,0.705256302449954,0.7078551229301283,-0.03942933928170463,-0.7080958878212015,0.7060470364092669,0.009889187448741897,0.034839080144631156,0.020945341230547847,0.9991734239737424,122,91,144,160,138,91,162,162,221218_162646
0,0,0,0,0.017220735340532027,-0.12618302641118273,-0.0008270241444393034,0.7094596170585717,0.7042334602759299,0.026875364014189617,-0.7038515281188041,0.7099644930224074,-0.0233119070918869,-0.0354975791840774,-0.002377409351821163,0.9993669345124664,162,162,96,122,159,162,141,141,221218_162646
0,0,0,0,0.01589521851679626,-0.12556359361264335,-0.0014740940984577233,0.7411258994265028,0.6712321779227035,0.013407629186449692,-0.6710523031957235,0.7412422863998509,-0.015769566526584334,-0.02052334219790175,0.0026900137296196475,0.9997857551751587,96,157,162,120,93,146,106,106,221218_162646
0,0,0,0,0.021048940805752182,-0.12898965935890527,-0.00407498991593741,0.7250484215097928,0.6881744290377944,-0.026846632650357166,-0.6882552029710942,0.7254290948153859,0.007576541331538628,0.024689310427302453,0.012983975270926373,0.9996108514500973,119,95,145,161,132,83,162,162,221218_162646
0,0,0,0,0.010400161686106045,-0.13012502308959106,-0.002403957205555751,0.7380083824376905,0.6736572569998058,0.03910917466785911,-0.6732128283511682,0.7390063242944901,-0.02557616852009203,-0.04613149894729593,-0.007453371334161945,0.9989075693279288,162,162,88,132,162,162,148,148,221218_162646
0,0,0,0,0.013878893633728961,-0.1340693340766964,-0.002347552480348347,0.7313749798128925,0.681969077364467,0.002969246090994071,-0.6818797534574313,0.7313382929592609,-0.013575826909182511,-0.011429817519278754,0.007904351339166074,0.9999034355883489,162,162,162,118,110,158,120,120,221218_162646
0,0,0,0,0.016675662847015146,-0.138207422395354,-0.003160965094353263,0.7269759439169633,0.6864495346960662,-0.01711763072375208,-0.6865078858677088,0.7271156457025496,0.0031241664510364845,0.014591079723225662,0.009480194624531422,0.9998486016904717,111,95,162,159,123,87,114,114,221218_162646
0,0,0,0,0.016316297243835175,-0.13706379563943805,-0.0048493292498607565,0.7261679772097149,0.6875156262224718,-0.0015272770126265934,-0.6875165082482311,0.7261619062235262,-0.0031522747303058046,-0.0010581877484112936,0.0033391091233647154,0.9999938652756585,162,126,97,141,162,132,154,154,221218_162647
0,0,0,0,0.007963469444266728,-0.13118100511638808,-0.0026900546519483814,0.7292903455064782,0.682970295174633,0.04107514893601943,-0.6812536815869591,0.730404921142046,-0.04901094261179283,-0.06347450886187432,0.007760610836556888,0.9979532853015654,162,162,154,162,136,162,162,162,221218_162647
0,0,0,0,0.01612503790072852,-0.13897566608703837,-0.003728605069122093,0.7270964766190674,0.6865023304215923,-0.006727853584992854,-0.6865307410865533,0.7270924383659996,-0.0034824724167714753,0.002501046038339204,0.007150971731784832,0.9999713037742661,18,58,162,148,120,88,162,162,221218_162647
0,0,0,0,0.014598810479778096,-0.1377998440585535,-0.003183208801886328,0.7337764573849724,0.6793849869809832,0.0028548296639426787,-0.6792200405602477,0.7336796095841515,-0.019348565367579996,-0.015239655143625002,0.01225846423076863,0.9998087231894941,162,128,98,142,162,129,154,154,221218_162647
0,0,0,0,0.015425290251438017,-0.14000938420895936,-0.002310154876659365,0.7346044203259845,0.6784782189205363,-0.004863341232069185,-0.6784847656441708,0.734533167620799,-0.01092924762874327,-0.0038429710248788435,0.01132837655500041,0.9999284471692614,162,162,162,87,162,154,126,126,221218_162647
0,0,0,0,0.016444649614747592,-0.140085315383365,-0.002997973665299858,0.7303173304845436,0.683034510566318,-0.010022682742636315,-0.6830456155299336,0.7303703371403327,0.002803164435324777,0.009234928221908552,0.004798749935889915,0.9999458425833817,58,94,128,128,114,90,162,162,221218_162647
0,0,0,0,0.015476861181868772,-0.1374010812456007,-0.004940428968296273,0.7227576180839423,0.6910993247231835,-0.0017745052228541713,-0.6910964263118293,0.7227398839021234,-0.005726234029785345,-0.0026748907724424287,0.005365033485945097,0.9999820305260743,162,118,101,153,146,91,162,162,221218_162647
0,0,0,0,0.014240821035536387,-0.13684450767047263,-0.0042300545614312735,0.7288105380308574,0.6846083372981285,-0.012108846231732983,-0.6847153491569183,0.7287042548300443,-0.012449884397447573,0.0003004731132559291,0.017364719821574268,0.9998491767368849,162,162,153,73,162,146,76,76,221218_162647
0,0,0,0,0.013158392059106405,-0.1368222471401106,-0.004841502951673959,0.7227109558284448,0.6911376179202641,-0.004203263141755399,-0.6911383803452418,0.7226491583005628,-0.010292386567013017,-0.0040759709631348,0.010343457013559581,0.9999381977691004,64,106,82,18,88,97,162,162,221218_162648
0,0,0,0,0.01419167846893181,-0.14433448490400747,-0.003116854010227099,0.6997529353930646,0.7143336280644699,0.008561379856151482,-0.7142819042204093,0.6998052999820664,-0.0085967098518524,-0.012132217936386002,-9.966575284945197e-05,0.9999263969686379,138,162,117,160,146,40,162,162,221218_162648
0,0,0,0,0.015874955957438423,-0.14759285999439553,-0.000878517554778413,0.7078643992707124,0.7056357577217968,-0.03172017763978651,-0.7059521345879467,0.708257540012918,0.0016854333485784776,0.023655357021941464,0.021199868849514147,0.9994953674954818,162,162,146,75,162,162,75,75,221218_162648
0,0,0,0,0.014892409730099525,-0.14763920477433656,-0.0018498016157013075,0.7128367452789207,0.7011556223541876,-0.015638664305713878,-0.7012391943522165,0.7129260511540827,0.00019465379830768993,0.01128569379389275,0.01082768797844194,0.9998776896644072,70,126,162,162,80,116,150,150,221218_162648
0,0,0,0,0.0035111717402297182,-0.1415118386940386,-0.002637598038218558,0.7103492530629267,0.7025309032238366,0.0430612202386626,-0.7024470680475349,0.7114659975588989,-0.019602318968517243,-0.04440782886343781,-0.016323735265610026,0.9988801131280041,145,97,162,146,153,97,162,162,221218_162648
0,0,0,0,0.007166880636875275,-0.14423946267591403,-0.0023734410422334706,0.7039273028573404,0.7101523322074519,0.013039070224027921,-0.7099040812590637,0.7040349066236931,-0.01926254570646276,-0.022859302345330644,0.00430294267745616,0.9997294318867479,162,162,82,18,162,162,72,72,221218_162648
0,0,0,0,0.010465124983665648,-0.14867362770359716,-0.004442666000606332,0.7061350407235693,0.7080289388043209,-0.008265958985468487,-0.707625428733791,0.7060533724117257,0.027475223663295946,0.025289461671641696,-0.013552015409382728,0.9995883082583062,74,154,146,162,91,138,94,94,221218_162648
0,0,0,0,0.0007546487225236001,-0.14707365061986255,-0.003613360413853184,0.6879276995715022,0.7243875702592326,0.04492358196077864,-0.723626295863108,0.6893359279473684,-0.034365133149449334,-0.0558611143614177,-0.008867158218211305,0.9983991733807847,125,87,146,162,136,87,162,162,221218_162648
0,0,0,0,-0.0002138909257624888,-0.15003706496791647,-0.0028609706650689626,0.7009389468334847,0.7122794152451535,0.036641880819461285,-0.7120204554975751,0.7018146949168053,-0.021977373634212278,-0.04136984124928932,-0.010684971542029765,0.9990867668116493,161,141,105,129,114,18,142,142,221218_162649
0,0,0,0,0.0033047981236615093,-0.1548115087314016,-0.002978328134894681,0.6974342117516737,0.7165810978744714,0.009851418544496324,-0.7164199489343519,0.6974929889573812,-0.01568397667046268,-0.01811013658762879,0.0038807891357170144,0.9998284665023605,110,162,162,134,104,152,162,162,221218_162649
0,0,0,0,0.006919579554208209,-0.15979488719020274,-0.0033261562304336967,0.6964751249327151,0.717417229416071,-0.015327076920513494,-0.7168007845474025,0.6965549251743014,0.03174699178902431,0.03345198980908545,-0.01112452931105572,0.999378411426533,113,89,151,158,128,89,162,162,221218_162649
0,0,0,0,0.006611593400702276,-0.15341631864044414,-0.004884753373556816,0.7052083330080496,0.7089350695527727,-0.00960594681503817,-0.7089072060422325,0.7052705378663753,0.00663638750151347,0.01147955911192207,0.0021296891509016837,0.9999318397504486,155,156,68,131,162,162,148,148,221218_162649
0,0,0,0,0.003413610313522379,-0.14844027949544514,-0.003238682056532105,0.7022574512274805,0.7118556253279245,0.009800045126067842,-0.7104587881129016,0.7016290746137778,-0.05445137325873914,-0.045637512954040386,0.031276354416801204,0.9984683305271955,99,158,162,118,100,146,162,162,221218_162649
0,0,0,0,0.0069840763612988715,-0.15596642233876012,-0.0029902715209330077,0.7083727782573014,0.7057061014032924,-0.013671337396084766,-0.7058377031459195,0.7082097294763678,-0.015235350101104668,-0.0010695053645037847,0.020442052665427982,0.9997904673685879,129,88,151,162,139,84,162,162,221218_162649
0,0,0,0,0.007321752860443724,-0.15506703790323073,-0.004508784996583748,0.6932468082682849,0.7206346026575702,-0.009727912335205655,-0.7206998986809656,0.6931967978773816,-0.008357957513096195,0.0007203242893172675,0.01280503280395581,0.999917752751599,162,153,77,124,162,162,141,141,221218_162649
0,0,0,0,0.0033446015324017225,-0.15282099198537968,-0.004879494084913727,0.6865548056526398,0.7270381087617218,0.007621498766308856,-0.7264607874908444,0.6863660979578106,-0.03400446753520018,-0.029953682135063112,0.01780921060431787,0.9993926200168796,86,154,162,162,80,148,125,125,221218_162650
0,0,0,0,0.009457347354114375,-0.16003353634793294,-0.004364632881007524,0.6476928113971007,0.7616634829412037,-0.0190462809596609,-0.7618930968171916,0.6476011765810922,-0.011472798834420019,0.003595982039661994,0.02194207931486556,0.9997527764745197,127,88,162,130,140,86,162,162,221218_162650
