0,0,0,0,0,0,0,1,0,0,0,1,0,0,0,1,180,180,68,92,180,180,92,92,221213_034451
0,0,0,0,2.7228884611013582e-05,1.7736540245200105e-05,-0.00010558156382511896,0.9999980787497547,-0.0003978256187632082,-0.0019194352233822668,0.0004004600278622874,0.9999989782079601,0.001372302736791459,0.0019188873249331901,-0.001373068757337566,0.9999972162729364,180,180,180,84,180,180,84,84,221213_034452
0,0,0,0,0.00011592531756293711,2.3548772178028088e-05,-0.00019845491670311688,0.9999956401883245,0.0020690760199674777,-0.0021067816135037416,-0.002067992464032938,0.9999977283837255,0.0005163666885803761,0.0021078452296371926,-0.0005120076288188441,0.9999976474155706,0,150,180,155,0,150,155,155,221213_034452
0,0,0,0,0.0046138623575603666,-0.0005774448937916898,-0.003645419256709914,0.99939381979984,0.011833134404771812,0.03274095105588336,-0.01218998349399688,0.9998682224452444,0.010721102863153717,-0.03260977228226571,-0.011113715595823272,0.9994063678391057,149,78,180,150,149,78,150,150,221213_034452
0,0,0,0,-0.0014670996002718595,-0.0015824726705768177,-0.0032280266671417257,0.9998822473738553,0.014094824864131258,0.006068549963393589,-0.01419919588803005,0.9997457965113797,0.017513571707671875,-0.00582015659085703,-0.017597677968296782,0.9998282089976168,180,99,131,180,180,99,180,180,221213_034452
0,0,0,0,-0.0004651053893432733,-0.0008411693055100644,-0.0024824897446342753,0.9999561427578523,-0.007412378402410903,0.005724439471047168,0.007357849194367012,0.9999279106151973,0.00948871055297072,-0.0057943607128969786,-0.009446174841944282,0.9999385956971479,180,90,97,87,180,90,87,87,221213_034453
0,0,0,0,-0.002481626712744489,-0.0010807052603336587,-0.0034614772561131213,0.9990930254290887,-0.024195579656450673,0.03503855682014101,0.023643717695977284,0.9995911236297917,0.016079806405633675,-0.03541329061895889,-0.015236780684188904,0.999256593354239,180,180,180,83,180,180,83,83,221213_034453
0,0,0,0,-0.002340901187425165,0.0002725362790428898,-0.0037129378930534918,0.9994761672465075,-0.013495718304629055,0.029415245939377912,0.013451192702748343,0.9999080646302817,0.0017110529500022496,-0.029435633526484734,-0.0013144865028948745,0.9995658135431245,34,145,180,180,34,145,180,180,221213_034453
0,0,0,0,-0.004298997442090502,-0.001191507377354295,-0.005045152349447246,0.9997522851857157,-0.02210774057322916,0.0025721727559626694,0.022008074605245433,0.9991843488638114,0.03385678126713984,-0.003318571697230269,-0.033791785870945286,0.9994233849022859,150,126,180,180,150,126,180,180,221213_034454
0,0,0,0,-0.0005690860032625256,-0.00011481475616725856,-0.0025476531349003517,0.9996272582700922,-0.027119722458047935,-0.0031408879663946654,0.027188828675638953,0.9993281559536779,0.024576499211009496,0.0024722699419212285,-0.02465273558898625,0.9996930181357244,180,152,135,180,180,152,180,180,221213_034454
0,0,0,0,-0.0001729348685719223,0.0022184222725332714,-0.0026106225816222572,0.9985026326571282,-0.053318716271405255,0.012231396974733287,0.053292425670881285,0.9985759050098008,0.0024656236472819343,-0.012345442191259942,-0.0018100908888258045,0.9999221537840216,144,144,129,80,144,144,80,80,221213_034454
0,0,0,0,-0.0035141051042985594,0.004829448324201277,-0.003498084375477495,0.998709012425266,-0.03760472931242687,0.03414956564714184,0.03814349170973896,0.9991556807961657,-0.015264323533635217,-0.033546721758443726,0.01654720115576941,0.9993001589078089,180,180,180,82,180,180,82,82,221213_034454
0,0,0,0,-0.004576829668965304,0.00036770556059068094,-0.005816058827873505,0.9993120727599021,-0.036925551331883764,0.0034474476275477366,0.036772786382326374,0.9986366794650855,0.03704786915095913,-0.0048107606454747395,-0.036895610657410705,0.9993075455014981,83,135,140,180,83,135,180,180,221213_034455
0,0,0,0,-0.0018905744494748244,0.0033079407640357605,-0.000972301610506876,0.9989727781851435,-0.04465457352106411,0.007704382435152981,0.04457415951494648,0.9989528626063942,0.010311284790225346,-0.008156760912972235,-0.009957276441921124,0.9999171565171127,154,62,180,180,154,62,180,180,221213_034455
0,0,0,0,-0.0004127370939663866,0.0034328943156199387,-0.004481775638572216,0.9987428302583026,-0.04954446572171819,-0.007622658590356234,0.049632056091530444,0.9986982626645919,0.01176601711932012,0.007029794859224783,-0.012129553457340793,0.9999017231294097,180,150,140,180,180,150,180,180,221213_034455
0,0,0,0,-0.004077955885063683,0.00482055706906348,-0.004146695453657978,0.9982255122659914,-0.044531200636356426,0.03953225052008972,0.04474123875309445,0.9989887251747525,-0.004443931655710407,-0.03929437893817864,0.006204767812462893,0.9992084130151508,180,180,0,80,180,180,80,80,221213_034455
0,0,0,0,-0.00444064574609454,0.0026901379580987483,-0.005085845586525695,0.9986033187280086,-0.05006594790819321,0.016876394326432096,0.0495388775729671,0.9983117904461929,0.030322741711896074,-0.01836604024327783,-0.029444352874021577,0.9993976779288676,83,180,180,81,83,180,81,81,221213_034456
0,0,0,0,-0.0009727076598550488,0.005284460815488529,-0.0013450060200748126,0.9984554514910747,-0.05555188378478175,-0.0008364183856793455,0.05555770431935353,0.9983960563200363,0.010892943374586123,0.0002299532932765928,-0.01092258818049804,0.9999403203136287,79,132,180,136,79,132,136,136,221213_034456
0,0,0,0,-0.0005589435570002299,0.004018035799544281,-0.002870097578379971,0.9981450458776089,-0.06063512536357067,-0.0054634203692188596,0.060586930610810295,0.9981259368212448,-0.008592908929574688,0.005974213684457314,0.008245957606924634,0.9999481551330536,150,130,180,180,150,130,180,180,221213_034456
0,0,0,0,-0.0021463536984775433,0.0017885516013161629,-0.003154222415801544,0.9986947894463646,-0.04824373400650966,0.016770797887711325,0.048053785450703664,0.9987779617105933,0.011550623580084482,-0.017307548542155642,-0.010729647260753808,0.9997926402175206,170,180,82,180,170,180,180,180,221213_034456
0,0,0,0,-0.0024353393590904326,0.004548787084406147,-0.003978855149082028,0.9985120498793272,-0.04229735490497258,0.03441830928193919,0.04205601573468052,0.9990855343120438,0.007706274647449642,-0.03471278995282182,-0.0062473111384358385,0.9993778030941207,180,180,0,0,180,180,0,0,221213_034457
0,0,0,0,-0.004631288058039168,0.00144483091469913,-0.006195944208715609,0.9990286456598438,-0.04368754904507388,0.0057587506885444836,0.04346509291792683,0.998465341594552,0.03431832356205168,-0.007249196417157298,-0.03403468367574426,0.9993943613300995,180,180,180,101,180,180,101,101,221213_034457
0,0,0,0,-0.0022054278599599464,0.003437664680699476,-0.0012703891892172914,0.998518994436222,-0.05313640629861832,0.0116764753134005,0.05297638087646829,0.9985029902645177,0.01361181479625851,-0.012382278437655766,-0.012973078219314867,0.9998391762789693,61,133,180,166,61,133,166,166,221213_034457
0,0,0,0,0.0008294664162305232,0.004245380220334993,-0.005085212322888499,0.9983628760198872,-0.05613407470105111,-0.010978772370182301,0.05612248548912187,0.9984229634942409,-0.0013610987843273596,0.011037862466201044,0.0007427145038341975,0.9999388051112643,154,84,180,180,154,84,180,180,221213_034458
0,0,0,0,-0.003590821644388148,0.003487510503154878,-0.0034421357292040433,0.9988164582387884,-0.03972979798550859,0.028057546281768854,0.03987962429003439,0.9991929596571739,-0.004800514349725392,-0.027844179244657586,0.00591375714473418,0.9995947824786925,170,180,86,180,170,180,180,180,221213_034458
0,0,0,0,-0.0040898957473052555,0.0031535841903757578,-0.004700006085788133,0.9983800810482387,-0.05076442230275422,0.02569410816470756,0.050229506595081415,0.9985157825309898,0.021052997500065333,-0.026724715776351035,-0.019728290974909964,0.9994481397760879,180,180,114,94,180,180,94,94,221213_034458
0,0,0,0,0.0007727782463395061,0.006172011075728789,-0.0009411567201847992,0.9984638042689072,-0.055057102729970366,-0.006224709137241411,0.055106062509500085,0.9984485516274003,0.007988218064431807,0.005775243679777692,-0.00831896580876256,0.9999487193693044,180,180,180,99,180,180,99,99,221213_034458
0,0,0,0,0.0014648240203269658,0.006064015841530476,-0.003222330764858783,0.9971486033076504,-0.07388260063697939,-0.015363080573855579,0.07329401368682535,0.996664879266458,-0.03587625948244596,0.017962474196992814,0.034647940196971844,0.9992381446686418,0,140,180,152,0,140,152,152,221213_034459
0,0,0,0,-0.0016253250447250123,0.0021054292650785067,-0.0034684570878584786,0.9980699227889304,-0.058141135123991376,0.02181828660992457,0.057945555439946735,0.9982746169801929,0.009492191412143922,-0.022332528492202835,-0.008209598013456275,0.9997168902602388,160,80,180,180,160,80,180,180,221213_034459
0,0,0,0,-0.0024709926737042087,0.004275108970845112,-0.003723982583283103,0.9981163954208347,-0.05167474828689497,0.03306632095661067,0.05124729001187646,0.9985927421362248,0.013647366753063326,-0.033725012358161964,-0.011927101170864776,0.9993599790861658,170,180,99,174,170,180,174,174,221213_034459
0,0,0,0,-0.0032565564591121587,0.002285238310046428,-0.003868973760205119,0.998757915053577,-0.04978006150882907,0.0021383624598355086,0.04971841992990071,0.9985021575208513,0.0228368155809336,-0.0032719776139920427,-0.022702134313336154,0.9997369190242564,180,180,117,97,180,180,97,97,221213_034459
0,0,0,0,-0.0005649166321317345,0.003852017566081195,-0.003084472905881097,0.9981647942363822,-0.06049825981013137,-0.002646527344874455,0.060474478922999265,0.9981352804593726,-0.00829453442221145,0.0031433972120985584,0.008119264882696507,0.9999620975775689,180,180,180,96,180,180,96,96,221213_034500
0,0,0,0,-0.00343874931134297,0.004325704469450853,-0.0035425885382878164,0.9979860213106134,-0.04866752911253867,0.04068627383642162,0.0492876848744021,0.9986810963677737,-0.014380259990073998,-0.03993276084036429,0.01635663069646908,0.9990684837607109,36,133,180,180,36,133,180,180,221213_034500
0,0,0,0,-0.0045024623941108954,0.0011519762245134624,-0.006499126737463445,0.9988725180472052,-0.04544177369656877,0.013738191050682367,0.04499305346220431,0.9984944839121213,0.03137500178825228,-0.015143243714028457,-0.03072150387555005,0.9994132635548931,160,81,144,160,160,81,160,160,221213_034500
0,0,0,0,-0.0004014720613430278,0.004448078971338781,-0.0011208191125711142,0.9989229141526962,-0.045908158644483214,0.006741850677576222,0.045849648097401864,0.9989114095608822,0.008591019638802249,-0.007128909455882683,-0.008272654892043515,0.9999403691375836,180,171,96,173,180,171,173,173,221213_034501
0,0,0,0,0.0011582032599470604,0.004076357685361909,-0.002901027393484523,0.9987252944684452,-0.04797101125302771,-0.01570249242252962,0.047615251393310985,0.998616877708072,-0.022296174365386126,0.01675034398660258,0.02152007518438947,0.9996280870105586,108,110,110,80,108,110,80,80,221213_034501
0,0,0,0,-0.0017607875947577845,0.00421094000497467,-0.0030589374634598654,0.9980156587397929,-0.04067293761183026,0.048067213942585216,0.041824319431803494,0.9988556990461428,-0.02319523199081648,-0.04706879236016707,0.025159583245068444,0.9985747464044391,180,180,180,95,180,180,95,95,221213_034501
0,0,0,0,-0.0037096460971639544,9.019090392070606e-05,-0.004587954420812834,0.9994606671259667,-0.03040325441665156,0.012410358133189383,0.03011592919714694,0.9992882283939482,0.022717116935833236,-0.013092199078462279,-0.02233111538101627,0.9996649016591159,82,124,180,180,82,124,180,180,221213_034502
0,0,0,0,-7.217411405480156e-05,0.0032869340913980194,-0.0008992348992993282,0.9995084168591278,-0.030122493251337843,0.00869252714020716,0.02997935132208868,0.9994199956073236,0.016152735822863164,-0.009174046112097437,-0.01588419908524087,0.999831750394712,160,75,180,180,160,75,180,180,221213_034502
0,0,0,0,0.0015050955199973348,0.0023006513913241267,-0.005538148903683093,0.9992382707309366,-0.038157841674757796,-0.008176639002100888,0.038201094737363106,0.9992565389403387,0.005200552455345519,0.007972118132191654,-0.00550894760347769,0.9999530473121168,180,173,99,170,180,173,170,170,221213_034502
0,0,0,0,-0.0030187249909660596,0.0019717556545591486,-0.0035449273034697804,0.9989430963604964,-0.021251569528058026,0.040756116428060075,0.021712147833954684,0.9997049337870397,-0.010891648097845699,-0.040512626058304295,0.011765039500354804,0.9991097592233874,180,180,100,0,180,180,0,0,221213_034502
0,0,0,0,-0.003145797188711774,0.0005598778857238695,-0.00547559401442288,0.9991498625794507,-0.02723129445919049,0.030951715777023023,0.026296464066447017,0.9991973333839443,0.03021894994893944,-0.031749772992366324,-0.029379339007052953,0.9990639650965507,180,180,180,94,180,180,94,94,221213_034503
0,0,0,0,-0.00025465374440830635,0.0033025470991346895,-0.0009777548537559522,0.999399873451798,-0.03456492907010756,-0.0022712602027016257,0.034574800639400105,0.9993921559792568,0.004461135267898973,0.002115680806660708,-0.0045369863908982,0.9999874697461031,35,130,180,172,35,130,172,172,221213_034503
0,0,0,0,0.0011908247395630567,0.004606625873554843,-0.0031792808734496525,0.9979898429990534,-0.057140089498378,-0.02740955021232109,0.05615436735246878,0.9977915911069037,-0.035477143960536056,0.029376185898928257,0.03386666337964145,0.9989945389308,160,96,174,160,160,96,160,160,221213_034503
0,0,0,0,-0.0018357577289757898,0.0010057729179795416,-0.003969180734408773,0.9990741890228851,-0.03310441673825611,0.027474759702026494,0.032908314144954404,0.9994297865420982,0.007559406891557668,-0.02770934298032404,-0.006648260286345758,0.9995939140204706,180,113,85,170,180,113,170,170,221213_034503
0,0,0,0,-0.0024822526800356015,0.004174007454297274,-0.0032673673019220084,0.9990377619784886,-0.03191860465197481,0.0300791093299607,0.03215406057352754,0.9994557010449999,-0.007376858225622436,-0.029827278280907796,0.008336925435551569,0.9995202995160405,179,180,115,85,179,180,85,85,221213_034504
0,0,0,0,-0.00388940518632494,0.0009196022160680717,-0.0043775389797752196,0.9992619165964945,-0.038411250876991536,0.0004447987919049014,0.03838523880272257,0.9988979661138824,0.02700790135508813,-0.0014817158831750218,-0.026970893563488113,0.9996351211409235,180,180,180,180,180,180,180,180,221213_034504
0,0,0,0,-0.0005885408682245463,0.003626967748215665,-0.0017686458384154058,0.9989511770822432,-0.04471829068663539,0.009839729877702576,0.04440690663610887,0.9985669862462597,0.029866379460410875,-0.011161202847922758,-0.029398102951158932,0.9995054672656177,57,123,180,169,57,123,169,169,221213_034504
0,0,0,0,-0.00038923575983862424,-0.0007083950516665882,-0.003180923143025538,0.9984200617798786,-0.05166589389065364,0.022091076115566873,0.05113434898816321,0.9984037182421137,0.02398528202623738,-0.023295033569856505,-0.02281777396682636,0.9994682038975418,167,79,172,180,167,79,180,180,221213_034504
0,0,0,0,-0.002782482665274172,0.0037002683159918226,-0.004964044283901847,0.9977543917820078,-0.04725123991637819,0.047470980673257585,0.047302996651440686,0.9988805861608281,3.3148063321782586e-05,-0.04741940728762563,0.0022124460140693406,0.9988726169512934,180,138,75,170,180,138,170,170,221213_034505
0,0,0,0,-0.004189857776491002,0.0019483050139949276,-0.006270030086228284,0.9987934943405534,-0.04758096330119273,0.012149386581935179,0.04713450739570677,0.9982852263619678,0.03471231827461088,-0.013780198676029882,-0.03409778231446081,0.9993234948532356,180,180,116,50,180,180,50,50,221213_034505
