0,0,0,0,0,0,0,1,0,0,0,1,0,0,0,1,162,162,82,95,162,162,95,95,221218_052040
0,0,0,0,-2.047008495728586e-05,0.00011387694965914186,5.556063267353473e-05,0.9999999908077208,4.4919659311252025e-05,0.00012793273026105733,-4.4932162750876845e-05,0.9999999942146526,9.77332889059619e-05,-0.00012792833937487702,-9.773903630216835e-05,0.9999999870407102,150,162,135,85,150,162,85,85,221218_052040
0,0,0,0,2.8232400358763066e-05,-0.0001458182928850693,-9.184854574395551e-05,0.9999998484413326,0.0001334811011986347,0.0005341349154114715,-0.0001333843381741982,0.9999999746894154,-0.00018118991779504475,-0.0005341590873219474,0.00018111864510214135,0.9999998409350402,78,154,162,91,78,154,91,91,221218_052040
0,0,0,0,-0.0001516534943785397,0.0007090479350884138,0.0003681800443564587,0.9999995892060629,-0.0007349755825681898,-0.0005304701667055837,0.000734944845467399,0.9999997282381181,-5.813573564793358e-05,0.0005305127508901878,5.774584545124997e-05,0.999999857610809,78,154,162,102,78,154,102,102,221218_052040
0,0,0,0,9.701899794739566e-06,-2.0580067069841945e-05,-2.1114133614386077e-05,0.9999997437689429,-0.0005692006968396651,-0.00043413432883755156,0.0005691781149516905,0.9999998366589548,-5.2137676733412397e-05,0.0004341639347275358,5.189056361518855e-05,0.999999904404519,86,127,162,162,86,127,162,162,221218_052040
0,0,0,0,-0.0001228616752634304,0.0005421830198069078,0.00028189996888172697,0.9999990255028463,-0.0010333228068906944,-0.0009387424224364312,0.0010334945997984874,0.9999994492845017,0.00018253658619876972,0.0009385532862388464,-0.00018350659354172838,0.9999995427214249,100,92,162,162,100,92,162,162,221218_052041
0,0,0,0,0.00012256196862009405,-0.0006195943479725408,-0.000330112374748448,0.9999998219849634,0.0004677591390416636,0.00037044760711833985,-0.0004677316232852182,0.9999998878488376,-7.436020480543654e-05,-0.00037048234823757094,7.418692150779593e-05,0.9999999286195626,130,155,150,162,130,155,162,162,221218_052041
0,0,0,0,-0.00014681823732670685,0.0006818427349220002,0.0003522552129715528,0.9999994974112388,-0.0009105679690874971,-0.0004195750758353518,0.000910727304475345,0.9999995131942315,0.00037971973402849086,0.000419229110956764,-0.0003801016616635426,0.9999998398848267,162,106,78,154,162,106,154,154,221218_052041
0,0,0,0,6.26982707576107e-05,-0.0002712585660724631,-0.00014911861546551552,0.9999998735031955,-0.00017269463226475833,-0.0004724088877988143,0.00017273172773527547,0.999999982001974,7.84844011297648e-05,0.00047239532546167553,-7.856599120515878e-05,0.9999998853350143,162,102,78,154,162,102,154,154,221218_052041
0,0,0,0,4.943265133314223e-05,-0.00020373285338948222,-0.00012515348845587582,0.9999999315695237,0.00021913662020899157,0.0002980605493384737,-0.00021918013918456407,0.999999965324611,0.0001459823372841109,-0.00029802854892705,-0.00014604765624722126,0.9999999449245315,162,146,86,127,162,146,127,127,221218_052041
0,0,0,0,4.2931469329099414e-05,-0.00018342624831158005,-0.00010371662660901837,0.9999993412787362,0.0010424259042885985,0.0004804064192300804,-0.001042386188057983,0.9999994532779094,-8.291511867764075e-05,-0.000480492589448821,8.24142950435756e-05,0.9999998811673707,162,90,100,92,162,90,92,92,221218_052041
0,0,0,0,-0.00017783238515053923,0.0007907761834129445,0.000407187253981256,0.999999058869613,-0.0012714820226198955,-0.0005153575025701218,0.0012715912661415399,0.9999991691181909,0.00021170399023904188,0.000515087896551304,-0.00021235911509706,0.9999998447940204,152,162,130,155,152,162,155,155,221218_052041
0,0,0,0,2.428937975879064e-05,-8.364526363746627e-05,-5.65146171496167e-05,0.9999999489703417,-0.00030955913622713374,-7.894589815452522e-05,0.00030955620936882924,0.9999999513998726,-3.708375363575383e-05,7.89573739325538e-05,3.705931355075955e-05,0.99999999619617,129,154,162,106,129,154,106,106,221218_052042
0,0,0,0,8.205470264141534e-05,-0.00035304612403685987,-0.00020337024150185457,0.9999998581841943,-0.00043976085736387036,-0.0003004030312396716,0.00043973402211273536,0.9999998993216106,-8.939103561077884e-05,0.0003004423116741278,8.925892550102328e-05,0.9999999508836295,115,154,162,102,115,154,102,102,221218_052042
0,0,0,0,-0.00010307513219126596,0.0003604906612688641,0.00018783545784428757,0.9999998913917143,-0.0004646165674022113,-3.671517672988408e-05,0.0004646246589185109,0.9999998677108451,0.00022068579254685608,3.6612637597503394e-05,-0.00022070282735523066,0.9999999749748881,77,128,162,146,77,128,146,146,221218_052042
0,0,0,0,0.00013205443685596063,-0.0005708392710330745,-0.0003135519178042445,0.9999998410445031,0.0005594036292996855,-7.055882980761575e-05,-0.0005594151716437024,0.9999998301331928,-0.00016367116641176932,7.046725957755574e-05,0.00016371061207525267,0.9999999841166003,139,82,162,90,139,82,90,90,221218_052042
0,0,0,0,2.3101761187693803e-05,-0.00014720506708054693,-8.314494415262441e-05,0.9999998056605016,-0.0006152101125781003,0.00010097265029745827,0.0006152550822525375,0.9999997112994234,-0.0004459397409781583,-0.00010069827450827445,0.00044600177825120704,0.9999998954711301,137,81,152,162,137,81,162,162,221218_052042
0,0,0,0,7.374657488543046e-05,-0.00036524011050098615,-0.00018930996008437173,0.9999991324561591,-0.0009250624711937336,0.0009377346928371544,0.0009245906686790408,0.9999994458405934,0.000503438775588873,-0.0009381998855004723,-0.0005025713180867206,0.9999994336013621,162,108,129,154,162,108,154,154,221218_052042
0,0,0,0,0.00013098025247298972,-0.0005088426208721408,-0.0002808333436499222,0.9999998906407143,0.00015557861093109317,0.00044103724903598587,-0.00015546278148556727,0.9999999534226929,-0.0002626517388010261,-0.000441078091486284,0.00026258314519987707,0.9999998682500958,162,120,115,154,162,120,154,154,221218_052042
0,0,0,0,0.000292066527968593,-0.001282155785097272,-0.0006732754158491616,0.9999990321897149,0.0001314236172045491,0.0013850442111813727,-0.00013106090044804277,0.9999999570977707,-0.00026196850411643334,-0.0013850785806082662,0.0002617867254391954,0.9999990065120243,162,142,77,128,162,142,128,128,221218_052042
0,0,0,0,-8.259684328335015e-05,0.00037982400150116113,0.0001975028880846219,0.9999986140752598,-0.001109123880617308,-0.0012416488143589385,0.0011095059325205295,0.9999993373580007,0.0003070507209274288,0.0012413074343031935,-0.00030842791210411463,0.9999991820137037,162,90,139,82,162,90,82,82,221218_052043
0,0,0,0,0.00012695368696868936,-0.00044307651710084883,-0.00024627531682341885,0.9999998661381443,-0.00010283643419188305,-0.0005070979808527321,0.00010285577603027366,0.999999993983919,3.8116279998894024e-05,0.0005070940580597572,-3.816843285286119e-05,0.9999998706993851,162,162,137,81,162,162,81,81,221218_052043
0,0,0,0,0.0002119995088617488,-0.0009623864131305115,-0.0005020868409310042,0.9999995245662225,-0.0004538729344091524,0.0008630565960755382,0.00045350162434541205,0.9999998045573048,0.0004303738239248395,-0.0008632517624277339,-0.0004299822217420766,0.9999995349557336,132,154,162,108,132,154,108,108,221218_052043
0,0,0,0,-2.9338658181304877e-05,7.778696897009496e-05,2.511868859544908e-05,0.9999995527183582,-0.0007262219105214917,-0.0006059412684039954,0.0007261352768918,0.9999997261132861,-0.000143181391852277,0.0006060450839086932,0.0001427413324795792,0.9999998061671154,127,154,162,120,127,154,120,120,221218_052043
0,0,0,0,-9.1819601894777e-05,0.0004636588774771244,0.00021483121922249993,0.9999996104849271,-0.0008101133708873786,-0.00035035171091256216,0.0008101532891777873,0.9999996653493124,0.00011381085695467027,0.00035025939397020136,-0.00011409465121451436,0.9999999321503814,69,127,162,142,69,127,142,142,221218_052043
0,0,0,0,5.1962537535393816e-05,-9.544210446144064e-05,-7.470380124108278e-05,0.9999997826344451,-0.0006201950362899178,0.0002238061215277891,0.0006201828286841363,0.9999998061954446,5.461072975477184e-05,-0.00022383994745665166,-5.4471917170439776e-05,0.9999999734642437,18,82,162,90,18,82,90,90,221218_052043
0,0,0,0,-8.557016919436e-05,0.0005202668732675608,0.00025808193506227095,0.9999998045731526,-0.0006251398030768381,7.340511043421327e-06,0.0006251319330170775,0.9999992770219647,0.001027212545603764,-7.982657184797307e-06,-0.0010272077560708026,0.9999994723901122,140,92,162,162,140,92,162,162,221218_052043
0,0,0,0,0.00010823783132288267,-0.0003497631589648442,-0.00020211674575720817,0.9999999826677953,-0.00013351111698479867,0.0001297659090125502,0.00013345021166198472,0.999999881001003,0.0004692430285559558,-0.00012982854273139877,-0.00046922570313442534,0.9999998814858875,162,110,132,154,162,110,154,154,221218_052043
0,0,0,0,9.857230052828792e-05,-0.00042921411774754503,-0.0002478931250972094,0.9999998875090648,0.00025818929684360463,0.0003978946409618986,-0.00025829048509679097,0.9999999343141657,0.00025427876330043315,-0.00039782896277074163,-0.00025438150709651525,0.9999998885110765,162,122,127,154,162,122,154,154,221218_052044
0,0,0,0,0.0001705814557562968,-0.0007022759207979679,-0.00038997091840209386,0.9999998810372861,-0.0003179480530922932,0.0003699114082103243,0.0003179269905261215,0.9999999478368901,5.699689755834566e-05,-0.0003699295109671366,-5.687928595713683e-05,0.9999999299584494,162,135,69,127,162,135,127,127,221218_052044
0,0,0,0,9.916750239305494e-05,-0.00040527924149924566,-0.0002256128374843458,0.9999997071391468,-0.0007649050422108959,2.5335694583910587e-05,0.000764902636088345,0.9999997029642801,9.484360104195309e-05,-2.5408233406952238e-05,-9.482419392644008e-05,0.9999999951813969,162,162,18,82,162,162,82,82,221218_052044
0,0,0,0,0.0013810079862819624,-0.00758879376716215,0.001911959458306134,0.9989661561933373,-0.044527517111650754,-0.00916073142177975,0.04449950197792081,0.9990041534530009,-0.0032397079142399325,0.009295864888613514,0.0028287105762549625,0.9999527915319044,162,138,140,92,162,138,92,92,221218_052044
0,0,0,0,0.0036575831387807844,-0.027233715211864018,-0.0004023572210735127,0.9985387977163203,-0.05352831538291714,0.007415450594111794,0.053550038093982545,0.998561346598173,-0.0027623359998095944,-0.007256919138297029,0.003155397329937274,0.9999686898059911,134,154,162,110,134,154,110,110,221218_052044
0,0,0,0,0.002871798784222085,-0.0391109977086983,0.0005653172962715169,0.9992524399658173,-0.03832821468647856,-0.005050661472286598,0.038315732982468126,0.9992624409078958,-0.002545348072311889,0.0051444949583639545,0.0023499254754633667,0.9999840058830356,110,154,162,122,110,154,122,122,221218_052044
0,0,0,0,0.0047172189364272366,-0.054256680499597865,0.0008069609803360578,0.9994177620405867,-0.0339077831761332,-0.0037946222296549306,0.03391352296647599,0.9994237066491191,0.0014586115789067102,0.0037429771289391282,-0.001586451328011968,0.9999917366130564,53,130,162,135,53,130,135,135,221218_052044
0,0,0,0,0.0047423026071699015,-0.06961661034594457,0.0006408347053974417,0.9993425779543088,-0.03590186038021581,-0.005046613604781869,0.035879909176354675,0.9993465324009025,-0.00437496237563754,0.005200385094684842,0.004191014141135102,0.9999776954489213,82,162,162,162,82,162,162,162,221218_052044
0,0,0,0,0.005432468898379533,-0.08089957138586745,0.0013015804182447965,0.9992991815775062,-0.0368513620176165,-0.006566796477262433,0.036887059212350276,0.9993048486448004,0.005400401619935407,0.0063632194046552475,-0.0056388467294834635,0.999963855769982,138,90,162,138,138,90,138,138,221218_052045
0,0,0,0,0.0072860225079736385,-0.0948304175392175,0.0011382692307252418,0.9985313582355233,-0.054089777245145264,-0.003069628298566068,0.05408955546415843,0.9985360764023515,-0.0001552825998437652,0.003073533798499399,-1.0980284776836572e-05,0.999995276623556,162,111,134,154,162,111,154,154,221218_052045
0,0,0,0,0.008291077287208126,-0.10632116554681592,0.0009432778157202337,0.9985344886683233,-0.054001624481007066,-0.0035636348442051684,0.05398482546618822,0.9985309152210882,-0.00465295251658973,0.0038096665570268107,0.0044537513568609225,0.9999828251222996,162,123,110,154,162,123,154,154,221218_052045
0,0,0,0,0.009042029933197387,-0.1155944432729854,0.0003441689320098362,0.9983348710283764,-0.05766773557399251,-0.0013847608179960078,0.057664924616318954,0.9983340091291885,-0.0019906494003855174,0.0014972500623569645,0.001907482584215318,0.9999970598718986,162,162,53,130,162,162,130,130,221218_052045
0,0,0,0,0.009489596903616143,-0.12321341284526643,-0.0003819245347913558,0.9981278157055455,-0.06102013234846122,-0.004172165271608376,0.06098711357671191,0.9981093919595422,-0.007629787659817372,0.0046298479951925025,0.007361054973910089,0.9999621889737694,162,162,82,162,162,162,162,162,221218_052045
0,0,0,0,0.009516320658516653,-0.12346337642467575,-0.0005018299522868697,0.9982854930598224,-0.05852402278594977,-0.0010065303061865857,0.05851464871110777,0.9982572146365303,-0.007653059017859661,0.0014526639402445186,0.007581041027776782,0.9999702083484345,162,162,138,90,162,162,90,90,221218_052045
0,0,0,0,0.009920445713081205,-0.1243104931264245,-0.001026946031903564,0.998194335902849,-0.060048401275139524,-0.0015024232992754526,0.06003617118697219,0.9981704458755682,-0.007170713338115787,0.0019302644064878376,0.0070675656960996125,0.9999731614370719,137,154,162,111,137,154,111,111,221218_052045
0,0,0,0,0.009186424831901269,-0.12197718889051568,0.0004359375742766236,0.9979928616116791,-0.06314299602154379,-0.004817699197252481,0.06310444799675577,0.9979766583217339,-0.007772907307393663,0.005298756000859955,0.007453287758291133,0.9999581849689692,82,156,162,123,82,156,123,123,221218_052046
0,0,0,0,0.009391560563731777,-0.12304414847379774,-0.00020955859540983113,0.9981433883142152,-0.060848679411086196,-0.002685996750627825,0.06082352230223398,0.9981112992283697,-0.008621687039388667,0.003205541977134823,0.008442308131214602,0.9999592251357304,102,126,162,162,102,126,162,162,221218_052046
0,0,0,0,0.008872771758599018,-0.121200527644853,0.0015431130784406832,0.9984643495276364,-0.0541715921501037,-0.011592295988166836,0.05419099602970665,0.9985296538769232,0.001366117761918733,0.011501246526475405,-0.001992217948402111,0.9999318738774071,58,162,162,162,58,162,162,162,221218_052046
0,0,0,0,0.009742440759116011,-0.12697075733148877,0.0006869823437725131,0.9984767506554768,-0.05503367637520411,-0.003933556293130819,0.055039916751615334,0.998483034000417,0.0014961207496116803,0.003845252196824363,-0.001710344395572361,0.9999911443395842,141,86,162,162,141,86,162,162,221218_052046
0,0,0,0,0.010444665722486424,-0.1371009623025108,-0.001483960387729799,0.997171920945367,-0.07514457456271398,0.0012054011424979542,0.07514788039213244,0.9971679385453059,-0.0029830202604089707,-0.0009778295840044183,0.0030651673841720593,0.9999948242857117,162,112,137,154,162,112,154,154,221218_052046
0,0,0,0,0.009138881499927282,-0.13300380743443396,0.0017854676405528735,0.9965806115965146,-0.08261742351554693,-0.0012024647894282496,0.08261137395960629,0.9965720210955462,-0.004423535016724524,0.001563803831409373,0.004309071963992983,0.9999894931529961,162,125,82,156,162,125,156,156,221218_052046
0,0,0,0,0.009659742448710956,-0.1373716809537856,0.0016374025649958934,0.995399680506744,-0.09514022277933239,-0.011305487896191608,0.0950797694045294,0.9954529298794796,-0.005770775020802496,0.011803113871069514,0.004669304429807585,0.999919438804491,162,162,102,126,162,162,126,126,221218_052046
0,0,0,0,0.01035256846386956,-0.1422752661859248,0.0008747241395989924,0.9946754470331122,-0.10275463109772373,-0.007889287512088197,0.10272011953466365,0.9946993694605102,-0.004662771455650459,0.008326590674585218,0.0038275557257773066,0.9999580079707866,162,162,58,162,162,162,162,162,221218_052046
0,0,0,0,0.011827026414872044,-0.14977677804299916,0.0020258959537774457,0.9920552726595666,-0.12560030153241736,-0.0071344406451412665,0.12557210099437813,0.9920752907734618,-0.004273744097335257,0.007614685824832234,0.003343903664528515,0.9999654168360381,151,162,141,86,151,162,86,86,221218_052047
0,0,0,0,0.01395633836128718,-0.1628427064702963,-0.00010880460143691817,0.9895037388757657,-0.14442307414610905,-0.004932180559089219,0.1443828278668684,0.9894917612657895,-0.007723561632510617,0.0059958125426182165,0.0069303709361353966,0.9999580092137076,123,162,162,112,123,162,112,112,221218_052047
0,0,0,0,0.01467491984386099,-0.16525321668434167,-0.0016251674307530273,0.9895096010553973,-0.14437643775539913,-0.00511797227913639,0.14433364398374338,0.9894973244031563,-0.007927434223542704,0.006208754590310442,0.007105576687075245,0.9999554800821793,80,156,162,125,80,156,125,125,221218_052047
0,0,0,0,0.014609535556491499,-0.16472377164895635,-0.0012859883064372246,0.9893947818441252,-0.14511876283824865,-0.006205669336283129,0.14506643844215647,0.9893880597117187,-0.008185092399490813,0.007327625626568568,0.007198053360204063,0.9999472455737356,88,120,162,162,88,120,162,162,221218_052047
0,0,0,0,0.014685829440168524,-0.16544829939738226,-0.001729012463906665,0.9895228652422718,-0.14428373512495987,-0.005167488859689585,0.14423982150784095,0.9895100141706169,-0.008050201702516096,0.0062747951449263276,0.007220500983686475,0.9999542446089389,114,98,162,162,114,98,162,162,221218_052047
0,0,0,0,0.014124131345200353,-0.163305109216764,-0.0003907866318815234,0.989159915324124,-0.1467125827868452,-0.006170896854267158,0.14667179807768066,0.9891631042980658,-0.006613376147913076,0.00707428898427135,0.0056365900531088016,0.9999590908071891,138,155,151,162,138,155,162,162,221218_052047
0,0,0,0,0.014673489780476057,-0.16511669902710813,-0.0015215710239790958,0.9894635463073602,-0.1446497094112418,-0.006192906918970411,0.14459733317906812,0.9894565610267866,-0.008205186076330808,0.007314490164409899,0.007223254688088535,0.999947160016641,154,127,123,162,154,127,162,162,221218_052047
0,0,0,0,0.014568310589150257,-0.1646892781602708,-0.0012570814997751034,0.9893294346002038,-0.14556829635202984,-0.006094335961342884,0.14552062316656245,0.9893256518449047,-0.007648714589334985,0.007142693249569852,0.006680246913204311,0.9999521769736397,162,142,80,156,162,142,156,156,221218_052047
0,0,0,0,0.014555057488703033,-0.16446249834089854,-0.0011249189578931285,0.9893898208415292,-0.14517044523436393,-0.005772715619443352,0.1451289692600098,0.9893876077132749,-0.007052941579904313,0.006735331966096825,0.0061403203384665156,0.9999584650221465,162,150,88,120,162,150,120,120,221218_052048
0,0,0,0,0.014563450043426518,-0.16435552856108537,-0.001051016525602133,0.9894574744741148,-0.14472455583190197,-0.005358091690662116,0.1446849378362106,0.989451841482759,-0.007163947913641649,0.0063383728699638354,0.006313186646711307,0.9999599835512045,162,162,114,98,162,162,98,98,221218_052048
0,0,0,0,0.01477935005933459,-0.1650489777606391,-0.0014869639597849815,0.9895414381755228,-0.14411472470048178,-0.006219988587017143,0.1440624457978287,0.9895349069944944,-0.008165754719827922,0.0073317013213804955,0.0071842859005667985,0.9999473147080464,160,162,138,155,160,162,155,155,221218_052048
0,0,0,0,0.014582521937869103,-0.16444421055919078,-0.0010632989853402997,0.9896485163409916,-0.14342389728507493,-0.0050398205954821276,0.14337259516807463,0.9896242875709674,-0.009384476779533673,0.006333487099991532,0.008564761363546397,0.9999432642924995,122,162,154,127,122,162,127,127,221218_052048
0,0,0,0,0.014598272434991177,-0.16480849771909134,-0.001272554304362905,0.9895260966939333,-0.14426278763533013,-0.005133426278035044,0.14420840722222686,0.9894994621894557,-0.009733941298678099,0.006483768047730887,0.008891705711580735,0.9999394473274078,78,155,162,142,78,155,142,142,221218_052048
0,0,0,0,0.0146534122881683,-0.16468934252821366,-0.001279662662903469,0.9895176329606571,-0.1443304471936243,-0.004855519830771934,0.14429394529631756,0.9895088388927378,-0.007177402313400564,0.0058404974755494905,0.006401544035116109,0.9999624537067402,72,122,162,150,72,122,150,150,221218_052048
0,0,0,0,0.014786868274489273,-0.16518832899723412,-0.0015861950638217381,0.9893012838174824,-0.14577721664859647,-0.00565446224415092,0.14573243074688907,0.9892944000296198,-0.007658243835035367,0.006710325304005214,0.006752271930381534,0.9999546881524645,107,85,162,162,107,85,162,162,221218_052048
0,0,0,0,0.014836055858173353,-0.16510424926937572,-0.001538299383110675,0.9893412932645461,-0.14547936435738926,-0.006289673108034765,0.14542926384968882,0.9893378895698174,-0.007801889365820133,0.007357625824513401,0.0068040287851309595,0.9999497840064357,145,86,160,162,145,86,162,162,221218_052049
0,0,0,0,0.014628055323976125,-0.16481753539423127,-0.001338453923821148,0.9894866565767335,-0.14453458745152056,-0.005090136227645257,0.14449771961046573,0.9894804413411573,-0.006990366992015348,0.006046940050342747,0.006181361785772482,0.999962611942317,154,126,122,162,154,126,162,162,221218_052049
0,0,0,0,0.013742261228706254,-0.1627802864485265,9.550556836712687e-06,0.9896962015709582,-0.14302594196794693,-0.006708838960573056,0.14298474762902616,0.9897050576599717,-0.006265842938917449,0.007535949938867293,0.005242019310625395,0.999957864458331,162,162,78,155,162,162,155,155,221218_052049
0,0,0,0,0.014827688174106818,-0.1654461608059139,-0.0016540884460481964,0.9894696572482368,-0.1446723697665283,-0.004438784878110274,0.14463018027245525,0.9894476454424358,-0.008687225263387595,0.005648746711821693,0.007953763546690447,0.999952413520778,162,151,72,122,162,151,122,122,221218_052049
0,0,0,0,0.014685818067025347,-0.1652410922688845,-0.0015039369846127082,0.9896203496822963,-0.14365464461412744,-0.0038609034536377664,0.14362325185506603,0.9896043780772813,-0.0074522759512206825,0.004891321014392672,0.006820408423666159,0.9999647778835354,162,162,107,85,162,162,85,85,221218_052049
0,0,0,0,0.013890561333081947,-0.16255915580635127,0.0002051148828169369,0.9891903389562015,-0.14636271482857702,-0.008968222997013163,0.1462966799205049,0.9892113601813607,-0.007626685543489024,0.009987730470574082,0.0062322224086264555,0.9999306999206979,159,162,145,86,159,162,86,86,221218_052049
0,0,0,0,0.014643997961706706,-0.1656760026691123,-0.0018054140117740314,0.9894403631097697,-0.14480954288837372,-0.0061615044970673724,0.14475056260630467,0.9894260166154532,-0.009134126648695225,0.007419061555573681,0.008145792345524192,0.9999392999541012,122,162,154,126,122,162,126,126,221218_052049
0,0,0,0,0.013940489591695249,-0.16310730567766452,-0.000190224629603164,0.9888913486119788,-0.14837202853953138,-0.00892422475326706,0.14830311366334492,0.9889100227249608,-0.007946913355121408,0.010004354958683256,0.006535143547107643,0.9999285998413483,105,153,162,162,105,153,162,162,221218_052049
0,0,0,0,0.01386718587128255,-0.1630811505270755,0.00014329777823685053,0.9904746558916206,-0.13749073683901186,-0.007500221319519296,0.13744003227204743,0.9904860253076463,-0.006904433308975234,0.008378160026805212,0.00580783554563244,0.9999480363903116,70,119,162,151,70,119,151,151,221218_052050
0,0,0,0,0.013805046305352453,-0.1629475051056387,0.0001991933267214696,0.9907988727368908,-0.1351504365373865,-0.007207862863669798,0.13510571901667065,0.9908107186654459,-0.006369023995143965,0.0080024041572555,0.005336598300053446,0.9999537400531525,111,87,162,162,111,87,162,162,221218_052050
0,0,0,0,0.013872510354264816,-0.16313134376309313,9.2889662961948e-05,0.9906086856633557,-0.13651707798169002,-0.007584148446578999,0.13647096999709815,0.9906240448608453,-0.006298896061055662,0.00837294669574088,0.005204725053066215,0.9999514011194505,138,146,159,162,138,146,162,162,221218_052050
0,0,0,0,0.01420985451665191,-0.16400304359068285,-0.0004588745294805685,0.9900738017502793,-0.14030897651168495,-0.00820110955862548,0.14025540355248023,0.9900921354893584,-0.00678122529141497,0.009071320856415314,0.005563663574073051,0.9999433767896833,154,162,122,162,154,162,162,162,221218_052050
0,0,0,0,0.013843591077471934,-0.16200240792226517,0.0007778231421948778,0.990114749367977,-0.1400772193516972,-0.007152321489258117,0.14004770249103493,0.9901346419652693,-0.004475690705363755,0.007708703585672729,0.003429781188941932,0.9999644056115318,162,162,105,153,162,162,153,153,221218_052050
0,0,0,0,0.013970688313109492,-0.16228582584599416,0.0005755535895201058,0.9901190674594457,-0.13998593365399983,-0.00825655086925357,0.13994116141417895,0.9901429827148491,-0.005774523581432086,0.00898351797957343,0.004562034585551343,0.999949240834329,162,146,70,119,162,146,119,119,221218_052050
0,0,0,0,0.014010472448251099,-0.16227531305313714,0.0006023368661124406,0.9901176621419424,-0.1400352317039355,-0.007559695509711662,0.13999549740840686,0.9901365619293554,-0.005554226866839352,0.008262918367452838,0.004441014787262705,0.9999559998158479,162,106,111,87,162,106,87,87,221218_052050
0,0,0,0,0.01388987869649308,-0.1609753081194698,0.0013897797975194193,0.9898950809866978,-0.14153294172320954,-0.008726685826488275,0.1414995202326853,0.9899288182507177,-0.004338268163262295,0.009252805642591542,0.0030596084571455576,0.999952511064315,124,162,138,146,124,162,146,146,221218_052050
0,0,0,0,0.014253311935422147,-0.16294098212382213,0.00016489180637557777,0.9899169242181074,-0.1413829839419572,-0.008679573620293849,0.14133681668178236,0.9899450236097467,-0.00572315302592715,0.009401457164826378,0.00443870273460765,0.9999459538001099,122,162,154,162,122,162,162,162,221218_052051
0,0,0,0,0.01423576726279105,-0.1628239852614003,0.0002261042564484228,0.989813572795044,-0.14210389507484308,-0.008693337406740838,0.1420527709400021,0.9898393981616818,-0.006243085389953333,0.009492174617902024,0.0049445779877505805,0.9999427232444598,97,149,162,162,97,149,162,162,221218_052051
0,0,0,0,0.014257680864419087,-0.16144757372060037,0.0012251912330506487,0.9905459397767177,-0.13698240022214156,-0.0073866921717679,0.13694753696001494,0.990565491866984,-0.0050377021453870295,0.008007078895876698,0.003978486106711997,0.9999600283690613,43,122,162,146,43,122,146,146,221218_052051
0,0,0,0,0.0156653096704909,-0.1637907268721116,-0.00017557025647640945,0.991758042714305,-0.12805675120405677,-0.0041777006298573515,0.12802853860402588,0.9917495863139875,-0.006438272202352236,0.004967697093005364,0.005850343331501036,0.999970547300517,110,79,162,106,110,79,106,106,221218_052051
0,0,0,0,0.017483989984842047,-0.16473055351056842,-0.0005483058630305626,0.9917246294749661,-0.1282378623183136,-0.006108188010435803,0.12819798473565014,0.9917271186554443,-0.006526778155265952,0.006894635774252449,0.0056897092543721686,0.9999600448048618,146,90,124,162,146,90,162,162,221218_052051
0,0,0,0,0.018981361044507233,-0.1637788669836725,0.00019919795374889748,0.9910584306099489,-0.1333759594293152,-0.0037470739590549206,0.13335406971284663,0.9910527163747709,-0.005586184494698234,0.004458610542108113,0.005036547676458139,0.9999773767338621,154,162,122,162,154,162,162,162,221218_052051
0,0,0,0,0.023275654782208166,-0.16134709766618627,0.0017473124116512695,0.9895703046672838,-0.1437880097073371,-0.008695998223398881,0.14373448107374906,0.9895949494264914,-0.006498847593163348,0.009539972282909587,0.005181151800694477,0.9999410705610904,146,162,97,149,146,162,149,149,221218_052051
0,0,0,0,0.02764225126384484,-0.15960781122673806,0.0026072277275711597,0.989676524302197,-0.14296683839959062,-0.010042926025228955,0.14292221673107428,0.9897211307622338,-0.005032224895670671,0.010659137385300868,0.00354491759426248,0.9999369061843107,114,18,43,122,114,18,122,122,221218_052051
0,0,0,0,0.03233410831824951,-0.1555957661655878,0.004322269197520323,0.9914991024145321,-0.12985663329636254,-0.008172190655597409,0.12983880646047508,0.9915314995122911,-0.002677650430231538,0.00845069512505927,0.0015938205172640418,0.9999630220603469,162,162,110,79,162,162,79,79,221218_052052
0,0,0,0,0.038044253717403526,-0.1590362831322435,0.00298707871234416,0.98934723806937,-0.1454032474225867,-0.007066693956629259,0.14536328600168397,0.989360900025726,-0.005875762340162529,0.007845865618480108,0.004785931388087877,0.9999577677349405,162,162,146,90,162,162,90,90,221218_052052
0,0,0,0,0.04397261310743228,-0.16135590743652195,0.0010047581831769126,0.991186381157189,-0.1324098014710917,-0.00414756348975673,0.13238525757019154,0.9911818310969944,-0.005720251854890801,0.004868406986838837,0.005120759474476435,0.9999750379063544,120,162,154,162,120,162,162,162,221218_052052
0,0,0,0,0.0478707741273636,-0.1596683939779846,0.001849460196635122,0.9913802960173755,-0.130947548769905,-0.004224705865988644,0.13092661251726892,0.991379943447861,-0.0049020265266190655,0.004830197020173521,0.004306646081129534,0.9999790607789134,95,148,146,162,95,148,162,162,221218_052052
0,0,0,0,0.05159883135289617,-0.15417175764801405,0.0051345439162989726,0.9916390183774697,-0.12898834239592505,-0.0037503009640017337,0.12897626670268733,0.9916421835947781,-0.0033018695942813128,0.004144859322854184,0.002790562905934814,0.9999875163720103,99,115,114,18,99,115,18,18,221218_052052
0,0,0,0,0.05730393914393356,-0.1583956395567484,0.002126393136200888,0.9916769868940297,-0.12870032144780433,-0.003602904940493587,0.12867168906562945,0.9916604507329658,-0.00729019101866537,0.004511108264756107,0.006765922799035578,0.9999669355488215,114,90,162,162,114,90,162,162,221218_052052
0,0,0,0,0.060825136688124226,-0.1549403147869236,0.00497972102469868,0.9898589863702096,-0.1419659278242509,-0.004986224938889261,0.14195034234306875,0.9898680995478525,-0.0033534767343253373,0.005411784440201988,0.0026116727439806945,0.999981945714347,147,91,162,162,147,91,162,162,221218_052052
0,0,0,0,0.06569289353973723,-0.1583512069841948,0.002280285553910022,0.9909815622304325,-0.13391721226216965,-0.004660856065230912,0.13388790742616422,0.9909776035169576,-0.006116990504306494,0.00543797428963095,0.005437792540718354,0.9999704289867322,154,162,120,162,154,162,162,162,221218_052053
0,0,0,0,0.06863654910835279,-0.1569349691332823,0.003040668692198878,0.9912980429070233,-0.13161633046244336,-0.0023090440243916633,0.1316057939370392,0.9912930646736338,-0.004239685384055121,0.0028469511599702006,0.0038989082516899263,0.9999883466238682,146,162,95,148,146,162,148,148,221218_052053
0,0,0,0,0.07299684392791322,-0.15832516186415657,0.0020876829969747046,0.9918303167650857,-0.1275461902253985,-0.0021429196569946814,0.12753057050714547,0.9918146507164984,-0.006297000097760173,0.0029285374834340204,0.005972267835224234,0.9999778775978557,162,162,99,115,162,162,115,115,221218_052053
0,0,0,0,0.07804308499157742,-0.15300756909392377,0.004942152933714583,0.9926720179753572,-0.12083724463223577,-0.0007905937145919613,0.1208352448512541,0.9926700991044469,-0.002217644178877774,0.0010527727531657021,0.002105861737117626,0.9999972285040966,158,162,114,90,158,162,90,90,221218_052053
0,0,0,0,0.08136925754366989,-0.14974215335836039,0.007118357740032777,0.9911575814202046,-0.13249979655327537,-0.007103006869651736,0.13249407289924406,0.991182980802917,-0.001272483089806473,0.00720898327224188,0.00032012495169918455,0.9999739637011534,162,146,147,91,162,146,91,91,221218_052053
0,0,0,0,0.08556980551859725,-0.1539912651388563,0.0040083837887576745,0.9920252039270406,-0.12580281869701598,-0.007723055185513632,0.12576389738244065,0.9920458515894017,-0.0053357716814664,0.00833287997583701,0.004321938470584971,0.999955941008985,119,162,154,162,119,162,162,162,221218_052053
0,0,0,0,0.08838905696679852,-0.15253483710460802,0.004686395993441894,0.9930607819321582,-0.11744455088727362,-0.006087762739850695,0.11740851246957695,0.9930657327656109,-0.005974245256119198,0.006747191117148384,0.005218033497942966,0.9999636231075821,93,147,146,162,93,147,162,162,221218_052053
0,0,0,0,0.09194529274915209,-0.15513105274935923,0.003089372616362107,0.9929785634009358,-0.11823486921762695,-0.0037534420608629974,0.11820985959889505,0.9929686282213886,-0.006303369078704516,0.00447232823293467,0.0058154165133305685,0.9999730892433822,88,112,162,162,88,112,162,162,221218_052053
0,0,0,0,0.09471836735673234,-0.15196616319226586,0.0047219307345491845,0.993508831336626,-0.11375021422802956,-0.0010444229070009144,0.11374335582673861,0.9934965995867763,-0.005191879696648802,0.0016282080343759742,0.005039382163513309,0.9999859766846767,117,93,158,162,117,93,162,162,221218_052054
0,0,0,0,0.09764388758624468,-0.15199801477852248,0.004985370682180745,0.9912405195502154,-0.13195371578286805,-0.005518087795085538,0.13193198938364464,0.9912501535356893,-0.004133194012552636,0.006015195682109835,0.003368977080005583,0.999976233424745,150,89,162,146,150,89,146,146,221218_052054
0,0,0,0,0.10054817196353438,-0.14756692513839242,0.007328534514234208,0.9922407652109558,-0.1241814548932363,-0.006101648480250836,0.12416338314277897,0.9922564391510043,-0.003257798322225839,0.006458958129367643,0.0024749189820925466,0.9999760780318274,154,162,119,162,154,162,162,162,221218_052054
0,0,0,0,0.10395627140571714,-0.1530867801949798,0.0034914876194468425,0.9936998980677502,-0.11204816454504697,-0.0023919452814532794,0.1120314599509721,0.9936850437928636,-0.006243854869277446,0.0030764527295392106,0.005936544825146792,0.9999776461872246,146,93,93,147,146,93,147,147,221218_052054
0,0,0,0,0.10659460215501185,-0.15060024945996509,0.005037161797506351,0.9931549718841642,-0.11679867057012897,-0.001127995928663433,0.11679261661246887,0.9931463915351595,-0.004441811061236299,0.0016390627130946007,0.004279665143600256,0.9999894989147041,162,137,88,112,162,137,112,112,221218_052054
0,0,0,0,0.11030704982083231,-0.15250811289315103,0.0035497945805242903,0.9931714185566403,-0.11656817341994061,-0.00473226243248923,0.11654199530260699,0.9931706704878409,-0.005475638192848648,0.005338229395448636,0.004886740045316699,0.9999738111963986,155,162,117,93,155,162,93,93,221218_052054
0,0,0,0,0.11398781007769115,-0.15277091975920687,0.0031712857755890056,0.9932373180195193,-0.11597605739470364,-0.005402240699247991,0.11596074044730789,0.9932490588838321,-0.0030681755641544166,0.0057216053957174625,0.0024209786369949384,0.9999807008608389,162,146,150,89,162,146,89,89,221218_052054
0,0,0,0,0.11777929798061826,-0.1540175491998641,0.0023211512150258518,0.9931581026851655,-0.11661121526298657,-0.006229570265304726,0.11657750692321131,0.9931662237526163,-0.005526018144804197,0.0068313944674252254,0.004761981925365232,0.9999653271877845,118,162,154,162,118,162,162,162,221218_052055
0,0,0,0,0.12098397107395613,-0.15237465279922002,0.003214348135283096,0.9931546546886804,-0.11658905362486674,-0.007129126528943815,0.11656320148292208,0.9931754546813714,-0.003941608618562395,0.007540021900462653,0.0030836331344961383,0.9999668190877296,85,146,146,93,85,146,93,93,221218_052055
0,0,0,0,0.12438891400455684,-0.15286071164248538,0.0025253609968971524,0.9944569678136866,-0.10513269637637675,0.0015669458960762546,0.10513787363474345,0.9944507646277887,-0.0037019263594199763,-0.0011690570445307754,0.003846151822072661,0.9999919201782522,70,112,162,137,70,112,137,137,221218_052055
0,0,0,0,0.12721926929236593,-0.14935002180069168,0.00437142810394453,0.9939418399517866,-0.10972635274995989,-0.006304467102698437,0.10971175556228314,0.9939599991548393,-0.0026173978591163076,0.006553585636846312,0.0019098670902542522,0.9999767011900819,117,86,155,162,117,86,162,162,221218_052055
0,0,0,0,0.12935542852491377,-0.1509321003988603,0.003514638290279426,0.994024540056057,-0.10912813994192237,-0.0025025665147402542,0.10911712076494497,0.9940200980388646,-0.004183138866206908,0.0029440995759188347,0.003885069834860804,0.9999881191844556,150,89,162,146,150,89,146,146,221218_052055
0,0,0,0,0.1329366194619941,-0.1478463716434596,0.005077857257657192,0.9948773949117126,-0.10105169307898003,-0.002743067545012851,0.10104373871528674,0.9948777621767685,-0.0028984810817351903,0.0030219133213488835,0.002606463507501213,0.9999920371622277,154,162,118,162,154,162,162,162,221218_052055
0,0,0,0,0.13704561543359306,-0.14901707677095077,0.004340902158997517,0.9938638939574398,-0.11059236938633156,-0.0019718319585150493,0.11058420334460728,0.993859274987544,-0.003856875921209536,0.0023862645272427086,0.0036151562553019584,0.9999906181494183,162,134,85,146,162,134,146,146,221218_052055
0,0,0,0,0.14176222063024949,-0.15170632009439633,0.00236712297487629,0.9946207226996429,-0.10354470705317188,-0.002848090187050311,0.10352697606901211,0.9946097706347979,-0.005793909198594212,0.0034326669583504927,0.005467887989724409,0.9999791592820747,162,154,70,112,162,154,112,112,221218_052055
0,0,0,0,0.14524428261194902,-0.1522495208263519,0.0019087567138065253,0.9944369506134153,-0.10512192353108979,-0.006673263655437132,0.1050719432473144,0.9944367553331774,-0.0074448898349263656,0.007418759796920264,0.006702300765018859,0.9999500193347318,160,162,117,86,160,162,86,86,221218_052056
0,0,0,0,0.14786881566583998,-0.1444123888772727,0.006506857361439522,0.9953530196357561,-0.09623873985507439,-0.0032359315642997446,0.09623223085017572,0.995356671039237,-0.0021107257723584276,0.003424039658063629,0.001789516357829148,0.9999925367639625,154,162,150,89,154,162,89,89,221218_052056
0,0,0,0,0.15160007562827993,-0.14584161028396392,0.005524377521541446,0.9951105445453776,-0.09873588266717494,-0.0024959183753334945,0.09872501378823041,0.9951060724857912,-0.004156459360627717,0.002894095215465092,0.0038897269617159834,0.9999882470494575,117,162,154,162,117,162,162,162,221218_052056
0,0,0,0,0.15439768290721,-0.1508529183775752,0.002477189292971582,0.994206102795443,-0.10739520446880196,-0.004527164830342386,0.10734999810419384,0.9941781297541064,-0.009264136530544056,0.005495732101043046,0.008724469939842733,0.9999468388634178,77,146,162,134,77,146,134,134,221218_052056
0,0,0,0,0.156954954605749,-0.15015582032880526,0.0030856383103111673,0.9938097026860719,-0.11104594358037487,-0.0033276510280924394,0.11102693257162963,0.9938025199162535,-0.005437982331679846,0.003910893856314992,0.005034860717940643,0.9999796773368926,63,112,162,154,63,112,154,154,221218_052056
0,0,0,0,0.1597037364692243,-0.1505661316048582,0.002441048661002365,0.9940975966800178,-0.10831096732876426,-0.006221143891626932,0.1082702717252265,0.9940999570270524,-0.006543981919103514,0.006893223887165534,0.005831791758910103,0.9999592360038093,118,86,160,162,118,86,162,162,221218_052056
0,0,0,0,0.16134111057268824,-0.15045428555788465,0.002513568639733843,0.9937302219960136,-0.11167137903892428,-0.0054542639556728854,0.11162741958067793,0.9937195853008975,-0.007791340524643545,0.006290078657101698,0.007133645138117171,0.9999547719859789,146,80,154,162,146,80,162,162,221218_052056
0,0,0,0,0.16350497396987151,-0.14916577853044333,0.0031758384725740774,0.9942811800232256,-0.10665276006610089,-0.005488517277529681,0.10661818865488035,0.9942804064939536,-0.006247808429433226,0.006123471203114626,0.005626902567244433,0.9999654199360714,154,162,117,162,154,162,162,162,221218_052056
0,0,0,0,0.16489763939467605,-0.14913093171725122,0.003458600389907085,0.9931207837434235,-0.11706241187866569,-0.0027387263460725625,0.11704220750296206,0.9931047388865895,-0.006640727658253441,0.003497221709102741,0.006274498079301195,0.9999741997242578,162,136,77,146,162,136,146,146,221218_052057
0,0,0,0,0.16481483096255492,-0.14934603416271963,0.003388253858521373,0.9928683485637629,-0.11910765334759058,-0.005080288800446955,0.11907337466477724,0.9928636010069553,-0.0065879618580603535,0.005828710509824077,0.0059360516786721666,0.9999653941133467,162,150,63,112,162,150,112,112,221218_052057
0,0,0,0,0.16467074413194038,-0.14982266027770408,0.0030403958353416582,0.9930892860683737,-0.11730851438770264,-0.0035188561150311117,0.11727611352447041,0.993064509970519,-0.008318186918348658,0.004470245273320885,0.007848024538903339,0.9999592118771812,162,159,118,86,162,159,86,86,221218_052057
0,0,0,0,0.16456414037680106,-0.14991604686774407,0.003008346188025701,0.9929735731146585,-0.11822057802872911,-0.005232401595910562,0.11818056238545585,0.9929646121319495,-0.007391463177470067,0.006069412670520536,0.006721159438646726,0.9999589932820421,149,162,146,80,149,162,80,80,221218_052057
