0,0,0,0,0,0,0,1,0,0,0,1,0,0,0,1,162,162,83,96,162,162,96,96,221218_074209
0,0,0,0,-5.427173999068835e-05,-0.00089919192417931,0.0003150655677171543,0.9999974574299086,0.0005008786290712304,-0.0021986937751143736,-0.0004986694316759672,0.9999993704401736,0.0010052104523260443,0.002199195879338419,-0.0010041114751330265,0.9999970776445447,162,162,138,101,148,162,114,114,221218_074209
0,0,0,0,0.00030485920466591376,0.001077484762371017,-0.0053860798005714305,0.9999984422771778,0.0010482507906636985,0.00142007517321507,-0.0010486782353086083,0.9999994050496798,0.00030029026638588084,-0.0014197595488316837,-0.0003017790005440447,0.9999989466055742,18,66,146,146,84,76,162,162,221218_074209
0,0,0,0,0.0007715847343206517,-0.0008845441615623617,-0.004454571205983637,0.9999461952584425,0.004540871057858751,-0.009326686346202661,-0.0045468776189517375,0.9999894688846155,-0.0006229155499788375,0.009323759546600245,0.0006652893355749252,0.9999563114946657,138,162,162,138,130,18,153,153,221218_074209
0,0,0,0,-0.0010683286483872262,-0.004614400894795145,-0.003169212193668558,0.9997031804348325,0.023381917552886964,-0.006843753358371791,-0.02346014546839827,0.9996576734085905,-0.011582640887275843,0.006570586205341245,0.011739758382180658,0.9999094986397749,101,162,162,120,162,162,116,116,221218_074209
0,0,0,0,0.0024164069292478413,-0.005788355255656241,-0.003905741610166047,0.9995985922690652,0.010930796182668,-0.026137559727625135,-0.010617233674789752,0.9998703576577657,0.012105462668819539,0.026266493538291576,-0.011823094863200986,0.9995850567835928,114,98,162,156,113,97,162,162,221218_074209
0,0,0,0,-0.004767961698041542,-0.006457859425760715,-0.003987903352054123,0.9996467614236487,0.014281129930611775,0.022414319153499528,-0.014570613563881493,0.9998118420503435,0.012805378411844964,-0.022227226448254426,-0.013127445440888529,0.9996667547641136,146,162,114,162,146,162,154,154,221218_074210
0,0,0,0,0.0024651421258813436,-0.009786825506714614,-0.004032154257366194,0.9986922059650868,0.04067357021698825,-0.03097641732660136,-0.04033714854480801,0.9991209839436658,0.011409377314912409,0.0314132486677539,-0.010144955852229473,0.9994549953243987,162,162,162,18,156,162,18,18,221218_074210
0,0,0,0,-0.0031961829843647066,-0.010802343748042897,-0.00543927994624499,0.9991272652827656,0.040852563025318644,0.008704933247563254,-0.040871243241705706,0.9991624620157782,0.001978882120065978,-0.008616800128788557,-0.0023329365251028742,0.9999601532874748,100,124,162,150,76,118,148,148,221218_074210
0,0,0,0,-0.002998327246982027,-0.012750039473588992,-0.0021601905612849692,0.9988682525098982,0.04756072013555138,0.0004382100070751231,-0.04755441465561122,0.998823412518991,-0.009506221682600851,-0.0008898171636594077,0.00947462421968817,0.9999547188354635,162,124,159,162,148,92,162,162,221218_074210
0,0,0,0,-0.0050093792963630535,-0.014699480541995547,-0.0034896619381070137,0.9975006639660382,0.06896382001337806,0.0153758549835565,-0.06886691105603768,0.9976030464867662,-0.006746124955933026,-0.01580423832118337,0.0056703764851772235,0.9998590265040381,162,146,122,74,162,138,52,52,221218_074210
0,0,0,0,-0.0002620914068178909,-0.021061656493501335,-0.0027499284230619314,0.9976070917274925,0.06713482769860027,-0.016522876410999483,-0.0670570513970585,0.9977354999288092,0.005217666120131923,0.01683574747215448,-0.004097205350990683,0.9998498739887731,56,146,162,144,92,139,162,162,221218_074210
0,0,0,0,-0.00801241699609137,-0.023619217848705687,-0.002820946068307073,0.9971684738136727,0.06815605912742514,0.03177713700649905,-0.06871345112826129,0.9974951354484319,0.016790366010236733,-0.030553174403896308,-0.018926340399893445,0.9993539398896232,138,81,162,146,142,76,154,154,221218_074210
0,0,0,0,-0.00294471510127281,-0.027787961547789397,-0.00388853217310714,0.9965954324232471,0.0799124859467638,-0.020286415724045694,-0.07979661285198489,0.996790234631098,0.006459777196590885,0.02073751794383743,-0.004818997186909268,0.9997733406205834,140,156,103,68,162,152,66,66,221218_074211
0,0,0,0,-0.0029785149515852843,-0.031858493424529066,-0.00014485962793625573,0.9972405771669811,0.07385536567306505,-0.007524374589565,-0.0738623079799118,0.9972682381335528,-0.0006485906871933291,0.007455917887617616,0.0012025686245323633,0.9999714811519158,84,162,154,162,106,154,139,139,221218_074211
0,0,0,0,-0.012551609729163166,-0.032469940302672806,-0.0038057987125797443,0.9960666731994009,0.0779484371685391,0.04213340342840192,-0.07871541461329341,0.9967545566852222,0.016859336567687268,-0.04068250291876673,-0.020109571607261612,0.998969738823973,112,80,162,162,112,69,162,162,221218_074211
0,0,0,0,-0.008363937336086646,-0.03769697622886836,-0.0022054465406786683,0.9968304253551149,0.07931120908904747,0.006231789403902232,-0.0793051258421988,0.9968496447749293,-0.0012176728825999301,-0.006308732162186051,0.000719600534606239,0.9999798408335921,162,162,104,139,162,133,155,155,221218_074211
0,0,0,0,-0.0037870617707483623,-0.03474036446601869,-0.004455042322543068,0.9964410506103316,0.08337176393840724,-0.012425040699183322,-0.08340221218069667,0.9965140544828527,-0.0019519788704925793,0.012218987762654223,0.0029813077572294466,0.9999209009427259,91,146,146,38,94,146,92,92,221218_074211
0,0,0,0,-0.005306578629222958,-0.03739964832455467,-0.0033045802570513816,0.9972919844657235,0.07312639117520627,-0.007824872785542883,-0.07319769626482256,0.9972745447904608,-0.00925092289997504,0.00712705983853039,0.009798633918522153,0.9999265932014152,138,152,162,138,136,79,162,162,221218_074211
0,0,0,0,-0.011107704080686093,-0.046488811423300636,-0.002829468479445596,0.9962857805363388,0.08042001543813952,0.03077766427181119,-0.08084314461410709,0.9966451852943061,0.012757766206510729,-0.029648431155821386,-0.01519854422656469,0.999444833286656,162,162,116,124,162,162,139,139,221218_074211
0,0,0,0,-0.004747461283345494,-0.04723575681730452,-0.002364098667160197,0.9957932167137974,0.0901124261516852,-0.01660181314930408,-0.08994318598233321,0.9958896883371785,0.010674828290140157,0.017495509199069757,-0.009136701633174898,0.9998051949460612,99,115,114,18,91,114,153,153,221218_074211
0,0,0,0,-0.00858108008840397,-0.041093200873332125,-0.006798841715321691,0.9941116317854115,0.1082373075108992,0.005171925341482596,-0.10826600180060837,0.9941059998802171,0.005633281127704909,-0.004531710831185575,-0.006160053972502794,0.9999707582384587,146,162,136,162,146,157,162,162,221218_074212
0,0,0,0,-0.004054964688665924,-0.04215678379534715,-0.0036962692670124975,0.9947317996131995,0.09487989772456717,-0.03881303706310199,-0.09539815686464309,0.9953701776215349,-0.011721824452787173,0.03752117409030535,0.015362763730809198,0.9991777354332092,162,162,162,18,162,162,18,18,221218_074212
0,0,0,0,-0.009871166272914941,-0.044154333585160854,-0.0035635718259321436,0.9968693112607421,0.07869784711289443,0.00763053905884786,-0.07866649853656646,0.9968916055112185,-0.004325375042830304,-0.007947218037117409,0.0037115658501843635,0.9999615322623217,72,127,162,132,67,127,160,160,221218_074212
0,0,0,0,-0.009711195797871858,-0.040793430685478804,-0.005615269610234563,0.9968069862158117,0.07938733159961578,0.008572269993627658,-0.07938372913600995,0.9968438421369612,-0.0007602250195611235,-0.008605566792001411,7.72988513391408e-05,0.9999629684368695,149,93,162,162,138,128,162,162,221218_074212
0,0,0,0,-0.014059437958367685,-0.04323390517988046,-0.004783687331213149,0.9949537217677565,0.09785934329650159,0.022150405641151377,-0.09760804290766949,0.9951506681223222,-0.01215803008014563,-0.023232767812394264,0.009934619533360849,0.9996807199473753,162,162,101,120,162,162,137,137,221218_074212
0,0,0,0,-0.010408813556414473,-0.0463413866907737,-0.0064619158340123994,0.9932655717706711,0.11479607367364478,-0.01566414390245827,-0.11471485891358196,0.9933803930329742,0.005991317224927043,0.016248233119904074,-0.004154059071304356,0.9998593594669768,84,118,162,143,91,116,162,162,221218_074212
0,0,0,0,-0.009109941463249671,-0.04975629868760867,-0.00504271146201013,0.9946964333074991,0.10104786970601139,-0.01919201899794119,-0.10134845556198514,0.9947319093765143,-0.015392174094445113,0.017535567300224746,0.017255622157149767,0.9996973278865102,162,112,136,162,162,107,162,162,221218_074212
0,0,0,0,-0.013192903936385142,-0.0472603272391654,-0.004899867624947041,0.995352256366828,0.09558555532541949,0.011716968831409507,-0.09529560630861467,0.9951783439049868,-0.02321230795936928,-0.013879234983909357,0.021987847453951152,0.999661893542313,162,162,147,60,145,162,18,18,221218_074213
0,0,0,0,-0.011365888245968514,-0.051011387502949423,-0.004664364277052191,0.993814178600095,0.11025797555520281,-0.013287484332522114,-0.11039089975183529,0.9938406997953134,-0.00972176333500516,0.012133740783408672,0.011128443594227953,0.9998644558527777,93,120,162,143,94,121,144,144,221218_074213
0,0,0,0,-0.013072507821512827,-0.056596193787006754,-0.004023528816918587,0.9948363794106956,0.1014870581809057,0.000977355004389659,-0.10148790982347779,0.9948363964773651,0.0008651032255139096,-0.0008845115492658543,-0.0009598258772385386,0.9999991481864394,162,132,146,162,146,131,154,154,221218_074213
0,0,0,0,-0.01541882204077305,-0.05749805714761025,-0.004678018637812753,0.9921820894777847,0.12477496069943288,0.002431152391747921,-0.12475841781319344,0.9921686362989113,-0.006060885208128383,-0.003168359866803261,0.005710195024027945,0.9999786773569433,138,162,129,49,161,162,18,18,221218_074213
0,0,0,0,-0.015553488459785617,-0.06223340570376823,-0.003429776188963285,0.9915706073164224,0.12950256936986956,0.004100638089759137,-0.12948100057349374,0.9915685296129503,-0.005149909872827974,-0.00473299024169171,0.004575544537372799,0.9999783313630144,102,150,162,126,37,146,127,127,221218_074213
0,0,0,0,-0.01823218919175179,-0.06256764451002728,-0.006241170849950239,0.9923211178781153,0.12177162355119174,0.02169033680776303,-0.12173404243407998,0.9925580703002969,-0.003049589219526868,-0.02190027227650268,0.00038571940202371474,0.9997600858679836,142,87,162,162,138,96,162,162,221218_074213
0,0,0,0,-0.018444746046639232,-0.06757484677617653,-0.004801235550307648,0.9921535139440939,0.12399100085154698,0.016051058414251033,-0.12407381425380716,0.9922638171628414,0.004266821526472123,-0.015397837020106168,-0.006224858011128242,0.9998620693664919,162,162,113,121,98,18,138,138,221218_074213
0,0,0,0,-0.017662087979667077,-0.06995304286896342,-0.005107041882139174,0.9905764574921696,0.13695054902323509,-0.0016819585303626005,-0.13695773863274774,0.990562198228945,-0.005395300588767995,0.0009271951613889265,0.0055748149811194365,0.9999840307460208,63,111,162,153,105,113,162,162,221218_074213
0,0,0,0,-0.010575193576190148,-0.07474264884630899,-0.0024012894897642023,0.9894353204601902,0.13671971451601064,-0.04822308874907284,-0.13630994955370748,0.9905971303233727,0.011701412212357962,0.04936946706726876,-0.005004503747461546,0.9987680464771264,146,162,128,156,146,162,162,162,221218_074214
0,0,0,0,-0.022392582236552605,-0.06401930192582506,-0.006108830356081063,0.9918278989611671,0.12186742193254331,0.03775910901745427,-0.1204120948538023,0.991969925951181,-0.038685829722611836,-0.042170442909642655,0.03382303179674242,0.9985377590581546,162,162,162,18,162,162,18,18,221218_074214
0,0,0,0,-0.015085733201647869,-0.06954513172018062,-0.006426098689441384,0.9934127445681442,0.11345913948023623,-0.016066816672652192,-0.11359024572040843,0.9934994173355838,-0.0074942532004005635,0.015112081483553296,0.00926992029408933,0.9998428344349803,98,98,82,162,100,100,82,82,221218_074214
0,0,0,0,-0.017723463010017135,-0.07055390759339486,-0.005426426471824286,0.9926772944679558,0.1207791391708372,0.0020466042438378115,-0.12076542928498274,0.9926638107195032,-0.0058540564950786194,-0.0027386378718556956,0.005564029923113226,0.9999807705319245,162,157,129,162,146,86,154,154,221218_074214
0,0,0,0,-0.021842652515931968,-0.07381571912361184,-0.0012386794017537062,0.9908268897562449,0.13211628109210388,0.02841413039950047,-0.132346971976895,0.9911828570915974,0.006389273533383441,-0.027319471893039207,-0.010091188142615205,0.9995758172231638,162,162,162,18,162,162,18,18,221218_074214
0,0,0,0,-0.017772529402610163,-0.07227323352239878,-0.0056254274759385825,0.9911347240331394,0.13284750483446547,-0.0018706349216079563,-0.13282268119318325,0.9910897704037307,0.009960038239581494,0.0031771333631499523,-0.00962327700612578,0.9999486478631071,58,109,162,162,94,103,153,153,221218_074214
0,0,0,0,-0.02004112339105231,-0.07351065648391775,-0.005947087042966315,0.9896485238626404,0.1433355492620667,0.007121764826091586,-0.14335732663680784,0.9896674594679578,0.002645102981825736,-0.006669041613611485,-0.003638679427833318,0.999971141531583,146,87,132,162,146,40,162,162,221218_074214
0,0,0,0,-0.02529482775749363,-0.07536899026976429,-0.005352370562493325,0.9854833712014266,0.16686522296823852,0.03128134346909813,-0.1663892463940667,0.9859089829029789,-0.017265460191590178,-0.03372156238797607,0.011809944748934638,0.9993614868680605,162,162,162,18,162,162,18,18,221218_074214
0,0,0,0,-0.021371208880996903,-0.07883522059360226,-0.005291220235167482,0.984930092289289,0.1729504243273752,-0.0009295310615934505,-0.1729525149815032,0.9849018853000252,-0.007463504138656054,-0.0003753193127411951,0.007511794554943174,0.9999717156389863,60,133,162,156,86,127,156,156,221218_074215
0,0,0,0,-0.02338860037706117,-0.08456565836305652,-0.005167670256957968,0.9868243105367536,0.1612504282716248,0.0132694956903924,-0.16132394782171752,0.9868904891395777,0.004663293370547996,-0.012343581039369658,-0.006742538695599372,0.9999010821971656,161,105,139,162,158,108,162,162,221218_074215
0,0,0,0,-0.025988878247297467,-0.08632277835920066,-0.005291087159723984,0.9836484968695901,0.17916691717267547,0.018298917919794492,-0.17897871512800959,0.9837861483299715,-0.011464461836694594,-0.020056274263245168,0.0080018838355652,0.9997668306749127,162,162,162,58,162,162,18,18,221218_074215
0,0,0,0,-0.023170999376181306,-0.0905264088624046,-0.006561382248869263,0.9821375310558267,0.18791742123085342,-0.009639133234460976,-0.1879443127358189,0.9821777378795254,-0.0019561503310595203,0.009099747349589841,0.003732828927639754,0.9999516291233144,44,150,146,89,67,146,162,162,221218_074215
0,0,0,0,-0.02439443300870739,-0.0907638369210726,-0.005865375961353947,0.982730499007194,0.18500834162770138,-0.003560877593823608,-0.18502265408201313,0.9827251645615639,-0.004227104670371402,0.002717314394421873,0.004812947705340096,0.9999847257517825,157,101,162,162,152,92,154,154,221218_074215
0,0,0,0,-0.02833233978438883,-0.0961344781927993,-0.00641748638812234,0.9844298334570747,0.1751102008514405,0.015307532702688836,-0.17511354386128425,0.9845475940938866,-0.0011321308585312865,-0.015269242155973204,-0.0015660529068250177,0.999882191921766,162,162,162,18,162,162,56,56,221218_074215
0,0,0,0,-0.025967426612649974,-0.10226683562067518,-0.006016331473896186,0.9846999574114484,0.17398307421256165,-0.009792025400112304,-0.1739613292379036,0.9847478021110943,0.003036802125564193,0.010171027660557637,-0.001286905169175557,0.9999474456547273,70,141,138,162,83,138,136,136,221218_074215
0,0,0,0,-0.029980629431605413,-0.10439772877404196,-0.006210155551750418,0.9853816760509382,0.1694325485646004,0.01776412086055346,-0.1694863535232423,0.9855313035786616,0.0015574453239684417,-0.017243215258140054,-0.004545454151891593,0.9998409925453718,138,162,151,162,146,80,154,154,221218_074215
0,0,0,0,-0.03042323185921117,-0.10933550889951427,-0.005460768071375965,0.9842623099680098,0.1766338962281742,0.005307718878257804,-0.1766086681050473,0.9842689541723416,-0.004899408397435287,-0.006089624503795511,0.003884913864970617,0.9999739116185303,135,154,146,18,162,146,60,60,221218_074216
0,0,0,0,-0.028356608749276882,-0.11374459835303974,-0.007434018071824922,0.9840323278577835,0.17761450358925765,-0.01155274190537796,-0.17752840498747458,0.9840823229421372,0.008102289516534114,0.012807933221011127,-0.005921974970239434,0.9999004385732901,64,162,162,100,97,149,162,162,221218_074216
0,0,0,0,-0.028579973211466728,-0.11318932847940777,-0.007081517016915506,0.9834652860371378,0.18063119373357184,-0.012977018543410325,-0.1806696923114617,0.9835420911991013,-0.0018485453146218495,0.012429539008864673,0.004162534093955004,0.9999140862443852,142,94,162,138,140,85,162,162,221218_074216
0,0,0,0,-0.03249974671435074,-0.11883757953960528,-0.007530276426373939,0.9819736560328726,0.1889784265687272,-0.0038591642930383536,-0.1890006520486721,0.9819549857571539,-0.006569586885306656,0.0025480154256133304,0.007180545820137063,0.9999709732682823,141,162,130,18,161,162,61,61,221218_074216
0,0,0,0,-0.033222805814238865,-0.12368275082958602,-0.007672800507864563,0.9810866136135278,0.19345166885990964,-0.006745991673341608,-0.19346480557723697,0.9811062922927271,-0.0013461896522405318,0.006358112243641994,0.00262584061470683,0.9999763394049699,144,162,162,103,156,162,162,162,221218_074216
0,0,0,0,-0.033968754967285075,-0.12538931210924664,-0.007636230146120082,0.9802569785201382,0.1977187872367262,-0.0018807541593162114,-0.1977264444283542,0.980240577996015,-0.005715104877333089,0.000713607938919678,0.005974146271745282,0.9999819000062117,134,94,162,162,128,80,162,162,221218_074216
0,0,0,0,-0.03581598445691579,-0.12730790136679004,-0.0076611409728376545,0.9805740621079736,0.1960104806173346,0.007375649749641723,-0.19593299442621992,0.9805655301857669,-0.010074855169178195,-0.009207085111082484,0.008434008517103646,0.9999220455035935,132,155,106,74,162,162,58,58,221218_074216
0,0,0,0,-0.03625122902478356,-0.12954452289088314,-0.007767671503250195,0.9784518529319018,0.20634226254021348,0.007405550885246217,-0.20623820413957525,0.9784180160427308,-0.012805820406679127,-0.009888106361243734,0.011002571189990294,0.9998905784033559,162,162,162,162,124,162,121,121,221218_074216
0,0,0,0,-0.03627658295729205,-0.13329759614991565,-0.008156368920673007,0.9784670677165137,0.20640295324864943,0.00013522013084951004,-0.20639227368331933,0.978422698681563,-0.00955259485772187,-0.0021039862351634043,0.009318991089264374,0.9999543637821678,130,82,162,162,128,88,138,138,221218_074217
0,0,0,0,-0.03638700432363305,-0.13641193462874868,-0.0076847579363972796,0.9762857921325809,0.21647333223110127,-0.0023126851974821605,-0.2164803681383319,0.976280978357659,-0.003420746658704793,0.0015173301393030963,0.0038402773043165915,0.9999914749533988,140,160,109,45,151,162,64,64,221218_074217
0,0,0,0,-0.04227449859588904,-0.13377980020593871,-0.007396487382489658,0.9754438841227507,0.2170017045895367,0.037676108248558715,-0.21634955658909752,0.976097574656715,-0.0206493126514814,-0.04125649392789563,0.011991036423647418,0.9990766320729678,162,162,162,162,162,162,92,92,221218_074217
0,0,0,0,-0.0339363167783331,-0.1379486544044478,-0.0068312823815402934,0.977136189301139,0.21123819979677816,-0.024151407923039263,-0.21168877017703824,0.9771730682036033,-0.017906963966264587,0.01981747054953375,0.02261012437322062,0.9995479228815625,125,83,162,157,120,83,162,162,221218_074217
0,0,0,0,-0.04016362643419212,-0.1456229677751314,-0.004811455312842661,0.9785872059893276,0.20535295188697472,0.014044409040876057,-0.20524477213335882,0.9786713919747567,-0.008768696717140999,-0.015545539100563516,0.005698392887252294,0.999862922871218,162,122,98,160,151,152,84,84,221218_074217
0,0,0,0,-0.03873498960423048,-0.14027892970464184,-0.0073787958942975185,0.9771992194272904,0.2122788270454418,0.004402855767014586,-0.21222757365553627,0.9771696267776571,-0.009948742809915716,-0.006414244380875033,0.008787496311543817,0.999940816937481,162,162,162,162,104,162,120,120,221218_074217
0,0,0,0,-0.044665893041216,-0.14585916055912862,-0.006720794588088885,0.9752627892743195,0.21705776816473388,0.041814078206011705,-0.21770715927544948,0.9759451508476867,0.011604108630101195,-0.038289484941532,-0.02042027953358732,0.9990580201002753,116,78,162,130,120,69,162,162,221218_074217
0,0,0,0,-0.041278197592827345,-0.1476198719672056,-0.008974329012893412,0.9746646470457286,0.22336073202559234,0.011781731121418879,-0.22343542485599802,0.9747035442028128,0.005441676018863874,-0.010268238341871868,-0.007936265334916905,0.9999157859409403,162,162,99,112,162,152,144,144,221218_074218
0,0,0,0,-0.03964642627490726,-0.14328174909261082,-0.008131316179477877,0.9769841588437667,0.21312029822615633,0.009038354514612998,-0.21291451643611228,0.976873523386899,-0.0196348668557268,-0.013013917900233122,0.0172585569981947,0.9997663627824385,113,62,156,162,106,74,122,122,221218_074218
0,0,0,0,-0.03644042356638669,-0.14522189663015228,-0.008500038736116877,0.9796598221905021,0.20005955174048284,-0.015582315074198924,-0.20023727019251308,0.9796877456561011,-0.010814649190618506,0.013102229257839396,0.013714837536871017,0.9998201012281219,162,162,104,114,162,157,141,141,221218_074218
0,0,0,0,-0.043988770055390106,-0.14642276617094407,-0.007392643984533265,0.981478912088708,0.18878167192381298,0.03256724536734378,-0.18839581233700242,0.9819851959055453,-0.0145634101853799,-0.034729857745863235,0.008158147338488709,0.9993634382010157,88,96,162,82,52,91,133,133,221218_074218
0,0,0,0,-0.03245992209643908,-0.14987178657205558,-0.006707318270691653,0.9804903065955712,0.19143645497405007,-0.044618856765847204,-0.19241877614814792,0.9811321811837428,-0.018832355967316597,0.0401717967954083,0.02705044828832491,0.9988265615158767,146,162,110,149,162,132,159,159,221218_074218
0,0,0,0,-0.04454777338494409,-0.13803166492703622,-0.008230813110047808,0.9846303461068551,0.16934885966474078,0.04270884282847293,-0.1678378869026311,0.9851273099682892,-0.03680525607438908,-0.04830657559333851,0.029071410094689033,0.998409398928892,132,162,162,91,151,162,92,92,221218_074218
0,0,0,0,-0.03237726256950281,-0.14955398895582683,-0.005389502338905783,0.9845096529483613,0.17140358154427446,-0.0368992613109145,-0.17174138529423458,0.9851227796707042,-0.006164864238640594,0.03529362306016665,0.012406498605927506,0.9992999744639384,117,93,161,160,116,88,106,106,221218_074218
0,0,0,0,-0.038804844725309304,-0.14740548032533596,-0.007799510685391531,0.9874557411301619,0.1570677212271467,0.016152097622092267,-0.1570180496489876,0.9875863428839756,-0.004306673133829477,-0.016628030355707722,0.0017164782448093622,0.9998602713924204,162,152,100,147,130,18,146,146,221218_074218
0,0,0,0,-0.0423938525238637,-0.14651924328770394,-0.007399874996087907,0.9835759457560157,0.17622251648500387,0.03903823271935963,-0.17622885166530686,0.9843436708726393,-0.0033059724293807,-0.039009624080290246,-0.0036279879643046956,0.9992322487452279,162,162,162,162,161,162,106,106,221218_074219
0,0,0,0,-0.032212367908262776,-0.15626197116925788,-0.006300839596385999,0.9796127768263939,0.19909695672890887,-0.02681807785373387,-0.19871136176767143,0.9799212469324607,0.01637511877111253,0.029539840604165826,-0.010712218799925321,0.9995062011740913,114,90,162,162,123,80,162,162,221218_074219
0,0,0,0,-0.04364778093961262,-0.15138211649456845,-0.00936077568686583,0.9823336260110468,0.18137318797768429,0.046091364601201515,-0.18239207632010407,0.983043813299977,0.01892066669755973,-0.04187812918016494,-0.026993106813600957,0.9987580259907396,114,18,132,130,162,162,154,154,221218_074219
0,0,0,0,-0.03382576318033936,-0.1534634605312888,-0.008434350164270132,0.9809709873385324,0.1925592088550063,-0.024836929866602363,-0.19216826307805857,0.9812096463531996,0.01729128592644876,0.027699831508991003,-0.012189380154965391,0.9995419642745426,84,151,162,138,90,149,162,162,221218_074219
0,0,0,0,-0.04149053631724402,-0.14365933681221688,-0.008148757998508172,0.9824097598393526,0.18435874258444054,0.029713932844208465,-0.1829156469783494,0.9820702602597465,-0.04560559180456345,-0.037588959321560964,0.03936823524158277,0.9985175072030962,150,94,128,162,131,76,162,162,221218_074219
0,0,0,0,-0.03412556855879517,-0.14899279021233802,-0.008704775474963011,0.9829097215018785,0.18309185355260071,-0.019127272146666593,-0.18318806127664378,0.9830720427677438,-0.0033901230300978536,0.018182782592446253,0.0068360727854290424,0.9998113094609743,141,154,102,70,162,162,68,68,221218_074219
0,0,0,0,-0.03687359462485283,-0.15342730243305325,-0.0066345351053699875,0.9809103044815992,0.19428577077640682,-0.008247050117127917,-0.19435796812463443,0.9808884378682337,-0.009102344911044072,0.00632098000949581,0.010531463821975697,0.9999245638954399,54,162,154,162,100,159,162,162,221218_074219
0,0,0,0,-0.03778227292401207,-0.15341084589339649,-0.008720230219980363,0.9842124555549476,0.17688344110703924,-0.006171757661519302,-0.17694728868205387,0.9841461772616474,-0.012081341372332932,0.003936922474442618,0.012982682443069537,0.9999079710643438,134,94,162,162,127,70,130,130,221218_074219
0,0,0,0,-0.04318770498399788,-0.16398376805275783,-0.007275547692092932,0.9841991488934257,0.17611773902417838,0.01829145479363237,-0.17594744510598112,0.9843430437762869,-0.010548399400434628,-0.01986282653938891,0.007163390973883988,0.9997770521229327,162,162,140,122,162,162,144,144,221218_074220
0,0,0,0,-0.04425594938863403,-0.1626917195784955,-0.007874848006826807,0.9834233008797391,0.17948425720858183,0.02576844390106147,-0.1792209150436364,0.9837331077537226,-0.01220804325532063,-0.027540422976420016,0.007387430100231016,0.9995933928246995,76,131,162,162,56,132,141,141,221218_074220
0,0,0,0,-0.03522309977388628,-0.1612020754588962,-0.00966942675821253,0.9851938855312264,0.16835826859659717,-0.032380569899881036,-0.1689188953151136,0.9855093723335566,-0.015416998678094863,0.02931577591343474,0.020658422928063403,0.9993567005052393,146,83,162,162,138,162,162,162,221218_074220
0,0,0,0,-0.04605686843406338,-0.16078429465713462,-0.009438846375129484,0.9854430273941891,0.16578169475243806,0.03766257353374235,-0.1650196614142165,0.9860328078272457,-0.02253471178106482,-0.040872375841298575,0.015991609466462112,0.9990363943919961,162,122,104,56,162,114,60,60,221218_074220
0,0,0,0,-0.04025462630477236,-0.16435517361986218,-0.009264478448790858,0.9864887762879881,0.16382552263794292,-0.0010451747377875282,-0.1638287996898451,0.9864630401955202,-0.007127041489683618,-0.00013656504753617875,0.007201976160469227,0.9999740561081432,84,135,162,135,74,138,136,136,221218_074220
0,0,0,0,-0.0394080596781807,-0.1602702840689758,-0.008499345869939612,0.9919701396746077,0.12620042755023567,-0.008288189191659618,-0.12628880107359486,0.991930510583706,-0.011180379982008774,0.006810339002793799,0.012137308568454297,0.9999031478215186,149,93,162,162,138,90,162,162,221218_074220
0,0,0,0,-0.04402843149769037,-0.16290317057155712,-0.009390130535321062,0.9920340400860634,0.12501374171205107,0.015492827168598131,-0.12493230827066776,0.9921463870028068,-0.006120874728254806,-0.01613634595211335,0.004136561425719593,0.9998612439728248,162,162,104,139,162,162,138,138,221218_074220
0,0,0,0,-0.04133161613093497,-0.16831746316470175,-0.008091764049233063,0.9913992931675687,0.1307476954675948,-0.00569926633504001,-0.13078489012245195,0.991387918932558,-0.0067310259417899445,0.0047701176613161745,0.007418512282389099,0.9999611050700987,162,162,162,84,162,162,18,18,221218_074221
0,0,0,0,-0.039754122754466825,-0.16927120457393952,-0.009966829300513458,0.9923693301541344,0.12301031145698883,-0.008460250864403584,-0.12308316702250251,0.992358150349573,-0.008708354062874598,0.007324381553741088,0.009683217958315376,0.9999262916459528,134,87,162,162,122,126,122,122,221218_074221
0,0,0,0,-0.04108364427219485,-0.16571861868686044,-0.011263618153169563,0.9926160834731423,0.12129826634717349,0.00020349842821324121,-0.12128809732660503,0.9925519788693976,-0.011391518306795665,-0.0015837541892962158,0.011282722349336624,0.9999350938431231,162,162,152,146,138,162,146,146,221218_074221
0,0,0,0,-0.04816741277428692,-0.17402139359348678,-0.007668061780169211,0.989646923625872,0.1420285127585848,0.02066078704773752,-0.14202634709609976,0.9898616173887225,-0.0015796047351326053,-0.02067566899487471,-0.001371125145852614,0.9997852953146733,162,162,162,18,162,162,18,18,221218_074221
0,0,0,0,-0.04384909817808971,-0.17297243087184822,-0.010686295774336718,0.9918516621781445,0.12730502670635538,-0.004869333603865412,-0.1273455584084544,0.9918158031374779,-0.009193552109875274,0.00365909662218823,0.009738727948361814,0.9999458826305837,116,88,105,106,112,88,162,162,221218_074221
0,0,0,0,-0.04323075193856385,-0.1719799327865157,-0.011409682528472465,0.9930764841266885,0.11746534264647228,-0.0009949630756807346,-0.11746952457012401,0.9930468254396345,-0.007675498780725966,8.643982947396024e-05,0.0077392351825469755,0.9999700479349095,162,145,160,162,146,162,162,162,221218_074221
0,0,0,0,-0.04235076512559824,-0.17589379666059857,-0.006540433041676341,0.9909665769858481,0.13329800358534716,-0.014727034226622403,-0.13360913023694004,0.9907747443054153,-0.022671708446136682,0.011569080096519949,0.0244345715472776,0.9996344872497253,152,162,146,39,162,146,68,68,221218_074221
0,0,0,0,-0.04325070314780491,-0.17931783689938807,-0.008665714518053536,0.992036398849413,0.1256564554990786,-0.00861617950694162,-0.12571581432436715,0.9920434577251299,-0.006731419874687705,0.007701778148517575,0.007761003554708443,0.9999402229319385,94,110,162,135,72,116,162,162,221218_074221
0,0,0,0,-0.04509145217378112,-0.1782107501932907,-0.00914505854547476,0.9936727116010804,0.11229799726255761,0.001924066052562769,-0.11228558006966412,0.9936598467520851,-0.005661930857972865,-0.0025476906749196974,0.005410061315734863,0.9999821200945469,162,117,162,162,160,108,162,162,221218_074222
0,0,0,0,-0.04701424026000803,-0.18079795538679566,-0.009225680046048568,0.9924607295594471,0.1223551859501377,0.007135037031282551,-0.1222857350960169,0.9924497378309466,-0.009471899034064236,-0.008240101598724195,0.008527974577352843,0.9999296847155056,162,162,116,124,162,162,114,114,221218_074222
0,0,0,0,-0.04159946452318539,-0.18056722396031788,-0.011006533374767202,0.9910562707936946,0.13068292326276412,-0.02700817816875028,-0.13049362306455026,0.9914112906894818,0.008664123319915236,0.027908465740407888,-0.0050622387255191605,0.9995976647027054,86,127,162,162,80,132,18,18,221218_074222
0,0,0,0,-0.04637430691576974,-0.18463900858714244,-0.00987171241584639,0.994575020539746,0.1039409957092315,0.004098527703466915,-0.1038983267133934,0.9945423140452079,-0.009524876889462033,-0.0050661844142828585,0.00904737445759617,0.9999462379502732,160,94,162,162,147,91,146,146,221218_074222
0,0,0,0,-0.05417480012368976,-0.1932146066559196,-0.004298557169476358,0.9934099689475183,0.10519338765006817,0.04550807390335346,-0.10562284264649048,0.9943806947986447,0.007130843080503747,-0.04450223260652538,-0.011890542732212038,0.9989385197731481,162,162,162,138,162,136,152,152,221218_074222
0,0,0,0,-0.049893417990811956,-0.19044371408807081,-0.006650016771364231,0.9948115057302579,0.1006281488800208,0.014968090047733033,-0.10069827208491113,0.994908947772305,0.004005451499696693,-0.014488825549707936,-0.005491930041761847,0.9998799491131953,162,162,162,18,162,162,18,18,221218_074222
0,0,0,0,-0.047650319407462796,-0.18757460549959648,-0.009694054350535941,0.9950758649171282,0.09910955766225778,-0.001148320260198442,-0.09911019533678152,0.9950763321368211,-0.0005122513392692976,0.0010918973089898527,0.0006235391897749632,0.9999992094792601,145,88,162,162,140,84,162,162,221218_074222
0,0,0,0,-0.04867831050039799,-0.18822354710776446,-0.00989085267144002,0.9943611830778258,0.10593942521998126,0.004761908454262512,-0.10592460581773741,0.9943688065173982,-0.0032641243114088737,-0.005080892679807275,0.0027413152360468763,0.9999833347213105,146,162,116,154,138,162,146,146,221218_074222
0,0,0,0,-0.05069418899319329,-0.18888142162201949,-0.008685247044274202,0.9955038070393389,0.09404429371245517,0.01130667901321631,-0.093949473483502,0.9955394333230051,-0.008644832623097889,-0.012069241995884054,0.007543707247372527,0.9998987078092513,162,162,162,18,162,162,18,18,221218_074223
0,0,0,0,-0.05044888058630832,-0.19732800886365864,-0.007673725066517256,0.9955623223105533,0.09406602617474669,0.0026916751866117865,-0.094048948345544,0.9955501452509208,-0.005890976656398936,-0.0032338383873551846,0.0056116851801322086,0.9999790254193951,134,86,162,162,128,79,122,122,221218_074223
0,0,0,0,-0.046873539722756125,-0.19129988220607919,-0.010324177914855681,0.9955308579283537,0.09367905147563892,-0.011939272467805068,-0.09379515949416038,0.9955455580705405,-0.00956607868883329,0.010989948494006101,0.010643172489466264,0.9998829651071462,162,114,117,160,162,145,146,146,221218_074223
0,0,0,0,-0.05491296289016541,-0.20001030164189304,-0.007828585645495878,0.9948792144573855,0.09768979811695006,0.025923965447541483,-0.09747991718669456,0.9951945709601782,-0.00924292576302696,-0.026702329222952504,0.006668528717430502,0.9996211864195423,162,162,162,70,162,162,18,18,221218_074223
0,0,0,0,-0.0503720021032345,-0.19904199208564521,-0.010788178460878373,0.9944491610160882,0.10521812326958921,-0.0001126500029096525,-0.10521754805118291,0.9944388634356106,-0.004540316176945,-0.00036570000632912125,0.00452696637000399,0.9999896863663094,125,87,158,162,122,79,114,114,221218_074223
0,0,0,0,-0.050274138439956484,-0.20461583716031084,-0.009881615151402012,0.9947580230867996,0.10203283102314488,-0.006765862682933887,-0.1021132107132375,0.9946898343505384,-0.012846230479486282,0.005419197567528269,0.013469774797690204,0.9998945931770126,162,162,128,162,162,125,162,162,221218_074223
0,0,0,0,-0.058534669907278306,-0.20940419890205397,-0.009096366206211792,0.9937755430606175,0.10579407637506767,0.03489675369602482,-0.10551986018762358,0.9943707265256644,-0.009613393511437017,-0.03571735041347583,0.00587125478647678,0.9993446849043993,162,162,154,28,162,162,68,68,221218_074223
0,0,0,0,-0.05153218464755194,-0.21066318954594443,-0.010769888111489268,0.9949980038418885,0.09989297285282517,-0.0006052481158653503,-0.09989480609669522,0.9949802284560828,-0.005947494967035619,8.096955312004473e-06,0.005978206763233923,0.999982130329505,116,74,162,162,115,91,162,162,221218_074223
0,0,0,0,-0.05353562694481519,-0.2136123164596898,-0.010195303426007607,0.9936944758840477,0.1121127480227625,0.0014213825355505181,-0.1121055130160623,0.9936864547044236,-0.004425346128590351,-0.0019085462879580883,0.004238097183514617,0.9999891979333225,162,108,115,162,146,162,162,162,221218_074224
0,0,0,0,-0.05548347357329737,-0.2166947458168771,-0.010973108169742951,0.993068342853627,0.11724962116277085,0.008233635839527614,-0.11708522166370265,0.9929548624086757,-0.01821241573567609,-0.01031102758762811,0.01712213643661967,0.9998002376244631,162,162,156,64,162,162,18,18,221218_074224
0,0,0,0,-0.05378998651914335,-0.22183099072095447,-0.01104981996340526,0.9937616657278292,0.11147099036593702,-0.0034597740803813865,-0.11149986703727097,0.9937166793436428,-0.00974375928031951,0.0023518887135714106,0.010068738802802062,0.9999465431303812,116,100,162,152,18,18,90,90,221218_074224
0,0,0,0,-0.05402180091868859,-0.22619344934711672,-0.008362840397415527,0.9948281333286915,0.1001731224466558,-0.016802698504660034,-0.10045620188719566,0.9947971802927111,-0.016944662406489185,0.015017877351681955,0.01854496214496617,0.9997152333234157,162,141,118,162,146,162,162,162,221218_074224
0,0,0,0,-0.06449158768404135,-0.22398503438577766,-0.009901060727173783,0.9907875950742006,0.12805235093807585,0.04407421997396974,-0.1282317942175991,0.9917434281846236,0.0012568231158627795,-0.04354937885684835,-0.006896961058403265,0.9990274688562578,162,154,138,18,153,162,18,18,221218_074224
0,0,0,0,-0.05645568225770593,-0.22699492242212338,-0.012632804108662354,0.9910998056171122,0.1330753665710607,-0.0034816831706359496,-0.1330731127372598,0.9911058399084589,0.0008722188740641374,0.003566787369524688,-0.000401137539459545,0.9999935585375213,60,95,162,162,112,104,162,162,221218_074224
0,0,0,0,-0.05352827627065229,-0.2278034426605705,-0.010913746163485338,0.9911781394494026,0.13086524623668133,-0.02098054348753445,-0.13110899620382954,0.9913103115152279,-0.010690996118493746,0.019399149260824564,0.013347419638050551,0.9997227212567301,162,133,143,162,146,162,162,162,221218_074224
0,0,0,0,-0.06711976269474874,-0.22901032461532,-0.010675807286767425,0.9911782613160814,0.12478196342438712,0.04466672025551205,-0.12351999148662726,0.9918888426308448,-0.029988924081838075,-0.048046498286272145,0.024207136724479404,0.9985517255175266,134,146,138,43,146,162,59,59,221218_074225
0,0,0,0,-0.058209851895492826,-0.23306208307226728,-0.010880068551696875,0.9887902090418113,0.14881286695888732,-0.012192339009679715,-0.1489516911351506,0.9887787815304475,-0.0113980218959928,0.010359353793994525,0.013086321967586577,0.9998607062817957,100,100,74,162,86,104,58,58,221218_074225
0,0,0,0,-0.05973411181961996,-0.22750011788395508,-0.012829684802755592,0.9901175811152065,0.14023620287220853,-0.0009914487164891432,-0.14023058483188558,0.9899477946085947,-0.018405081561524005,-0.0015995762813854363,0.018362226269268245,0.9998301205715681,162,137,117,162,146,86,162,162,221218_074225
0,0,0,0,-0.06392988138631824,-0.23180910935945498,-0.009849025499682973,0.9870382702433876,0.15814082955409364,0.027330040301541098,-0.15825898368489688,0.9873951819538653,0.002201984858193061,-0.02663732640420635,-0.006498667727722437,0.9996240394067163,162,162,152,55,140,162,18,18,221218_074225
0,0,0,0,-0.0598921907999963,-0.23042699067383898,-0.01193865209677264,0.9902078699100444,0.13952600465051637,-0.0045681937870940496,-0.13947968629061633,0.9901817892376336,0.009243450353053623,0.0058130439946360935,-0.008515767048377846,0.9999468437027511,50,106,162,162,141,98,153,153,221218_074225
0,0,0,0,-0.05933455699959525,-0.23357022596571908,-0.01181853735837779,0.9895921663032328,0.1435016587927439,-0.0107059943492308,-0.14353067545078665,0.989643869653347,-0.0019890857673159367,0.01030968456916887,0.0035050222937584494,0.9999407108538009,162,105,148,162,161,119,162,162,221218_074225
0,0,0,0,-0.06916376051621399,-0.23342944363057117,-0.01100399619360054,0.989932659126201,0.13271481606349841,0.04919459312323842,-0.13148819574830417,0.9909390509462658,-0.027398023442733087,-0.05238496706293519,0.020653689911119395,0.9984133614484886,162,138,120,64,141,162,50,50,221218_074225
0,0,0,0,-0.059140702629635014,-0.23612050006258412,-0.013361140712429664,0.9892642148798335,0.14397023928808989,-0.02507754687996264,-0.14401652138164225,0.9895752826221532,-3.990508518869798e-05,0.024810375396546007,0.003651057739205887,0.9996855080724474,94,109,162,147,91,112,18,18,221218_074225
0,0,0,0,-0.0644515511621412,-0.24332651768199898,-0.011761800218352159,0.9909180936279804,0.1340287089052492,0.010846055037702891,-0.13398145700437444,0.9909713503023513,-0.004975144110372861,-0.011414941947896834,0.0034767900606738323,0.9999288029810923,162,103,162,162,158,107,154,154,221218_074226
0,0,0,0,-0.06841320052792539,-0.24728234481857447,-0.010033082506890001,0.9921078017681229,0.11918639240703373,0.03894500655821182,-0.11946976416212539,0.9928251306719286,0.005023480597464434,-0.03806685069543718,-0.009636585041577727,0.9992287281232798,150,152,112,70,162,114,73,73,221218_074226
0,0,0,0,-0.06322979110276715,-0.24382996608247431,-0.012427089362636368,0.9926933414362774,0.11968807344217267,0.015319756648862485,-0.11970069183835642,0.9928100198691623,-9.391917939958093e-05,-0.015220848908589348,-0.0017405525256413321,0.9998826412311634,49,105,162,154,93,102,162,162,221218_074226
0,0,0,0,-0.059728790028346995,-0.2433122870096649,-0.011320231059443131,0.9943253788759092,0.1031496546242626,-0.026022868292629137,-0.10367849354234135,0.9944125400339421,-0.019861273877388175,0.02382878301699173,0.02244658045532182,0.9994640264290614,162,96,147,162,146,86,162,162,221218_074226
