0,0,0,0,0,0,0,1,0,0,0,1,0,0,0,1,162,162,72,91,162,162,91,91,221218_044904
0,0,0,0,0.0005518268568489582,-7.717124254566499e-05,-0.0003652513296850124,0.9999999695689056,-3.846656945127675e-06,-0.0002466726412905737,3.852685848044344e-06,0.9999999996939112,2.4440432702083656e-05,0.00024667254720104004,-2.4441382310480974e-05,0.9999999692776361,162,162,162,85,162,162,85,85,221218_044904
0,0,0,0,0.0004184065641420487,-4.65403634744288e-05,-0.0002931592115633652,0.9999998055899031,-0.00011537375663872443,0.0006127879352387536,0.00011583374607594965,0.9999997115401245,-0.000750667843757141,-0.0006127011511048788,0.0007507386793420921,0.9999995304942572,18,138,162,142,18,138,142,142,221218_044905
0,0,0,0,0.00028985213442911384,-3.058388861393313e-05,-0.0001811853514432915,0.9999996128904357,-0.00016829024003338017,-0.0008636535036071017,0.00016827094672896436,0.9999999855912998,-2.2411787858340036e-05,0.0008636572628481935,2.226645138999668e-05,0.999999626800099,137,80,162,138,137,80,138,138,221218_044905
0,0,0,0,0.00011426996026053793,8.371819507635436e-07,-8.103995378938578e-05,0.9999999424576916,0.0003315062614705735,7.202925648138666e-05,-0.0003314820485028588,0.9999998886430915,-0.0003359069155046872,-7.214060370606856e-05,0.0003358830197708239,0.9999999409891633,162,97,122,162,162,97,162,162,221218_044905
0,0,0,0,0.0005859006948302214,-8.69559663199404e-05,-0.00039898011893968466,0.9999999888785075,8.419588625632464e-05,0.00012310174241091679,-8.406373134236748e-05,0.9999994206372391,-0.001073153519217523,-0.00012319202620177358,0.001073143158890559,0.9999994165935725,162,90,95,87,162,90,87,87,221218_044905
0,0,0,0,0.0005643016754467434,-5.952645945425661e-05,-0.00039578408335860793,0.999999548790742,0.00032584920099303484,0.0008923231540178734,-0.00032554096782424835,0.9999998873087173,-0.0003455511980177562,-0.0008924356510424732,0.00034526055435903444,0.9999995421767742,162,162,162,84,162,162,84,84,221218_044905
0,0,0,0,0.0004061486147891591,-4.024466753943523e-05,-0.00029018854177598197,0.9999999379670466,0.0002844648381472479,0.00020771533270724847,-0.00028441937515134635,0.9999999356011227,-0.0002188683864364017,-0.0002077775796908297,0.0002188092945939332,0.9999999544754841,45,134,162,162,45,134,162,162,221218_044905
0,0,0,0,0.00038359612285965294,-3.341631697872938e-05,-0.00025107484217790077,0.99999962617399,0.000735341093811724,-0.0004548904889309646,-0.0007350292337881597,0.9999994950071595,0.0006853593594808142,0.0004553942321156323,-0.0006850247454678273,0.9999996616785385,138,118,162,162,138,118,162,162,221218_044905
0,0,0,0,0.0003798828618110095,-3.7077966486498415e-05,-0.0002625863681492424,0.9999995816642975,0.0008524846027498907,0.0003315738735446723,-0.0008525455962731055,0.9999996196818363,0.00018385371684529313,-0.0003314170149785007,-0.00018413632177826397,0.9999999281282861,162,139,126,162,162,139,162,162,221218_044905
0,0,0,0,0.00020520142472779668,-3.4016989578472545e-05,-0.00017023799742454937,0.9999985292524443,0.0011644652906570739,0.0012591717658378824,-0.0011654975203787227,0.999998985143326,0.0008193459881377794,-0.0012582163879947786,-0.0008208123446577436,0.9999988715786713,133,133,121,82,133,133,82,82,221218_044906
0,0,0,0,0.0005300240313969029,-5.717663990925659e-05,-0.0003774049013401948,0.9999997689258432,0.0004666956055035824,0.0004943111097941138,-0.0004664359175166003,0.9999997532285281,-0.000525338385036053,-0.0004945561609278324,0.0005251076991876353,0.9999997398380203,162,162,162,83,162,162,83,83,221218_044906
0,0,0,0,-0.0001841885487652295,5.134181916013891e-05,0.00011880188406665493,0.9999999164776906,0.00028856488695267065,0.0002894389737808921,-0.00028892439107365753,0.9999991859845386,0.0012428004496917349,-0.00028908010960177025,-0.0012428839718696377,0.99999918583573,84,126,130,162,84,126,162,162,221218_044906
0,0,0,0,0.00037477918393369336,-2.2212562232781785e-05,-0.0002646934535469603,0.999999446422606,0.0009972222990662324,0.00033571143737200367,-0.0009973655393155244,0.9999994115602218,0.00042678002700223376,-0.0003352856452662284,-0.00042711461776501056,0.9999998525783088,141,67,162,162,141,67,162,162,221218_044906
0,0,0,0,0.0005774146337446107,-5.6107346612738196e-05,-0.0004083225081462638,0.9999991872453065,0.0011837406234002997,0.0004735682251089026,-0.001183690581355739,0.9999992938267815,-0.00010593651655432598,-0.00047369329204592083,0.00010537587220650191,0.9999998822552884,162,138,130,162,162,138,162,162,221218_044906
0,0,0,0,0.0005455865497427936,-5.3826987423455375e-05,-0.0003668371555267669,0.9999997464794005,0.0006483312791272407,-0.0002944616929241576,-0.0006481937268527705,0.99999968088408,0.00046698675732239915,0.0002947643610785142,-0.00046679577070944303,0.9999998476078283,162,162,18,82,162,162,82,82,221218_044906
0,0,0,0,0.0007650159870403739,-0.0001003365073807827,-0.0005522868788385704,0.9999997594618937,0.000538291588101769,0.00043739949953930515,-0.0005380845511024723,0.9999997432184317,-0.0004733160539128793,-0.0004376541692734851,0.000473080582148942,0.999999792326774,84,162,162,82,84,162,82,82,221218_044906
0,0,0,0,0.0004354318599518736,-4.0045729392590435e-05,-0.0002751101273861245,0.9999998462868307,9.74956357172186e-05,-0.000545821323261608,-9.728449543202711e-05,0.9999999204438772,0.0003868435936696507,0.0005458589954003548,-0.0003867904342545263,0.9999997762155335,81,123,162,126,81,123,126,126,221218_044907
0,0,0,0,0.0006567207613281667,-7.083687500838987e-05,-0.0004620890990142401,0.9999996391410271,0.0006012162115726351,0.0006002140314535134,-0.0006012061782924441,0.999999819132804,-1.689645531229919e-05,-0.0006002240813171628,1.6535596831388412e-05,0.9999998197287969,138,122,162,162,138,122,162,162,221218_044907
0,0,0,0,0.0005657805969072616,-5.471278341992458e-05,-0.00040965300292084006,0.9999997627904522,0.000179712563944986,0.0006649228787704511,-0.00017963128355391302,0.9999999763878971,-0.00012229802834417907,-0.0006649448415623952,0.00012217855838365327,0.9999997714603528,154,162,83,162,154,162,162,162,221218_044907
0,0,0,0,5.7452504817256944e-05,5.2192943684942206e-05,-2.4928883036845484e-05,0.9999997384093774,-0.0004006012417932355,-0.0006022456505182229,0.00040078118716522257,0.9999998750764675,0.0002986996660416878,0.0006021259158263682,-0.00029894095663171783,0.9999997740393175,162,162,18,18,162,162,18,18,221218_044907
0,0,0,0,0.0003741631954515823,-1.0108551042775638e-05,-0.00026365851148246744,0.9999998105229954,0.0005665365781424105,0.0002408117119464807,-0.0005663577723019908,0.9999995643864243,-0.0007419338480895017,-0.00024123193970909443,0.0007417973219257859,0.999999695771896,162,162,162,98,162,162,98,98,221218_044907
0,0,0,0,0.0009308636353353439,-0.000109465031080197,-0.0006890042811972252,0.9999994430903595,-0.0006624909902164309,0.0008215379841142802,0.0006635869929966155,0.999998889337223,-0.0013345323612271652,-0.0008206529559971434,0.001335076779933945,0.9999987720486049,66,124,162,150,66,124,150,150,221218_044907
0,0,0,0,0.00022633114521564135,1.5244104445866213e-05,-0.00016995668779684614,0.9999995815117216,0.0008645978915362897,0.00029907669309785196,-0.0008646447692546797,0.9999996139253873,0.00015664769399879048,-0.0002989411403659744,-0.00015690622354195058,0.9999999430073142,141,85,162,162,141,85,162,162,221218_044907
0,0,0,0,0.0002947022227486329,-1.0384125635587438e-05,-0.00020477211591796163,0.9999996147772144,0.0006401053567936786,0.0006005918383447591,-0.0006404635664080584,0.9999996170417065,0.0005964250675876679,-0.0006002098334624186,-0.000596809495021734,0.9999996417832271,154,162,86,162,154,162,162,162,221218_044908
0,0,0,0,-0.0004970170384960282,0.0001306888465726075,0.0003384326510185165,0.999999860879731,0.000523374194822319,-6.572649478133454e-05,-0.0005232005987804944,0.999996446625194,0.002614000405346344,6.709436158788075e-05,-0.0026139656535440446,0.9999965813351107,162,162,109,93,162,162,93,93,221218_044908
0,0,0,0,0.000436364232974662,-4.542203404483969e-05,-0.00032015189416889633,0.9999985153468874,0.0016999078263198197,0.0002821655614816865,-0.001699864278599673,0.999998543294212,-0.00015450206706793055,-0.0002824277897223768,0.00015402219452780597,0.999999948255852,162,162,162,97,162,162,97,97,221218_044908
0,0,0,0,0.0001128275201530693,2.5761215697805984e-05,-0.00010306216679023539,0.9999973152371289,0.002174275742642869,0.0008012761890286026,-0.0021754714828930983,0.9999965169551407,0.001494456895986712,-0.0007980240367703555,-0.001496196037222855,0.9999985622764939,18,130,162,139,18,130,139,139,221218_044908
0,0,0,0,0.00046042390140732525,-1.064226732086504e-05,-0.00033131584693968374,0.9999995775427851,0.00076166571132729,0.0005145673876391316,-0.0007615694974003629,0.9999996924932869,-0.00018715029738030112,-0.0005147097753705738,0.00018675833949004337,0.9999998500975739,146,82,162,162,146,82,162,162,221218_044908
0,0,0,0,0.0006359842759139367,-4.61028403596353e-05,-0.00046112377845186625,0.9999997686161228,-0.00022759967027781552,0.0006410663706531113,0.00022840301628236097,0.9999991884778275,-0.0012533458220244883,-0.0006407805893175415,0.0012534919535129693,0.9999990090785884,154,162,97,157,154,162,157,157,221218_044908
0,0,0,0,-5.722787447881572e-05,8.129525454420028e-05,5.7039610354303605e-05,0.9999994173818715,0.0005309936282130867,-0.0009398306685854238,-0.000529947087909003,0.9999992397030961,0.0011134403058788635,0.0009404211837429699,-0.0011129415966424096,0.9999989384839364,162,162,111,95,162,162,95,95,221218_044908
0,0,0,0,0.00025191467102347875,1.9220109944845243e-05,-0.0001673342872230421,0.9999993380313275,0.0009983584523118216,-0.0005720291154047661,-0.0009977686341723928,0.9999989713071369,0.0010304573842280752,0.0005730572928017761,-0.001029885949388185,0.9999993054698941,162,162,162,94,162,162,94,94,221218_044908
0,0,0,0,0.00017942156488093275,2.1429359090052724e-05,-0.0001293795771061257,0.9999994963025549,0.0009619288450639875,0.00028650922287871104,-0.0009619905456598546,0.9999995141114358,0.00021529301605376734,-0.00028630198710483617,-0.00021556852677480937,0.9999999357806892,46,124,162,162,46,124,162,162,221218_044909
0,0,0,0,6.262711890359096e-05,1.0938112949443468e-05,-5.963509896189656e-05,0.9999993774688678,0.0009442698410811475,0.0005944883052326248,-0.0009449450312529766,0.999998907727779,0.0011364955512209525,-0.0005934144974158282,-0.0011370566024873272,0.9999991774804202,146,82,133,146,146,82,146,146,221218_044909
0,0,0,0,0.0003707453956882656,-3.204254443489596e-05,-0.0002639842598497477,0.9999999079868188,0.0003746007614286165,0.00020904694344752906,-0.00037449924649698676,0.9999998120509178,-0.0004854363431677633,-0.00020922874898115246,0.0004853580105788146,0.9999998603254563,162,154,94,156,162,154,156,156,221218_044909
0,0,0,0,0.0004258657869653515,-2.4672836146072408e-05,-0.0002798525974120336,0.9999997809393011,0.00022847617588768666,-0.0006212245871819917,-0.00022784703712692598,0.9999994613411951,0.0010126218679838346,0.000621455612525826,-0.0010124801019765607,0.9999992943382334,104,106,106,82,104,106,82,82,221218_044909
0,0,0,0,0.0006095387028453025,-6.601752111556891e-05,-0.0004313863898882664,0.9999999783993534,0.00012613001436478244,0.0001652044586827529,-0.00012596177586977382,0.9999994739248721,-0.0010179801618354113,-0.0001653327696252402,0.0010179593303997192,0.9999994682117971,162,162,162,94,162,162,94,94,221218_044909
0,0,0,0,1.3935549039389983e-05,1.919229943850298e-05,-3.47091381047715e-05,0.9999991461966339,0.001074637679061612,0.000743478219577735,-0.001075503613189104,0.9999987426959491,0.0011652890199120754,-0.0007422250213117693,-0.0011660876384958767,0.9999990446703623,83,117,162,162,83,117,162,162,221218_044909
0,0,0,0,0.0002131322123848367,2.2899388049363312e-05,-0.00014768468830239634,0.9999992276278182,0.0011339497365212066,0.0005088239020284436,-0.0011339225242986547,0.9999993556642602,-5.376592437815127e-05,-0.0005088845420309411,5.318891596736776e-05,0.9999998691037225,146,78,162,162,146,78,162,162,221218_044909
0,0,0,0,0.00028264599026806003,-2.86266405667146e-05,-0.00021494552748169138,0.9999996272744776,0.00025357131676983537,0.000825319631515921,-0.0002542365960411799,0.9999996427979237,0.0008060817438303374,-0.0008251149375007955,-0.0008062912698366628,0.9999993345396425,162,156,97,154,162,156,154,154,221218_044909
0,0,0,0,0.00039025529964065164,-2.2511600569513623e-05,-0.00028518417244571825,0.9999998352214542,0.0002445455639229771,0.0005193789874562974,-0.0002443257667547076,0.9999998805975963,-0.0004232135553071063,-0.000519482420438666,0.0004230865879011904,0.9999997755678518,162,162,98,18,162,162,18,18,221218_044910
0,0,0,0,0.000507872935738729,-4.2218705307212057e-05,-0.00035411998515433307,0.999999667444794,-4.2362159127857564e-05,0.000814441987155027,4.271229501881277e-05,0.9999999066823898,-0.000429896351597326,-0.0008144236998156513,0.0004299309953193177,0.9999995759365984,162,162,162,93,162,162,93,93,221218_044910
0,0,0,0,0.0006753835916784023,-7.711097690937807e-05,-0.0004507351330442777,0.999999991147332,-7.152819007664802e-05,-0.00011220096101277214,7.149109507925955e-05,0.9999999428025114,-0.00033058130382766787,0.0001122246004775806,0.0003305732795316224,0.9999999390634712,46,122,162,155,46,122,155,155,221218_044910
0,0,0,0,0.000623423071642426,-6.676715274894773e-05,-0.00043623900767719714,0.9999998838693178,0.00024007423716207685,0.0004178824154138962,-0.00023990815555899504,0.9999998922423698,-0.0003974409712211436,-0.0004179777857219357,0.00039734067166693934,0.9999998337074668,146,94,157,146,146,94,146,146,221218_044910
0,0,0,0,0.0006336716634081085,-6.688723523237683e-05,-0.0004465356543391641,0.999999813461998,0.000172927236195613,0.0005858089633627427,-0.0001729447346880075,0.9999999846004399,2.9820123452506426e-05,-0.0005858037976300584,-2.9921430465905e-05,0.9999998279692947,162,108,86,154,162,108,154,154,221218_044910
0,0,0,0,0.0001778614611388507,1.0784513250955419e-05,-0.0001247675173864371,0.9999999888680028,5.971620092671532e-05,0.00013674052462962858,-5.955065631226419e-05,0.9999992657748271,-0.0012103319901926406,-0.00013681270065949526,0.0012103238337316056,0.9999992581989761,161,162,110,86,161,162,86,86,221218_044910
0,0,0,0,0.0001915270011676462,9.156734133902722e-06,-0.00013343600682003132,0.9999998061243665,0.0004032753636642298,0.00047446834629878107,-0.0004032532208314764,0.9999999176000068,-4.6763463202155356e-05,-0.0004744871657551436,4.657212324668739e-05,0.9999998863464771,162,162,162,162,162,162,162,162,221218_044910
0,0,0,0,0.00016502907216597862,1.2153367397543802e-05,-0.00011628851647527139,0.9999999878381824,0.0001515523295527474,3.681748604023174e-05,-0.00015153160353183735,0.9999998304331198,-0.000562291654685664,-3.69026964072739e-05,0.0005622860688343472,0.9999998412362713,63,116,162,153,63,116,153,153,221218_044911
0,0,0,0,0.0003564961633628627,-7.73931411615636e-06,-0.00022992042268121793,0.999999558879338,0.0008567731634554415,-0.0003849426930212799,-0.0008565436099999365,0.9999994554980881,0.0005961011425780133,0.0003854532068810807,-0.0005957711594215966,0.9999997482412438,151,81,155,162,151,81,162,162,221218_044911
0,0,0,0,0.0002917318566318938,-1.04348721645664e-05,-0.00020322095296931852,0.9999997553972064,0.0005717146044337654,0.0004029242355434119,-0.0005718521608135109,0.9999997782282919,0.00034136267243810764,-0.0004027289841609577,-0.00034159300203456713,0.9999998605617835,162,128,78,154,162,128,154,154,221218_044911
0,0,0,0,0.00046562821368512086,-4.241434586391146e-05,-0.000307066062175676,0.9999997158147853,0.000692952063662783,-0.00029696428573416103,-0.0006927334155600513,0.9999994893968628,0.0007357488891462275,0.00029747397281414866,-0.0007355429629729099,0.9999996852428429,162,162,110,58,162,162,58,58,221218_044911
0,0,0,0,0.0003411579274393839,-2.0356744187904896e-05,-0.00025682179131891747,0.9999993945025751,0.0010993654260729952,-4.888910421298954e-05,-0.0010993415995010386,0.9999992782350329,0.00048474473846351284,4.942198053238295e-05,-0.00048469069912557245,0.9999998813161899,162,162,162,162,162,162,162,162,221218_044911
0,0,0,0,8.55410318419958e-05,3.1775785406779056e-05,-6.765369893613205e-05,0.999999787529769,0.0006339333753849565,-0.00015188447268891096,-0.0006339619816330751,0.9999997813048096,-0.00018836809268299738,0.00015176502665176212,0.00018846434164192995,0.9999999707242839,18,122,162,162,18,122,162,162,221218_044911
0,0,0,0,0.00043549092688766056,-1.6637239221156674e-05,-0.0003278862987047271,0.9999993664462283,0.0010051893107629042,0.0005066572727954827,-0.001005201758908205,0.9999994944889716,2.4315116940684566e-05,-0.0005066325753789603,-2.482439431720995e-05,0.9999998713535833,153,80,155,162,153,80,162,162,221218_044911
0,0,0,0,0.0007034800740248759,-5.6721503848500276e-05,-0.0005027613905219663,0.9999993371646745,0.0009745542583165489,0.0006131184306236028,-0.0009744776045777245,0.9999995173454044,-0.00012530904267103626,-0.0006132402551602747,0.00012471148943232467,0.9999998041916978,162,130,70,154,162,130,154,154,221218_044911
0,0,0,0,0.00020160424202819716,6.25334200438088e-06,-0.00016214052020568914,0.9999999505160877,0.00031327883635336016,2.87087818950243e-05,-0.00031328410711687417,0.9999999340401017,0.00018377393743872778,-2.86512075160905e-05,-0.000183782922349418,0.9999999827014726,162,114,114,82,162,114,82,82,221218_044912
0,0,0,0,0.0005694646297320638,-5.704402591921731e-05,-0.0003887420574929523,0.9999999429153095,0.0002411056137945636,-0.0002367223320904926,-0.00024104630511787513,0.9999999395637731,0.00025053768059409546,0.00023678272382525147,-0.0002504806052485459,0.9999999405967023,162,162,162,162,162,162,162,162,221218_044912
0,0,0,0,-2.439404038712123e-05,2.3914238911348917e-05,-3.6229747135685386e-06,0.9999994361171695,0.000979995934760574,0.000409112835489373,-0.0009800051195257393,0.9999995195473238,2.2250584042278948e-05,-0.00040909083344804384,-2.2651504169185503e-05,0.9999999160657963,95,111,162,162,95,111,162,162,221218_044912
0,0,0,0,0.0003583917540904702,-1.628664833150384e-05,-0.00025969831821326395,0.9999996656534446,0.00042380914431137923,0.000699341697097952,-0.0004236247527548951,0.9999998754780399,-0.00026379153471417803,-0.0006994534072789835,0.0002634951880628887,0.9999997206675694,156,87,122,162,156,87,162,162,221218_044912
0,0,0,0,0.0003935731978422785,-9.688343937774846e-06,-0.00028611088574004295,0.9999997115364669,0.0006916344702245425,0.00031395659411805835,-0.0006915579027147001,0.9999997311247371,-0.00024392236649025257,-0.0003141252148197217,0.00024370517696405757,0.999999920966565,162,133,52,154,162,133,154,154,221218_044912
0,0,0,0,0.00042965927291682693,-1.2320456310499495e-05,-0.0003186445715277486,0.9999997069870173,0.0006232139632011413,0.0004445562243310725,-0.0006233496897943856,0.9999997591333941,0.0003052348570376814,-0.0004443658906274393,-0.00030551188158418213,0.9999998546007122,162,114,117,80,162,114,80,80,221218_044912
0,0,0,0,0.00012434379993297995,3.120834677519668e-05,-9.616024461600592e-05,0.999999980561956,-0.00019272140076189687,4.164793740371842e-05,0.00019274265997721695,0.9999998508386296,-0.0005110508651399069,-4.154944075284772e-05,0.0005110588825401828,0.9999998685462226,162,162,162,162,162,162,162,162,221218_044912
0,0,0,0,4.7315182770124586e-05,2.007082830551843e-05,-6.323603586455562e-05,0.9999995290746891,0.0006360162213861456,0.0007330305362978225,-0.0006368262708245717,0.9999991863087758,0.001105366042154622,-0.0007323269091040097,-0.0011058323347121505,0.999999120415686,54,114,162,162,54,114,162,162,221218_044913
0,0,0,0,-9.965023747260382e-05,6.569075337312102e-05,3.8078213270842376e-05,0.9999988939670345,0.0012493683321483744,0.00080693461938727,-0.0012504686038225048,0.9999982872898098,0.0013644580309694091,-0.0008052285266875998,-0.0013654655682405234,0.9999987435546115,156,86,162,162,156,86,162,162,221218_044913
0,0,0,0,0.0002711084757521798,-1.5325119750719818e-06,-0.0002117916890511662,0.9999998086484598,0.00046610674561721097,0.00040675243847872113,-0.0004660535174782538,0.9999998828235943,-0.00013094623863101128,-0.0004068134257420439,0.00013075664516943233,0.9999999087027642,162,154,58,152,162,154,152,152,221218_044913
0,0,0,0,0.0004407271813212654,-2.4740593140920586e-05,-0.00032038448930671315,0.9999997449885787,0.0006269359517632699,0.0003420147525478009,-0.0006269305372240373,0.9999998033520171,-1.5938281295303876e-05,-0.0003420246775727342,1.572385773819623e-05,0.9999999413859384,156,162,118,62,156,162,62,62,221218_044913
0,0,0,0,2.9965268542153645e-05,3.800258112809929e-05,-3.181651119077422e-05,0.9999997534099965,0.0007018203764091771,-2.5062054902507357e-05,-0.0007018078334974144,0.9999996302162756,0.0004970242215001618,2.54108673611845e-05,-0.0004970065101922391,0.9999998761694007,162,162,162,162,162,162,162,162,221218_044913
0,0,0,0,0.0004223785370182087,-2.4671671443377008e-05,-0.00030599298528766194,0.999999076579793,0.001321917472141851,0.00031523603616356584,-0.0013221389625132584,0.9999988785545972,0.0007034473052923981,-0.000314305783360042,-0.0007038634415605747,0.9999997028940211,18,114,162,158,18,114,158,158,221218_044913
0,0,0,0,0.00036578946482301866,-5.7494318583539705e-06,-0.00026613817866782963,0.9999996614330691,0.0006321517867244327,0.0005267996457084306,-0.0006319721924265229,0.9999997421607756,-0.00034101250840576385,-0.0005270150815451839,0.0003406794702230036,0.9999998030962819,156,86,162,154,156,86,154,154,221218_044913
0,0,0,0,7.431958429859886e-05,3.640739903190693e-05,-6.80027236195091e-05,0.9999985998314894,0.0013531792574744345,0.0009845003600021539,-0.0013546369790062981,0.999997985034897,0.0014815143606824884,-0.0009824936217656434,-0.0014828459269059845,0.9999984179358685,162,162,103,151,162,162,151,151,221218_044913
0,0,0,0,7.630533638058878e-06,4.06746990847251e-05,-1.8780752875313667e-05,0.9999992661052161,0.001199690107214566,0.00016891618442933757,-0.0011997739356747854,0.9999991567420985,0.0004970488877567155,-0.00016831973735592835,-0.0004972511842108954,0.9999998622048535,162,122,118,73,162,122,73,73,221218_044914
0,0,0,0,0.0005284329886601213,-3.191409490441166e-05,-0.0003934503088444119,0.999999066167219,0.001203097942146658,0.0006482438065549872,-0.001203428299664631,0.9999991460997457,0.0005094704187664434,-0.000647630310206869,-0.0005102500579484222,0.9999996601098722,162,162,162,162,162,162,162,162,221218_044914
0,0,0,0,0.0007284996657643816,-7.39593090426649e-05,-0.0005325310544423978,0.9999998129286564,0.00034353208296770434,0.0005060912579063434,-0.00034325831221832464,0.9999997947793834,-0.0005409389275057274,-0.0005062769839225026,0.0005407651062804851,0.9999997256283201,86,104,162,162,86,104,162,162,221218_044914
0,0,0,0,1.1019235941378547e-05,4.622069498608217e-05,2.5519529252004958e-06,0.9999997546368741,0.0002426653062052431,-0.0006571451453038263,-0.0002420964211807021,0.9999995960345017,0.0008656328071029311,0.0006573549388901971,-0.0008654735022205144,0.9999994094198763,158,86,162,154,158,86,154,154,221218_044914
0,0,0,0,0.00013513660579911324,2.8978037678067947e-05,-0.00011420409077111948,0.9999996367869985,0.0008442446960690934,0.00011694770407007666,-0.0008441997944702287,0.9999995701406734,-0.00038346469875556293,-0.00011727139183698972,0.00038336583224881586,0.9999999196390266,146,162,88,145,146,162,145,145,221218_044914
0,0,0,0,0.0004702614098224256,-1.575101058470807e-05,-0.0003469639329460872,0.9999992712878493,0.0009984819379549102,0.0006785702547615319,-0.0009979573925967314,0.9999992033414006,-0.0007729150059069828,-0.0006793414558455745,0.0007722372584724863,0.9999994710722616,162,162,121,80,162,162,80,80,221218_044914
0,0,0,0,0.00021059156722913475,2.589600380631385e-06,-0.0001508741419676829,0.9999998403686144,0.00038496596441535186,0.0004135987827252405,-0.0003849007357430771,0.9999999134787535,-0.00015777804131183966,-0.00041365948611591063,0.00015761882164983386,0.9999999020210636,162,162,162,162,162,162,162,162,221218_044914
0,0,0,0,-0.00013330707019398869,6.613480877060152e-05,5.129822686766872e-05,0.9999982305715851,0.0016485146502468134,0.0009062301848668461,-0.001650574440642612,0.9999960456747748,0.002276892362360764,-0.0009024731109215444,-0.0022783841339430438,0.999996997249503,97,105,162,158,97,105,158,158,221218_044915
0,0,0,0,0.00032233432091488545,1.286726118657211e-05,-0.0002414494751060703,0.9999984397510434,0.0017307210901239827,0.00035369476624346505,-0.0017309915966431005,0.9999982085061415,0.0007659325035166073,-0.0003523685170640792,-0.0007665435511392618,0.9999996441236428,162,90,77,154,162,90,154,154,221218_044915
0,0,0,0,-0.00022953154626903505,0.00010205549071812259,0.00017596869096458967,0.9999990495315892,0.001065133622704759,-0.0008754577575580618,-0.001064194028627707,0.9999988580521219,0.0010730263378742908,0.0008765996742615439,-0.0010720936610784423,0.9999990410936367,146,94,85,143,146,94,143,143,221218_044915
0,0,0,0,0.00045690167974943297,-1.7346983057997534e-05,-0.00034346625835213196,0.9999994916812233,0.0009222339173931894,0.00040758054111419506,-0.0009224067835007828,0.9999994846339981,0.0004241432110507914,-0.0004071891718059068,-0.00042451895050663415,0.9999998269903044,162,122,121,81,162,122,81,81,221218_044915
0,0,0,0,0.00023368325883321717,1.6096233181495112e-05,-0.00019777710398571902,0.9999999691528622,6.4298037605652e-05,0.00023991673197617914,-6.417868744428072e-05,0.9999998742175258,-0.0004974394726689451,-0.00023994868618081822,0.0004974240597836656,0.9999998474969547,162,162,162,103,162,162,103,103,221218_044915
0,0,0,0,0.0004806903262278839,-4.405334101906244e-05,-0.0003530956732625823,0.9999998235680566,0.00039050545081931604,0.00044762634988468726,-0.00039051001691393103,0.9999999236998204,1.0113327905595512e-05,-0.00044762236642095847,-1.028812869429463e-05,0.9999998997641806,77,103,98,18,77,103,18,18,221218_044915
0,0,0,0,0.00045794172440982717,-8.721939718153715e-06,-0.0003299010994928242,0.9999998185698019,0.0005235389397962409,0.00029793848924208817,-0.0005234198592909363,0.9999997831680395,-0.0003996192265270564,-0.00029814764086559417,0.0003994632071018381,0.9999998757685576,162,92,149,154,162,92,154,154,221218_044915
0,0,0,0,0.0005243965932577588,-4.143621219107607e-05,-0.0004008242913311477,0.9999999173418133,0.0003635771231678953,0.00018201110714767256,-0.0003633418029216674,0.9999991003182231,-0.0012912573244706158,-0.00018248041501891136,0.0012911910854940766,0.999999149762878,162,142,80,146,162,142,146,146,221218_044915
0,0,0,0,0.0003443349623106773,1.0153663555362291e-05,-0.0002563903971833925,0.9999997590631806,-5.7664190505173765e-05,0.0006917719445562763,5.786783532089568e-05,0.9999999550002714,-0.0002943650271752268,-0.0006917549391056323,0.00029440498759698895,0.9999997174003639,162,162,123,78,162,162,78,78,221218_044916
0,0,0,0,0.0006528788940456387,-4.346357848139526e-05,-0.00047679434239844554,0.9999999021416722,-0.00012457940031435522,0.00042449572452177753,0.00012467349443282807,0.9999999676657422,-0.00022164167991885658,-0.00042446809880835137,0.00022169458159516196,0.9999998853391661,162,162,162,106,162,162,106,106,221218_044916
0,0,0,0,0.0004341482824549159,-9.061672644555818e-06,-0.0003165123957277194,0.9999992915464332,0.0009414839322707271,0.0007283643578931674,-0.0009414977968632704,0.9999995566161444,1.8692601213041777e-05,-0.0007283464361644357,-1.9378341408284266e-05,0.9999997345679391,62,106,162,162,62,106,162,162,221218_044916
0,0,0,0,0.0001106490667051041,4.9353872498159035e-05,-0.0001208848128708695,0.9999978353310258,0.0018018521686155894,0.0010405104643431478,-0.0018033240870644356,0.9999973723140679,0.0014154106105559402,-0.0010379573695302993,-0.0014172839242434527,0.9999984569741981,154,102,157,154,154,102,154,154,221218_044916
0,0,0,0,-1.349650860715812e-05,6.041257313646464e-05,-1.1044101527413197e-05,0.9999986441121066,0.0014630025592578366,0.000755908368275339,-0.0014641533246693558,0.9999977667501687,0.0015240569927975546,-0.0007536769808620054,-0.0015251616920976226,0.9999985529253638,162,142,65,142,162,142,142,142,221218_044916
0,0,0,0,0.0003032511787801617,2.1375017303176813e-05,-0.0002327787423702654,0.999999716982503,0.0006806626455601568,0.000320520323530327,-0.0006806511215842506,0.9999997677067769,-3.606166931153444e-05,-0.0003205447949067821,3.58434965877208e-05,0.9999999479831377,162,162,125,73,162,162,73,73,221218_044916
0,0,0,0,0.00013430066322406287,4.210527743372938e-05,-0.00011981636682700803,0.9999995720937296,0.0009136263392626465,0.00014525587984834653,-0.00091369990619451,0.9999994539464664,0.0005072073055350007,-0.0001447924025770545,-0.000507339808781384,0.9999998608207297,162,162,162,110,162,162,110,110,221218_044916
0,0,0,0,-0.00011147531673527666,8.565813962932434e-05,6.084308785425652e-05,0.9999999614071677,-5.43796330202429e-05,0.00027244911358746254,5.4287972645816404e-05,0.9999999419347511,0.0003364272735462933,-0.0002724673925594018,-0.00033641246985232563,0.9999999062940806,89,98,162,157,89,98,157,157,221218_044917
0,0,0,0,0.00021145474298789324,2.912030458604442e-05,-0.00020362265259188383,0.9999986042623504,0.0013675975423215918,0.0009597657603990554,-0.0013684354120472872,0.9999986827308222,0.000872880945054022,-0.000958570746293826,-0.0008741931041950569,0.9999991584639164,154,162,139,162,154,162,162,162,221218_044917
0,0,0,0,0.0006977028721536493,-5.7401148387259404e-05,-0.0005255548183625836,0.9999996730940945,0.00030068817610566116,0.0007505986450368541,-0.0002999118126489459,0.9999994202165997,-0.0010342240424208874,-0.0007509091887931478,0.0010339985909267155,0.9999991834908188,162,136,42,146,162,136,146,146,221218_044917
0,0,0,0,0.00014714136627425045,2.946352122648599e-05,-0.00014700961743385754,0.9999989203803327,0.0014556052612681766,0.00020112556683655607,-0.001455835602743103,0.9999982791329137,0.0011499016955916113,-0.00019945141776807782,-0.0011501932598958497,0.9999993186370664,162,130,130,90,162,130,90,90,221218_044917
0,0,0,0,8.169968106619407e-05,2.0271092434742677e-05,-9.232961237692905e-05,0.9999994400562897,0.000896027379038959,0.000563047106451467,-0.0008961912613157998,0.9999995561154158,0.0002908783152040107,-0.0005627862215890273,-0.00029138275022479464,0.9999997991838607,154,162,162,114,154,162,114,114,221218_044917
0,0,0,0,0.0005546107899927488,-2.492135036516463e-05,-0.0004083723299471709,0.9999995898695142,0.0008012162822083153,0.00042227156322102,-0.0008010234383070778,0.999999574914369,-0.0004566536242396258,-0.0004226372620385026,0.0004563151875325798,0.9999998065770784,89,97,162,157,89,97,157,157,221218_044917
0,0,0,0,0.0003642192936620381,-4.828341123863655e-07,-0.00027918543549498853,0.9999997132250631,0.0004765829943794427,0.0005885732264613379,-0.00047641985829159595,0.9999998480696098,-0.00027728122348856575,-0.0005887052845549667,0.0002770007359981463,0.9999997883483177,154,162,139,162,154,162,162,162,221218_044917
0,0,0,0,0.00015397700420782812,3.831676338952872e-05,-0.00013386455303809885,0.999999939734835,3.829383377614022e-05,0.00034505638571709487,-3.818572954669676e-05,0.9999999501938799,-0.0003132955294014418,-0.0003450683658179704,0.0003132823342908526,0.999999891390995,138,162,49,142,138,162,142,142,221218_044917
