0,0,0,0,0,0,0,1,0,0,0,1,0,0,0,1,180,180,68,92,180,180,92,92,221213_035512
0,0,0,0,0.0001552814004804337,1.5992318521382276e-05,-0.0003558802321268484,0.9999986841934948,-0.0009340436501269162,0.0013263384708472165,0.0009364767636998587,0.9999978778460007,-0.0018350244594302395,-0.0013246216632085191,0.001836264130051897,0.9999974367524619,180,180,180,84,180,180,84,84,221213_035512
0,0,0,0,0.00013509610683953843,1.6072810574665336e-05,-0.0003246838438500932,0.9999993686708961,-0.0010431601912317217,0.0004177015981116399,0.0010443247467933423,0.9999955414992905,-0.00279756454154302,-0.0004147814278266128,0.0027979989914748917,0.9999959995710036,0,150,180,155,0,150,155,155,221213_035513
0,0,0,0,6.901824774147025e-05,2.9980118790573496e-06,-0.0001602595573688692,0.9999996826537204,-0.00047247314781122696,0.000641452713632261,0.00047306276970888377,0.9999994654966323,-0.0009193574204933151,-0.0006410179990791675,0.000919660576136182,0.9999993716599773,149,78,180,150,149,78,150,150,221213_035513
0,0,0,0,0.00011252120812171862,2.0075833964808276e-05,-0.0002953386656653345,0.9999997066399002,-0.0006297809299057781,0.0004360001082148583,0.0006320680367726231,0.9999859371669692,-0.005265544444540341,-0.0004326778373413591,0.0052658184815724636,0.9999860418753894,180,99,131,180,180,99,180,180,221213_035513
0,0,0,0,4.840082451651462e-05,7.794689638398675e-05,-3.8513954854213495e-05,0.9999998761285903,2.899653732127496e-05,0.0004968923473683983,-2.819660515938621e-05,0.9999987038711194,-0.0016098015505907704,-0.0004969383820025739,0.0016097873405050162,0.9999985808174744,180,90,97,87,180,90,87,87,221213_035513
0,0,0,0,-0.0008980579622651641,-0.0005832764135972196,-0.0005886736971573159,0.9999972480909369,0.0007953188972095642,0.0022070972803644494,-0.0007948803332553427,0.9999996641672223,-0.0001995762953067817,-0.0022072552659479724,0.00019782136786913445,0.9999975444424337,180,180,180,83,180,180,83,83,221213_035513
0,0,0,0,-0.0013258807972860165,-0.0005338735600682529,-0.0005188633039310275,0.9999950483003331,0.001573794258903812,0.0027251690673179654,-0.0015647882614414376,0.9999933183714624,-0.0033037327569045457,-0.002730350254396357,0.003299452085245326,0.9999908293596624,34,145,180,180,34,145,180,180,221213_035513
0,0,0,0,-0.0020021993374254032,-0.0002735989562981829,-0.0005772899590387182,0.9999885875424026,0.003970311988219289,0.0026573309292074357,-0.003973372582860087,0.9999914477765428,0.0011474685581716305,-0.002652752394946824,-0.0011580140285930036,0.9999958109453462,150,126,180,180,150,126,180,180,221213_035513
0,0,0,0,-0.0037928909104697484,0.0004583328691239105,-0.0004571279534895112,0.9999376268305565,0.0078012482995869934,0.007992682493589491,-0.007778199393543421,0.9999655128653825,-0.002910789251445288,-0.008015114638570702,0.002848439018169564,0.9999638215118036,180,152,135,180,180,152,180,180,221213_035514
0,0,0,0,-0.006936340720556988,0.0013446275536746037,-0.00033261430391773317,0.999906941957944,0.013305554369877067,0.003011585499850517,-0.01330890047159228,0.9999108344363333,0.0010937756044892312,-0.0029967636793579115,-0.0011337547115520675,0.9999948669906782,144,144,129,80,144,144,80,80,221213_035514
0,0,0,0,-0.0071857107383844765,0.0013568729488641872,-0.00021209338383609833,0.9999119859687761,0.013223760901410678,0.001073528574875718,-0.013222821389654077,0.9999121895570877,-0.0008775931000901035,-0.0010850393891803892,0.000863320782981541,0.9999990386829127,180,180,180,82,180,180,82,82,221213_035514
0,0,0,0,-0.007787442158067925,0.0018383410830565654,-0.0001755069933524478,0.9998963727270721,0.01438852946006953,-0.0004626307612408397,-0.014390534473296407,0.9998855439460522,-0.004670281070901331,0.0003953793335739988,0.004676454606328373,0.9999889871631075,83,135,140,180,83,135,180,180,221213_035514
0,0,0,0,-0.007755468470375282,0.001820558284156705,-0.00028009372892257023,0.9998651120321395,0.01639201742109905,0.0010293229926983823,-0.016394871938031474,0.9998615932826069,0.0028288606366768726,-0.0009828097946435249,-0.002845354676062389,0.9999954690105726,154,62,180,180,154,62,180,180,221213_035514
0,0,0,0,-0.00801749092315912,0.0018778985136430996,-0.00024830836482003793,0.9998960733145507,0.014404737883513177,0.0005882997966443626,-0.014403565790988613,0.9998943613975227,-0.0019502148458667768,-0.000616329983147254,0.0019415385516762364,0.99999792528055,180,150,140,180,180,150,180,180,221213_035514
0,0,0,0,-0.00825159675086884,0.0012807223370787622,-0.003003726550389052,0.9999558365927037,-0.0007984756726993014,0.009364149763174377,0.0007944539676596667,0.99999959059421,0.00043319084326160114,-0.009364491821787176,-0.0004257323261446689,0.9999560615571598,180,180,0,80,180,180,80,80,221213_035514
0,0,0,0,-0.007376949948711464,-0.0015622345614022676,-0.009195424977849198,0.9945327005308796,-0.04395411573532604,0.09472456537076936,0.03523409945557668,0.9951502448042393,0.09183979802687836,-0.09830191152927861,-0.08800014759072175,0.9912581440844261,83,180,180,81,83,180,81,81,221213_035515
0,0,0,0,-0.003025306602950306,-0.005373892718734147,-0.005880399597042896,0.9983655097527789,-0.04022543804651193,-0.04059831363542366,0.043024641511522715,0.9965757333341366,0.07060940413522963,0.03761899997180886,-0.07224072164294494,0.9966775250689801,79,132,180,136,79,132,136,136,221213_035515
0,0,0,0,-0.0006409882426179903,0.0023850663464633146,-0.001039900596206511,0.9991346888295599,-0.03966662458274438,0.012507296737149398,0.0399353116488623,0.9989596250301421,-0.02201904728064275,-0.011620863176532496,0.022499476746151294,0.9996793131225542,150,130,180,180,150,130,180,180,221213_035515
0,0,0,0,-0.0027120845803250693,-0.0015258717252709247,-0.001038516086961705,0.9985427486522901,-0.05295951153715707,0.010376379507094118,0.05283182608183988,0.9985287040550291,0.012215782047896345,-0.01100805463230274,-0.011649777505565726,0.9998715444582283,170,180,82,180,170,180,180,180,221213_035515
0,0,0,0,-0.001409430851515625,0.00041094356627602996,-0.0028803057308846025,0.9989655449863782,-0.04359372874320081,0.012939348682736006,0.043594518738639024,0.9990492825873134,0.0002211282891407821,-0.012936686825288807,0.000343185136741763,0.9999162586726681,180,180,0,0,180,180,0,0,221213_035515
0,0,0,0,0.0011145840395941908,-0.001405381617923189,-0.005295001595024718,0.9983224272330092,-0.05779691806204344,0.003442026455833547,0.05775425123393527,0.9982655171757736,0.011419443164751757,-0.004096064940972666,-0.01120149455720014,0.9999288718562358,180,180,180,101,180,180,101,101,221213_035515
0,0,0,0,0.0033706996109174048,-0.007341247411113378,-0.005096264546837759,0.9970618651436054,-0.06364356706933798,-0.04262784825728062,0.06640404338876256,0.9955528924224234,0.06682021708264099,0.03818560066279305,-0.06945455175896469,0.9968540139568998,61,133,180,166,61,133,166,166,221213_035516
0,0,0,0,0.0024554926434205426,-0.006037076429301076,-0.004987619039715896,0.9973875045260548,-0.06260647956687002,-0.03603601714302494,0.0643347790778586,0.9967253726620181,0.048985382439714814,0.03285121027134911,-0.05117577755154404,0.9981492061689486,154,84,180,180,154,84,180,180,221213_035516
0,0,0,0,-0.0012246626570030505,0.005961701109172535,-0.0011864501913313452,0.9985875831777845,-0.05308921553265246,-0.0020913912305216952,0.05303899871122432,0.9984050634442585,-0.019344092239679447,0.003115018276391641,0.019205845021609384,0.9998106981714806,170,180,86,180,170,180,180,180,221213_035516
0,0,0,0,-0.0009697385537270065,0.004933326676397391,-0.0029516996874839885,0.9988098427849238,-0.04865829750729155,0.0033567900809942297,0.04865171461171283,0.9988137703076192,0.0020156659494747014,-0.003450887030373855,-0.0018499533970696193,0.9999923344961862,180,180,114,94,180,180,94,94,221213_035516
0,0,0,0,0.0032074226390814142,-0.003482539544675353,-0.00326972430766459,0.99657568265617,-0.06780414675901139,-0.04732342359415207,0.07063322004273792,0.9956405428167936,0.06091680987932395,0.04298670683808212,-0.06405081718262456,0.9970203788556454,180,180,180,99,180,180,99,99,221213_035516
0,0,0,0,0.004044302324795579,-0.003870929495599175,-0.005886518061851809,0.9967378676234168,-0.07303558571786682,-0.034342778926175946,0.07490595614522749,0.9955739358932824,0.0567594565154454,0.030045315433412476,-0.0591467783468184,0.9977970423045456,0,140,180,152,0,140,152,152,221213_035517
0,0,0,0,0.003889793638935546,-0.004126984111760903,-0.005029093262510331,0.9963474812619225,-0.07724749804563044,-0.03639396417970192,0.07908057928497995,0.9955134572103264,0.051954003629131676,0.032217364308319854,-0.054642296427165754,0.9979861025476211,160,80,180,180,160,80,180,180,221213_035517
0,0,0,0,0.0007198783249830476,0.00671775700831579,-0.0014932214957151801,0.9985973361895925,-0.052573790707579844,-0.006273490709797196,0.052452079232459044,0.9984575405380622,-0.018202173685463615,0.007220771374455154,0.017847584523390064,0.9998146449154653,170,180,99,174,170,180,174,174,221213_035517
0,0,0,0,0.0013892433312826524,0.006253230234696809,-0.0025389158997422,0.9991267269820767,-0.039773680330946415,-0.01279991339870686,0.03984423081920265,0.9991918220946349,0.005304708251167029,0.012578581021276661,-0.005810078496506994,0.9999040065363052,180,180,117,97,180,180,97,97,221213_035517
0,0,0,0,0.0025856967171378753,0.0034242811809643125,-0.0048620405614352435,0.99776746170597,-0.06630191190984853,-0.008009296968202063,0.06646056523577716,0.9975572983786081,0.021504179131361295,0.006563964455050519,-0.02198847263161652,0.9997366760512296,180,180,180,96,180,180,96,96,221213_035517
0,0,0,0,0.0072959323817949895,-0.0012579823440755956,-0.005052798696834171,0.9966503264699966,-0.07237549545309845,-0.03807774159752004,0.0742933847379818,0.9958991778881379,0.051626741771148316,0.03418508053849107,-0.054282733347255085,0.9979402613027133,36,133,180,180,36,133,180,180,221213_035517
0,0,0,0,0.006870096614611632,-0.0011021450208735864,-0.0046290274772818885,0.9969613189708996,-0.0737825422145623,-0.024985294478164874,0.07491502325111234,0.9960381268372147,0.047914394266220975,0.021351060092874883,-0.049640571622110975,0.9985389055424633,160,81,144,160,160,81,160,160,221213_035518
0,0,0,0,0.007863756817071021,0.010436920074669738,-0.002225464689524892,0.9984043122979456,-0.056469638663694616,-9.536277875987713e-05,0.056445331739557146,0.9980213364318622,-0.027700840268343786,0.0016594305285378417,0.027651255594508407,0.9996162535465137,180,171,96,173,180,171,173,173,221213_035518
0,0,0,0,0.005329886666715189,0.009424712805088088,-0.0022350352676393515,0.9975819856643933,-0.06932921385746615,0.00486230231394443,0.06941084577849684,0.9974008475248645,-0.019330903884606038,-0.003509468079376316,0.019621657997934642,0.9998013173482078,108,110,110,80,108,110,80,80,221213_035518
0,0,0,0,0.004949917635612533,0.0049089507165998355,-0.003073204859505241,0.9957114044087145,-0.09206024541675704,-0.00914933572627284,0.09213273447632957,0.9957158360024286,0.007844308248550898,0.008387989529066381,-0.008653620501882777,0.9999273756047834,180,180,180,95,180,180,95,95,221213_035518
0,0,0,0,0.00996289604779882,0.007138535779834374,0.0006233145177714228,0.9975920420820276,-0.06864335565532456,-0.009909959585533833,0.06882931527715105,0.9974312844779982,0.019833257499654207,0.008523082370171783,-0.02046759558291513,0.9997541870869886,82,124,180,180,82,124,180,180,221213_035518
0,0,0,0,0.008240982300668553,0.0047463884589946225,-0.001441076911265271,0.9968400258576581,-0.07856186681528124,-0.011747166918132258,0.07877141000622591,0.9967193912832522,0.01858816842982018,0.010248307847420025,-0.01945477119994816,0.9997582128013864,160,75,180,180,160,75,180,180,221213_035518
0,0,0,0,0.0077890074978581025,0.011651806743908907,-0.0019658555062923577,0.9976913297740401,-0.06776493859789115,-0.004463584941787589,0.06758510137211816,0.9971841403701323,-0.03249683471973381,0.006653162122554097,0.03212013840420475,0.9994618712800732,180,173,99,170,180,173,170,170,221213_035519
0,0,0,0,0.006393141186161078,0.009600234751186204,-0.0029414618485567035,0.9975609913424762,-0.06970226588814618,0.003696306517993277,0.06973970852218982,0.9975021919955974,-0.011213831602934096,-0.0029054443819732014,0.011444260309744173,0.999930291219796,180,180,100,0,180,180,0,0,221213_035519
0,0,0,0,0.009333704521372777,0.0062563444470352374,-0.00474103692345984,0.9956278643825147,-0.09145203105361961,-0.019017930520453558,0.09196655520236872,0.9953623273575039,0.028213294767943476,0.016349568475118953,-0.029838955974045914,0.9994209965360225,180,180,180,94,180,180,94,94,221213_035519
0,0,0,0,0.014097562737052066,0.00219818570957641,-0.005542704002074572,0.9944056159683242,-0.09901167787538331,-0.0367988936648855,0.10092425344672315,0.9934074404500501,0.0543686704334661,0.03117316148355627,-0.0577784120825635,0.9978426174003281,35,130,180,172,35,130,172,172,221213_035519
0,0,0,0,0.01335565958104995,0.0028389931729077816,-0.003881227839850454,0.99449410989877,-0.09923056271205957,-0.03368621083621326,0.10074085655093107,0.9938223554432712,0.04656614266366893,0.028857324859358238,-0.0497033323333197,0.9983470506576985,160,96,174,160,160,96,160,160,221213_035519
0,0,0,0,0.01091603482966208,0.013182684983434164,-0.0018722658784863233,0.998254737184138,-0.05904542842267299,0.0010569161797752157,0.05904716131761725,0.9982537615876126,-0.0016912174648893632,-0.0009552118923730823,0.0017506737461008433,0.9999980113538602,180,113,85,170,180,113,170,170,221213_035519
0,0,0,0,0.009984093044552611,0.011126007478173872,-0.005013731968277146,0.9978728370855888,-0.06431095241953505,0.010672506999322887,0.06422633909223391,0.9979025616916737,0.00809041012597253,-0.011170424054962453,-0.007387744452087499,0.9999103174076878,179,180,115,85,179,180,85,85,221213_035519
0,0,0,0,0.014327580711800625,0.005449903417114838,-0.004083617509188064,0.9961734942281905,-0.0773537676574399,-0.040678790866947805,0.07954224345480394,0.9952988355937755,0.05525630617271397,0.03621326971394343,-0.058280549884800935,0.9976432110738539,180,180,180,180,180,180,180,180,221213_035520
0,0,0,0,0.014494331584824743,0.004383725657219197,-0.0053644307732915175,0.9957734412001045,-0.08437994285067082,-0.03626677604944019,0.0863117453484336,0.9947217377888938,0.055488259885766264,0.03139325429785572,-0.05838398423164302,0.9978004680144369,57,123,180,169,57,123,169,169,221213_035520
0,0,0,0,0.012369163734591876,0.007250395529213796,-0.005191597006304671,0.9963570338798861,-0.0847173335991412,-0.009779285553046576,0.08492702282987553,0.9961098899438705,0.023505062205072844,0.007749956859879175,-0.02424995966723192,0.9996758862875545,167,79,172,180,167,79,180,180,221213_035520
0,0,0,0,0.011485644258909133,0.008398584877788044,-0.004834514359445818,0.996327114994834,-0.08542083826689124,-0.005963247089714002,0.08549820895850747,0.9962368425607581,0.014220048855727679,0.004726117958613955,-0.014677667197260305,0.9998811078796757,180,138,75,170,180,138,170,170,221213_035520
0,0,0,0,0.010730552711282815,0.012200150968350792,-0.0019823413315226412,0.9969686554651149,-0.07769376997200814,0.004144650482013325,0.07770308799079485,0.9969742553572253,-0.0021364155964494697,-0.0039661236461059676,0.002451991525802078,0.9999891287412984,180,180,116,50,180,180,50,50,221213_035520
0,0,0,0,0.016831191491172237,0.002970582756832431,-0.00548269882018626,0.9935266378129166,-0.10504320496039107,-0.04325211032783041,0.1079473812432402,0.9915879663162515,0.07141896064440585,0.03538619559783107,-0.0756255918882625,0.996508197162804,180,180,180,180,180,180,180,180,221213_035521
0,0,0,0,0.016502352603437576,0.0025845966214659705,-0.006358738617506021,0.9952155495375153,-0.09082874285882026,-0.03600207534890198,0.09321215356539815,0.99309460954239,0.07123616304622993,0.029283175825758522,-0.07425116812909258,0.9968095403059819,0,130,180,180,0,130,180,180,221213_035521
0,0,0,0,0.013631821587028164,0.005193267098702027,-0.003783099931477074,0.9952201414099187,-0.09613460273421752,-0.017175805342278163,0.09638127302158507,0.9952437513795741,0.014160704454644074,0.015732779244630356,-0.015748444273874625,0.9997522023782655,169,78,172,180,169,78,180,180,221213_035521
0,0,0,0,0.011726257742517676,0.014561964830465306,-0.0013993028999174095,0.9984895040962053,-0.054942750472379565,6.618341483208208e-05,0.05493363380553403,0.9983003848144837,-0.01945861136293328,0.0010030387001574907,0.01943285490565046,0.9998106611071828,180,141,65,170,180,141,170,170,221213_035521
0,0,0,0,0.009553417473725179,0.012239223242346657,-0.002324532612727026,0.9974696630975723,-0.07031414720471559,0.010497233106333811,0.07029010473554725,0.9975230917769324,0.0026424511454760475,-0.010657034122157606,-0.0018979132393521724,0.9999414110581955,180,120,120,80,180,120,80,80,221213_035521
0,0,0,0,0.011588459562662495,0.009679623493052623,-0.0050498677681984905,0.9961910367104249,-0.08704893965477083,-0.005089251692507835,0.08716702528987212,0.9956893650833722,0.03169539338747086,0.002308263400142561,-0.03201828172859665,0.9994846179682926,180,180,180,180,180,180,180,180,221213_035521
0,0,0,0,0.011441320426000517,0.008589948052859538,-0.004705341970711263,0.9961270910982188,-0.08477757291686712,-0.023314834559277704,0.08567889654580989,0.9954853073684835,0.04084274109518458,0.019747026786166143,-0.04268215017781085,0.9988935323593326,97,117,180,180,97,117,180,180,221213_035522
0,0,0,0,0.01580657653858536,0.016598742154233098,-0.0016980838608819937,0.9956067086215368,-0.09360954728679143,-0.00212941413362321,0.09350828335266634,0.9951923049820681,-0.029128629368982917,0.004845894368217094,0.028801540952527908,0.9995734032808856,173,87,130,180,173,87,180,180,221213_035522
