0,0,0,0,0,0,0,1,0,0,0,1,0,0,0,1,162,162,82,95,162,162,95,95,221218_062705
0,0,0,0,-0.00031742503611909,2.5688847411775573e-05,0.0002180552310617201,0.9999994163014201,0.0010555192811535126,0.00023081565507117912,-0.0010558534255710873,0.9999983878962174,0.0014523699633185588,-0.00022928227847267407,-0.0014526128230724698,0.999998918672227,150,162,135,85,150,162,85,85,221218_062705
0,0,0,0,5.300857433221395e-06,-4.596584494573341e-06,-1.77809849857824e-05,0.9999996545457075,0.000605578784669885,0.0005693705310918689,-0.0006060958390307056,0.9999994037446179,0.0009083822121875484,-0.0005688200946056045,-0.0009087269914930708,0.9999994253293123,78,154,162,91,78,154,91,91,221218_062706
0,0,0,0,-0.0004052325681563884,4.965072072167509e-05,0.0002733455118711925,0.9999999936347992,-3.155949260502145e-05,0.0001083254355245975,3.14064990450474e-05,0.9999990025461268,0.0014120624568993176,-0.00010836989144957902,-0.0014120590457885852,0.9999989971721059,78,154,162,102,78,154,102,102,221218_062706
0,0,0,0,-0.00034975458765695855,4.7771739775229194e-05,0.00023857425793633036,0.9999999660914375,7.50453365228365e-05,0.000249369848868512,-7.547290425294899e-05,0.9999985264939049,0.0017150259061830392,-0.0002492407767242474,-0.001715044668695461,0.9999984982492821,86,127,162,162,86,127,162,162,221218_062706
0,0,0,0,-0.00013873001171749166,1.7519058906886875e-05,0.00011056357173871989,0.9999990625140466,0.001080468699747848,0.0008411649165178354,-0.001080961383914153,0.9999992443661609,0.0005854823586431925,-0.0008405316855421771,-0.0005863910765539906,0.9999994748258576,100,92,162,162,100,92,162,162,221218_062706
0,0,0,0,-6.928436774078506e-05,9.562565082624208e-06,5.222685692735096e-05,0.9999998129964897,0.0006036827224383559,-9.784761718188524e-05,-0.0006035055198171564,0.9999981960350799,0.0018010296146923972,9.893469112942742e-05,-0.0018009702263167761,0.9999983733577624,130,155,150,162,130,155,162,162,221218_062706
0,0,0,0,-0.00030825430066072634,3.1804746931665684e-05,0.00021356011229595184,0.999999857988563,0.000504109226776359,0.00017290674262958672,-0.0005043749112610787,0.9999986870167075,0.0015399905224525487,-0.00017213019217438087,-0.0015400775135788033,0.9999987992655035,162,106,78,154,162,106,154,154,221218_062706
0,0,0,0,-0.00010646373172418233,1.835891530706235e-05,5.857843154577491e-05,0.9999995933428748,0.0008107409150501007,0.00039498513109780805,-0.000811197280952375,0.9999990021018118,0.001156613310976241,-0.00039404702320867285,-0.0011569332514952888,0.9999992531159185,162,102,78,154,162,102,154,154,221218_062706
0,0,0,0,-0.00010427558101622214,1.5135165637350512e-05,7.010722665512503e-05,0.9999998514340301,0.0005447838655960498,-1.8505607369124226e-05,-0.0005447691179836979,0.9999995413014574,0.0007877965996239152,1.893477775751878e-05,-0.0007877864013007374,0.9999996895169819,162,146,86,127,162,146,127,127,221218_062706
0,0,0,0,0.00015242421177374954,-1.1591133920213492e-05,-9.177359131296026e-05,0.9999991677582911,0.0007181211324035934,0.0010718137728908247,-0.0007171540212205854,0.9999993356598921,-0.0009024244476419912,-0.001072461110908073,0.0009016550410492035,0.9999990184221945,162,90,100,92,162,90,92,92,221218_062707
