0,0,0,0,0,0,0,1,0,0,0,1,0,0,0,1,162,162,83,96,162,162,96,96,221218_071747
0,0,0,0,-0.00020178901256459603,0.0003465859079976319,-0.0007955622218336345,0.9999998987984731,-0.00025275732660147974,-0.0003721784217670284,0.0002543552649099094,0.9999907238799783,0.00429970433822663,0.0003710881876216171,-0.0042997985686306205,0.9999906869695468,151,162,136,85,151,162,85,85,221218_071747
0,0,0,0,-0.0021299316434021526,-0.0011978444355474904,-0.004613518687178186,0.9998611235358635,0.003947445589479288,0.016191087514976346,-0.004079485636408998,0.9999586279482509,0.00813020226037788,-0.016158324125411485,-0.008195124475590244,0.9998358607773018,78,154,162,92,78,154,92,92,221218_071747
0,0,0,0,-0.0014315650053384754,-0.0031200355621565645,-0.004337972414876656,0.9999786423672565,0.002364650404000252,0.006092884194295134,-0.002401104269106453,0.9999792209602633,0.005982670473510479,-0.006078610665860142,-0.0059971723480812915,0.9999635415434908,78,154,162,103,78,154,103,103,221218_071747
0,0,0,0,-0.002642502936243865,-0.009942368450618688,-0.0028410773137763634,0.9997740271040114,-0.001624061290900946,0.02119568713559696,0.0014960757966463647,0.9999805628542767,0.006052740772134771,-0.021205105173929283,-0.006019662662256784,0.9997570240693463,87,128,162,162,87,128,162,162,221218_071747
0,0,0,0,-0.004310829796942681,-0.010378825988657248,-0.0030586504993165287,0.99965971375215,0.005150338838482061,0.025572068958476527,-0.005510289550618032,0.9998864549238662,0.014025475708600407,-0.025496929423689512,-0.014161612536466237,0.9995745871721283,100,92,162,162,100,92,162,162,221218_071747
0,0,0,0,-0.0024609978944688526,-0.011425891249256637,-0.004215569785715523,0.9997581299780184,0.02122742002360097,0.005751363490362071,-0.021180749441005942,0.9997431924604544,-0.008057603992252693,-0.005920928641182431,0.007933836910364117,0.9999509972173165,130,156,151,162,130,156,162,162,221218_071747
0,0,0,0,0.0008245188129761549,-0.011321266302614319,-0.005195915584701061,0.9998218673746746,0.016596543763390616,-0.008988228664668247,-0.016597892340061614,0.9998622426493287,-7.545941008249557e-05,0.008985738104698425,0.00022463162000398187,0.9999596022096838,162,107,78,154,162,107,154,154,221218_071748
0,0,0,0,-0.002609155617611311,-0.009736549675400608,-0.004692995300140723,0.9996595173019726,0.023274646596510167,0.01179577438725027,-0.02305403065599422,0.9995629242151743,-0.018506004564006116,-0.012221339456042998,0.018227763445308097,0.9997591647500322,162,103,78,154,162,103,154,154,221218_071748
0,0,0,0,0.0013938354236341793,-0.012168786493565564,-0.004628512774874971,0.999340731442846,0.036162649814945595,-0.0032195089126358313,-0.03617452317334649,0.9993386033411281,-0.0037094130782863058,0.0030832373340287946,0.0038234317786460083,0.9999879374357354,162,146,87,128,162,146,128,128,221218_071748
0,0,0,0,0.0014700465257981576,-0.012819992977921912,-0.0035177441264535037,0.9994012903313244,0.03313869152725643,-0.00994424496602774,-0.03319035393872738,0.9994361588690268,-0.005075898989161122,0.009770429340874067,0.0054029130094351945,0.9999376716783441,162,90,100,92,162,90,92,92,221218_071748
0,0,0,0,-0.005110746645491368,-0.02041312567764475,-0.004228803987335716,0.9991906482681111,0.029671900048740943,0.027159284987812483,-0.03004005123835978,0.9994608836235914,0.013249053851011253,-0.026751518370896416,-0.014054197018961925,0.9995433136242791,152,162,130,156,152,162,156,156,221218_071748
0,0,0,0,-0.005143838340060103,-0.01666671813669618,-0.0035371617371907638,0.9987505940354355,0.03382189228485407,0.03678764080687118,-0.034373153125163654,0.999304499262015,0.014456974058497852,-0.03627309275616988,-0.015703418639447676,0.9992185273427113,129,154,162,107,129,154,107,107,221218_071748
0,0,0,0,0.0010046670135153979,-0.018779605627075258,-0.004081189144135466,0.9995153997518189,0.029144053354308544,-0.010935712735911747,-0.029220267240283832,0.9995493508352523,-0.0068754074229904856,0.010730407325333141,0.007191620047453467,0.9999165659992466,116,154,162,103,116,154,103,103,221218_071748
0,0,0,0,-0.00453969968252943,-0.024391980116414302,-0.0044178113739411495,0.9989092567799177,0.035129629861413166,0.03076045879360649,-0.03540324012673782,0.9993378421243493,0.008395706449040708,-0.03044515245357776,-0.00947556879823204,0.9994915238700268,77,128,162,146,77,128,146,146,221218_071749
0,0,0,0,-0.00667763299208711,-0.02486319914353141,-0.004968850669919145,0.9981765434218405,0.036646557313551355,0.047964757890465476,-0.037627451447659284,0.999097449565455,0.01970941829067514,-0.047199184950382646,-0.02147827062096353,0.9986545553048624,140,82,162,90,140,82,90,90,221218_071749
0,0,0,0,0.0005182300258944894,-0.03086967813946484,-0.0028985188852386767,0.9988394592835448,0.04556290194243077,-0.015612704594003594,-0.04538365035628673,0.998901704030847,0.0116494619879891,0.01612634051772119,-0.01092738078661661,0.9998102487425556,137,81,152,162,137,81,162,162,221218_071749
0,0,0,0,-0.005031040613361515,-0.024995431020555348,-0.002777491696019374,0.9989656171725292,0.03248498393236795,0.03181857202989133,-0.03280265472623661,0.9994165732997675,0.009513088702499213,-0.03149097569175798,-0.010546982159087365,0.9994483876705776,162,108,129,154,162,108,154,154,221218_071749
0,0,0,0,0.0008529278192272033,-0.02951555362692715,-0.004100466967656202,0.9988495264059131,0.04579287468584602,-0.014235035183956784,-0.045757635549052496,0.9989486702025475,0.0027916105607629408,0.014347905339880777,-0.0021370373345519778,0.9998947798062499,162,120,116,154,162,120,154,154,221218_071749
0,0,0,0,0.00047727618883622314,-0.028174975053302354,-0.005061548298462393,0.99883681233812,0.04821804345182492,-0.00020640712174459065,-0.04821848282358628,0.9988262575835757,-0.004591848841137705,-1.5245113995449442e-05,0.0045964602974750525,0.9999894361043621,162,143,77,128,162,143,128,128,221218_071749
0,0,0,0,0.0006499975694626431,-0.02869010309951625,-0.0053680920669794685,0.9989380940457621,0.045782545484145454,-0.0051616657400623935,-0.04580479429196922,0.998941250049931,-0.004277822875351354,0.004960351206354008,0.004509709267196851,0.9999775284666328,162,90,140,82,162,90,82,82,221218_071749
0,0,0,0,-0.0037607456191884187,-0.0361906077280717,-0.0031397794615056762,0.998826282108625,0.04495015430610272,0.01804277686273352,-0.04504772242151526,0.9989721329132952,0.005037893140602436,-0.017797777212195772,-0.005844766079114043,0.9998245235218955,162,162,137,81,162,162,81,81,221218_071749
0,0,0,0,-0.008396921228877793,-0.03170072577546035,-0.004104330151007807,0.9970712630869084,0.05418516213020536,0.0539709600729804,-0.055737556650014126,0.9980615524773483,0.02768505454558676,-0.052366221029995594,-0.030612181748921396,0.9981586413108934,132,154,162,108,132,154,108,108,221218_071750
0,0,0,0,-0.005900134796399961,-0.0366191586915493,-0.004823000015591272,0.9983830569670364,0.04878233798200768,0.029181416383781637,-0.049282441258648224,0.9986457442253486,0.016670888524225456,-0.02832865236368229,-0.01808206408595081,0.999435103652883,128,154,162,120,128,154,120,120,221218_071750
0,0,0,0,-0.002897774070708764,-0.036012569107095604,-0.005439994661220082,0.9987814801313147,0.0470736047639304,0.014819942011675311,-0.0470668594076498,0.9988914178465941,-0.0008038021659131769,-0.014841350753913246,0.00010529458991064632,0.9998898555445239,69,128,162,143,69,128,143,143,221218_071750
0,0,0,0,-0.00405248411196471,-0.03796286949189864,-0.004068212016936301,0.9982477555711478,0.052398525010447825,0.027492054741231037,-0.05255295465913277,0.9986059959385122,0.004924614933974096,-0.027195688146478443,-0.0063607745111936695,0.9996098914545902,18,82,162,90,18,82,90,90,221218_071750
0,0,0,0,-0.0010915929664151586,-0.04073754358859549,-0.003925500076851718,0.9982063237316705,0.059814522428355825,-0.002521540951661944,-0.05980314175989411,0.9982006244117329,0.004370086918215164,0.002778398414412171,-0.00421145232603354,0.9999872720047772,140,92,162,162,140,92,162,162,221218_071750
0,0,0,0,-0.005434681602977928,-0.037742120477956,-0.0021685469460975826,0.9986120479251559,0.03935028192289747,0.03500761419054846,-0.03953189224638143,0.9992081288532728,0.004510513159476004,-0.034802402706512886,-0.005888170015361332,0.9993768669624709,162,110,132,154,162,110,154,154,221218_071750
0,0,0,0,-0.0059312646322826484,-0.03783981723406604,-0.0042189065079372146,0.9975057164998026,0.06088532388095158,0.03571166316661838,-0.060175048376396596,0.9979744519890273,-0.020638719197158817,-0.03689592258112969,0.018438289321747434,0.9991489980897619,162,122,128,154,162,122,154,154,221218_071750
0,0,0,0,3.997751144775574e-05,-0.0396511772601279,-0.00433367145580954,0.998586291071321,0.05315225901196072,-0.0005066027515271822,-0.05315416378473783,0.9985730933568361,-0.005139269997200083,0.00023271606667198166,0.005158932610946293,0.9999866655398701,162,136,69,128,162,136,128,128,221218_071750
0,0,0,0,0.0010406167887161977,-0.04035956818725572,-0.0052014802537672655,0.9985059921506959,0.05458254529517282,-0.0025552667677690723,-0.05459009391226367,0.9985043904484552,-0.0029839406510423524,0.0023885740106408186,0.003118974873111275,0.9999922833251947,162,162,18,82,162,162,82,82,221218_071751
0,0,0,0,-0.0029755475529884,-0.04473543243281897,-0.004834225279330195,0.9981334745285143,0.05369408857775125,0.029094877168321275,-0.05408680701367566,0.9984531297170796,0.012882742923541503,-0.028358144027783395,-0.014432345962221895,0.9994936333250584,162,138,140,92,162,138,92,92,221218_071751
0,0,0,0,-0.009387103098306274,-0.04802307144199691,-0.005693046345856156,0.9958248377634876,0.05648669088555637,0.07170875989809604,-0.058512781618058674,0.9979355651676455,0.026473801405347264,-0.07006530439982801,-0.030559147997481655,0.9970742156895983,135,154,162,110,135,154,110,110,221218_071751
0,0,0,0,-0.0053522743179339055,-0.050205289977647505,-0.0020557078313756527,0.9979643346140519,0.058262770714301484,0.02593523447022891,-0.058433791894434955,0.9982739384075584,0.005885223963508733,-0.02554757920373066,-0.007388737710564117,0.9996463013245603,111,154,162,122,111,154,122,122,221218_071751
0,0,0,0,-0.0004924680442304347,-0.047066231469466424,-0.004344952282806236,0.997868091185101,0.06511340857293611,0.004417761720270733,-0.0650879059944099,0.9978633115704328,-0.0056899837391115515,-0.004778816575896563,0.005390310353066786,0.9999740533966026,53,130,162,136,53,130,136,136,221218_071751
0,0,0,0,-0.0041073668219135245,-0.05468312237788642,-0.00194693980292876,0.9977819203886352,0.06179706607360075,0.024745948562579764,-0.06181767755109644,0.9980874561420808,6.807362626965996e-05,-0.024694414100267608,-0.0015976597024845052,0.9996937698093952,82,162,162,162,82,162,162,162,221218_071751
0,0,0,0,0.0007054730757142386,-0.0526422072497974,-0.0042067121070979985,0.997716236097343,0.06741290940587061,-0.004220411494938775,-0.06739604062882447,0.9977182062104853,0.004019291441390919,0.00448173351601462,-0.003725673304098633,0.999983016567343,138,90,162,138,138,90,138,138,221218_071751
0,0,0,0,-0.0023024107762337764,-0.05483955752830094,-0.0033322000543555275,0.9973909282146444,0.0720287572648528,0.00481606083956887,-0.07195375877381678,0.9973060003902732,-0.01426177351791058,-0.005830344196434598,0.013878029847125611,0.9998866972683023,162,112,135,154,162,112,154,154,221218_071751
0,0,0,0,0.0008739473986492247,-0.053321333729991705,-0.004229016188533219,0.9981757560490472,0.05953195665015821,-0.010055156553562457,-0.05948906086603934,0.9982187564884231,0.0045128518681211765,0.010305904772975077,-0.003906447505166207,0.9999392621528069,162,124,111,154,162,124,154,154,221218_071752
0,0,0,0,-0.0009965429447355567,-0.05571278980949057,-0.0031979778181063234,0.9973540299881645,0.07269700843556276,0.0002895356396450665,-0.07269123509983619,0.9973116441645584,-0.009244931229906867,-0.0009608361084253703,0.00919942271586014,0.9999572227928892,162,162,53,130,162,162,130,130,221218_071752
0,0,0,0,-0.000605263992373678,-0.05436391191363377,-0.0055566748484719986,0.9976675670182421,0.06824852033055338,0.0012510765731643112,-0.06823782482761988,0.997643130644385,-0.007196050365669871,-0.0017392477388086486,0.007093895316413017,0.9999733254775064,162,162,82,162,162,162,162,162,221218_071752
0,0,0,0,-0.004843153056412405,-0.061616121556085535,-0.00429791643533467,0.9975701637233311,0.06530976775294678,0.02425701311088661,-0.0653096318302811,0.9978647273594258,-0.0007986752107129182,-0.0242573790669706,-0.0007874820348614891,0.9997054363325459,162,162,138,90,162,162,90,90,221218_071752
0,0,0,0,0.00248543387351087,-0.05601004282761435,-0.0059060361154038565,0.9969455536855005,0.0744360442297184,-0.02363976112702152,-0.0748606392921395,0.9970384351196976,-0.01761373267759278,0.022258653856049245,0.019329620107413955,0.9995653646035461,137,154,162,112,137,154,112,112,221218_071752
0,0,0,0,-0.001771153547045795,-0.05891930909010035,-0.0047312718385572605,0.9974039932751515,0.07199494615777591,0.0014148945263960527,-0.07198657565318503,0.9973916616575814,-0.005273156707095423,-0.001790844635961206,0.005157614144957243,0.9999850958348439,82,156,162,124,82,156,124,124,221218_071752
0,0,0,0,-0.008296080665401329,-0.06281397183765636,-0.005223302360993387,0.9958756107266802,0.08173353903044399,0.039387771672437684,-0.08244777266090611,0.9964527444544602,0.016860986104919064,-0.037869945115048,-0.020038878879158884,0.9990817336886156,102,126,162,162,102,126,162,162,221218_071752
0,0,0,0,-0.006548114963583818,-0.06622623419526674,-0.003329555703178777,0.9962278236107213,0.08132685627729938,0.030266580776424645,-0.08120386600189392,0.9966835653630233,-0.005272824821551272,-0.0305950259060325,0.0027951714265507365,0.9995279542896766,58,162,162,162,58,162,162,162,221218_071753
0,0,0,0,-0.008368691212597743,-0.06374199585696416,-0.0052170462757333835,0.9949645466743935,0.09328708952290282,0.036647916576040454,-0.09223933835564176,0.9953053036672456,-0.029313084988891097,-0.039210398120038965,0.025785100740513617,0.9988982296806166,141,86,162,162,141,86,162,162,221218_071753
0,0,0,0,-0.0028300410539077864,-0.0693409058280211,-0.003920724725123947,0.9956877390898644,0.092230372436298,-0.009974198031732365,-0.09230991624314437,0.9956995258463229,-0.007831576635121266,0.009208995021072551,0.008718522218235096,0.9999195876574437,162,112,137,154,162,112,154,154,221218_071753
0,0,0,0,-0.0026768030229672585,-0.06847880126397032,-0.004658384311549246,0.9959135990406695,0.09019453020562432,-0.004588024285756589,-0.09023845062155157,0.9958649381397069,-0.010490329519098037,0.0036228821788412344,0.010861478029447976,0.999934449361424,162,125,82,156,162,125,156,156,221218_071753
0,0,0,0,-0.0057982498629666895,-0.06738144995873763,-0.003476333545155641,0.9959178994464774,0.0892148926944778,0.013720075933769489,-0.08895844685432737,0.9958674521120366,-0.018286950460536775,-0.015294845385992734,0.01699178464414798,0.9997386393249115,162,162,102,126,162,162,126,126,221218_071753
0,0,0,0,-0.0021232574702163415,-0.07081777185628368,-0.0024404724578465653,0.9961099847941028,0.0881128392765919,-0.0010127922335917395,-0.08811858797840966,0.9960580459134107,-0.010172690098918292,0.0001124552454110853,0.01022236400128818,0.9999477439486739,162,162,58,162,162,162,162,162,221218_071753
0,0,0,0,-0.003951209008216466,-0.07631763130287694,-0.002454074062906486,0.9964647656513638,0.08312374265651319,0.012182537590569902,-0.08308798885278766,0.9965363702783614,-0.0034130368922694965,-0.012424046191596436,0.002388748459491078,0.9999199652757347,152,162,141,86,152,162,86,86,221218_071753
0,0,0,0,-0.005677907175104288,-0.0776782218559714,-0.0023745826141580717,0.9955313314925874,0.09398191716771877,0.00920691381928508,-0.09396238868455371,0.9955725277109684,-0.0025321097697352424,-0.009404122994121515,0.0016556909956770992,0.9999544095397741,124,162,162,112,124,162,112,112,221218_071753
0,0,0,0,0.0022399332675158146,-0.0721918353100176,-0.004296805089822664,0.9945381236951268,0.09641705747896238,-0.03997088370394058,-0.09720325992294968,0.9950979162726993,-0.018211625135719677,0.03801903177787367,0.021997455689941953,0.9990348668419147,80,156,162,125,80,156,125,125,221218_071754
0,0,0,0,-0.009763833754835444,-0.0784390653899193,-0.005281937002770742,0.9950409884571157,0.08931038964863665,0.04378453598125404,-0.09011353398499772,0.9957911041543237,0.016722077617558298,-0.04210679616189883,-0.02058473191279565,0.9989010394073372,88,120,162,162,88,120,162,162,221218_071754
0,0,0,0,-0.006980271588391096,-0.08148664430147423,-0.0026135349733914515,0.9954045012238315,0.09420788696593344,0.017168371406394937,-0.09419729612592613,0.9955525275159092,-0.001426309661373294,-0.017226385166325426,-0.0001974591082979005,0.9998515953200267,114,98,162,162,114,98,162,162,221218_071754
0,0,0,0,-0.009658527250192436,-0.07911164799281878,-0.004868506526855609,0.993026513529472,0.11428852990211442,0.028921883761503477,-0.11352455834512068,0.9931733680700907,-0.02681110980281235,-0.031788647030751696,0.02334079881080976,0.9992220419060159,138,156,152,162,138,156,162,162,221218_071754
0,0,0,0,-0.004519358256935807,-0.08400787485447625,-0.00441247419205959,0.9942977218708346,0.10648024102046297,-0.005830827959430528,-0.1065018936234339,0.994306207314265,-0.0035373367021536597,0.005420971969227479,0.004138160043513258,0.9999767440767626,154,128,124,162,154,128,162,162,221218_071754
0,0,0,0,-0.005998294789376357,-0.08146402382176432,-0.004708033769724396,0.993361613357677,0.11491912768381987,0.005128274546360114,-0.11482616860614592,0.9932607836575461,-0.015746956887919744,-0.006903340543963182,0.0150535623819385,0.9998628576704642,162,143,80,156,162,143,156,156,221218_071754
0,0,0,0,-0.004295587669268339,-0.0827017101457882,-0.005109548617907467,0.9926250603251919,0.12116717741984101,-0.003742289475503101,-0.12118477789164223,0.9926178649040089,-0.004901416199495606,0.003120772622773835,0.005318777069598689,0.9999809855135852,162,151,88,120,162,151,120,120,221218_071754
0,0,0,0,-0.0047186435156177375,-0.0836655550756884,-0.005371083874963822,0.9926109741279769,0.12120674460014162,-0.00569026397846826,-0.12121884554235163,0.992624117786273,-0.0018309217357951985,0.005426373198384684,0.002507160238020756,0.999982134151132,162,162,114,98,162,162,98,98,221218_071754
0,0,0,0,-0.01025126466511081,-0.08889031147164328,-0.0037094578570118775,0.9924634409353019,0.11760670393236329,0.03442356165514325,-0.11799142584764502,0.9929705044041834,0.009359530423139473,-0.033080837856676024,-0.013350676891732137,0.9993635062344597,160,162,138,156,160,162,156,156,221218_071755
0,0,0,0,-0.01150988987073788,-0.08863337226866619,-0.005513639539073967,0.9916734568125235,0.12228787958741447,0.04036619327498845,-0.12286115459783196,0.9923509394076446,0.012031198928312286,-0.03858616001090771,-0.016890457743322877,0.9991125165329647,123,162,154,128,123,162,128,128,221218_071755
0,0,0,0,-0.004736943850282116,-0.0869133876874898,-0.004547821602938651,0.9929441836655565,0.11801402935275872,-0.011599008607104713,-0.1181680333358603,0.9929000243760264,-0.013632956085229353,0.00990777584912478,0.014907396486743957,0.9998397899202205,79,156,162,143,79,156,143,143,221218_071755
0,0,0,0,-0.009656051021238246,-0.09621821246561113,-0.0020349172899890577,0.9922099197642493,0.1227365241058224,0.021335903351933867,-0.12273603348077447,0.9924384501305961,-0.0013374557142863933,-0.021338725520246463,-0.0012916473211849885,0.9997714691070002,72,122,162,151,72,122,151,151,221218_071755
0,0,0,0,-0.009495822725569397,-0.09421954632349838,-0.003635405095762434,0.9931531845811582,0.11643806097192798,0.009430265818133294,-0.11638133935132754,0.9931842569576929,-0.006357325081135052,-0.010106226154911878,0.005216290683393979,0.9999353251607886,108,85,162,162,108,85,162,162,221218_071755
0,0,0,0,-0.007448757336357317,-0.09356627524981875,-0.005013566288930071,0.9920507732683407,0.1256410970852964,-0.007041163319351998,-0.12563961681048078,0.9920757325252195,0.0006539283330568442,0.007067527531056249,0.0002359189528724638,0.9999749968858449,145,86,160,162,145,86,162,162,221218_071755
0,0,0,0,-0.00834556879827357,-0.09470851781224221,-0.004505032366774742,0.9928820677691594,0.11908015782160429,-0.002261750565347486,-0.11909426859001886,0.992852831033126,-0.007733763541410315,0.0013246476688298597,0.007948076665946095,0.9999675361659826,154,127,123,162,154,127,162,162,221218_071755
0,0,0,0,-0.008671403234589078,-0.09163952212309712,-0.005678992212158063,0.9915811339267695,0.1294434520176764,0.0033537397409408505,-0.12938163576904554,0.9914868349857544,-0.01463722568173626,-0.005219881821317133,0.01408008450541193,0.9998872456702768,162,162,79,156,162,162,156,156,221218_071755
0,0,0,0,-0.00860753486109736,-0.09713194755690191,-0.005252703652164403,0.9902647751676171,0.138999191213549,-0.0074094469569461995,-0.1390400060295884,0.9902725319925701,-0.00530934123187447,0.00659937766161247,0.006287863150840138,0.999958454632729,162,152,72,122,162,152,122,122,221218_071756
0,0,0,0,-0.010533477805447222,-0.10005487703393445,-0.005512262115205391,0.9907152282672546,0.1358325496783035,0.005731921776592439,-0.13581765154196346,0.9907295643909202,-0.0029147506588765,-0.006074702378517994,0.0021091917098319396,0.9999793244369325,162,162,108,85,162,162,85,85,221218_071756
0,0,0,0,-0.011086990924079498,-0.09818714796925143,-0.006858032479781173,0.9910844023039006,0.1327812637556408,0.010992884306384936,-0.13282469068092942,0.9911339993209742,0.0033161627714899246,-0.010455097103042276,-0.0047467236560106655,0.999934077606669,160,162,145,86,160,162,86,86,221218_071756
0,0,0,0,-0.013883315067704169,-0.10341894194486134,-0.004665722535326933,0.9898945213681399,0.13933932349489167,0.026332289937014395,-0.13948871376069996,0.9902159207408796,0.003915232391362346,-0.02552910689245884,-0.007548724347780072,0.9996455779234933,123,162,154,127,123,162,127,127,221218_071756
0,0,0,0,-0.010485559719406082,-0.09983092964454898,-0.006010012991880753,0.99097456699195,0.1339499671995139,0.005178210343981847,-0.13394702015229917,0.9909880733620905,-0.0009133709062819765,-0.00525389069518371,0.00021152149305844056,0.9999861758500571,105,153,162,162,105,153,162,162,221218_071756
0,0,0,0,-0.011541587866299621,-0.10807897556810542,-0.00298183685920711,0.990597692188564,0.13670674222434331,0.005242028338027444,-0.1366686401777074,0.9905917635862581,-0.0070456161577990934,-0.006155893328031706,0.00626295022123125,0.9999614394724731,70,120,162,152,70,120,152,152,221218_071756
0,0,0,0,-0.010088883243195401,-0.10481910334782141,-0.006631402660231822,0.9893969063852689,0.14516959551160385,-0.004421557899253245,-0.14516691532627143,0.9894067490001589,0.0009228908886414155,0.004508694923621512,-0.0002712414689815385,0.9999897989970454,112,88,162,162,112,88,162,162,221218_071756
0,0,0,0,-0.010577632393415984,-0.10523508646640256,-0.005934908478390621,0.9897715084406454,0.1426229828387173,-0.0033235290453208894,-0.14262419399428136,0.9897769054812111,-0.000129087256309266,0.0032711414842133122,0.0006017825397036967,0.9999944687302852,138,147,160,162,138,147,162,162,221218_071757
0,0,0,0,-0.01148225172967049,-0.10192325571689809,-0.007924017771567149,0.9893349737647802,0.14544507853604455,0.007876472274099516,-0.14538737763034837,0.9893466575589215,-0.007463350638973042,-0.00887806913756339,0.00623861415969638,0.9999411280579248,154,162,123,162,154,162,162,162,221218_071757
0,0,0,0,-0.011358026156675971,-0.10703062111207706,-0.004996253257290251,0.9889054555284988,0.14852891234763652,-0.0022720525522044854,-0.14854247672393686,0.9888739789841321,-0.007961551155994269,0.0010642531139595617,0.008210717685983688,0.9999657251528129,162,162,105,153,162,162,153,153,221218_071757
0,0,0,0,-0.011441440783289222,-0.1054652407595631,-0.006201529942228112,0.9888882850059745,0.14865999887863246,-0.00040559998437802303,-0.14865969127167972,0.9888695921762405,-0.006101299878336195,-0.0005059337419331193,0.006093800341452858,0.9999813046394654,162,146,70,120,162,146,120,120,221218_071757
0,0,0,0,-0.012745353025232067,-0.1047242191739085,-0.00595161082655149,0.9884225795593212,0.1513190987358779,0.01110561007143135,-0.15130157565140936,0.9884847206516221,-0.0024062925189698163,-0.011341843884390124,0.0006981375563972639,0.9999354355063406,162,106,112,88,162,106,88,88,221218_071757
0,0,0,0,-0.01511218542287597,-0.10518612805981331,-0.005935320567149294,0.9887931767693269,0.14590457301900864,0.03162134005008706,-0.14624459883386548,0.9892101274079876,0.008708682184744576,-0.030009513264034563,-0.013235535713142031,0.9994619801213261,124,162,138,147,124,162,147,147,221218_071757
0,0,0,0,-0.01866782183994259,-0.10530916588085026,-0.0035531431925618917,0.987100267560983,0.1510847743214673,0.052975963882370435,-0.15214187253403375,0.9882209124888915,0.016500870930370646,-0.04985892500719197,-0.024347876454717032,0.9984594476037937,122,162,154,162,122,162,162,162,221218_071757
0,0,0,0,-0.01043312276751833,-0.11114238193757153,-0.004322024252862433,0.9891629992383691,0.14663308172622277,-0.007436415885683762,-0.14668018841951963,0.9891642818679469,-0.0062406571675437455,0.006440750186760024,0.0072638020443439285,0.9999528758481032,97,149,162,162,97,149,162,162,221218_071757
0,0,0,0,-0.011956706912542373,-0.11089415996429497,-0.004871117116111212,0.9885740779962274,0.15073579431310447,-0.00011236861625449129,-0.15072807541316752,0.9885153410723142,-0.010884288995130999,-0.00152957384619183,0.010776863063271431,0.9999407580583786,44,122,162,146,44,122,146,146,221218_071758
0,0,0,0,-0.011000487578309806,-0.10859195630350249,-0.005942738226731581,0.9893718074777715,0.14534086432970475,-0.004411317723905536,-0.14535173477480876,0.9893774841888101,-0.0022509949301427554,0.00403729688288643,0.002868263606471799,0.999987736573686,111,80,162,106,111,80,106,106,221218_071758
0,0,0,0,-0.01093859038047898,-0.1106573237415347,-0.0041452234202541405,0.9895676876073182,0.14400610479768475,-0.004246577975695828,-0.14398688150323402,0.9895692209490606,0.004531545569057019,0.004854853085221834,-0.0038728195502774777,0.9999807156491832,146,90,124,162,146,90,162,162,221218_071758
0,0,0,0,-0.012962360350679297,-0.10745127106812546,-0.0030234021478960926,0.9916285417226504,0.12772742954053176,0.0189351256657274,-0.12785050060962636,0.9917785689913183,0.0054331927446758,-0.018085484092950275,-0.007808574293770184,0.9998059518889765,154,162,122,162,154,162,162,162,221218_071758
0,0,0,0,-0.012026943126909356,-0.11231050507428819,-0.0047936279549327665,0.9877979040509778,0.155718425721717,-0.002659444160940882,-0.15573123943501468,0.9877836112399407,-0.005596287145646778,0.0017555103329783403,0.005942159248329281,0.9999808042792314,146,162,97,149,146,162,149,149,221218_071758
0,0,0,0,-0.01262465914371802,-0.1118107029696167,-0.006087737184745756,0.9889755295185425,0.14807292249053983,0.0013459712584479213,-0.14804712819569443,0.9889102505192379,-0.011771331742276346,-0.003074060267067993,0.011442291863509606,0.9999298095918459,114,18,44,122,114,18,122,122,221218_071758
0,0,0,0,-0.015672371244193406,-0.1146888365174733,-0.006269655801642293,0.9886246036998408,0.1498710491266194,0.012651545084229941,-0.149836079326388,0.9887040278892028,-0.0036734953060267002,-0.013059184179275964,0.0017360499282723127,0.9999132181540649,162,162,111,80,162,162,80,80,221218_071758
0,0,0,0,-0.012179528376726631,-0.11265383439925392,-0.0025661428688365517,0.9900348335497855,0.14077874805522764,-0.00351744993565913,-0.14079825899493398,0.9900194765201562,-0.006106257016447683,0.002622712725908145,0.006540657975933935,0.9999751702773422,162,162,146,90,162,162,90,90,221218_071758
0,0,0,0,-0.017589608464642748,-0.1136820953983102,-0.006571671304833437,0.9897842904262002,0.13826943530714944,0.034765236736496875,-0.13877914281151152,0.9902420340054994,0.01269108384472985,-0.03267120974198491,-0.017386125171925327,0.9993149226872886,120,162,154,162,120,162,162,162,221218_071759
0,0,0,0,-0.01753729028359101,-0.11626153983059284,-0.005435504404907254,0.9887258421570556,0.14777138137397158,0.024183215204971208,-0.14789057721931,0.9889985298545917,0.0032070415020404265,-0.023443255331993606,-0.006747354465619258,0.9997023992104622,96,148,146,162,96,148,162,162,221218_071759
0,0,0,0,-0.016157257542903813,-0.12049197748571272,-0.004459429596947229,0.9895000074432503,0.14428485911044867,0.008462546973847893,-0.14419763826355214,0.9894968978820912,-0.010145452229084903,-0.009837499124289339,0.008818645768871747,0.9999127237403187,100,116,114,18,100,116,18,18,221218_071759
0,0,0,0,-0.014673722709007436,-0.11622195008927416,-0.006027061106209264,0.9892108924755433,0.14648263739568226,0.002155724783818693,-0.1464401511451553,0.9891251133697301,-0.013667195539055519,-0.004134288369551978,0.013204054033657327,0.9999042757268086,114,90,162,162,114,90,162,162,221218_071759
0,0,0,0,-0.014965204648503372,-0.11691165831964578,-0.0029990070158986137,0.9901579635623041,0.13982087688085634,0.0061097939751500185,-0.13979058313919743,0.9901677807235337,-0.005134090244121856,-0.0067675741409709035,0.004229468678218195,0.9999681552604296,148,92,162,162,148,92,162,162,221218_071759
0,0,0,0,-0.01596632568889135,-0.11819342373260511,-0.004395713899328468,0.9908517873583416,0.1342758864792296,0.013517462742543009,-0.13420723471902377,0.9909359137937837,-0.0058679555854034265,-0.0141828642330061,0.004000132984842676,0.9998914167539653,154,162,120,162,154,162,162,162,221218_071759
0,0,0,0,-0.013225543413369789,-0.11679863645897204,-0.0072160640056874725,0.9896718855339112,0.1432536807556113,-0.00528601302701494,-0.14326961892893506,0.9896798215676039,-0.0027689481530987167,0.004834798414627324,0.0034976752116574385,0.999982195337699,146,162,96,148,146,162,148,148,221218_071759
0,0,0,0,-0.01493331070113356,-0.12230258164827656,-0.005728536876721868,0.985986522102937,0.16653219108904926,-0.009879653963309292,-0.16661161804111485,0.9859913945395552,-0.00784465599404868,0.008434866037822793,0.009380790213179495,0.9999204237387597,162,162,100,116,162,162,116,116,221218_071759
0,0,0,0,-0.015775742308512794,-0.12305887234860424,-0.006139929134372946,0.9865418270051922,0.16344686448730245,-0.00451066054213063,-0.16347742939301715,0.9865182722268356,-0.007538477408018414,0.003217708549275484,0.00817441446523626,0.9999614119054009,158,162,114,90,158,162,90,90,221218_071800
0,0,0,0,-0.01766277186818241,-0.12322345805987245,-0.0061096233013328005,0.9867642943569482,0.16192044547202528,0.008831575192102741,-0.16191640393487883,0.9868037780651997,-0.0011754714140568617,-0.008905364620837618,-0.0002700636757572269,0.9999603099856419,162,146,148,92,162,146,92,92,221218_071800
0,0,0,0,-0.017531344903017623,-0.12292761343187786,-0.005930952768085862,0.9864892843797861,0.16327947088564349,0.013368103499082283,-0.16328958376655328,0.986578125148724,-0.0003388382723062298,-0.013244003820736696,-0.0018486117313453027,0.9999105855012553,120,162,154,162,120,162,162,162,221218_071800
0,0,0,0,-0.019469980868031686,-0.12430177737238013,-0.005008610218112386,0.9861593493019043,0.16416276404431318,0.02324488515297991,-0.16431432664502466,0.986396570911472,0.004754676990273707,-0.02214813408926918,-0.008508336818721672,0.9997184945578146,93,148,146,162,93,148,162,162,221218_071800
0,0,0,0,-0.01687515412181939,-0.12855324382684408,-0.005574780876029584,0.9866939959589817,0.16258778972925708,-0.00041105893965506893,-0.16258704244031272,0.9866731734586526,-0.006442236222340641,-0.0006418481198361681,0.006423348658400671,0.9999791640944344,88,112,162,162,88,112,162,162,221218_071800
0,0,0,0,-0.0186732510411238,-0.1264213224629922,-0.005914753932954209,0.9847733905559634,0.17339987418429575,0.012403744828993573,-0.17313769978943921,0.984699066951468,-0.01977585539314291,-0.015643086796871916,0.017327180318182776,0.9997274941991376,117,93,158,162,117,93,162,162,221218_071800
0,0,0,0,-0.015763975756560217,-0.12883479366820028,-0.006029157966377541,0.9856164807755724,0.16884367774435824,-0.007208696784781438,-0.16885027030095523,0.9856416636716333,-0.00031153476308408044,0.007052591216712004,0.0015242441974576619,0.9999739684795581,151,89,162,146,151,89,146,146,221218_071800
0,0,0,0,-0.017724237291157505,-0.12749557841007841,-0.005377599229532182,0.9851434285039921,0.1716958490122974,0.0036000982411474084,-0.17166025420094821,0.9851189204277176,-0.008571449293629792,-0.005018207156488563,0.007826113165150946,0.9999567838410123,154,162,120,162,154,162,162,162,221218_071801
0,0,0,0,-0.016992307881699156,-0.12791763002449918,-0.005027520679029673,0.9856350106325132,0.1688848630264579,0.0012364691587387364,-0.16886106280534355,0.985577369816747,-0.011099079842658153,-0.00309310260027634,0.01073085018245922,0.9999376388408759,146,93,93,148,146,93,148,148,221218_071801
0,0,0,0,-0.017023174942843555,-0.13233158410157098,-0.005703627689880919,0.9831146594185018,0.18276139868522862,-0.009156286750731414,-0.18283109632856703,0.9831160708660638,-0.0074552947740531015,0.0076391525535853995,0.009003463527593462,0.9999302880665085,162,137,88,112,162,137,112,112,221218_071801
0,0,0,0,-0.017011546902430938,-0.1327354717847049,-0.004489329239404205,0.9834864659186496,0.18090246705325277,-0.00535432244933962,-0.18093324597948576,0.9834773008661409,-0.005963151882858132,0.00418710570342116,0.006833454111788602,0.9999678855096952,156,162,117,93,156,162,93,93,221218_071801
0,0,0,0,-0.017686013065512096,-0.1362836021279995,-0.005297230271608611,0.9839809900003672,0.17823815690820333,-0.0035455239193227946,-0.17825265010624936,0.9839753261969383,-0.004306990333042245,0.0027210380362717576,0.004869995646463719,0.9999844394261387,162,146,151,89,162,146,89,89,221218_071801
0,0,0,0,-0.02252076918273936,-0.13878747607592024,-0.005523195428918493,0.9833091149198717,0.18020950094835883,0.025054346597793497,-0.18039705155423016,0.9835789378357601,0.005420040259889783,-0.023666184864471997,-0.009849305245641362,0.9996713974502516,119,162,154,162,119,162,162,162,221218_071801
0,0,0,0,-0.021881079409132295,-0.13874515349554906,-0.004713093567871585,0.9837069060404056,0.17881661673920143,0.018583341635951336,-0.1788526912739406,0.9838758224718643,0.0002842171377618557,-0.018232877789353466,-0.0036032670256840806,0.9998272744000636,85,147,146,93,85,147,93,93,221218_071801
0,0,0,0,-0.01951816088253748,-0.1452289315183216,-0.004796593212539946,0.9855938263185438,0.16902824300014435,-0.0058534255829795715,-0.16906416487398196,0.9855848652957683,-0.006307254187459192,0.004702943571258178,0.007205995296019923,0.9999629772914391,70,112,162,137,70,112,137,137,221218_071801
0,0,0,0,-0.021685834271959248,-0.14432435392233167,-0.003810084353251697,0.9844478425818871,0.17530854818547792,0.011373573271732567,-0.17527142820489297,0.9845112340649695,-0.004190042349193524,-0.011931960898554559,0.0021314157198611535,0.9999265399898858,117,86,156,162,117,86,162,162,221218_071802
0,0,0,0,-0.026422999189307614,-0.14332350454189213,-0.0043619842024842925,0.9807721815675627,0.19124575648337644,0.038871435403188055,-0.19028239700795857,0.9813534483036025,-0.02716650311568671,-0.043342095612796894,0.019247600622675658,0.9988748633428319,151,89,162,146,151,89,146,146,221218_071802
0,0,0,0,-0.020531410977257192,-0.14661142248898074,-0.004914989504420542,0.9808431146992608,0.1947511484855423,-0.004332956336560965,-0.19476495759717527,0.9808452654719251,-0.0030292727641703433,0.003660005358314201,0.003815149390443483,0.9999860244002943,154,162,119,162,154,162,162,162,221218_071802
0,0,0,0,-0.022764796178633723,-0.14374463954632255,-0.0057010686309782455,0.9813362945849439,0.19202979856068284,0.010180048871972287,-0.19187250609096687,0.9813102042746549,-0.014670528034399185,-0.012806964381305653,0.01244345013168855,0.9998405583952655,162,135,85,147,162,135,147,147,221218_071802
0,0,0,0,-0.019902161391769965,-0.14962598005064243,-0.005457943855202874,0.9801363875458494,0.1981621199945945,-0.008027204234335108,-0.19819889783952113,0.9801533653437441,-0.004071523121919817,0.007061069591138434,0.005581630996506024,0.9999594925253964,162,154,70,112,162,154,112,112,221218_071802
0,0,0,0,-0.021572427471805017,-0.14737546054231365,-0.005952552993905236,0.9816846785322418,0.19034743489673692,0.007940148819838,-0.19033351736409396,0.9817163548666629,-0.0024800715968142516,-0.008267049223324096,0.0009233718349816999,0.9999654010422528,160,162,117,86,160,162,86,86,221218_071802
0,0,0,0,-0.023721682597311278,-0.15010741411243678,-0.00578458292650591,0.981332048498004,0.19167935762995486,0.01569823076904843,-0.19168473891395055,0.9814558470640251,-0.0011752154389143437,-0.015632384917250955,-0.001855834692279364,0.9998760845321754,155,162,151,89,155,162,89,89,221218_071802
0,0,0,0,-0.02166358491668867,-0.14921660258525205,-0.006672761753093559,0.9818880575261277,0.1894577410589709,-0.0012676120855413988,-0.18946165759965183,0.9818520271198378,-0.008418856232177164,-0.0003504099882581407,0.008506538279324384,0.9999637573529065,117,162,154,162,117,162,162,162,221218_071802
0,0,0,0,-0.019256375032007153,-0.14929700717741312,-0.005972742963200661,0.9817090520097408,0.18958581779934983,-0.01745150112420126,-0.18986283546342345,0.9816822915919895,-0.015873943570806685,0.01412235504175399,0.01889698558108675,0.9997216927845582,77,147,162,135,77,147,135,135,221218_071803
0,0,0,0,-0.025825126090367856,-0.15504787822403598,-0.0056791084832759076,0.9812316109446183,0.19212417230198492,0.01651750890138284,-0.19195432653147987,0.9813384310832376,-0.011332263892806884,-0.018386468091399717,0.007948968258045938,0.9997993557183144,64,112,162,154,64,112,154,154,221218_071803
0,0,0,0,-0.02508925768464776,-0.15459396658029867,-0.005157127901873337,0.9811112776091225,0.1929835291370682,0.013342354739602815,-0.192897356389328,0.9811904198464946,-0.007481303326916563,-0.014535158967265037,0.004766286107974953,0.9998829989906486,119,87,160,162,119,87,162,162,221218_071803
0,0,0,0,-0.022212301570325874,-0.1568485580364799,-0.006309750033848871,0.9797297662104064,0.20014331569934166,-0.008499316571095207,-0.200130269115722,0.9797664367999451,0.002367425607708596,0.008801169522895013,-0.000618466824487954,0.9999610776994354,146,80,155,162,146,80,162,162,221218_071803
0,0,0,0,-0.023722999098335196,-0.15533247813860074,-0.006013649583283931,0.9790835772641017,0.20344806562155401,-0.0020575049398854454,-0.20345732979361528,0.9789941838517732,-0.013247752173563077,-0.0006809441841510543,0.013389271049906616,0.9999101278293815,154,162,117,162,154,162,162,162,221218_071803
0,0,0,0,-0.0236894571326043,-0.15452026543719932,-0.006446051015992882,0.9801684113886158,0.19816542989148753,0.0005896709584508494,-0.19813788663739304,0.9800738932184829,-0.014019333451826368,-0.0033560683522401314,0.013624471640685197,0.999901550442706,162,136,77,147,162,136,147,147,221218_071803
0,0,0,0,-0.02381201107548428,-0.16095539357755295,-0.005588375799769452,0.9764783135537082,0.2153443910881166,-0.010811863215690394,-0.2154275547533817,0.976493170286356,-0.007215056277068083,0.009003988687540205,0.009374519240511223,0.9999155197199032,162,151,64,112,162,151,112,112,221218_071803
0,0,0,0,-0.02511897527869064,-0.15976566480243115,-0.006282579945888489,0.9781322143345341,0.20795321922213839,0.0035818844439180013,-0.207955086353571,0.9781383637785548,0.00015285382053377598,-0.0034717921451674666,-0.0008943823347915573,0.9999935733491191,162,160,119,87,162,160,87,87,221218_071803
0,0,0,0,-0.027251275141128115,-0.16299976045646614,-0.005425734273979854,0.9782193757035345,0.20702593001948064,0.01507041133336979,-0.20701971851673198,0.9783347502454554,-0.0019881165497220546,-0.015155498785621942,-0.0011750581820707921,0.99988445837248,149,162,146,80,149,162,80,80,221218_071804
0,0,0,0,-0.024476542775038704,-0.16091280586340007,-0.006701134597492608,0.9778317938179049,0.2093442086319593,-0.004470493386263388,-0.2093772447466015,0.9777932248040211,-0.009032104387939586,0.0024803993992450132,0.009767898423483154,0.9999492166001275,116,162,154,162,116,162,162,162,221218_071804
