0,0,0,0,0,0,0,1,0,0,0,1,0,0,0,1,162,162,83,96,162,162,96,96,221218_064753
0,0,0,0,0.00025925433120252417,-0.0001447587761673752,-0.0009339762700367182,0.9999997120653816,-0.000535991679760206,-0.0005371983562840685,0.0005417156059761278,0.9999424754712458,0.010712249653539676,0.0005314257775159733,-0.010712537577844631,0.9999424779082476,162,122,139,103,162,122,132,132,221218_064753
0,0,0,0,-0.003791614287858028,-0.002077267252377113,-0.0032166488051644238,0.9991879777486715,-0.0016060046780744588,0.040259233369431026,0.0006033532034505649,0.99968964849033,0.024904671573689884,-0.04028673587462987,-0.024860157888787416,0.9988788472393999,71,92,162,90,84,76,162,162,221218_064753
0,0,0,0,-0.0018063842241538425,0.001187732186447965,-0.002929570815328464,0.9998771899726563,0.012464701994519467,0.009499272423327026,-0.012481733617063706,0.9999205935677468,0.001735766412107754,-0.009476882308935812,-0.001854120630530778,0.999953374382221,146,162,113,153,162,131,162,162,221218_064753
0,0,0,0,0.0008609442184260158,0.0039335881982185406,-0.003928454790169955,0.9998951644660378,0.008356087753841536,-0.011825221980422468,-0.008468164474583293,0.9999193993570141,-0.009459650096083934,0.011745223193603911,0.009558796313294232,0.9998853329983262,120,162,162,88,162,162,96,96,221218_064753
0,0,0,0,0.0009164420214115704,0.00016790684891787588,-0.0045865830906452465,0.9985793806926284,0.05214479838588994,-0.010960860222734289,-0.05218830489138569,0.9986303285892391,-0.003721243651345835,0.010751803945905677,0.004287985895943633,0.9999330037001805,96,96,18,18,68,99,82,82,221218_064753
0,0,0,0,-0.003971348879417302,-0.005799203267610076,-0.0040388373055667,0.9987189122791206,0.045720229853294395,0.021683976530444005,-0.04584772605241165,0.998933740422031,0.005419249235228782,-0.02141308646211303,-0.0064064677172716725,0.9997501872465708,162,138,162,146,138,162,162,162,221218_064753
0,0,0,0,-0.001440390223189536,-0.003216543910258607,0.0004817119292831462,0.9977411291466362,0.06607165708841399,-0.012131584347783626,-0.06617278464544436,0.9977750382298477,-0.008132383272696808,0.011567271997493241,0.008916793987607871,0.999893338813455,162,162,162,45,162,162,77,77,221218_064753
0,0,0,0,-0.003914028981360451,-0.0033116506585498806,-0.00388274486444784,0.9979050709613169,0.06321232500503621,0.013772121011260173,-0.06328463689558515,0.9979835911076982,0.004879202063514353,-0.013435925077383132,-0.005740544158905358,0.9998932553378257,105,113,162,162,77,104,158,158,221218_064754
0,0,0,0,-0.006904366603251694,-0.0038022548227673036,-0.005480863836316852,0.9975773183594511,0.060819124744377964,0.03377170354150708,-0.061333853658456394,0.9980131425424738,0.014419629256667638,-0.03282761474994325,-0.016456043808415168,0.9993255457217157,146,162,162,162,162,100,162,162,221218_064754
0,0,0,0,-0.004496943997161343,-0.006468028335565701,-0.002217711722538651,0.996270313314467,0.08519487223227698,0.013685633109995484,-0.08520830462512698,0.9963630786695479,0.00040035865461962166,-0.01360175103458959,-0.0015649950372999993,0.999906267186743,162,162,146,58,162,154,76,76,221218_064754
0,0,0,0,0.0010572736893483814,-0.009977866624317322,-0.003273696951055838,0.9955428095128074,0.09333675088812929,-0.013519073969580065,-0.0931937497941174,0.9955888863926798,0.010848699954177645,0.014472022203517586,-0.009540452034973808,0.9998497588879588,84,135,162,134,72,139,162,162,221218_064754
0,0,0,0,-0.006009903872044253,-0.010499215064099454,-0.004353155782172047,0.9935353259050862,0.10667203026832875,0.038841139750371165,-0.10747604515464736,0.9940216720445287,0.019230580431062416,-0.03655756962095932,-0.023280753085588236,0.9990603338333359,149,108,159,146,146,90,162,162,221218_064754
0,0,0,0,-0.0015289337158057442,-0.012963424871459184,-0.0020087355202354495,0.9907212168630917,0.13579853220070465,-0.005498100530997063,-0.13579586156484205,0.990736467470204,0.000857908225909099,0.005563671375717385,-0.0001033285829524994,0.9999845173221568,143,162,131,59,162,162,18,18,221218_064754
0,0,0,0,0.00034921612663919854,-0.015925396358430488,0.0006074842712054385,0.9919978385731729,0.12616226678242407,-0.004834325855287962,-0.12621753939518335,0.9919082635017235,-0.013679530182797378,0.0030693672279398523,0.014180241088121106,0.999894744334374,101,160,154,162,104,160,134,134,221218_064754
0,0,0,0,-0.0042810167758486894,-0.014513908258487307,-0.005288204359185034,0.9908913699935796,0.13333332283432872,0.01888168144535653,-0.13371375952896195,0.9908066313208116,0.020563313043779997,-0.015966320329936685,-0.02290075004584486,0.9996102401748691,125,81,162,130,128,69,162,162,221218_064754
0,0,0,0,-0.0040899479356258095,-0.019511157557439485,-0.0051084482866020076,0.990628625081008,0.13569517741083725,0.015548183094918273,-0.13581042142445798,0.9907128064919392,0.0066079108178640775,-0.01450712247907191,-0.008657590906663924,0.9998572845746888,162,162,101,114,162,162,138,138,221218_064755
0,0,0,0,0.00021891228964210363,-0.01961099052290549,-0.004846538989771165,0.9902381960402697,0.13820508357275643,-0.018101656762870608,-0.13811599417808812,0.990397344678138,0.006088662143099329,0.01876931685255533,-0.003529097496806212,0.9998176124752686,97,81,129,129,109,93,162,162,221218_064755
0,0,0,0,-0.004191068329868028,-0.024329497784808307,-0.0035497951833245445,0.9908275147680878,0.13507983717939262,0.0037780373322580745,-0.13508887706650397,0.990830933753931,0.0022485571428763505,-0.003439661524930219,-0.0027383031064199402,0.9999903351656412,162,162,97,135,162,133,152,152,221218_064755
0,0,0,0,-0.0005298048263482347,-0.024989085401166733,-0.0024207375575122647,0.9908025979793313,0.13327807114820672,-0.023391613634429646,-0.13355593417453301,0.9909830665765414,-0.010741238537636874,0.02174912145758167,0.013766535859402665,0.9996686742147395,69,146,162,125,76,146,124,124,221218_064755
0,0,0,0,-0.004937172046910479,-0.023760287149850456,-0.0043645043226394065,0.9911919984772961,0.13238480937976457,0.0035615165405638713,-0.13236192156975665,0.9911830645530405,-0.006037736463678868,-0.004329419469961851,0.005513146898701763,0.9999754303673297,156,96,162,162,138,162,162,162,221218_064755
0,0,0,0,-0.008179546106410182,-0.0332611180906327,-0.002953965975813988,0.9921198243826335,0.12351288785865236,0.021043302967684183,-0.12360979617036111,0.9923252015073427,0.0033634423041619486,-0.020466371385654217,-0.005938096178712659,0.9997729075425462,162,146,122,50,147,162,30,30,221218_064755
0,0,0,0,-0.005951218790579582,-0.03321151780740084,-0.00429760163136278,0.9908822315148648,0.13470527212290417,0.0026254390903725656,-0.13467879744221414,0.9908529429059374,-0.008489231659108119,-0.0037449683098705077,0.008058237830774464,0.9999605192283446,84,135,162,132,80,137,133,133,221218_064755
0,0,0,0,-0.005928210474714077,-0.034372136424322464,-0.005044542491408011,0.9928621190096997,0.11904908895444519,0.0072199068336924995,-0.11906582309413177,0.9928844823412167,0.0019324846521238215,-0.00693847292186884,-0.002778334956477867,0.999972068834116,154,95,162,162,146,90,162,162,221218_064756
0,0,0,0,-0.005854065094865607,-0.040400310281255125,-0.002367636680983831,0.9934276115699533,0.11446162810761405,-0.0003409712213503885,-0.11446160213888601,0.9934276685550183,9.478997870838242e-05,0.00034958006076173977,-5.513886986998236e-05,0.9999999373767411,162,157,110,68,152,162,48,48,221218_064756
0,0,0,0,-0.0033402553367859467,-0.040629650700204634,-0.003222671115184872,0.9928876381910524,0.11855974635139618,-0.010850090897667796,-0.11855582447892538,0.9929468787470646,0.0010062149794229378,0.010892860483696526,0.0002872830576126362,0.9999406297670513,103,143,138,162,94,140,162,162,221218_064756
0,0,0,0,-0.008356752357332811,-0.04536275951695612,-0.003162357829130824,0.9930889376542432,0.11549839122962328,0.02084426856807062,-0.11580964066542204,0.9931670991293415,0.014395844398806257,-0.019039144878769513,-0.016710321073447935,0.99967908657324,141,86,162,162,138,90,162,162,221218_064756
0,0,0,0,-0.00597125725357768,-0.049630352407544764,-0.003133713551555062,0.9926147362216572,0.1212314922857734,-0.004348645050481844,-0.12122869456695096,0.9926241935157536,0.0009022531757809368,0.004425951785040293,-0.00036840923547769094,0.9999901375640821,162,162,106,122,162,140,137,137,221218_064756
0,0,0,0,-0.006720723191398506,-0.048804954907647136,-0.0043278640469974206,0.9927463221443895,0.12013723385729924,-0.004667430760803526,-0.12014586559935797,0.9927549372107255,-0.0016141942600517033,0.004439690098565937,0.0021632579237746124,0.9999878046591287,50,130,162,138,28,130,158,158,221218_064756
0,0,0,0,-0.008324282334218114,-0.05282277956842463,-0.0037627696382236953,0.9943185616729505,0.10609716487878397,0.008601715952044616,-0.10612482603529834,0.9943488037886804,0.0028244827841519817,-0.008253436351798104,-0.0037212912684237223,0.9999590155499787,146,42,160,146,146,80,162,162,221218_064756
0,0,0,0,-0.007348919506878618,-0.05211517418546807,-0.004212183348559606,0.9953584113971893,0.0950283928963233,-0.015206492179535744,-0.09504996945839506,0.9954722558011883,-0.0007008823382227347,0.015071037350574815,0.0021430057479840986,0.9998841289667226,162,114,104,80,162,154,50,50,221218_064756
0,0,0,0,-0.006711752793926759,-0.05296278505588803,-0.0037708643062931424,0.9958048296772756,0.0905242317874296,-0.013345585439006416,-0.0905388760564977,0.9958927983961421,-0.0004960092008441044,0.013245871577220975,0.00170222266372887,0.9999108206856064,74,138,162,136,82,140,162,162,221218_064757
0,0,0,0,-0.00896341529932572,-0.05567658433691891,-0.0036896312949964427,0.9948780360725572,0.10091646830036315,0.005793079163465888,-0.10091811915867668,0.9948947347186928,-7.382208209897437e-06,-0.005764248943921584,-0.0005772822565085112,0.9999832199488693,152,92,162,162,138,124,146,146,221218_064757
0,0,0,0,-0.008292522235981745,-0.06301831189286411,-0.003123767636711461,0.9961911335081685,0.08718596928495533,-0.0013536172112565638,-0.08718468179108861,0.9961916810415841,0.0009827942456397576,0.0014341480740823062,-0.0008610362277385704,0.9999986009169793,162,162,108,124,162,160,134,134,221218_064757
0,0,0,0,-0.007040055401682788,-0.06323204643506719,-0.0038965062907422854,0.9972285817642726,0.07433663463830077,-0.0030365215411677173,-0.07431788823836681,0.9972172691538219,0.005879590902731728,0.003465140719769081,-0.00563762822875545,0.9999781047341718,60,146,162,135,60,146,162,162,221218_064757
0,0,0,0,-0.009685025912238687,-0.06198893068447464,-0.005354734848763698,0.9974759523463484,0.07054377965454744,0.008080819438480246,-0.0705834054574021,0.9974946768399146,0.004727848355303255,-0.007727054081771937,-0.00528628679560915,0.9999561729431604,146,132,162,146,146,90,146,146,221218_064757
0,0,0,0,-0.006612436566360236,-0.06477644188909748,-0.0047145107507760575,0.9983245824995246,0.057762876265126856,-0.003387934876896855,-0.057761417592704076,0.9983302765143713,0.0005269083608052535,0.0034127137049133308,-0.0003303336481149441,0.9999941221151498,162,160,92,137,162,162,140,140,221218_064757
0,0,0,0,-0.0070224389028047535,-0.06766113899570003,-0.003050265406154329,0.9987550911149883,0.04985989537741062,0.0015029320827596826,-0.04985979578590422,0.9987562215145089,-0.0001036834116304596,-0.0015062324122262604,2.8618448504216984e-05,0.9999988652218086,162,162,162,18,162,162,18,18,221218_064757
0,0,0,0,-0.009739342665102513,-0.068712015888022,-0.00547690281623614,0.9985187921973384,0.05088907156973164,0.01924900058547363,-0.051157761364244866,0.9985961526355578,0.013733440707338224,-0.01852309587967915,-0.014697834406256492,0.9997203952019779,138,142,162,162,138,123,162,162,221218_064757
0,0,0,0,-0.009612362425702306,-0.06769414467686874,-0.004062518504672374,0.9988751466104652,0.04715334709356514,0.005000334168459206,-0.0471662165292688,0.9988839568088922,0.0024877395613536525,-0.004877448332542348,-0.0027207880631841307,0.9999844037834182,146,100,114,150,162,137,152,152,221218_064758
0,0,0,0,-0.009300468243476634,-0.06941608776156893,-0.0036454736962753254,0.9984910100081438,0.05322520579355304,0.013519630215069859,-0.053323738820359054,0.998552495588363,0.007035085818262109,-0.013125616600237542,-0.00774538717470665,0.9998838568385716,162,162,162,18,162,162,18,18,221218_064758
0,0,0,0,-0.007944957471686248,-0.06700094184344008,-0.004366300921762933,0.9982019907590567,0.05993549018598248,0.0007229528496853538,-0.059931080409517314,0.9981896598065331,-0.0050664244063547605,-0.001025302689368643,0.005013987583086685,0.9999869042557066,133,87,162,162,127,84,162,162,221218_064758
0,0,0,0,-0.01035578490074894,-0.07169202731803825,-0.005090028385326628,0.9983548109151478,0.05252559775301508,0.02299419716514045,-0.05278050320287394,0.9985496402423363,0.01062235630887846,-0.022402901692242926,-0.011818525821345469,0.9996791647539613,162,127,139,162,162,162,154,154,221218_064758
0,0,0,0,-0.009450599560849204,-0.07547275858301439,-0.003196800216095863,0.9975360937137278,0.06977526605577646,0.0072906779659152945,-0.06974115499147335,0.9975534140132764,-0.004832958815511159,-0.007610061682559032,0.004312590555890554,0.9999617435301636,162,162,140,51,160,162,40,40,221218_064758
0,0,0,0,-0.008508632690613194,-0.07968251617489452,-0.0029601296358646167,0.997239829773111,0.07420722124520673,0.0024515768727359005,-0.07420654111921339,0.9972428261485298,-0.0003673559794616381,-0.0024720779155311978,0.00018441897441088645,0.9999969274054902,96,96,162,82,99,99,162,162,221218_064758
0,0,0,0,-0.009994567468945267,-0.08214752685629045,-0.0026056699371647674,0.9979739727987306,0.06109459764794847,0.01775949758735019,-0.06111762715524344,0.9981302838440517,0.00075638899123926,-0.01768008108670451,-0.001840274878575805,0.9998420015788189,162,127,77,154,162,105,154,154,221218_064758
0,0,0,0,-0.010014003403640795,-0.07903349560679218,-0.0033752899801748892,0.9982474542476413,0.05524217044612023,0.021220808007866465,-0.05500944516709069,0.9984207672393287,-0.011398793253672868,-0.021816989492451963,0.010211471472464565,0.9997098303107023,162,122,111,79,149,162,60,60,221218_064758
0,0,0,0,-0.0034193932295880913,-0.08048366504764082,-0.004954556430290358,0.9982020610289342,0.05974117285218357,-0.004861853950365025,-0.05974317049385631,0.998213745910404,-0.0002665611769723548,0.004837244766513993,0.0005565444857171169,0.9999881455903885,89,109,162,162,110,118,135,135,221218_064759
0,0,0,0,-0.004806125578732778,-0.0825409191491655,-0.002720105787232696,0.9981252881509007,0.0603911674767103,-0.009940625960228912,-0.060434164890555926,0.9981638340863577,-0.004083140458479183,0.009675787702421477,0.004676239175076196,0.9999422542924742,154,162,162,162,162,140,162,162,221218_064759
0,0,0,0,-0.009341175423366821,-0.08400930804914675,-0.0030293351029102022,0.9970331875177947,0.07191940822282654,0.027430306396132354,-0.07217433493159439,0.9973565044355103,0.008418339347033933,-0.02675235251878396,-0.010373127833890224,0.9995882701660981,133,159,117,64,149,162,47,47,221218_064759
0,0,0,0,-0.004900640120852617,-0.08742704736267493,-0.004635219187621553,0.9981514485593449,0.06017516178423983,-0.008522654699238243,-0.06013662278367797,0.9981790505009511,0.004708475463874198,0.008790468648228888,-0.00418724793400801,0.999952596184281,108,116,162,153,97,113,162,162,221218_064759
0,0,0,0,-0.006772689820507952,-0.08963267195151015,-0.0028132799900844607,0.997792120065508,0.06587152077085431,-0.008475133421673853,-0.06590363053522427,0.9978196183469311,-0.003566612434951872,0.008221716211163452,0.004117279844681178,0.9999577248010155,154,141,120,162,146,40,162,162,221218_064759
0,0,0,0,-0.007409398845873119,-0.08767323027406326,-0.0026127726354488456,0.9977115905772324,0.06652473912965391,0.01208474706320538,-0.06648516521338543,0.9977807452987476,-0.0036478922168032843,-0.012300603009567847,0.0028360879408228234,0.9999203227111614,140,155,111,68,162,114,60,60,221218_064759
0,0,0,0,-0.0056900374184767205,-0.08893174349864241,-0.005745076234866475,0.9976152712713374,0.06869638277646123,0.006676639847027397,-0.06866464997804148,0.9976279039691,-0.004871454158053819,-0.006995453495666166,0.00440138792324757,0.9999658451240918,101,117,114,18,64,122,148,148,221218_064759
0,0,0,0,-0.00547221925063518,-0.09310922989470183,-0.004624282380460143,0.9987405137487495,0.04987125067523808,0.005499504793439697,-0.04989234116696762,0.998747498331252,0.0037668116418593384,-0.005304761046871046,-0.004036450563788665,0.9999777830417442,162,113,162,162,159,105,162,162,221218_064800
0,0,0,0,-0.004141547483850344,-0.09135696744601696,-0.0029687688131716516,0.9991497525972466,0.038484517898411306,-0.014788974507661633,-0.038722146243399085,0.9991197854075002,-0.016132259530990505,0.014155114805829648,0.016691203952899063,0.9997604895350867,162,162,105,124,162,162,124,124,221218_064800
0,0,0,0,-0.00495103911901143,-0.08999672579277418,-0.004845465454510034,0.9994370475791262,0.031542374857830076,-0.011430945483546834,-0.03159777643926908,0.9994896204967065,-0.0046988342642599705,0.01127689897151071,0.00505738150401426,0.9999236243043311,104,152,162,106,91,154,128,128,221218_064800
0,0,0,0,-0.008950941797046433,-0.0968148629738893,-0.00504026134104163,0.9996519170463704,0.012755692174244866,0.023094091510031025,-0.012954260259559055,0.9998802233529193,0.008469125624445692,-0.022983295817732115,-0.008765344538063075,0.9996974226477147,160,88,162,162,153,88,162,162,221218_064800
0,0,0,0,-0.007164889998472493,-0.1009201284574951,-0.005234732952811627,0.9996428955522839,0.011169367820179653,0.024276049809311275,-0.011434208079875368,0.9998763208637843,0.010798234183797637,-0.024152437919032904,-0.01107195549122039,0.9996469734582141,162,162,101,140,162,162,140,140,221218_064800
0,0,0,0,-0.003442291134375844,-0.10303544695346478,-0.004732843252472918,0.9997854467224757,0.01566661796900593,-0.013550557307895625,-0.015571814286088425,0.9998537297105633,0.007073739019488395,0.013659396830786954,-0.006861214563725501,0.9998831654813124,162,162,162,18,162,162,18,18,221218_064800
0,0,0,0,-0.006615592232580403,-0.109950082621319,-0.004721514088629253,0.9997408153584308,-0.003776144683698946,0.022450898373764214,0.0034552820167717104,0.9998915878284483,0.014313406865206853,-0.0225025139183579,-0.014232122864567596,0.9996454789304665,144,88,162,162,138,102,162,162,221218_064800
0,0,0,0,-0.0065796066410346715,-0.11050477505297862,-0.004573355215030439,0.9997166326564844,-0.005143169235196271,0.023242250325628922,0.005010232626935618,0.999970777504102,0.005774227815656173,-0.02327126895992252,-0.005656142507153628,0.9997131869155943,162,162,112,140,162,162,140,140,221218_064800
0,0,0,0,-0.004918707188670851,-0.10957502026327726,-0.0037245855871022027,0.9998635555357951,0.007146919938211041,0.01489267762076636,-0.007094821074903417,0.9999685364370338,-0.0035481896639324075,-0.014917567671520004,0.00344204465004918,0.9998828023840556,162,162,162,18,162,162,18,18,221218_064801
0,0,0,0,-0.0018100719820036831,-0.11136918478778257,-0.005801265350488083,0.9999992852637,-0.00020154336320395955,-0.0011784958049903386,0.00019780984867475324,0.9999949645517268,-0.0031672926065285764,0.0011791282175398576,0.0031670572246732588,0.9999942896862873,156,97,162,162,138,151,138,138,221218_064801
0,0,0,0,-0.00607707272781946,-0.11459136145810178,-0.004869915029922178,0.9996419170671301,0.0005719468297376375,0.02675276657052316,-0.0007056905625387406,0.9999873004976029,0.004990074583243952,-0.02674957276636192,-0.005007166897592615,0.9996296257296883,138,162,104,148,162,145,138,138,221218_064801
0,0,0,0,-0.006746720392119099,-0.11518853466187007,-0.003025039228785109,0.9996966671501475,0.010693640956055477,0.02218602560151217,-0.010624122803040651,0.9999382843314445,-0.0032489295088521217,-0.022219399261768753,0.0030122369413034646,0.9997485807567098,162,162,162,18,162,162,18,18,221218_064801
0,0,0,0,-0.003996298630515205,-0.11570779353764815,-0.004933765568791992,0.9995682205625773,-0.02282106926476726,0.01850868009816261,0.022553432904081787,0.9996398694973859,0.014542144803669417,-0.01883388185171892,-0.01411843152982974,0.9997229390113708,138,113,162,162,139,83,162,162,221218_064801
0,0,0,0,-0.004505538045121965,-0.1160504952666962,-0.004942407335908283,0.9995409018333097,-0.015756673173697878,0.025878810110822124,0.0153357029800316,0.9997481309641749,0.016385690334806913,-0.026130476007202124,-0.015981297949077506,0.9995307880898416,162,137,97,140,162,162,130,130,221218_064801
0,0,0,0,-0.004492065943722742,-0.11755754248832684,-0.0019461021774960785,0.9999097563852732,-0.007029928818286313,0.011448108418167437,0.006991921406076879,0.9999699226171883,0.0033566197320312203,-0.011471360886814294,-0.0032762725442249683,0.9999288344265408,162,162,162,18,162,162,18,18,221218_064801
0,0,0,0,-0.0022195829112838794,-0.11647634186467803,-0.00471525489504554,0.9999891353481719,-0.000976583111901213,0.004558011742206899,0.0009542819309128724,0.9999875770213983,0.004892356167435945,-0.00456273291053508,-0.00488795338544323,0.9999776444401588,146,47,162,146,147,91,162,162,221218_064801
0,0,0,0,-0.005590139382321668,-0.1196147157464672,-0.004553844384653727,0.9996140920705057,-0.0058539823640507485,0.02715506996016325,0.005489429393120106,0.9998940718052479,0.013480034631285045,-0.027231105357622284,-0.013325766739818798,0.9995403397771387,162,160,162,138,162,124,138,138,221218_064802
0,0,0,0,-0.0034864412412598245,-0.11439422374811403,-0.004067654035588619,0.9998802230753429,0.00020693559813551935,0.01547568029074695,-0.0002442377309116947,0.9999970696854354,0.00240851997573394,-0.01547513653361378,-0.0024120112356565745,0.9998773436532429,162,162,162,18,162,162,18,18,221218_064802
0,0,0,0,-0.0037060926427757435,-0.11786064796887563,-0.005407107142509193,0.9995416235311477,-0.020937821603241844,0.021866651669380198,0.0206084644428492,0.9996723701939533,0.015180364426179203,-0.022177331264762398,-0.014722767990924928,0.9996456402549148,145,80,132,162,138,107,138,138,221218_064802
0,0,0,0,-0.006059911967197518,-0.12089447238887308,-0.005543053136994491,0.9992709431505952,-0.010478706383260693,0.036712108185909385,0.009812244591480054,0.9997846273953788,0.0182871178691655,-0.036895826742295246,-0.017913557335637827,0.9991585471948811,162,162,112,140,122,25,141,141,221218_064802
0,0,0,0,-0.0014610986073163579,-0.11863900903244018,-0.0016138080719201864,0.9998563982475829,-0.016516709897768416,-0.0037922523023450226,0.01652705267358393,0.9998597398768463,0.0027123980773124156,0.0037469205083998456,-0.0027746833257476142,0.9999891308005029,162,162,162,18,162,162,18,18,221218_064802
0,0,0,0,0.002244852349734955,-0.11730188722472368,-0.003731452518862699,0.9994288071802806,-0.020975866445890123,-0.026496648939921957,0.021411963093828368,0.9996381229988486,0.016283454295943914,0.026145500849473507,-0.01684149857298102,0.9995162713588741,160,93,130,162,155,96,138,138,221218_064802
0,0,0,0,-0.004733483404454314,-0.11813359392748601,-0.005401192765939311,0.9988895639755034,-0.03561333928193547,0.03084362245293074,0.03481197192407661,0.9990519568639493,0.026140277295232845,-0.031745323932612264,-0.025037522870765393,0.9991823441479085,162,154,143,138,162,162,138,138,221218_064802
0,0,0,0,-0.0034866963390906697,-0.11511719851162483,-0.002625673839678433,0.9995112538657448,-0.03071118038115093,-0.00583753332526687,0.030685539462803828,0.9995192602029437,-0.004432397910497366,0.005970851162431103,0.0042511037339356995,0.9999731381659407,162,162,162,64,162,162,18,18,221218_064802
0,0,0,0,-0.0023045761415619176,-0.11688095326031511,-0.004952536869991697,0.9990991627511968,-0.04195842311822474,-0.006352457736264207,0.041957655753964415,0.9991193575186577,-0.00025407702893756574,0.0063575241636054875,-1.268608800363589e-05,0.9999797906585773,151,89,162,138,130,94,162,162,221218_064803
0,0,0,0,-0.00831308748040964,-0.12243451587767429,-0.004565607679101746,0.9986841798464299,-0.041371620647847746,0.030303430984539935,0.040666362716811566,0.9988956528021435,0.0235312931298769,-0.031243493208169222,-0.022267999864155792,0.9992637191023203,162,140,108,144,162,149,142,142,221218_064803
0,0,0,0,-0.001776042087242205,-0.11987175743349221,-0.0042162969566614805,0.9995974133839137,-0.02753521657065233,-0.006842733707899822,0.027627431082275226,0.9995234643733033,0.013768413815111881,0.006460356645270543,-0.013951917989914528,0.9998817969022232,162,162,162,18,162,162,18,18,221218_064803
0,0,0,0,-0.004631334144489782,-0.12541820702476925,-0.004311662380740822,0.9987733143859048,-0.046157237572970085,0.017926959871311474,0.04589750986670639,0.9988388827574711,0.014639155707965352,-0.01858184755697894,-0.013798395248682128,0.9997321237361187,138,148,162,162,140,84,162,162,221218_064803
0,0,0,0,-0.005034225486207675,-0.12744015744512172,-0.0034307200841823815,0.9987673848507957,-0.04571744882030578,0.019329403293083566,0.04548870751241869,0.9988914164530962,0.012112622555703022,-0.01986173323639144,-0.011218422780855535,0.999739795418366,162,140,113,137,162,151,132,132,221218_064803
0,0,0,0,-0.0009421906221291909,-0.12619450089106632,-0.00392055543799491,0.9968019421873205,-0.07982629884722697,0.0036945992935214726,0.07978435981573505,0.9967582036842381,0.01037011653569321,-0.004510430176802299,-0.010042181064078629,0.9999394034735783,162,162,162,18,162,162,18,18,221218_064803
0,0,0,0,-0.0036251454094583524,-0.1260618144102943,-0.005033176307696063,0.9971471357587425,-0.07321383757823491,0.018366372401871257,0.07291882153414621,0.9972054926981377,0.01624963995709412,-0.019504745940608945,-0.014864027708925495,0.9996992675630308,162,162,162,162,154,162,154,154,221218_064803
0,0,0,0,-0.0038077766942566232,-0.12838512903039634,-0.00536401831541039,0.9968110712991507,-0.07687545812026654,0.021397478221504486,0.07648009189199564,0.9968953391880366,0.018721064322362715,-0.022770236705675892,-0.0170248830823966,0.9995957531304333,138,162,124,71,144,162,18,18,221218_064803
0,0,0,0,-0.0007562706645986017,-0.12697360788029743,-0.0048863020587657235,0.9969975787606559,-0.07737751492646204,-0.0029237183850953498,0.07737945159101252,0.9970015608935726,0.000555020047986625,0.0028720057215057206,-0.0007795893692513521,0.9999955719019714,159,92,162,162,138,162,162,162,221218_064804
0,0,0,0,0.001083412366349637,-0.12728374636313378,-0.004757556038407218,0.9966482329771779,-0.08129988194317866,-0.009090043976551469,0.08126493333616312,0.9966838926161312,-0.004150760102090858,0.009397356720875688,0.0033981459034837743,0.9999500698990321,162,162,162,122,106,18,124,124,221218_064804
0,0,0,0,-0.0043885762083376995,-0.12637254899798367,-0.004237207948515009,0.9981750611953704,-0.055859595468386966,0.022940200559889264,0.055551973448138614,0.9983599346270364,0.013835431959875171,-0.023675418763711167,-0.012535809730815084,0.9996410996056311,162,162,162,18,162,162,18,18,221218_064804
0,0,0,0,0.0012645115718342148,-0.12797741055170886,-0.003501831216814466,0.9978127085206594,-0.06509763652468989,-0.011493321259157687,0.06536554095684044,0.9975552196285024,0.024716995111685857,0.009856204649176937,-0.025414199000378328,0.9996284178228843,162,108,162,154,162,109,162,162,221218_064804
0,0,0,0,-0.0027739592272930658,-0.12688716169942726,-0.004892406382972114,0.9968779895468803,-0.07613776215158334,0.020912080994475557,0.07572078293570171,0.9969273195268993,0.020056984133114294,-0.022374918738957042,-0.018410886873275974,0.9995801129754256,162,162,92,128,98,18,123,123,221218_064804
0,0,0,0,-0.005501234800860594,-0.12396146250855355,-0.002403548661778221,0.9969451250846127,-0.07677632918206018,0.014346178841607637,0.07656045785218807,0.996951564071327,0.015035796925916126,-0.015456838728886419,-0.013891514426511471,0.9997840326607775,162,162,162,18,162,162,18,18,221218_064804
0,0,0,0,0.003140984313288603,-0.12806355661205238,-0.0031977737012423013,0.9963204530055749,-0.07921752795247264,-0.032712966662576864,0.08018354664790628,0.9963477614526408,0.02935535888513949,0.030268032141694927,-0.031870386150963194,0.9990335953894933,162,162,156,154,162,123,162,162,221218_064804
0,0,0,0,-0.005581460264138874,-0.12872182621566786,-0.003929669252733137,0.9958879237380542,-0.08611685455166479,0.028127045967098627,0.08515845053193594,0.995798671261545,0.03366072810772657,-0.030907631027105347,-0.03112705697411583,0.9990374490820765,139,154,114,82,158,162,56,56,221218_064805
0,0,0,0,-0.004543932589510621,-0.1266371267758457,-0.0033366217881198867,0.9939390686756459,-0.10968976632889677,0.007299515251199393,0.10962341185353673,0.9939329576868322,0.008943332572138911,-0.00823622084334425,-0.008088929880894912,0.9999333647196703,156,87,162,162,138,156,162,162,221218_064805
0,0,0,0,0.0005350183575775491,-0.12261622549144391,-0.004294964256183753,0.9945356945950496,-0.10276871861308041,-0.018366890073411718,0.10252495465567145,0.9946353028709394,-0.01375674219019012,0.019682120038141494,0.011798506577543656,0.9997366700253341,162,90,111,95,162,106,59,59,221218_064805
0,0,0,0,-0.0061643817185753624,-0.12514080077771195,-0.003859449477261634,0.9964501817551392,-0.07917411190709972,0.028609356579162856,0.0787878492753067,0.9967875836280258,0.014387075156974133,-0.029656535312190396,-0.012081933981069302,0.9994871268728546,134,82,162,162,132,92,162,162,221218_064805
0,0,0,0,-0.005647011131965252,-0.12430336858759139,-0.002794581303022403,0.994794460687172,-0.09927189182062347,0.023001575608508396,0.09887498350614159,0.9949407032541574,0.017797040337756982,-0.02465194967502004,-0.015430116735719817,0.999577006975822,162,162,101,140,162,152,122,122,221218_064805
0,0,0,0,-0.001379125633895778,-0.12638719358333828,-0.002775350114409547,0.9951837616201766,-0.09785998703424272,0.005718701353805773,0.09778680139217306,0.9951360119728789,0.011918856832882461,-0.006857264834018967,-0.011302239263653946,0.9999126148352282,162,162,162,18,162,162,18,18,221218_064805
0,0,0,0,-0.0018765973960449406,-0.12920423023695948,-0.0051137547822756035,0.9944385771675341,-0.103474974138583,0.019617491379636202,0.10315605640186461,0.9945261797316194,0.01662846523422815,-0.021230738767783624,-0.01451232426078467,0.999669269396596,162,162,162,162,154,160,162,162,221218_064805
0,0,0,0,-0.0016110901263549499,-0.13073206380983649,-0.00491639049064746,0.9945782152935637,-0.1030914462082196,0.013650178832827577,0.10289562868082709,0.9945886891361745,0.014346743211039396,-0.01505533997782029,-0.01286441452550084,0.9998039025614315,144,162,130,75,160,162,68,68,221218_064805
0,0,0,0,0.0009745144479946649,-0.1294321736565558,-0.004857620676475993,0.9945232221440642,-0.10448481980952853,-0.002546182546462894,0.10448761926224769,0.9945256925859411,0.0009920722563994382,0.002428587469523316,-0.0012526834495210472,0.999996266366569,160,88,162,146,138,162,162,162,221218_064806
0,0,0,0,-5.114788443894014e-06,-0.1314090499369407,-0.00462552342502448,0.9931915870812339,-0.11609152540397669,0.009655520723331945,0.11601275324372408,0.9932125818907663,0.008355133672742678,-0.010559944880143073,-0.0071780849295912715,0.9999184780075183,162,160,115,131,162,162,120,120,221218_064806
0,0,0,0,-0.0028558181500561997,-0.12773850477584892,-0.00438121689430232,0.9960682770767966,-0.08544064081558303,0.02340692842484438,0.08517663285319566,0.9962929406130715,0.012054779149812128,-0.024350125606558096,-0.010013659749630425,0.9996533389137273,162,162,162,18,162,162,18,18,221218_064806
0,0,0,0,0.0035434043716508212,-0.12501915766461424,-0.006171619225038949,0.9932816091263926,-0.11517606838756168,-0.011230237845625211,0.11508446726096369,0.9933194298764418,-0.008489736462377391,0.01213302792157648,0.0071402731547315764,0.9999008981557773,162,117,156,162,162,112,162,162,221218_064806
0,0,0,0,0.0010490323293005643,-0.129941904504152,-0.0043381252688360905,0.9928561017640055,-0.11924996204282949,0.004025884097525591,0.11922447760545916,0.9928487811863992,0.006068083419605152,-0.004720712836886592,-0.005544749720740237,0.9999734849588992,162,114,114,18,162,162,69,69,221218_064806
0,0,0,0,-0.005265060983208558,-0.12691959622696225,-0.0038425261327266202,0.9923133576250877,-0.1230867340138929,0.012800632352319558,0.12298625431652722,0.9923731279262793,0.008363983441136157,-0.013732498972021386,-0.00672539066569911,0.9998830869618592,154,90,162,162,138,80,162,162,221218_064806
0,0,0,0,-0.0037144370763709106,-0.126354944949143,-0.004364810680568876,0.9934253033808647,-0.11418786134962176,0.008203592081344219,0.11414912497187767,0.993450812158995,0.005045898214133527,-0.008726045541492292,-0.004076290106493024,0.9999536189184852,162,152,18,58,162,162,162,162,221218_064806
0,0,0,0,-0.0037589807601026703,-0.1288803479076548,-0.002600917587067153,0.9934701387547741,-0.11408840249620107,-0.0009590716524679702,0.11409193472541394,0.9934555522032466,0.005394091874889053,0.00033739173318126004,-0.005468291543772171,0.9999849918645833,138,154,162,162,136,89,162,162,221218_064806
0,0,0,0,0.0005006008038366955,-0.12858276224131937,-0.003976665527828271,0.9925784012838615,-0.11854981335493842,-0.027093524286903876,0.11822422970608627,0.9928975260617922,-0.013324197941168875,0.028480674415791815,0.010022200051993186,0.9995440994228015,138,162,108,132,162,162,116,116,221218_064807
0,0,0,0,-0.00032646451955145595,-0.133603502668601,-0.003718146964142577,0.9902226943897319,-0.13808478405333194,-0.019789086095269453,0.13819335035524277,0.9903962733763687,0.004221326781334865,0.019016136125259774,-0.006914773687286324,0.9997952652777063,162,162,162,18,162,162,18,18,221218_064807
0,0,0,0,-0.007839513410799956,-0.1400720480985389,-0.0035824531055938524,0.9893137174713227,-0.1421096328303112,0.032607064877222064,0.14094256176751987,0.9893747755069715,0.035675592117563736,-0.03733045278967371,-0.030698629405301655,0.9988313328321022,162,162,162,162,162,96,162,162,221218_064807
0,0,0,0,-0.00828927811350419,-0.13957668084805375,-0.002943783434848024,0.9906106306845255,-0.13363727854940974,0.028838449277244937,0.1328459548431431,0.9907464220836991,0.027811497805096386,-0.032288243318928586,-0.023719294050556245,0.9991971099003044,136,162,153,81,162,154,18,18,221218_064807
0,0,0,0,-0.0037644562204827287,-0.13181592217732252,-0.004842344067775728,0.9858676383519096,-0.16744822815523028,0.005107889789699591,0.1673476065103375,0.9857664355318294,0.016103203846841982,-0.007731639262857727,-0.015020834415760242,0.9998572879605185,162,118,162,162,162,109,162,162,221218_064807
0,0,0,0,-0.007041860503666508,-0.13924253767707628,-0.003704682606937737,0.9871610814528644,-0.1564472055413179,0.03220669407320161,0.15538029645027485,0.9872920332935017,0.03333773342938221,-0.03701300771130112,-0.027905427312558323,0.9989250844716367,77,154,150,79,162,162,39,39,221218_064807
0,0,0,0,-0.006418543456499254,-0.13314584650142103,-0.002972055050506739,0.989835238908013,-0.14186363030722374,0.010045407506532291,0.14181097104015006,0.9898768978795184,0.005777156486634721,-0.010763285212548665,-0.004293884078161508,0.9999328548712442,162,139,162,162,162,115,162,162,221218_064807
0,0,0,0,-0.005478781406348526,-0.1362122187934871,-0.003986849640327528,0.9862424703419099,-0.1631159644860369,0.02681364995070175,0.16281050920135187,0.9865687843231992,0.013220132096222288,-0.02860992463263969,-0.008672711734804037,0.9995530282499673,144,162,139,83,162,162,69,69,221218_064807
0,0,0,0,-0.007006918750901203,-0.13243806187665952,-0.0031149152943713565,0.9872445658402677,-0.1589520860069715,0.009077531211450557,0.15892808912893142,0.987284609276503,0.0033110076366165793,-0.009488398425917364,-0.0018260996072608623,0.9999533167381042,162,94,162,162,162,94,162,162,221218_064808
0,0,0,0,-0.004789361275015461,-0.13445404611105272,-0.005120254300448879,0.9872536787110789,-0.15827144485554082,0.01674286757943215,0.15816905851141605,0.9873852043917695,0.007280595980781737,-0.01768397017230969,-0.004539591563415878,0.9998333207627069,162,162,146,82,162,162,67,67,221218_064808
0,0,0,0,-0.008792752478210611,-0.1317803080964115,-0.0029250355910805936,0.9894892281579427,-0.1445582937132052,0.003737255427082084,0.14453287441736326,0.9894795794596283,0.006356889573599315,-0.004616879038405133,-0.005749917488358129,0.9999728110687918,162,162,162,162,162,92,162,162,221218_064808
0,0,0,0,-0.006358613478992109,-0.13523681556303568,-0.004761704097037189,0.9881428027507717,-0.15353551859367567,0.0008036802983061527,0.15353230992968891,0.9881386199525757,0.003146039712670176,-0.0012771763796523964,-0.002985345606598678,0.9999947282521566,158,162,128,80,162,162,18,18,221218_064808
0,0,0,0,-0.011033645816526633,-0.1372400539002866,-0.003452512765134419,0.9826482642815992,-0.18532525636380726,0.007545731114304067,0.18518528591110653,0.9825688188474068,0.016276550950178263,-0.010430656085882213,-0.014596766165872641,0.9998390549639061,162,83,162,154,156,99,162,162,221218_064808
0,0,0,0,-0.005415465677100828,-0.13379581579972788,-0.004598016690333051,0.9857929733441504,-0.16668669636279293,-0.020682334514227373,0.16650271254383253,0.9859868646740881,-0.010331960400016377,0.022114710507853574,0.006741509164848572,0.9997327100947203,162,162,138,87,162,162,67,67,221218_064808
0,0,0,0,-0.011983272416540916,-0.13078314761175946,-0.005515612568989359,0.9878851681707519,-0.1539370295682528,0.019654145515602815,0.15355602654501496,0.9879451369809541,0.019620219860899894,-0.02243749584851874,-0.016364511706318828,0.9996143063885496,154,162,162,154,156,86,162,162,221218_064808
0,0,0,0,-0.01029124147182861,-0.1380581804604749,-0.004353898371276754,0.9858602075773103,-0.16723707874631263,0.010555122359473168,0.16701184380006837,0.9857623117396627,0.01948611772974434,-0.013663643222998388,-0.017447757623130743,0.9997544101467115,148,161,123,84,162,162,18,18,221218_064809
0,0,0,0,-0.01067777276679878,-0.14114521980204187,-0.0026473017022254353,0.979743070200897,-0.20024124192852552,0.002638451106961866,0.20017989643073486,0.9796423005130592,0.015131824426055637,-0.005614753627933116,-0.014297135251595627,0.9998820262737473,162,162,76,154,160,96,162,162,221218_064809
0,0,0,0,-0.005515751600932178,-0.13593672194509832,-0.004556886966231133,0.9830737935921967,-0.1813429396044079,-0.026089358134676555,0.1809951564988733,0.9833673631052454,-0.01514537894492796,0.028401930853301262,0.010166977676240967,0.9995448778762939,162,162,142,74,162,162,18,18,221218_064809
0,0,0,0,-0.0102876998598702,-0.1375667837215485,-0.003747994331595117,0.979811926709442,-0.19982542291190886,0.006195856357984536,0.19970552023599256,0.9797235175564795,0.016110069336642708,-0.009289427603654024,-0.014547491358879089,0.999851027418565,162,162,162,154,160,95,162,162,221218_064809
0,0,0,0,-0.012877941855998276,-0.14328603230956904,-0.004579861586811784,0.9842583560875852,-0.17419065977162723,0.029884820897752698,0.17307622375831108,0.9842303544123815,0.03654080216472311,-0.03577861430140326,-0.030793237920095373,0.998885212252673,162,154,150,79,162,162,65,65,221218_064809
0,0,0,0,-0.01130485214360788,-0.13784763955739898,-0.0036367475354041057,0.9794577399109491,-0.20147053895194958,0.008494566672188909,0.2013106124506643,0.979384879838461,0.016712105149915123,-0.011686446991096527,-0.014658754320008327,0.9998242584967169,162,42,162,162,154,162,162,162,221218_064809
0,0,0,0,-0.00824269898481568,-0.1366952041000945,-0.004443354769955332,0.9832242861938215,-0.1823756643640144,0.003019948085049934,0.18236023180972447,0.9832201833460325,0.004776705485809633,-0.003840428746323949,-0.004145854408800156,0.999984031371634,154,162,159,84,161,162,18,18,221218_064809
0,0,0,0,-0.013565204834422986,-0.13820518123155967,-0.0039740321649984756,0.9855798910401198,-0.16628869665468157,0.03131050530148448,0.16576544983804065,0.9859889696674354,0.018643157837190404,-0.03397195928025125,-0.013184121473864278,0.9993358218955346,162,162,162,162,154,141,162,162,221218_064809
