0,0,0,0,0,0,0,1,0,0,0,1,0,0,0,1,162,162,83,96,162,162,96,96,221218_064502
0,0,0,0,-7.938967201495672e-05,0.00017884671550327802,-0.000565255189510061,0.9999948456495028,-0.0022264157182610455,0.002313384420471668,0.00221713178095541,0.9999895101358711,0.0040079851405214,-0.0023222835944988244,-0.0040028354038411235,0.9999892920964887,151,162,136,85,151,162,85,85,221218_064502
0,0,0,0,-0.0025154431356049917,-0.0011560866505644363,-0.004566970233595202,0.9998378817551068,-0.003250040668591988,0.017710094384652174,0.003058736158223645,0.9999368011171409,0.010818405831451413,-0.017744135385393246,-0.010762481464425546,0.9997846341348485,78,154,162,92,78,154,92,92,221218_064502
0,0,0,0,-0.0004019526186192085,-0.001346460073972544,-0.005121048060153621,0.9999842322317672,-0.005066965407848732,0.0024209810818947206,0.00505167293515892,0.9999675108600474,0.006281546379414159,-0.0024527308045138164,-0.00626921732883912,0.9999773402561102,78,154,162,103,78,154,103,103,221218_064502
0,0,0,0,-0.0025636406039966364,-0.011675407896916457,-0.0015746893158373187,0.9996254029322331,-0.005734047168104126,0.026761437099737082,0.005476042741094359,0.9999379182874315,0.009704253031245188,-0.026815420348503597,-0.009554071073144136,0.9995947443626652,87,128,162,162,87,128,162,162,221218_064502
0,0,0,0,-0.0040515604944964395,-0.011417153654865175,-0.0005959072871639104,0.9997209203301356,-0.002916924521599686,0.023442973480381723,0.0027917268022894523,0.9999816765819679,0.005371476685009329,-0.023458212117038447,-0.0053045312376791545,0.9997107452821644,100,92,162,162,100,92,162,162,221218_064502
0,0,0,0,0.0039223294246535645,-0.01227930487055684,-0.004579379845629228,0.9995059528831064,0.010374449720311693,-0.029668517728959353,-0.009701900386085942,0.9996947091363104,0.022723592448518005,0.029895204968879513,-0.022424524919574067,0.999301464725235,130,156,151,162,130,156,162,162,221218_064502
0,0,0,0,0.0025301823825459313,-0.011802306940633223,-0.004134797582120098,0.9998238804472704,0.006269432242859146,-0.017689044821993207,-0.006044608496490428,0.9999006396161954,0.012734740014880648,0.017767126821364273,-0.012625573827539772,0.9997624338261758,162,107,78,154,162,107,154,154,221218_064503
0,0,0,0,-0.0039767927546484755,-0.007240770398084906,-0.0049187656823057035,0.99977449044014,0.01536472079931813,0.01465925031910985,-0.015097238229014409,0.9997206304172332,-0.018186107775599227,-0.014934579438862918,0.017960692440112416,0.9997271487081142,162,103,78,154,162,103,154,154,221218_064503
0,0,0,0,0.0011272487500381817,-0.009533639651781334,-0.0046821160227748515,0.9996718420634244,0.023484510623747627,-0.010231615037853525,-0.02347973656329876,0.9997241409529418,0.0005864868456618611,0.01024256591083695,-0.0003460587596431754,0.9999474836644656,162,146,87,128,162,146,128,128,221218_064503
0,0,0,0,0.000521675319774137,-0.010495041100838098,-0.004615094653913576,0.9996686409053835,0.025681237936868696,-0.001755678904084636,-0.025685979426911795,0.9996663230898695,-0.00273366802318826,0.0016848890956287948,0.0027778585296377,0.9999947223114353,162,90,100,92,162,90,92,92,221218_064503
0,0,0,0,-0.006772516501246523,-0.019033608722918816,-0.0034173768537688054,0.9986900810511565,0.021514673482714845,0.046424571457004175,-0.02273292613159971,0.9994066710566872,0.025875082934869956,-0.04584033245439592,-0.026896555027053647,0.9985866208036974,152,162,130,156,152,162,156,156,221218_064503
0,0,0,0,-0.007342112992559921,-0.01536426836569349,-0.002715790150860875,0.9984921272630384,0.02760359555274997,0.04745011387016887,-0.028926130476963605,0.9992055308585578,0.02741507025885131,-0.0466556617074655,-0.028746280006781262,0.9984973212865472,129,154,162,107,129,154,107,107,221218_064503
0,0,0,0,-0.0002733397132034382,-0.015467859675920126,-0.004746333526348123,0.9998099040724704,0.01943368931625702,-0.0015771614237982709,-0.019431365342970533,0.9998101041426541,0.0014757015834453069,0.001605540253473776,-0.0014447746587531074,0.9999976674306196,116,154,162,103,116,154,103,103,221218_064503
0,0,0,0,-0.003141729137232638,-0.02149771036590331,-0.0042870573461922246,0.9996669871397567,0.020051887489436957,0.016243048698837945,-0.020257778812055434,0.9997152410555415,0.012611867382056361,-0.015985531599658986,-0.012936715555800895,0.9997885297252137,77,128,162,146,77,128,146,146,221218_064503
0,0,0,0,-0.003657550964139694,-0.023763421410446184,-0.002893908297832981,0.9993631122408416,0.025620576908918263,0.02483859760844637,-0.026040135165290842,0.9995211008933302,0.0167176622037559,-0.024398386276012103,-0.01735381536837672,0.9995516814248709,140,82,162,90,140,82,90,90,221218_064504
0,0,0,0,0.0009340710420994991,-0.02734722108708565,-0.003610780922696677,0.9994754251576946,0.030291846686955712,-0.01145768432714058,-0.029975973490123983,0.9991911989897507,0.02680277736994994,0.012260322963356836,-0.026445262065589604,0.9995750760173626,137,81,152,162,137,81,162,162,221218_064504
0,0,0,0,-0.005434955192531288,-0.023881522525864618,-0.0017199964153307712,0.9990924210412455,0.007787133240401131,0.04187713903598285,-0.00872296859106789,0.9997152486064004,0.022211067574572568,-0.04169225391966763,-0.022556202245485237,0.9988758550006895,162,108,129,154,162,108,154,154,221218_064504
0,0,0,0,-1.814242788196474e-05,-0.025653832226275708,-0.0028821318526964235,0.9997248086353954,0.021369640168661334,-0.009677059366546172,-0.021197207989901174,0.9996206724180713,0.017583789349176163,0.010049147842209949,-0.017373823802066722,0.9997985621484661,162,120,116,154,162,120,154,154,221218_064504
0,0,0,0,4.387260110126634e-05,-0.025341325604194775,-0.004336344633254219,0.9998859251788578,0.01474564023477636,-0.003271501686895316,-0.014729877769271614,0.9998800313222999,0.004790998206955118,0.0033417555450890595,-0.00474226285472171,0.9999831716648504,162,143,77,128,162,143,128,128,221218_064504
0,0,0,0,0.00019658524352587914,-0.02699283147548115,-0.0043294209454781685,0.9998942620048448,0.011979756189434107,-0.008243194249073755,-0.01196663177031502,0.9999270529940452,0.001639638593573164,0.008262235403323553,-0.0015408219512856977,0.9999646800431775,162,90,140,82,162,90,82,82,221218_064504
0,0,0,0,-0.0060384019944855205,-0.03265095873942381,-0.003958321234230344,0.998934249283537,0.006898598981954814,0.045637429160963174,-0.008236279583787103,0.9995399994326081,0.02918823792007711,-0.04541507796925439,-0.029533013160656943,0.9985315577520316,162,162,137,81,162,162,81,81,221218_064504
0,0,0,0,-0.007949283871939467,-0.028530900340861476,-0.004177290484741747,0.9986681382499619,0.005185975963231538,0.05133278969297717,-0.007120569870829769,0.9992683860078961,0.03757645818711683,-0.05110036329684235,-0.03789193025542923,0.997974425770745,132,154,162,108,132,154,108,108,221218_064504
0,0,0,0,-0.0024670083640069423,-0.030935170563980985,-0.004634549488315265,0.9997562352305595,-0.00031056591178198905,0.022076541088512903,2.7190478309404246e-05,0.9999176252565161,0.012835184535018394,-0.0220787087098917,-0.012831455497507586,0.9996738890115713,128,154,162,120,128,154,120,120,221218_064505
0,0,0,0,-0.003543756725235006,-0.034421581634486054,-0.004732279629184266,0.9997208274474481,-0.00017440707463046098,0.023627034303146714,-0.00011884320720895655,0.9999229900316675,0.012409668908618797,-0.023627379120034726,-0.012409012382206664,0.999643818251089,69,128,162,143,69,128,143,143,221218_064505
0,0,0,0,-0.0030129611541056533,-0.035654971999941165,-0.0037198990489445416,0.9997977312461225,0.0015188451752029973,0.020054667896525127,-0.0017783767748192503,0.999914826221589,0.012929720735458127,-0.02003332152072981,-0.012962770212570742,0.9997152757746894,18,82,162,90,18,82,90,90,221218_064505
0,0,0,0,0.0004641208541940889,-0.038990320756748686,-0.003057475803656673,0.999967225694661,-0.0005684194617524917,-0.008076164673765696,0.0007551597778696655,0.999731990818646,0.023138199314030494,0.008060847984682984,-0.023143539770342607,0.9996996545446369,140,92,162,162,140,92,162,162,221218_064505
0,0,0,0,-0.0038612762982476734,-0.035288274265954156,-0.002176050486721759,0.9995373098976387,-0.004655731336583852,0.030058115182326553,0.003877974342277771,0.9996574894790473,0.02588175116659985,-0.030168318441588578,-0.02575321133704865,0.9992130126595812,162,110,132,154,162,110,154,154,221218_064505
0,0,0,0,-0.00016612688440223455,-0.04054317231014082,-0.002024996047891525,0.9997883012163717,0.016823656707406768,-0.01184556144192745,-0.01668348127938579,0.9997907799874823,0.011834597771903948,0.01204218432359903,-0.01163446719939053,0.999859802657204,162,122,128,154,162,122,154,154,221218_064505
0,0,0,0,-1.630123716424292e-05,-0.039293199458072525,-0.0035909755544627497,0.9998586145021114,0.01491045471578397,-0.007773631460751042,-0.01489442126430431,0.9998868321815368,0.0021163754799073784,0.007804307856591847,-0.002000292513376689,0.9999675452777157,162,136,69,128,162,136,128,128,221218_064505
0,0,0,0,0.00034633011929031954,-0.03871953745296075,-0.005077659513898103,0.999956058944036,0.009366431076299468,-0.0003874919412554228,-0.009365363202498955,0.9999525753157945,0.0026715335287570544,0.00041249629923763325,-0.002667787135984937,0.9999963563726622,162,162,18,82,162,162,82,82,221218_064505
0,0,0,0,-0.0032662258027207486,-0.04162154122092443,-0.00502601935299668,0.9994926024651444,0.011629757339035447,0.02965276313749822,-0.0121717736950213,0.9997609250219427,0.01816427054373656,-0.029434427845137588,-0.01851598075998208,0.9993952035676004,162,138,140,92,162,138,92,92,221218_064506
0,0,0,0,-0.004442778666081795,-0.046507844631553885,-0.003832799511337026,0.9995777293481192,0.013353135162852348,0.025808075724098586,-0.01373137517761921,0.9998000767069171,0.014534646627060038,-0.025608832987656246,-0.014882889442734441,0.9995612473854942,135,154,162,110,135,154,110,110,221218_064506
0,0,0,0,-0.0012694334781376965,-0.04190726177717652,-0.004139349083614963,0.9999709788577502,0.0074845771023090485,0.0014221630960557091,-0.007495981057496246,0.9999383639325246,0.00819015286375511,-0.001360775608926686,-0.00820057568379247,0.9999654488272065,111,154,162,122,111,154,122,122,221218_064506
0,0,0,0,-0.0026189578529068475,-0.04511515934012422,-0.004814218905949741,0.9997642521624115,0.007930982298867554,0.020212362996663798,-0.008161621687690706,0.9999022327955135,0.011353976482862084,-0.020120338703930197,-0.01151626546765151,0.9997312376834674,53,130,162,136,53,130,136,136,221218_064506
0,0,0,0,-0.004724163811168247,-0.048382032774622497,-0.003493847006493467,0.9994794471357727,0.01517520009438304,0.028470125662983407,-0.015405881148618404,0.9998501070348058,0.007900777716256134,-0.028345962308682932,-0.00833527231603682,0.9995634195268513,82,162,162,162,82,162,162,162,221218_064506
0,0,0,0,-0.0007177212879816292,-0.05104530216956915,-0.00277508999839432,0.999876049808061,0.015290561596076363,0.003752831771505865,-0.015365038676313765,0.999667834299601,0.020691463293382038,-0.0034352011155115566,-0.02074656098784991,0.9997788653499701,138,90,162,138,138,90,138,138,221218_064506
0,0,0,0,-0.0002609876759508134,-0.049017232988329384,-0.005372829572121651,0.9998447040681806,0.014848078489430871,0.0094922237639928,-0.014915887008619922,0.9998634503598353,0.0071131532579411004,-0.009385310946372174,-0.007253633551302444,0.9999296478946622,162,112,135,154,162,112,154,154,221218_064506
0,0,0,0,0.0009601739809262655,-0.04912819822185188,-0.0047899153863451005,0.9998935686766915,0.013944965710700918,0.004288268918641155,-0.014011664377644529,0.9997747960804894,0.01593833063981142,-0.004065043709414828,-0.015996720087039337,0.9998637809052278,162,124,111,154,162,124,154,154,221218_064506
0,0,0,0,0.000437545605958517,-0.049121862248528436,-0.004627290927621264,0.9999977882003074,0.0020581511979650253,0.0004331375534916839,-0.0020593623625445147,0.9999939183939587,0.0028146406086452013,-0.00042734196337917074,-0.0028155263703998267,0.9999959450868308,162,162,53,130,162,162,130,130,221218_064507
0,0,0,0,0.0002766678035223541,-0.0501723436568996,-0.004212726745062234,0.9999858170080788,0.004941173501634632,-0.001987608390182144,-0.004934016279439247,0.999981384055593,0.0035898503610962886,0.0020053094624539274,-0.0035799925541232023,0.9999915811581976,162,162,82,162,162,162,162,162,221218_064507
0,0,0,0,-0.0025930241407626092,-0.05629671145684634,-0.004244037107724086,0.9997570319238671,-0.0022382842206455796,0.021928684468686274,0.0021124661562039403,0.9999811850218473,0.005759087518047403,-0.021941162355684014,-0.00571136463984303,0.9997429498168177,162,162,138,90,162,162,90,90,221218_064507
0,0,0,0,0.003007927657354331,-0.05366837550348447,-0.004523074135951655,0.9997679810417044,-0.00015821596128157394,-0.021539708714460412,4.5277895921718345e-05,0.9999862510203762,-0.005243636154941764,0.021540242192379093,0.005241444259253935,0.9997542424157903,137,154,162,112,137,154,112,112,221218_064507
0,0,0,0,0.0015725103352765835,-0.05364452721058166,-0.004146166607176982,0.9999323809571103,-0.005734741754290212,-0.010116632367333032,0.005685246900969962,0.9999717628372884,-0.004914417133396412,0.010144529615471675,0.004856569272398794,0.9999367491265551,82,156,162,124,82,156,124,124,221218_064507
0,0,0,0,-0.0050256713744262355,-0.05969053087109699,-0.0036006933115977358,0.9997394715394395,-9.262806376014729e-05,0.022824996518809093,-0.00036537654579388247,0.9997986924308243,0.02006093501295454,-0.022822259879810916,-0.020064048286823455,0.9995381825724932,102,126,162,162,102,126,162,162,221218_064507
0,0,0,0,-0.004069399218607203,-0.062140248097672046,-0.0037088926660066024,0.9996352682717525,-0.0075278571846029265,0.025935724271186823,0.0071887042362345464,0.9998877569947846,0.01314518707904002,-0.026031768258548155,-0.012953948361300297,0.9995771817439543,58,162,162,162,58,162,162,162,221218_064507
0,0,0,0,0.001115162399544331,-0.06258552674295392,-0.004035730194254128,0.9998801220153607,-0.006895999529044819,-0.013863144991041673,0.007116867884819713,0.9998475202728286,0.01594635995407365,0.013751065051742445,-0.01604311050794944,0.9997767384847341,141,86,162,162,141,86,162,162,221218_064507
0,0,0,0,-0.0012727746589696748,-0.06092333726115584,-0.004293063732010882,0.9999636950297072,-0.007222476911769752,0.004521553913608666,0.0072107047100637735,0.9999705846704249,0.0026144849345112924,-0.004540303967685775,-0.0025817864256116175,0.9999863599163409,162,112,137,154,162,112,154,154,221218_064508
0,0,0,0,0.0008207577044285624,-0.061495337170322406,-0.0050022561431422585,0.9999052814252333,-0.01246511318684401,-0.005835163336443085,0.012540933850318086,0.99983498370554,0.013142691379803095,0.005670375303782733,-0.013214624920215025,0.999896604920795,162,125,82,156,162,125,156,156,221218_064508
0,0,0,0,-0.00040508635526734227,-0.06154474623793438,-0.0036373098714014285,0.9999881780868463,-0.004788141876415109,0.0008469851953417052,0.004787061971746111,0.9999877323619689,0.0012724634555566934,-0.0008530675403916337,-0.0012683938419848805,0.999998831725734,162,162,102,126,162,162,126,126,221218_064508
0,0,0,0,-5.8500383930515376e-05,-0.06179611356891168,-0.004272573570758886,0.9999861944232341,-5.5185489457606784e-05,-0.005254323695818231,7.773180222803458e-05,0.9999907910493369,0.004290894346008204,0.005254038513905847,-0.0042912435357874016,0.999976989889373,162,162,58,162,162,162,162,162,221218_064508
0,0,0,0,-0.0003709463446552319,-0.06470954407377472,-0.0045972640121594854,0.9999804297749181,-0.006108243995442994,0.001352561444955182,0.0060952235119083485,0.9999369593644611,0.00943003432104037,-0.0014100771291404276,-0.009421605608825417,0.9999546214855161,152,162,141,86,152,162,86,86,221218_064508
0,0,0,0,-0.0020689742357845875,-0.06853807300438008,-0.003200701102555714,0.9999521846620923,-0.006544317502791663,0.00726638135056758,0.006503876012838296,0.9999633070719881,0.005575312229994857,-0.007302601339170054,-0.005527786001190602,0.9999580569181918,124,162,162,112,124,162,112,112,221218_064508
0,0,0,0,0.007068783839962969,-0.06314946068642413,-0.004467663324638993,0.9990402779519095,-0.010878566296991497,-0.04242852607731075,0.010071481385408127,0.9997651304932513,-0.019189817938569977,0.0426273186169908,0.018744082936597732,0.9989151971325652,80,156,162,125,80,156,125,125,221218_064508
0,0,0,0,-0.001928041229763422,-0.07192546889285778,-0.002372922985482917,0.9993509974760171,-0.024839180044380894,0.02608829197959424,0.02452318223740075,0.9996228067829177,0.012363563094509259,-0.026385552422508854,-0.011715771172377785,0.999583184797141,88,120,162,162,88,120,162,162,221218_064509
0,0,0,0,-0.001445942410377446,-0.07168909585813688,-0.0032268513513611374,0.9996134713046128,-0.019612271864663588,0.019704486256933728,0.01930033044126796,0.9996873206623136,0.01589836947178652,-0.020010128215507048,-0.015511921199842075,0.9996794361541547,114,98,162,162,114,98,162,162,221218_064509
0,0,0,0,0.0038992367142392653,-0.07139633428839864,-0.0041706439898613334,0.9998504471940747,-0.01237527597408969,-0.012080388668167777,0.012554545953794823,0.9998104893473053,0.014878466553920937,0.01189397417615047,-0.01502790523217408,0.9998163308541373,138,156,152,162,138,156,162,162,221218_064509
0,0,0,0,0.0039347069946441965,-0.0722102919698766,-0.0036619137999475693,0.9998233160106923,-0.014495232622366768,-0.011967664459172826,0.014604188365121095,0.9998522377926261,0.009067538986595854,0.011834460003732122,-0.009240714923687237,0.9998872710181478,154,128,124,162,154,128,162,162,221218_064509
0,0,0,0,0.0005660324727846389,-0.07001942096104197,-0.0038371819090979864,0.9998976931885971,-0.011614224405976441,0.00834942797864315,0.011630845719429935,0.9999304679419573,-0.0019449188233067766,-0.008326258702067026,0.0020418307535286745,0.9999632514963738,162,143,80,156,162,143,156,156,221218_064509
0,0,0,0,0.0024579905705923166,-0.07238721121622194,-0.003962453260653254,0.9999658298716347,-0.008259461145219834,-0.00034697366353977986,0.0082605951901493,0.9999600832287637,0.00340507213249512,0.0003188357524964116,-0.0034078219897196956,0.9999941425293696,162,151,88,120,162,151,120,120,221218_064509
0,0,0,0,0.0022395412382174296,-0.07241994775156269,-0.0044669495418392935,0.9999329134243332,-0.011080948756888077,-0.0033736071752414917,0.01109595406758964,0.999928482130545,0.00446211019960024,0.003323921487574627,-0.004499244242165824,0.9999843540511989,162,162,114,98,162,162,98,98,221218_064509
0,0,0,0,-0.002920578841535751,-0.07638826736768034,-0.004423052595406318,0.9992029938967159,-0.01533696918690115,0.036853145917291545,0.01441240138096916,0.9995779288715294,0.02522393306638857,-0.037224449952618296,-0.024672687106674373,0.9990023017173989,160,162,138,156,160,162,156,156,221218_064509
0,0,0,0,7.967956946541843e-05,-0.07563203847780609,-0.003940468813589282,0.9998740239350014,-0.0118349198472892,0.010576905607783496,0.011736784568146507,0.9998879408700465,0.009292663270510077,-0.010685698293917842,-0.009167353754841578,0.9999008828264454,123,162,154,128,123,162,128,128,221218_064510
0,0,0,0,0.00453626188248854,-0.0733586393767407,-0.004531564903460961,0.9997302276949995,-0.01631345967634118,-0.016533083992206713,0.016249946064511914,0.9998600845384621,-0.003968702513472913,0.016595514026550226,0.003698970144294742,0.9998554428186438,79,156,162,143,79,156,143,143,221218_064510
0,0,0,0,-0.0008949300250015724,-0.08280564738654428,-0.0025357347318573087,0.9993497627854558,-0.026079600989508286,0.024897912219340547,0.02575360412951512,0.9995795034281569,0.013325471873822053,-0.025234965722072452,-0.012675596181159739,0.9996011833558712,72,122,162,151,72,122,151,151,221218_064510
0,0,0,0,-0.0013113127552047965,-0.08008593091312544,-0.004182474635510081,0.999316550274537,-0.026648989944671443,0.025617643965184126,0.026477788726658718,0.9996248990439456,0.006999136770204259,-0.025794554687851502,-0.006316054647515168,0.9996473120066622,108,85,162,162,108,85,162,162,221218_064510
0,0,0,0,0.0026110252989618304,-0.08317465084763564,-0.003802651879030561,0.999595999486968,-0.025184924601098304,-0.013174117901675698,0.02548182509140264,0.9994135008294419,0.022876427821038443,0.012590250182638213,-0.023202886300566262,0.9996514951060004,145,86,160,162,145,86,162,162,221218_064510
0,0,0,0,0.0027166285989938393,-0.08377264708623444,-0.004155070866085742,0.9994813191902467,-0.028277442850910866,-0.015410347677366706,0.02850194812795426,0.9994878526358807,0.014548930758924787,0.014991048750346238,-0.014980609437871696,0.9997753996764648,154,127,123,162,154,127,162,162,221218_064510
0,0,0,0,-9.361666224903809e-05,-0.08143470974595313,-0.004255551288892767,0.9996600848261006,-0.0252903150294526,0.006333622279877658,0.025292874401692738,0.9996800314744373,-0.0003243081383210322,-0.0063233938651105406,0.00048439341389659854,0.999979889824314,162,162,79,156,162,162,156,156,221218_064510
0,0,0,0,0.0013139902948392373,-0.08504837898932904,-0.0038561133654569923,0.999895348574293,-0.01347654469901793,-0.005260669393643389,0.01350271503821811,0.9998964760346603,0.004971307681572249,0.005193128738104156,-0.005041820746868369,0.9999738053856541,162,152,72,122,162,152,122,122,221218_064510
0,0,0,0,-0.0007585663176395835,-0.08857470092633468,-0.0040482591370651355,0.9998337013354606,-0.018053547599403984,0.002576643729434404,0.01802964004516011,0.9997967802577928,0.00901832944577075,-0.0027389329444762215,-0.008970373750661415,0.9999560143531809,162,162,108,85,162,162,85,85,221218_064511
0,0,0,0,-0.003064587909554828,-0.08837004332708354,-0.004750193166456584,0.9993460367003012,-0.018731795773020404,0.030929254089251894,0.018177844815643166,0.9996710078345785,0.018095359981385638,-0.03125803719458482,-0.01752129909896514,0.9993577633603626,160,162,145,86,160,162,86,86,221218_064511
0,0,0,0,0.0018856654922094068,-0.08714636197825232,-0.004194535322653292,0.999736162920867,-0.019110913273494765,-0.01274274468531224,0.019115571080092,0.9998172510489624,0.00024381792058265694,0.012735756378952842,-0.0004873384341620702,0.9999187782068635,123,162,154,127,123,162,127,127,221218_064511
0,0,0,0,0.003791829330320934,-0.08610946707505607,-0.0043725839565331714,0.9995324519707065,-0.019656956756148876,-0.023419682075432303,0.01955559286025181,0.9997984207240961,-0.004549363195796261,0.023504387788485414,0.004089250382415771,0.9997153703859908,105,153,162,162,105,153,162,162,221218_064511
0,0,0,0,-0.0015257517440550733,-0.09361059437614816,-0.0038176538524123393,0.9985615726104352,-0.04704069908805123,0.0257285509713064,0.04664955278349245,0.9987895323672391,0.01559773248685866,-0.02643113563348804,-0.014375070884656156,0.9995472737225514,70,120,162,152,70,120,152,152,221218_064511
0,0,0,0,0.0021045699802802603,-0.09398012860696858,-0.004413569062724221,0.9991362894852776,-0.04102823552003003,-0.006584749327370884,0.04110635621539317,0.9990802570681276,0.012202762612494944,0.006078035232258425,-0.012462898009557782,0.999903862209222,112,88,162,162,112,88,162,162,221218_064511
0,0,0,0,0.0035231078030925345,-0.09568432756672363,-0.0038324106965982874,0.9988156680251743,-0.04593886986709539,-0.016027524536194424,0.046210873190419936,0.9987864515099955,0.017034655237227955,0.015225521547821174,-0.017755126454248562,0.9997264320693889,138,147,160,162,138,147,162,162,221218_064511
0,0,0,0,0.0009147348059633381,-0.09402990870891859,-0.004165837283798823,0.999213021858202,-0.039589089651313504,0.0024578302586903094,0.03957756910903827,0.9992060448416819,0.004571211574923658,-0.002636848956532872,-0.004470339184410827,0.9999865314568778,154,162,123,162,154,162,162,162,221218_064512
0,0,0,0,0.0023120345984555535,-0.09432240218648613,-0.004510757123430853,0.998949397741413,-0.04581955979428016,-0.0008177360987474089,0.04582449611407153,0.9989200052476874,0.00767715258745814,0.00046508919602114026,-0.0077065592982897635,0.9999701958737678,162,162,105,153,162,162,153,153,221218_064512
0,0,0,0,0.0019430357685249616,-0.09432662720634633,-0.004334188688138729,0.9988014103694766,-0.048920481726098405,-0.0015903180913026075,0.04892788490550521,0.9987897586652437,0.0050080000096873615,0.0013433996496549211,-0.00507980837334103,0.999986195316851,162,146,70,120,162,146,120,120,221218_064512
0,0,0,0,0.001137932505756667,-0.0935573685926373,-0.004539505202313554,0.998661983783434,-0.05164401125614967,0.002671749821848392,0.05161583198905872,0.9986197447891548,0.009716542868768966,-0.0031698633745201907,-0.009565637386920164,0.9999492239846826,162,106,112,88,162,106,88,88,221218_064512
0,0,0,0,-0.004081599156116486,-0.09657450087832253,-0.0032830398946622763,0.9979497636440906,-0.05132049932589457,0.03824232722578949,0.05007002763810652,0.9982013922715743,0.03296927053196298,-0.03986554370659903,-0.030986881353749603,0.9987244623062688,124,162,138,147,124,162,147,147,221218_064512
0,0,0,0,-0.004968515580867916,-0.0978565598100043,0.0006696219871794029,0.9979949914976718,-0.055174375471259744,0.031012662525470344,0.054399268057963246,0.9981985579226004,0.025305307664585136,-0.03235299955676629,-0.023567504165649046,0.9991986069681453,122,162,154,162,122,162,162,162,221218_064512
0,0,0,0,0.002874200914348729,-0.09592063111095961,-0.003788792153049003,0.9975399030689063,-0.06958011310773235,-0.008529340255457643,0.0696251746637974,0.9975601612967708,0.005104864992953108,0.008153332957379971,-0.005686163335303474,0.9999505941336354,97,149,162,162,97,149,162,162,221218_064512
0,0,0,0,0.0015920543109399221,-0.09754233287722736,-0.003827812316076873,0.9967431461418841,-0.08064176829352221,7.632609122378722e-05,0.08064069568278846,0.9967339588001479,0.004300415605553255,-0.00042286992589408626,-0.004280254791301906,0.9999907502571947,44,122,162,146,44,122,146,146,221218_064512
0,0,0,0,0.0023958006714012436,-0.09763712741801178,-0.00378025975289753,0.9965213033689894,-0.08293905755269244,-0.008148905696054726,0.08302012701721145,0.9964959565218217,0.010171880146067337,0.007276705423342387,-0.010813018446810091,0.999915060487765,111,80,162,106,111,80,106,106,221218_064513
0,0,0,0,0.003528676675198697,-0.09837673324091534,-0.002437644502193026,0.9957275465151648,-0.09116885430586985,-0.014659233112485973,0.09145303900237418,0.9956075299604563,0.02004963698595681,0.012766940436978402,-0.02130460726212802,0.9996915118881848,146,90,124,162,146,90,162,162,221218_064513
0,0,0,0,0.0011974500854068232,-0.09676630369415562,-0.0012941761739186375,0.9949998924518847,-0.09898011981978365,0.013347280666846394,0.09871590566200239,0.9949307328123136,0.0191835052814314,-0.01517840538623666,-0.01776999679272216,0.9997268843158703,154,162,122,162,154,162,162,162,221218_064513
0,0,0,0,0.0011996353538839544,-0.09697787554632697,-0.003818880466596397,0.9961084792269413,-0.08773259676809446,0.008419565102622479,0.08773766519121398,0.9961435877633454,-0.00023380497144280272,-0.008366583471451496,0.000971608098569244,0.9999645275002099,146,162,97,149,146,162,149,149,221218_064513
0,0,0,0,0.00248383085956963,-0.09846362041326895,-0.004088130887229091,0.9960942104881828,-0.08829296154247124,-0.0008226627393076878,0.08829586911290736,0.9960831868283581,0.004703659794092373,0.0004041404697458619,-0.004757926010555361,0.9999885993402919,114,18,44,122,114,18,122,122,221218_064513
0,0,0,0,0.002243426646436425,-0.10013611077070794,-0.0039555413304226406,0.995341070447061,-0.09592745647950242,0.009699307948091486,0.0958145570612473,0.9953327313494874,0.011503241261793614,-0.01075751534768764,-0.010520313576277059,0.9998867930249911,162,162,111,80,162,162,80,80,221218_064513
0,0,0,0,0.002788368053855267,-0.09911531278392594,1.356539734936879e-05,0.9953733539787796,-0.09606349715249078,0.0019211204719265542,0.0960438854721278,0.9953406048085793,0.008523642572723259,-0.002730980126451149,-0.008299694821144182,0.9999618276781492,162,162,146,90,162,162,90,90,221218_064513
0,0,0,0,-0.0037222653660369254,-0.1033293170651266,-0.003923691626717629,0.9931757801379967,-0.10828854840881552,0.04330658184148892,0.10656202679131872,0.993486127728043,0.04037138167149869,-0.04739624661730321,-0.03548104135240594,0.9982458071593092,120,162,154,162,120,162,162,162,221218_064513
0,0,0,0,0.0012939658292829836,-0.1030909801559402,-0.001983113300992878,0.99487318277749,-0.10101437033689868,0.0048422283741421735,0.10099856258099123,0.9948807429343569,0.0034055388642649075,-0.005161448126355954,-0.0028990211834862977,0.9999824774111877,96,148,146,162,96,148,162,162,221218_064514
0,0,0,0,0.004544456196350147,-0.10477401360831995,-0.0031788636740964216,0.99144379912589,-0.13029963383787854,0.00782295318523487,0.13020748022197318,0.9914221600309142,0.01131868781621764,-0.009230670022704678,-0.01020323582748684,0.9999053398745207,100,116,114,18,100,116,18,18,221218_064514
0,0,0,0,0.0037833989600202234,-0.10279132848073069,-0.004663559767348058,0.9921083387161312,-0.12520197606037828,0.006746068521376334,0.1251876268036905,0.9921299083576858,0.002510585077241173,-0.0070073065566260305,-0.0016462480817408794,0.9999740934254622,114,90,162,162,114,90,162,162,221218_064514
0,0,0,0,0.0025158606863335264,-0.10463573854135855,0.0007307890511927262,0.9912031350529112,-0.1313394615246175,0.016318422341122935,0.13113161840034357,0.9912768456931332,0.013217936615796197,-0.017912110902581862,-0.010961799081175682,0.9997794733059474,148,92,162,162,148,92,162,162,221218_064514
0,0,0,0,0.005450594553002189,-0.10647088841939001,-0.0019324833226180282,0.9926698775164121,-0.12060494388899384,-0.00780780257718389,0.12071299156786518,0.9925698000787593,0.015282854391384954,0.005906601246753126,-0.01611333240346061,0.9998527254453865,154,162,120,162,154,162,162,162,221218_064514
0,0,0,0,0.005729012303313241,-0.10607075352628681,-0.002778000048437257,0.9905526313513989,-0.13712842592808935,-0.0011310726340701572,0.13713176723094542,0.9905456136095283,0.0037770060949024586,0.0006024441358372202,-0.0038964293151124408,0.9999922274196212,146,162,96,148,146,162,148,148,221218_064514
0,0,0,0,0.005474440323570792,-0.10709633406205699,-0.0031187820211014405,0.9922443413466486,-0.12429404205762472,-0.0014690726781680047,0.12429833207696987,0.9922393326825706,0.0033213431816932534,0.00104484852473446,-0.0034781872613013267,0.9999934052307224,162,162,100,116,162,162,116,116,221218_064514
0,0,0,0,0.0055862990914902905,-0.10748144744611277,-0.0044773331472984235,0.9909326955597655,-0.13407140629515688,0.008789248244054438,0.13396560867734972,0.9909170391160482,0.011689195061731503,-0.010276602666439072,-0.010405748580614571,0.9998930501979265,158,162,114,90,158,162,90,90,221218_064515
0,0,0,0,0.00504384776962187,-0.10683317361714939,-0.004229028256190759,0.9911205356486584,-0.13285849955851486,0.005357509736514084,0.1328061887946733,0.9910996934443631,0.009160451534854423,-0.0065268701036835675,-0.008367601182471877,0.9999436900231435,162,146,148,92,162,146,92,92,221218_064515
0,0,0,0,0.005777740736534739,-0.10690071284799685,-0.0038066936307079025,0.9913391856048048,-0.1312932233937303,-0.0029510295299830444,0.13130759160263292,0.9913271799210203,0.0053608522973075815,0.0022215922035705676,-0.005701915530890743,0.9999812761683889,120,162,154,162,120,162,162,162,221218_064515
0,0,0,0,0.0017416879978944533,-0.1089687220626534,-0.003429211987760583,0.9902836629839162,-0.13607664838837286,0.028660296414121746,0.13523552851565865,0.9903744128193915,0.029493630833378408,-0.032397818664975646,-0.025331170443394193,0.999153998715773,93,148,146,162,93,148,162,162,221218_064515
0,0,0,0,0.005878189689574875,-0.11204270110112546,-0.003331048420280036,0.9899101010859208,-0.14162765283864628,0.004427157042413246,0.14158508919920446,0.9898871310753153,0.00878238281641241,-0.005626214048153245,-0.00806695003682147,0.9999516338466514,88,112,162,162,88,112,162,162,221218_064515
0,0,0,0,0.005284589397113668,-0.11051628461160434,-0.004544272441372621,0.9903030251145571,-0.1382553343773419,0.013615467864459508,0.13823301305783406,0.9903963958180549,0.0025716243036896878,-0.013840251078336765,-0.000664580180305963,0.9999039982834714,117,93,158,162,117,93,162,162,221218_064515
0,0,0,0,0.008750034659623915,-0.11193819970237406,-0.004696772843681807,0.9896740026839497,-0.1425926029881147,-0.014584854630856138,0.14279372902104998,0.9896559173152593,0.013824481008528943,0.012462718956643717,-0.015764355234709194,0.99979806248074,151,89,162,146,151,89,146,146,221218_064515
0,0,0,0,0.00646244574950329,-0.11122712043359395,-0.004329843428341362,0.9903517432263592,-0.13851005167471186,0.0042883882263737546,0.1384704218824627,0.990330409671064,0.008462974916341567,-0.005419128362037526,-0.007787507034378214,0.999954992878172,154,162,120,162,154,162,162,162,221218_064515
0,0,0,0,0.007270745908427939,-0.11098161272488238,-0.0040641420262648165,0.9891028375668756,-0.14720765918068185,0.002341323493167236,0.14715169768494926,0.9889828956547966,0.016099999089770483,-0.004685572066753355,-0.015580025057667092,0.9998676453579292,146,93,93,148,146,93,148,148,221218_064516
0,0,0,0,0.0078102887105686025,-0.11480552746708017,-0.004200968638619296,0.9908463408781426,-0.13499124755071237,0.000944379742110219,0.13498796713627598,0.9908428624276541,0.002944606015824645,-0.001333227966512716,-0.0027901721945157026,0.9999952187097267,162,137,88,112,162,137,112,112,221218_064516
0,0,0,0,0.00810629144342738,-0.11474333024664207,-0.0032384610218925136,0.9912723372244582,-0.13182326746607798,-0.0013340195375080618,0.1318296696926068,0.9912422069350416,0.007734686760687388,0.0003027247888335353,-0.007843044377959055,0.9999691970318824,156,162,117,93,156,162,93,93,221218_064516
0,0,0,0,0.006269114293576947,-0.12059595919212773,-0.0029354660282230327,0.9905505856811808,-0.13683243003019985,0.009296413216922626,0.13669313523393997,0.9905108388581912,0.014257099437075635,-0.011159031615023667,-0.012851622328458647,0.9998551454170458,162,146,151,89,162,146,89,89,221218_064516
0,0,0,0,0.004085541894009781,-0.12287125988713521,-0.003401090156183617,0.989988600835701,-0.13845037928351836,0.027460201958854805,0.1376531680150559,0.990053816344928,0.029069676232509948,-0.03121178544700671,-0.024998664306199323,0.9992001257166234,119,162,154,162,119,162,162,162,221218_064516
0,0,0,0,0.005318582189398555,-0.12189419293207526,-0.003110097681676305,0.9903859573960864,-0.13740401298181518,0.015993517722208677,0.1370815725548598,0.9903625398032122,0.019765682897833394,-0.018555264981242596,-0.017383238220313575,0.9996767103271195,85,147,146,93,85,147,93,93,221218_064516
0,0,0,0,0.008413107793879576,-0.12730290971111424,-0.0031074200251234307,0.9888852282098958,-0.1484058124013896,0.009039926644983178,0.1482983070502655,0.9888747742788098,0.011588482258616889,-0.010659153544643895,-0.010119073105608998,0.9998919875692548,70,112,162,137,70,112,137,137,221218_064516
0,0,0,0,0.00721000908311939,-0.1281088555349731,-0.0020824597931962674,0.9875288195322799,-0.1554751431332391,0.0247852871857611,0.15499699376821163,0.9877088104116846,0.020180132753562573,-0.027618155550267927,-0.016086817672655802,0.999489095378818,117,86,156,162,117,86,162,162,221218_064516
0,0,0,0,0.0037484293532517865,-0.12795158287172403,-0.002811264302668426,0.9889328051860302,-0.14122371824798022,0.04547271963611232,0.1413914617402275,0.9899536486138557,-0.00047764325263568096,-0.04494843016003099,0.00690181138036084,0.9989654666833178,151,89,162,146,151,89,146,146,221218_064517
0,0,0,0,0.014585750354259137,-0.13263088038323823,-0.0024675979709057327,0.9897474877266769,-0.13931814805225184,-0.03147005182745178,0.14007413407587596,0.9898682036361169,0.023241695142581058,0.02791321374591577,-0.027411549636932046,0.999234436678839,154,162,119,162,154,162,162,162,221218_064517
0,0,0,0,0.010793877371286356,-0.1308571324793386,-0.0025031203356243314,0.9881818271726357,-0.1529473685554078,0.010187192828597216,0.15283340610041324,0.9881889363636185,0.01116136319122262,-0.01177397237541127,-0.009472512893443731,0.9998858160180024,162,135,85,147,162,135,147,147,221218_064517
0,0,0,0,0.013110263877288045,-0.13340662782342594,-0.003639659876869872,0.9899296001921037,-0.14155283894446227,-0.001476634776846642,0.1415576933403526,0.9899219914552874,0.003983753174637693,0.0008978416674241962,-0.004152664200349808,0.9999909745894606,162,154,70,112,162,154,112,112,221218_064517
0,0,0,0,0.011365233288769205,-0.13538302507225886,-0.002724765382174421,0.988608151207961,-0.15045017424399867,0.004320698453809974,0.15038539492130487,0.9885462861134585,0.012667801926589289,-0.00617708341707384,-0.011873722299202047,0.9999104251677846,160,162,117,86,160,162,86,86,221218_064517
