0,0,0,0,-0.03181435279396333,-0.04533076846742898,0.791684801998072,-0.9970754129698582,0.07502810674586347,-0.014539740338758801,-0.059636738162718195,-0.6448735075008435,0.7619590663446892,0.04779205281528093,0.7605977534292947,0.6474619503615721,221218_155547
0,0,0,0,-0.031966660852579286,-0.04652222799212188,0.7935326994973176,-0.9964834012815368,0.08125320973575006,-0.020463305647399614,-0.06684249680308318,-0.6235917290288309,0.7788873064236971,0.050526345519050775,0.7775160907624169,0.6268299745656861,221218_155547
0,0,0,0,-0.03220514785757418,-0.046699393706467654,0.7934016629008676,-0.9965032784078847,0.081842952554319,-0.016821035625963696,-0.06420036244083083,-0.6211634925724425,0.7810468801279923,0.053474569514905146,0.7793956932216111,0.6242458039929459,221218_155547
0,0,0,0,-0.032540025514836875,-0.04705217242299655,0.7944945039872356,-0.9966950003552707,0.07987459673913616,-0.014802873456442107,-0.061412950537200306,-0.6216002365179636,0.780923552895626,0.05317448422996163,0.779251688966134,0.6244511826158272,221218_155547
0,0,0,0,-0.03381558784352838,-0.047177971269062716,0.7950398403855734,-0.9977026008681857,0.06764718200516939,0.0036577298445498382,-0.03889877645357748,-0.6162353346886682,0.7866008501594434,0.05546535325111379,0.7846514328336525,0.6174509887762958,221218_155547
0,0,0,0,-0.03488642509576198,-0.04711641638159925,0.7944642707476837,-0.9988432160490716,0.04776864607114911,0.005512368390941484,-0.025168180045120114,-0.6170311560779831,0.7865361499271876,0.0409730700090265,0.7854875612519884,0.6175196342242399,221218_155547
0,0,0,0,-0.03575021948294721,-0.04740815045316019,0.7939895316777935,-0.9994296163637886,0.032464419052261106,0.009300722043437702,-0.012742180075643789,-0.6175716794348429,0.7864113793727476,0.03127425109974602,0.7858443117155123,0.6176330941283208,221218_155547
0,0,0,0,-0.035367280319707754,-0.048086431690286244,0.795016345682716,-0.9994721848971724,0.028783454994445845,0.015062016314380627,-0.0058553895510496945,-0.6156648728878834,0.7879863442377362,0.03195412383523322,0.7874822391714809,0.6155084540113105,221218_155547
0,0,0,0,-0.034850351609461275,-0.04917530751840143,0.797509692029483,-0.9998104575336422,0.01587063770092606,0.011277050382744834,-0.000987225398485836,-0.6198075047636744,0.7847532621306144,0.01944413516671814,0.78459338507127,0.6197056928171828,221218_155547
0,0,0,0,-0.03530661201303827,-0.04990681003761323,0.7969377903527091,-0.9994217981422502,0.01677823263532119,0.02957296582601747,0.012768097227670663,-0.6209137062282392,0.7837749326886493,0.03151261796957693,0.7836993430694879,0.6203404666641994,221218_155547
0,0,0,0,-0.03527411474209918,-0.05041311910193566,0.7964156671358897,-0.9995604588219966,0.012117265297985624,0.02705662656832087,0.013569721014358382,-0.6244323935278793,0.7809609776324526,0.02635814544219328,0.7809848639984913,0.6239935018684939,221218_155547
0,0,0,0,-0.03551360259196701,-0.050849612094831395,0.7976846734057454,-0.9993162277947455,0.009529238885854496,0.03572492788428076,0.0219396209028673,-0.6249043754927276,0.7803929616063198,0.0297612147050354,0.7806431419645603,0.6242680153611748,221218_155547
0,0,0,0,-0.03593215715019273,-0.050441339374824375,0.797139278490297,-0.9994050793544,0.014322275649140959,0.031374508455980846,0.015556353688561009,-0.6247041621661501,0.7807065451449766,0.030781280359023167,0.780730159653461,0.6241097103770621,221218_155547
0,0,0,0,-0.034016474058041424,-0.04921405901232989,0.8049281049583566,-0.9997770273585957,0.015787144404374065,0.014023610004723991,0.0007682544225175447,-0.636480912334552,0.7712920705017777,0.021102259384990885,0.7711308671719297,0.6363268659608176,221218_155547
0,0,0,0,-0.028062785458824988,-0.04597517949942362,0.8217503269472495,-0.9988688938390146,0.013823741515827381,-0.045495462315789055,-0.04323033772041271,-0.6624586730928552,0.7478500146049557,-0.01980077830295701,0.7489709010466007,0.6623069670206105,221218_155547
0,0,0,0,-0.015976908463198682,-0.04099846275687154,0.7938321925603379,-0.9956633932615941,0.014662246054220451,-0.09186634780730937,-0.07932878655507161,-0.6496369696111643,0.7560944063661121,-0.04859373357242597,0.7601031681653939,0.6479828877388839,221218_155547
0,0,0,0,-0.015702125794564592,-0.04122720569210915,0.7938341940875231,-0.9956596042139017,0.01605614454695803,-0.09167416625693459,-0.08016806099701154,-0.6483070463968896,0.7571466539502905,-0.04727615183785927,0.7612096779563621,0.6467803272000279,221218_155547
0,0,0,0,-0.01760166225055309,-0.0412356624553624,0.7920063910567688,-0.9966357102416283,0.018143272184144243,-0.07992548245470135,-0.07264855012985,-0.646993871686824,0.7590264278427492,-0.037940074264494805,0.7622793134239874,0.6461352792493682,221218_155547
0,0,0,0,-0.02034340101889932,-0.041196037946538505,0.7936311243527137,-0.9981870917981158,0.016322662141747574,-0.05793186056243893,-0.05443665246955447,-0.6554294110152796,0.7532920668930967,-0.025674513345503885,0.7550800340869643,0.6551297287466816,221218_155547
0,0,0,0,-0.022554558164348402,-0.04135944114566362,0.7898849106503744,-0.9989725912774096,0.020524879141360752,-0.0404040989595241,-0.043982387285804864,-0.6539895763131929,0.7552239294953067,-0.01092297968230077,0.7562250745710057,0.6542203949013948,221218_155547
0,0,0,0,-0.022707265212621192,-0.04271679417386744,0.7899843408997407,-0.9990175260788089,0.022490278849999934,-0.03818599147103969,-0.04365728414577727,-0.6475496154809265,0.7607716720748213,-0.007617357047686263,0.761691330427066,0.647895279365311,221218_155547
0,0,0,0,-0.02222296898027054,-0.044674184640596734,0.7909083929392692,-0.9985681000679749,0.03219014107458365,-0.04272638931894337,-0.05343017721189744,-0.6395487046393256,0.766891563754137,-0.0026392593166920386,0.7680763303290623,0.6403528598347168,221218_155547
0,0,0,0,-0.022092623763703346,-0.04622560743473877,0.7926885878301221,-0.998047542530112,0.04621247265742202,-0.04201797496895254,-0.06185676226513005,-0.6381440286420307,0.7674281332285094,0.008651231801291539,0.7685288583257021,0.6397566335012976,221218_155547
0,0,0,0,-0.021905585868099597,-0.04689581522856909,0.791985517853418,-0.9980385130219759,0.04626233156681653,-0.04217728301925128,-0.06199708489977167,-0.6368897557234764,0.7684580668575353,0.008688382404947292,0.7695656149624226,0.6385086344589974,221218_155547
0,0,0,0,-0.022196671637332865,-0.04736221936457186,0.7940304254442383,-0.9981155500029962,0.040906510402794055,-0.04573845481520651,-0.06131854853411814,-0.6367185951236868,0.7686543216748268,0.0023204413126773904,0.7700104467021115,0.6380270586125085,221218_155547
0,0,0,0,-0.02307687411558831,-0.04762309745239621,0.7942717410030937,-0.9983912946888163,0.03580785256227437,-0.043961578502911436,-0.05669677782574717,-0.6379590427072738,0.7679802961093445,-0.0005459613238028016,0.7692373219773575,0.6389629444680935,221218_155547
0,0,0,0,-0.02444883523989012,-0.047531864506080004,0.7951051691235622,-0.9988851767846566,0.03183273776252099,-0.03485800347737201,-0.0471669188004073,-0.6429985486407455,0.7644135976137333,0.0019197319504789534,0.7652055562085507,0.643783171088528,221218_155548
0,0,0,0,-0.02612669748778146,-0.04703543938884583,0.7948252467977447,-0.9992532156621667,0.033949565161467576,-0.01845096241843434,-0.03596745999634632,-0.6427643653449584,0.7652191270898188,0.014119235469048474,0.7653113076833766,0.6435054386108399,221218_155548
0,0,0,0,-0.02667958362937359,-0.04718381892574314,0.7940157183191879,-0.9992549621912838,0.030201685865923034,-0.024028705894229393,-0.03771533224002435,-0.6320326296728918,0.7740234549048196,0.008189887063925538,0.7743530287921814,0.6327008080840857,221218_155548
0,0,0,0,-0.026018455840596953,-0.04809390385949643,0.7966321960293031,-0.9991717011761527,0.03325053957832269,-0.02345875500753055,-0.03913619901070825,-0.6272753538219179,0.7778135949021345,0.01114762287428045,0.7780874193208227,0.6280570821182696,221218_155548
0,0,0,0,-0.026093668647908918,-0.04806697148925579,0.7968501527245466,-0.9990173139901672,0.037106266880306604,-0.02423904507359056,-0.04217959054986126,-0.6279991425538943,0.7770701120829571,0.013612071441119977,0.7773288891516774,0.6289471437261648,221218_155548
0,0,0,0,-0.026639399888612855,-0.04763719118085615,0.7944129556733853,-0.9989230220145232,0.0402054467778602,-0.02315854353719995,-0.04326831182744448,-0.6269904935903782,0.7778243851531637,0.01675259027657411,0.777988716497024,0.6280548604400245,221218_155548
0,0,0,0,-0.0265232963783342,-0.047965136151634946,0.7954827820463285,-0.9990326636053997,0.03694627141376422,-0.023847643030741546,-0.041750623671174436,-0.6266532609911419,0.7781790127677796,0.013806609742046616,0.7784219058568358,0.6275896063588389,221218_155548
0,0,0,0,-0.026660088266168776,-0.048047012170242834,0.7957042846443745,-0.9989956554117754,0.03854176288095812,-0.022851979836005433,-0.041965143245155934,-0.6260581797455635,0.7786463140130341,0.01570373270311054,0.7788232714086675,0.627046812201043,221218_155548
0,0,0,0,-0.02708355852237549,-0.047987685717365246,0.7953249253923903,-0.9989327502371534,0.04279372030935358,-0.01737981604395685,-0.040353757262840795,-0.6255421018058387,0.779146105132475,0.022470753846025676,0.7790159025144602,0.6266013795477733,221218_155548
0,0,0,0,-0.02717571965138958,-0.0482484740147622,0.7963823463009232,-0.9990148332569606,0.03998980726518242,-0.019240016825875762,-0.04003356141037559,-0.6250416245036933,0.7795641613097574,0.019148809189296984,0.7795664070191053,0.6260267886871571,221218_155548
0,0,0,0,-0.027607016412078432,-0.04840870873001759,0.7966748538981969,-0.9991798981738984,0.0382385166566771,-0.013317166706768798,-0.03430015359390853,-0.6245387169088376,0.7802402774436203,0.021518144637331926,0.7800571818307684,0.6253381185611562,221218_155548
0,0,0,0,-0.028411247181626686,-0.04839730461180705,0.7966730219378948,-0.9996734077731955,0.025404860641627502,-0.0027696293805800215,-0.0179873610233936,-0.6224985573278241,0.7824142131685694,0.01815303375583227,0.7822085010919768,0.6227522205379139,221218_155548
0,0,0,0,-0.029122242520630115,-0.04862228762603912,0.7980153865723385,-0.9999733901799457,0.00579649274154076,0.004429402208259623,-0.0001441682279899048,-0.6227559282514071,0.7824161508067493,0.007293706022819091,0.7823946922747016,0.6227401924983061,221218_155548
0,0,0,0,-0.029851999652243257,-0.0491655920162081,0.7990387040322566,-0.9999716703167902,-0.006028328749324963,0.004507528850546926,0.0072813334056474055,-0.6228948540408463,0.7822716810630874,-0.0019080743392891342,0.7822823403745753,0.6229211018984608,221218_155548
0,0,0,0,-0.02975742190739021,-0.0497291920108361,0.7975546872147516,-0.9998762655626704,-0.011405571416589419,0.01083358228425554,0.015562187610655386,-0.6166779192613001,0.7870617270661331,-0.0022960577561162016,0.7871329346661938,0.6167791106081384,221218_155548
0,0,0,0,-0.02994290868978467,-0.0509903382964195,0.7999091900716981,-0.9996329914295417,-0.022968830272366014,0.014363679248213275,0.025508595703586878,-0.6195479880235368,0.7845442002087698,-0.009121073996918416,0.7846226630501482,0.6199065112073241,221218_155548
0,0,0,0,-0.03076509230685772,-0.05171446978706932,0.8006638270022688,-0.9992540221363642,-0.02779209091719996,0.026814155342818134,0.038259329711252274,-0.617933129569705,0.7852992239078275,-0.00525575250029707,0.7857392996806513,0.6185354719036049,221218_155548
0,0,0,0,-0.03184442210880154,-0.05209115496962464,0.8001823541434117,-0.9989566616578858,-0.030385104217620473,0.03409301352207103,0.04558926443737832,-0.6196156528126994,0.783580284181239,-0.002684603767889371,0.7843170202355529,0.6203544185958803,221218_155548
0,0,0,0,-0.032279080264817246,-0.05258596588810088,0.7995068010201555,-0.99870765324215,-0.031079840062024522,0.04021277032580956,0.05082040804272142,-0.6193593673485331,0.7834610776573367,0.0005563109999139337,0.7844922036702106,0.6201384304320514,221218_155548
0,0,0,0,-0.032048721293653805,-0.052666877975512914,0.8010405164388881,-0.998609892919596,-0.03875482810438319,0.03572597180922667,0.05208679188114401,-0.6216892502174521,0.7815301928112515,-0.008077615653417525,0.7823046334150535,0.6228436502547765,221218_155548
0,0,0,0,-0.029655545780759296,-0.05140773855905773,0.8145776261134893,-0.9993623944854471,-0.03472651925670073,0.00829899684465496,0.028539644603661263,-0.6372743752396882,0.7701083426043128,-0.021454444159901,0.7698541676987786,0.6378591281016606,221218_155548
0,0,0,0,-0.023323147514049895,-0.04849658102448447,0.8294418586529196,-0.9986548730576115,-0.02794726284784621,-0.04367373372634696,-0.01409571755847347,-0.6642506452661454,0.7473770072794723,-0.04989744747778388,0.7469873029461893,0.6629632071030636,221218_155548
0,0,0,0,-0.01544250529449109,-0.04478446422370005,0.8023375390478424,-0.9967434181031607,-0.02565965427705158,-0.07644697907968376,-0.041345094703889695,-0.6513084019580992,0.757685916909318,-0.06923251845739703,0.7583791582586972,0.6481264619708692,221218_155548
0,0,0,0,-0.012743622216440518,-0.042913212450582855,0.7942788588265751,-0.9960972046745186,-0.028150072087887362,-0.08365364475655869,-0.04517293647282114,-0.6516469178673439,0.757176135548667,-0.07582720257290412,0.7579999128465899,0.6478320519042955,221218_155548
0,0,0,0,-0.013411711923619974,-0.04319412051767922,0.793184189741654,-0.9959606251202251,-0.02694910626747571,-0.08565149666827138,-0.047781729258599054,-0.6485538138835052,0.7596675962855193,-0.07602196760929394,0.7606915907045017,0.6446463870000874,221218_155548
0,0,0,0,-0.015029912729023775,-0.04330362734401694,0.7961168529810106,-0.9966053950925001,-0.029793209730183623,-0.076746668504205,-0.03874760930089305,-0.6527660455334738,0.756567982782814,-0.07263820789354866,0.7569734833219486,0.649395747061412,221218_155548
0,0,0,0,-0.016402553320992008,-0.04258575787362816,0.7927099786018672,-0.9971652324783454,-0.03796001406702254,-0.06496565606871543,-0.024321709773372946,-0.6544474667392313,0.7557161952163675,-0.07120360644031293,0.7551539913227199,0.6516690078707583,221218_155548
0,0,0,0,-0.017845421207835985,-0.04291791719589102,0.7930037690596673,-0.9987167960356129,-0.023400021579628172,-0.044913253126813824,-0.018702201651350003,-0.6537497783077514,0.7564796461346184,-0.04706366931883399,0.756348905170516,0.6524732520782819,221218_155548
0,0,0,0,-0.018762197409133517,-0.044499684579272065,0.792970923099498,-0.998716508390085,-0.022166708117616424,-0.045540892836508896,-0.02023182819460173,-0.6496988450722897,0.7599224196190272,-0.04643284394716854,0.7598684410889566,0.6484164890253924,221218_155548
0,0,0,0,-0.018875941758100822,-0.04651114694097408,0.7942495446146308,-0.9988417814123289,-0.01936367257676941,-0.044047064480902294,-0.021333609689194177,-0.6423133510217689,0.7661451795820527,-0.04312740199309728,0.7661974988757968,0.6411563147266035,221218_155548
0,0,0,0,-0.018318964717198256,-0.04809550601996557,0.7949647935508137,-0.9984581123925862,-0.013470040340450351,-0.05385123778205977,-0.033058842072664546,-0.6350221613878432,0.77178621878544,-0.04459272091101779,0.7723764707443768,0.6335977246504387,221218_155549
0,0,0,0,-0.01811646043145553,-0.04916676796999425,0.7963663227845214,-0.9989596725506739,-0.0042413320620871,-0.045404666277702184,-0.032372690002132554,-0.6353024773265861,0.7715845846339389,-0.03211824340583122,0.7722517551971256,0.6345042513927566,221218_155549
0,0,0,0,-0.018366438859821466,-0.04943029010037545,0.7963617034188816,-0.9988250736698452,-0.008256975445709969,-0.04775242993731235,-0.03154355990180953,-0.6372846545374974,0.7699826445574883,-0.03678961860566017,0.7705842533088199,0.6362754376174979,221218_155549
0,0,0,0,-0.01925348973108111,-0.04902709114275684,0.7962144653646203,-0.9994339576084361,-0.0007283302914469214,-0.03363382098609547,-0.02535102286620286,-0.6409207325727029,0.7671883342427122,-0.022115379688701087,0.7676067248881141,0.640539480350562,221218_155549
0,0,0,0,-0.020745258357048647,-0.04837006118998861,0.7955899012922113,-0.9997829109604375,-0.0021135857798883495,-0.020728331013994447,-0.014439410421728804,-0.6469261602530811,0.7624159275663628,-0.015021131054202885,0.7625497203037682,0.6467552007417465,221218_155549
0,0,0,0,-0.022545069101736974,-0.04797184019206195,0.795564808615783,-0.9998826224991807,-0.010877508261944002,-0.01078985811643441,-0.0011003829835317669,-0.6514380447984216,0.7587010366056581,-0.015281700869045955,0.7586238551503782,0.6513496112037892,221218_155549
0,0,0,0,-0.02322257950270563,-0.04829874990016767,0.7956622550942033,-0.9998917968802247,-0.004522923563800931,-0.013997774611415319,-0.007898930922400968,-0.6376603904494457,0.7702771146426095,-0.01240973093661208,0.7703043357104364,0.6375556673450438,221218_155549
0,0,0,0,-0.022192421812741593,-0.04911231685778897,0.7974614411335046,-0.9998535112365035,-0.007298469307704503,-0.015481873717369648,-0.007438194034142698,-0.6293680069486318,0.7770718017654598,-0.015415230700399185,0.7770731266587926,0.6292215241766461,221218_155549
0,0,0,0,-0.021872036474658223,-0.04906725238795025,0.797709844641314,-0.9998439663367501,-0.0035728629949360047,-0.017299642482294986,-0.011136875622482431,-0.6326840430914212,0.7743299500980588,-0.013711782574310494,0.7744017925260198,0.6325455325517069,221218_155549
0,0,0,0,-0.02221792582876231,-0.04878208814481191,0.7977346266990168,-0.9998448778916376,0.0009395461350008016,-0.017587990417226522,-0.01422507387755112,-0.6319079451165741,0.7749128958610295,-0.010385924467011032,0.7750428802018692,0.6318232873370185,221218_155549
0,0,0,0,-0.02187377187775202,-0.04896440736114126,0.7982156914354434,-0.9998048327903144,-0.0010140959410009642,-0.01972987426604285,-0.014692961504343918,-0.6294360813260308,0.7769133390585864,-0.013206559406722163,0.7770516013331115,0.6292983359697403,221218_155549
0,0,0,0,-0.021772340781605545,-0.048922245138700596,0.7978273128087942,-0.9998549096397795,0.0008730024857909191,-0.0170116882139392,-0.013729346106543153,-0.6324484765518165,0.7744807483487073,-0.010082892675974675,0.7746019380132912,0.6323687001278115,221218_155549
0,0,0,0,-0.021855592206555266,-0.04880728814425983,0.7967411739185916,-0.9998177785102474,0.0007888161104375735,-0.01907321535499526,-0.015325607958267595,-0.6288693768724889,0.7773599118636849,-0.011381367033164225,0.7775105688035054,0.6287668724442357,221218_155549
0,0,0,0,-0.021730733455891316,-0.048979611125021645,0.7984337193334161,-0.9998294567322147,-0.00018083504905200276,-0.018466855423977073,-0.01422560973720012,-0.630115650396214,0.7763709803652897,-0.011776649700569075,0.776501277799619,0.6300056159252778,221218_155549
0,0,0,0,-0.021774435587331865,-0.04895378058385317,0.7976926244058558,-0.9998629398449108,-0.00010269409035215671,-0.01655569323875587,-0.01278946358172263,-0.6302156173534234,0.7763148235510741,-0.01051337937980791,0.7764201601567076,0.6301279265008408,221218_155549
0,0,0,0,-0.02206538325505415,-0.04900577479150596,0.797153678738739,-0.9999018613908612,-0.009810580105383493,-0.010001005203833385,-0.001585733562414371,-0.630026353683894,0.776572133876078,-0.013919519968744687,0.776511781096573,0.6299489668076832,221218_155549
0,0,0,0,-0.022273469993611888,-0.048916640782340974,0.796159626729774,-0.9989955473736083,-0.03785040172304471,-0.02398423267709308,0.005087690236905973,-0.6275974932767958,0.7785213560595085,-0.04451979038313292,0.7776173438922815,0.6271596724456661,221218_155549
0,0,0,0,-0.0227300781754312,-0.04899897320250546,0.7956622604312255,-0.9988659837120953,-0.04716774724858647,-0.006476897587730519,0.024530804392552896,-0.6264641865622613,0.7790640940197021,-0.04080424265591498,0.7780217391399669,0.6269108287523026,221218_155549
0,0,0,0,-0.02254462719378752,-0.04974760450990947,0.7969948495721406,-0.9983434614521256,-0.05654051362204307,-0.010653792523943738,0.027172049900175514,-0.6265484280047892,0.7789086898147626,-0.05071501434496541,0.7773289121627235,0.6270468480392091,221218_155549
0,0,0,0,-0.022203116382818133,-0.05088472716346901,0.7972857582804591,-0.9982675968464034,-0.05867060332796309,-0.004423278381281717,0.03323126211019839,-0.6242663060580964,0.7805044921966448,-0.04855397311311205,0.7790053526296926,0.6251345233381527,221218_155549
0,0,0,0,-0.02227818062416341,-0.05153471736083283,0.7973853075250906,-0.997821138712155,-0.06579141926660376,-0.004946138904624572,0.03752691270189609,-0.6276103602257189,0.7776226376337096,-0.05426514500341953,0.7757426924491324,0.6287118331553245,221218_155549
0,0,0,0,-0.022845111549278475,-0.05186653723664425,0.7988326204644611,-0.9976403919726264,-0.06849657671902137,0.004676246623113528,0.04684587128555623,-0.6293439334810859,0.7757136570501074,-0.05019076257840738,0.7741023397253942,0.6310677103001453,221218_155549
0,0,0,0,-0.022758762096302596,-0.05216274926760664,0.7986118023285255,-0.997618921023588,-0.06874753331441877,0.0055013706396875445,0.047842623390334155,-0.6323892442498453,0.7731719906620004,-0.04967465956464104,0.7715942070935294,0.6341725378608289,221218_155549
0,0,0,0,-0.022359082833585592,-0.052382199717392906,0.7986749417818558,-0.9975043337334392,-0.07060153009022566,0.00072672685792282,0.04544022128646821,-0.6340630917050839,0.77194506412492,-0.054039711994457104,0.7700515694979845,0.6356888309867076,221218_155549
0,0,0,0,-0.02208188477582606,-0.05121032436464433,0.7985444843280188,-0.9978303506379447,-0.06583730492359263,-0.00020155930660974153,0.0415724661788347,-0.632440425519305,0.7734926232516834,-0.05105214394681029,0.7718060361576339,0.6338052706857804,221218_155549
0,0,0,0,-0.019732082871450948,-0.049897105145726234,0.805089193155953,-0.9981993568685297,-0.05340643159566322,-0.02730928434564183,0.013511987712511664,-0.6437768776282409,0.7650939537202535,-0.0584420237099153,0.763347289833042,0.6433392922628303,221218_155549
0,0,0,0,-0.014877178271608511,-0.047364398290164464,0.8038264804780607,-0.9968906777037699,-0.05223670269928843,-0.05899409799652397,-0.010654690069153955,-0.6524479152832976,0.7577586656858566,-0.07807339038909217,0.7560311136015405,0.6498626785556829,221218_155549
0,0,0,0,-0.010604111587239267,-0.0446556309112059,0.7969951503446461,-0.9956996869782456,-0.05511484261293037,-0.07446131529307379,-0.019999469177992474,-0.6569334358395419,0.7536832770525379,-0.09045526288735867,0.7519313898221075,0.6530061488348886,221218_155549
0,0,0,0,-0.008983139595520457,-0.04415934160389096,0.7927433662792784,-0.9955421545629823,-0.04802793401516425,-0.08117349347127126,-0.03015576174451387,-0.6533815319704733,0.7564279236738456,-0.08936693192508963,0.7555037334349528,0.6490205391543047,221218_155549
0,0,0,0,-0.00948857217884276,-0.044908638205195216,0.7930558346357379,-0.9962353243715625,-0.04110729191293527,-0.07632410514295221,-0.031184327116933752,-0.6515553926932108,0.7579598327053092,-0.08088705839967084,0.7574864756574738,0.6478205947478572,221218_155549
0,0,0,0,-0.009529975741147492,-0.0451796926859027,0.7956721501529755,-0.9966138257898703,-0.04023785783104444,-0.07170632497658105,-0.02820081111906847,-0.6519124443752643,0.7577696741892582,-0.07723727401135427,0.7572259105880071,0.6485702150403289,221218_155550
0,0,0,0,-0.010353779074012961,-0.04524319098273117,0.7938577672332505,-0.9975309212157787,-0.042019995151142575,-0.05627060712217642,-0.015203270219701581,-0.6530398981576746,0.7571708869131463,-0.06856326854101341,0.7561568695857439,0.6507886498589701,221218_155550
0,0,0,0,-0.01221337369843473,-0.046312546710834034,0.7946712878263701,-0.9980471152508384,-0.03160140750135054,-0.0538823420372028,-0.020260527610597823,-0.6521917127845475,0.7577832676934074,-0.05908863478217047,0.7573950889853275,0.6502777963459059,221218_155550
0,0,0,0,-0.013620445458993857,-0.047333584765700494,0.7940229671647966,-0.9986300698333082,-0.028175635832485557,-0.044092144086640424,-0.015297769704645026,-0.6486231158702298,0.760955998597066,-0.050039602983892206,0.7605880534850843,0.6473035231087383,221218_155550
0,0,0,0,-0.014587297375728173,-0.04836777583672991,0.7942558648865848,-0.9991193838114425,-0.025664643597415493,-0.03319311617279872,-0.008530598321539254,-0.6503308774624034,0.7596031718675594,-0.04108145304781492,0.7592174101586436,0.6495392507981963,221218_155550
0,0,0,0,-0.015735361360748764,-0.04954182393209731,0.7966324220541229,-0.9993629072711676,-0.021888547819050697,-0.028189910338514257,-0.007256168912701921,-0.6487467386758423,0.7609697872255957,-0.034944635972215754,0.7606895296583431,0.6481745998455494,221218_155550
0,0,0,0,-0.01639904727750935,-0.04999128820254328,0.7969054648400278,-0.9995112009824544,-0.026177783788201348,-0.017090428506925437,0.003901472550475682,-0.6468438826840667,0.7626124638019885,-0.03101834332375003,0.7621730217412184,0.6466298379345871,221218_155550
0,0,0,0,-0.016994826146441457,-0.05047833821708439,0.7960893557672801,-0.9985986503803269,-0.043428604048955044,-0.03024387225454922,0.004937793050891981,-0.6454462930658442,0.7637896968193184,-0.05269111555449335,0.7625700224359195,0.6447562386078199,221218_155550
0,0,0,0,-0.01757368974267736,-0.05079376152245453,0.7967510195935148,-0.9989304788789714,-0.04107570323833776,-0.02122934219672112,0.010463474186549027,-0.6480477672858798,0.7615278110638731,-0.045037918186533576,0.7604912083116167,0.6477844610718604,221218_155550
0,0,0,0,-0.018099574032777024,-0.05121355551222771,0.799258764100335,-0.9987807247237557,-0.04293403905712467,-0.024366620827076142,0.009202125251357218,-0.646851175988616,0.7625607366059459,-0.04850138978573254,0.7614067404563646,0.646457570747274,221218_155550
0,0,0,0,-0.018209422987616724,-0.05166552496283475,0.7995093510040502,-0.9984104075761482,-0.04612490708031397,-0.03239060034117752,0.0041943456325198025,-0.6339014873266406,0.773402425539116,-0.05620556474535643,0.7720371735298148,0.6330873061274805,221218_155550
0,0,0,0,-0.01788854800055109,-0.05212553104895327,0.7999932787535301,-0.9987590252237207,-0.04136919518902504,-0.027730835248428176,0.004643647472819368,-0.6317294054368031,0.7751750736734323,-0.04958675299221854,0.7740843287367826,0.6311375491379143,221218_155550
0,0,0,0,-0.01882043082544862,-0.05207602932818928,0.798862729382656,-0.9990045961036822,-0.03764864783220445,-0.023924804704012582,0.004985626245972596,-0.6272189957457456,0.7788269865038283,-0.04432787491696355,0.777932458952643,0.626782361600293,221218_155550
0,0,0,0,-0.01986172752736539,-0.05260562743501864,0.8020256186300091,-0.9995477892834463,-0.026441081235852038,-0.014320829642678385,0.005391784140037381,-0.6261232306485454,0.7797054756162841,-0.029582859942250017,0.7792756696223152,0.6259826556162156,221218_155550
0,0,0,0,-0.020679211235930972,-0.05282787187928971,0.8034200947028628,-0.9996943373264818,-0.02435932887414466,-0.004225519396193821,0.011986003285880037,-0.6270148313534362,0.7789151025548635,-0.02162331247975713,0.7786263701928055,0.6271151473196761,221218_155550
0,0,0,0,-0.021964978075455895,-0.05322571578493115,0.8038449021796599,-0.9995896699388223,-0.028414398690278675,0.0036212841183858833,0.02053446019982602,-0.622694192373914,0.7821958058747827,-0.019970670892535236,0.7819492085365063,0.6230221565668699,221218_155550
0,0,0,0,-0.023134507793924248,-0.05357490151999093,0.803949930849889,-0.9995764861541236,-0.028591595553626892,0.005419316513449419,0.021980132594743323,-0.6197407435667995,0.7844987473121856,-0.019071499649808032,0.7842856185261645,0.620106721842409,221218_155550
0,0,0,0,-0.024360415617477437,-0.05394564109550778,0.8042223286114152,-0.9994964700813986,-0.029270122155761802,0.012250152807688448,0.027683029291752786,-0.6157279916809386,0.7874723424665723,-0.015506649672217876,0.7874149479210725,0.6162282398644174,221218_155550
0,0,0,0,-0.024479542820587653,-0.053786924335043396,0.8042874678011156,-0.9995604330180855,-0.026429318869912677,0.013432492276919684,0.026893564907296108,-0.6176391534376506,0.7860016617713989,-0.012477055392763114,0.7860174089960704,0.6180784382615448,221218_155550
0,0,0,0,-0.023594040816423936,-0.05361704969969502,0.8033951383376743,-0.9989400591410997,-0.04349569488652,0.015062628240594681,0.038714903437139514,-0.6169256017402864,0.7860686726802174,-0.024898082155631385,0.7858186345739864,0.6179556287155632,221218_155550
0,0,0,0,-0.021848717630150588,-0.05304172319172128,0.8023265531318063,-0.9978910701661008,-0.06479134428591267,0.003936214981392287,0.04333592284104588,-0.6198419174355955,0.7835291922968021,-0.04832607861466029,0.7820473637161554,0.621342507020356,221218_155550
0,0,0,0,-0.020477051217251702,-0.052481165857055506,0.80133118148847,-0.9973403685142093,-0.0728751091699757,-0.0011865055436525093,0.04470340111491952,-0.6244887835120656,0.7797534002467572,-0.05756557357222805,0.7776265027190656,0.6260856387174325,221218_155550
0,0,0,0,-0.018904498567015638,-0.052556729431547704,0.801919756671322,-0.9966057423552774,-0.08161524864729486,-0.010767798880300716,0.043027492526671596,-0.6279324228477267,0.7770775426065608,-0.0701828268977075,0.7739766298311753,0.6293127579223405,221218_155550
0,0,0,0,-0.0168803002548732,-0.053466147862152966,0.804556668517567,-0.9952820548403144,-0.09411752417584007,-0.02356953448525692,0.041446270861438844,-0.6320701930593592,0.7738019628287232,-0.08772592515626046,0.7691743382932861,0.6329889409512333,221218_155550
0,0,0,0,-0.014835304158187563,-0.054022999175424295,0.8034029326988487,-0.9948064296132942,-0.09736917725524878,-0.029654863356376737,0.039350088351222806,-0.6366030343039419,0.7701870858835306,-0.09387085887963523,0.7650201435489461,0.6371282773645741,221218_155550
0,0,0,0,-0.01409779272362596,-0.053854774218270694,0.8013593198872171,-0.9947995962522519,-0.097276358414425,-0.030183992280424482,0.0392937484178654,-0.6399576293524151,0.7674048696541551,-0.09396682729362471,0.7622280122950519,0.6404519440528732,221218_155550
0,0,0,0,-0.01402720983121801,-0.05406436146635959,0.8014049969505942,-0.9948018993598372,-0.09745625561026977,-0.02952048902858348,0.04027959640296941,-0.6428634200523211,0.7649210268205774,-0.09352398165002834,0.7597558169576976,0.6434472499399362,221218_155550
0,0,0,0,-0.01406367130578687,-0.05446708419093587,0.8016004318616945,-0.9946063899638768,-0.09950763678625757,-0.029263616732025724,0.04187763955583085,-0.6433773724845807,0.7644029172367603,-0.09489147668919765,0.7590545347971066,0.6440743907777204,221218_155550
0,0,0,0,-0.014612568171324697,-0.053992383450664753,0.803666898797877,-0.9955977531289242,-0.09094823067620464,-0.022661273166048976,0.04132677880062996,-0.642957749098924,0.7647858721417442,-0.08412616310400842,0.7604825785055911,0.6438858877711835,221218_155550
0,0,0,0,-0.015286889080262218,-0.052871701173967105,0.8030764122614706,-0.996374503048665,-0.08206389090407668,-0.022435852651730488,0.03549229256741086,-0.6406297495996646,0.7670292178895016,-0.07731847672345632,0.7634520559521436,0.6412197840207438,221218_155550
0,0,0,0,-0.014261683943481592,-0.05226052798134107,0.8048683661746654,-0.9963286831647857,-0.07578747819998805,-0.039817248162200045,0.01865837773521023,-0.6461468479596599,0.7629850036613348,-0.08355249872633425,0.75944091871579,0.645188709554579,221218_155551
0,0,0,0,-0.011529778811232327,-0.05046054010962112,0.8069531221596958,-0.99508672235191,-0.08488841468670832,-0.05095460774955504,0.016818518989046183,-0.6521078508764433,0.7579396336413087,-0.09756819367984962,0.7533586847427216,0.6503315613629463,221218_155551
0,0,0,0,-0.009765031659436504,-0.04857272704533074,0.8013449243132074,-0.9944705030583827,-0.08441910635146077,-0.06246465424244875,0.008185306968557904,-0.6553092476658721,0.7553163513875618,-0.10469679697411188,0.7506285395629512,0.6523767134845881,221218_155551
0,0,0,0,-0.010048434845270446,-0.04907934992192916,0.8016563936421935,-0.994796057722934,-0.08334711970240133,-0.05860086327199836,0.009907862589543737,-0.651569774848734,0.7585240027596203,-0.10140334214322799,0.7539960783325623,0.6490048351601858,221218_155551
0,0,0,0,-0.010323049506354792,-0.05018465906244209,0.803634517888447,-0.9959702537079156,-0.07526664875152805,-0.048766641413001986,0.011667117613260197,-0.6478766368686746,0.7616559208503108,-0.08892205629419828,0.7580176745864509,0.6461440032368644,221218_155551
0,0,0,0,-0.010245349153875665,-0.05003520076951062,0.8027136993901474,-0.9954581012925394,-0.08420853978237804,-0.0444082244496731,0.021068401232479286,-0.6497669042083666,0.7598414918027199,-0.09284013701282519,0.7554547584224983,0.648589868049328,221218_155551
0,0,0,0,-0.010376946734012061,-0.05030923541804065,0.8027646050939617,-0.9956315297198357,-0.08426170843700365,-0.04022215209329312,0.024023014969663414,-0.6474602678793393,0.7617204843440818,-0.09022611473130127,0.7574266736845836,0.6466560772246726,221218_155551
0,0,0,0,-0.01137349328690612,-0.05122588874851127,0.8008974892938082,-0.9955431545464763,-0.08691540599482472,-0.036599721807757064,0.02827044861821071,-0.6452863103006037,0.7634175525055465,-0.08997004596295094,0.7589804279027152,0.6448675064616266,221218_155551
0,0,0,0,-0.011838254266176828,-0.05178695649633034,0.7997218897913507,-0.9966845775214817,-0.07524045672974375,-0.030963310577607754,0.02486841204203224,-0.6440622963646779,0.7645687153447785,-0.07746880025748139,0.7612638386739233,0.6437980684299305,221218_155551
0,0,0,0,-0.012425927329747071,-0.05238073067681827,0.7980425414156681,-0.9979597605105968,-0.05914337561987415,-0.024049480699540847,0.020139202142022777,-0.649052932193598,0.7604766293239886,-0.0605865409040148,0.7584407375208553,0.6489198091675945,221218_155551
0,0,0,0,-0.012911694863861574,-0.05257707354845646,0.7992342329718526,-0.9974866788142005,-0.06753894092533991,-0.021420015100371427,0.027945337511937285,-0.6528110107106153,0.7570051799071975,-0.06511054983303854,0.7545039931992858,0.6530576854664306,221218_155551
0,0,0,0,-0.013446660882955049,-0.052752653962334375,0.7993783579059759,-0.9970318390257396,-0.07372030977652683,-0.02219972737228819,0.031031300426708625,-0.6486757546208715,0.7604319981174321,-0.07045970737079693,0.7574860271275609,0.6490380176412824,221218_155551
0,0,0,0,-0.013829298698133737,-0.05317089433263307,0.7999264467438008,-0.9966790376710093,-0.07843339829278678,-0.021888305083694867,0.03415124291322513,-0.646631858007724,0.7620373565757526,-0.07392285488719785,0.7587591463974085,0.6471630160041614,221218_155551
0,0,0,0,-0.013651126072704245,-0.05330602069444658,0.7990399141746052,-0.9964241555170921,-0.08172404462865329,-0.021449541523857155,0.036483996255624054,-0.6451422166197448,0.7631909579863889,-0.07620905667484273,0.7596793408172268,0.6458169081219803,221218_155551
0,0,0,0,-0.013617526321672785,-0.05335450976416503,0.7994506463233104,-0.9963914657782101,-0.08172892389705044,-0.02290043499542694,0.03448317442134807,-0.6363329808591653,0.7706433988251091,-0.07755615775795319,0.7670728260533803,0.6368550242592925,221218_155551
0,0,0,0,-0.014329654323123511,-0.05417498329493951,0.8031274324651836,-0.9965052684948161,-0.08143865468612055,-0.018574051388693877,0.03675722730620884,-0.6272091290835934,0.777983042639722,-0.07500770695625048,0.7745814701612186,0.6280106607216558,221218_155551
0,0,0,0,-0.014847637862877133,-0.054663786087602,0.8043810548702892,-0.9967223102679429,-0.07897530505155292,-0.017536744456962322,0.03596793481201088,-0.6267789418482616,0.7783665368712434,-0.0724633968255255,0.7751845323841207,0.6275651335701488,221218_155551
0,0,0,0,-0.01620319829652804,-0.05469935717253628,0.8052992280448226,-0.9971434138568815,-0.07494238376346041,-0.009415482870968342,0.03968569210671041,-0.6258944465054033,0.7788974179413523,-0.06426552764783508,0.7762987704160973,0.6270806654702412,221218_155551
0,0,0,0,-0.01731980164534575,-0.05480435820285136,0.8040643656874572,-0.9975541456423992,-0.06982372199010822,-0.003220925195066969,0.04102847496334938,-0.6222258099129636,0.7817619239387004,-0.05658967002771753,0.7797176984817032,0.6235686970338948,221218_155551
0,0,0,0,-0.018348706568504895,-0.055466723309421734,0.806024625998617,-0.9973982983762553,-0.07197272676149946,0.004069520692349719,0.04786528086939859,-0.6189913922221375,0.7839378618501555,-0.05390314724990097,0.7820930781930081,0.6208259560932845,221218_155551
0,0,0,0,-0.020041522714156008,-0.05564022050202697,0.8058050012029013,-0.9974182612541901,-0.07008262371781211,0.015660075654199107,0.05558427899484099,-0.6153853405502616,0.7862641226486571,-0.04546647166089933,0.7851046481130184,0.617692068482381,221218_155551
0,0,0,0,-0.02033234512000575,-0.05560326621556406,0.8049470026650429,-0.9979710850643272,-0.06117956081728443,0.01762880352533306,0.05168936574721156,-0.6168614524257511,0.7853726236506113,-0.03717422284569765,0.7846903910775243,0.6187722257070211,221218_155551
0,0,0,0,-0.01927335560838907,-0.0555403759118713,0.8055312703982814,-0.9975089165167007,-0.06973974844503061,0.01059853558289086,0.05154901057431782,-0.61811447541121,0.7843960701048504,-0.04815247634843711,0.782988418033082,0.6201697156807682,221218_155551
0,0,0,0,-0.01876785398119451,-0.05545040382151991,0.8050815236299615,-0.9970486872886675,-0.07582575616674381,0.012015401686439449,0.05632849676320528,-0.6161917136946089,0.7855793228099245,-0.05216335522512483,0.7839376420837589,0.6186442901181698,221218_155551
0,0,0,0,-0.018283378890611823,-0.054917536224609785,0.8046805367717426,-0.995728655976172,-0.0917210814659701,0.010568201483647302,0.06525262091313158,-0.6181253911560642,0.783366514648239,-0.06531875023186867,0.7807100896125755,0.6214702059192148,221218_155551
0,0,0,0,-0.017567392726957252,-0.05453761422828992,0.8025120120427598,-0.9938414677514207,-0.1104560402803384,0.008865672184885404,0.07557901297830472,-0.6171688718440349,0.783192438947151,-0.08103671868311807,0.7790391818081743,0.6217161759458438,221218_155551
0,0,0,0,-0.016760525934761482,-0.05462660873267619,0.803024260417584,-0.991892621435834,-0.12703755128768374,0.00323853423283825,0.0819517655268431,-0.6199759662602885,0.7803292314059851,-0.0971233013657457,0.7742682105203929,0.6253605380173642,221218_155551
0,0,0,0,-0.015600632791241596,-0.05573837078231795,0.8047589399015354,-0.9911590623070804,-0.13267565566441286,-0.0009400003016560715,0.08234209752836327,-0.6206645229422787,0.7797405523220292,-0.10403601386624961,0.7727695130857918,0.6261020583450989,221218_155551
0,0,0,0,-0.014749451031597183,-0.05672610652203951,0.8048755256898211,-0.9910746211536562,-0.13326204380871343,-0.0035104109532595323,0.0809928140163157,-0.6228444224201655,0.7781420111636493,-0.10588323466373101,0.7709124808562999,0.6280785679173666,221218_155551
0,0,0,0,-0.014590109773494916,-0.05674982829944005,0.8047046502573657,-0.9910161287587999,-0.13373277410256285,-0.0016055126142317938,0.08342837757572136,-0.6275328356186067,0.7741073866302749,-0.10453104015078207,0.7670189602293439,0.6330522697958612,221218_155551
0,0,0,0,-0.014433939531082452,-0.05668052585012599,0.8033196771271538,-0.9899269821226563,-0.14152078883903552,0.004054182026820188,0.09303009742984733,-0.628618959294811,0.7721292670190024,-0.10672380726774411,0.7647287560576534,0.6354525620538416,221218_155552
0,0,0,0,-0.013437475693914352,-0.05718517559726764,0.8052159138552146,-0.9894727439745211,-0.14465870836423195,-0.00418891703470263,0.08948743786010263,-0.6343336939941369,0.7678624636801743,-0.11373516341380888,0.7594041234798141,0.64060103796754,221218_155552
0,0,0,0,-0.01261318667131429,-0.05706668489657017,0.8052998118858522,-0.990580076867565,-0.13666597109867368,-0.008574593675831077,0.08070264759507645,-0.6332417570199073,0.7697349932525387,-0.11062637110650424,0.7617921563720628,0.6383059740483468,221218_155552
0,0,0,0,-0.011814134745147286,-0.05567725844330234,0.8052466057328682,-0.992320611169793,-0.12308175102978244,-0.012275471927830572,0.06904908533304066,-0.6335503241483431,0.770614177514403,-0.10262567155579927,0.7638487214985515,0.6371837271954999,221218_155552
