0,0,0,0,0.010871663347815563,-0.016283461772697825,0.29615185306716024,0.0757394846366587,-0.9959570099676767,-0.04830284425598647,0.9970158107468059,0.0749165991995367,0.018627299462488624,-0.014933304653109297,-0.04956952148872065,0.9986590303759921,221121_012642
0,0,0,0,0.009912979545690427,-0.01761235078705594,0.29635640048011647,0.05922070871900326,-0.9973068210739762,-0.04326675742573693,0.9982198073775097,0.05947096733912499,-0.004518871867612907,0.007079817654865499,-0.04292212346875816,0.9990533356627697,221121_012642
0,0,0,0,0.009702872655197488,-0.016330103642247754,0.2967294812954054,0.07202525121547848,-0.9968111723721003,-0.03434894207259487,0.9973653649904856,0.07227823212690454,-0.006179472307958766,0.008642447844373914,-0.03381336710191081,0.9993907965858444,221121_012642
0,0,0,0,0.009889707267183,-0.015954615357824525,0.2970465555306502,0.07479604678213297,-0.9964089185379559,-0.03968398220674939,0.9970748053293379,0.07535517877430148,-0.012783959064227853,0.01572844439948657,-0.03861170923325869,0.9991304979565274,221121_012642
0,0,0,0,0.010335200367846574,-0.015760842484242924,0.2967974145439175,0.08067426357104958,-0.995791132269183,-0.043493494816218004,0.9967338793242774,0.08075616274727536,-0.00012643382753975505,0.003638269430109216,-0.04334123985761206,0.999053702221837,221121_012642
0,0,0,0,0.009744868829253128,-0.014249647193349186,0.2965666107323725,0.09398958506441946,-0.99431737968852,-0.04998906229140054,0.9955141278564622,0.09441234218924804,-0.006158805121763557,0.010843391425459523,-0.049185954211498795,0.9987307759204672,221121_012642
0,0,0,0,0.00891943637585049,-0.01363079682991093,0.29730012593333344,0.10151583423826227,-0.9943803800206865,-0.030036564863926814,0.9948197693824481,0.10162916664044735,-0.002266921661890548,0.005306773479490472,-0.029650840087313002,0.9995462299650546,221121_012643
0,0,0,0,0.008790233561697515,-0.013727578532751004,0.2971450704658559,0.1006339714828563,-0.9944769096814292,-0.029807379859052106,0.9949167034516413,0.10069898252951642,-0.0006841859681815665,0.0036819799709619464,-0.029587007756688016,0.9995554271752514,221121_012643
0,0,0,0,0.009728966722641856,-0.013639637624676728,0.29678939645764424,0.10097898019194423,-0.9940595048187855,-0.0406072215108043,0.9948588125362527,0.10120744296546336,-0.0036050807688466605,0.0076934178589520945,-0.04003441479308762,0.9991686829328782,221121_012643
0,0,0,0,0.01012176366667768,-0.013560061303166202,0.2966551528022166,0.09941217286390266,-0.9940287464116626,-0.04498967874675604,0.9949699254960332,0.09986321171676532,-0.007885829317866747,0.012331554845011975,-0.043979429883427325,0.9989563266240588,221121_012643
0,0,0,0,0.010212347344092071,-0.013470063072700662,0.2965593532836181,0.10096052666122074,-0.9937475161862952,-0.04767437603009525,0.9948391722614989,0.10132577900176964,-0.005301683104502646,0.010099177706379043,-0.0468930760694419,0.9988488604520709,221121_012643
0,0,0,0,0.010321221752876598,-0.013169034309054336,0.2964272974085247,0.10343505419557658,-0.9935660288684117,-0.046127387116672386,0.9945820887414983,0.10380192782866998,-0.005623925110563615,0.010375852647165987,-0.04529576202808471,0.9989197343251055,221121_012643
0,0,0,0,0.010364028478373349,-0.012597308561144748,0.29641092890260107,0.11324897909828571,-0.9922077755050769,-0.05194611593241068,0.9934967328567614,0.11370632802471414,-0.005925602929436657,0.01178603139896323,-0.05093722798114804,0.9986323088451822,221121_012643
0,0,0,0,0.010313318414950779,-0.012345364631328883,0.29642511568428154,0.11476373941234252,-0.9923995764900662,-0.04441131273035033,0.9932467666352559,0.1153987204064163,-0.011999829047582625,0.017033633925425812,-0.04273424751763822,0.9989412592361954,221121_012643
0,0,0,0,0.00950735991105479,-0.011923857036526809,0.2970758536503251,0.1210529432499543,-0.9920280551706212,-0.03502174588619835,0.992565628350837,0.12141687887357605,-0.008450736128147542,0.01263559840417202,-0.03373839473053681,0.9993508204699564,221121_012643
0,0,0,0,0.00923361873612162,-0.01221061509029105,0.29781966164565293,0.11375759130795415,-0.9933557614824098,-0.0174224438445041,0.9934958085019994,0.11382740426981641,-0.0030660277484625877,0.005028807887656791,-0.01696034100182783,0.9998435167186568,221121_012643
0,0,0,0,0.0105051007568605,-0.01304619843328116,0.2983877212471563,0.11168006492020816,-0.9926097215095648,-0.04747108450543053,0.9936230205760846,0.11079292835806914,0.020933705049541698,-0.015519538674698949,-0.04950623991526177,0.9986532311712495,221121_012643
0,0,0,0,0.011359934184436397,-0.01340314827769779,0.2970097445418567,0.11426610331351783,-0.9922754141197967,-0.04829865595367437,0.9933832167138883,0.11355882358449132,0.017151627831629504,-0.011534400058647448,-0.04993892389202238,0.9986856670122957,221121_012643
0,0,0,0,0.011008539611681448,-0.013389790543530435,0.29803872076034815,0.10676878858960717,-0.9941412034692236,-0.016843198861007314,0.9942830052536954,0.10673095728553436,0.003131807879410189,-0.0013157685160853087,-0.01708128571498798,0.9998532384462907,221121_012643
0,0,0,0,0.009761362708968217,-0.015343960386490664,0.29712010591564636,0.08579787738021084,-0.9955442468805371,-0.039120029909418215,0.9962955678530858,0.08550090663957913,0.009205239818007721,-0.005819425516950519,-0.03976490245019439,0.9991921170724773,221121_012643
0,0,0,0,0.009880789545761806,-0.015683321732479345,0.296821253658139,0.08612813742193717,-0.99528670449708,-0.04456814776910502,0.9962422455513468,0.08562841680373143,0.013006245211289126,-0.00912864300088167,-0.04552087528845877,0.9989216775052662,221121_012643
0,0,0,0,0.00995671148857653,-0.01615363220816133,0.29683435722978474,0.08315871860880673,-0.9952977796699793,-0.049668473938200876,0.9964465301179826,0.08237884816330149,0.017551011113885063,-0.013376850719554993,-0.050951498106495345,0.9986115384400135,221121_012643
0,0,0,0,0.010086921605491996,-0.01649697015607431,0.2963760423835205,0.08220874658437094,-0.9951967501666306,-0.05315214429167438,0.9965478097708668,0.08146630758856865,0.015990733840966175,-0.011583817415451565,-0.05428323116452333,0.9984583847053539,221121_012643
0,0,0,0,0.010187296835588755,-0.01666888676299802,0.296435432415522,0.08003935794687217,-0.9958116421024688,-0.044191341150014135,0.9967417140628541,0.07951265340745461,0.013553353649546603,-0.009982816561278831,-0.045132154848738025,0.998931144760345,221121_012643
0,0,0,0,0.010264505389581841,-0.016719045813130575,0.2963078101844547,0.07913865993136643,-0.995659681489692,-0.048978272326736925,0.9968362661895107,0.07867695374964861,0.011286955215219358,-0.007384504967985349,-0.04971655262103531,0.9987360679788517,221121_012643
0,0,0,0,0.010336249942685505,-0.0167814775394034,0.296258264145278,0.07837981223917184,-0.9956833672706409,-0.04971153964573413,0.9969012645839485,0.07794698527195065,0.010589436148296476,-0.006668860793021257,-0.05038749475426964,0.9987074780275312,221121_012643
0,0,0,0,0.01031388125994129,-0.01690903107222828,0.2965144682609301,0.07537807588883166,-0.9959064238158553,-0.049885275158228666,0.997137469055465,0.07498549576149954,0.009697588930438802,-0.005917219022410939,-0.050473462608748895,0.9987078732498929,221121_012643
0,0,0,0,0.009934865069905595,-0.01752308996742095,0.29692508574762955,0.07137993484967825,-0.9969952115873909,-0.030090745631645262,0.9971561767202919,0.07059529639767759,0.02637922203352342,-0.02417569294613034,-0.03188812001885233,0.9991990210524817,221121_012643
0,0,0,0,0.009693648930941495,-0.0178378784847441,0.29680459535178655,0.06912510192025267,-0.9965593887580593,-0.04572860114500151,0.9976069424916097,0.0689856486173748,0.0046226158592587085,-0.0014520940248130138,-0.045938708765092706,0.9989432048219453,221121_012643
0,0,0,0,0.009297595995168337,-0.016166659202690958,0.2971866998822098,0.08142234207669541,-0.9958831769477554,-0.03983842470771208,0.9966445178725851,0.08169019469615718,-0.0051397553469430795,0.008373004554409083,-0.039286256667571656,0.999192915723376,221121_012644
0,0,0,0,0.00978775285146091,-0.01601416776069976,0.2971954662058612,0.08521361200976746,-0.9954344020566886,-0.04299990151491156,0.9963622274231417,0.08517644249586215,0.0026991495224423833,0.0009757523477785628,-0.04307348193253476,0.99907143041004,221121_012644
0,0,0,0,0.009575274941128505,-0.015380067597848634,0.29699253164218065,0.09094341248952176,-0.9951353342628262,-0.0378808952689108,0.9958449108665857,0.0910565855709281,-0.0012695374300102456,0.004712666536329355,-0.03760804070644663,0.9992814548706184,221121_012644
0,0,0,0,0.00876888753674516,-0.014102683331787963,0.2969670475626087,0.10459702924557246,-0.993840309804057,-0.03661830254911007,0.9945082331998099,0.1046580668661522,0.0002512720298808286,0.003582676484687894,-0.03644348567874957,0.9993292934667676,221121_012644
0,0,0,0,0.008193137546921768,-0.014059884272991893,0.29768586469482156,0.10510035037217982,-0.9941705700942846,-0.02405813604690437,0.9944310759684359,0.10525597454797336,-0.005292916985489114,0.0077943248523500794,-0.023367870685252364,0.9996965495187694,221121_012644
0,0,0,0,0.008898750032905408,-0.014207455358957883,0.29724490154642136,0.10614854220387304,-0.9933528779888686,-0.044525799029597295,0.9943471737810528,0.10592973990211269,0.007251772052642673,-0.0024869623288728618,-0.045043867457206024,0.9989819142621513,221121_012644
0,0,0,0,0.00968111377459117,-0.014026267428269717,0.2967436782018711,0.10364043439577253,-0.9938289254501533,-0.039531345750557036,0.9946058731941607,0.10372628536988399,-0.00012137152346709075,0.004221062181125376,-0.03930552966135764,0.9992183234769583,221121_012644
0,0,0,0,0.009758000260173226,-0.014009026600498778,0.29667765627400217,0.10365011896471626,-0.9936052106287592,-0.04478100322658513,0.9945324297488793,0.10411251634874369,-0.008113576111843018,0.012723954432101236,-0.04369518681630633,0.9989638790430302,221121_012644
0,0,0,0,0.009884718303978768,-0.01369793567829037,0.2965965728426913,0.10524623991722624,-0.9937212845645691,-0.03796363505551859,0.9944165108984324,0.10546133101633383,-0.0037027709693079236,0.007683217807242406,-0.03736196279113589,0.9992722611483421,221121_012644
0,0,0,0,0.009944971406280527,-0.013205215795803301,0.2963959660944826,0.11214323114389341,-0.9924346957019823,-0.049972697300840994,0.9934126563788404,0.11316231730332754,-0.01804394881606796,0.02356246708099746,-0.04762000324921527,0.9985875752459579,221121_012644
0,0,0,0,0.010203409239349473,-0.01278227316629066,0.296374496762137,0.11723757405148194,-0.9920387746737999,-0.045982831298537724,0.9929485384719026,0.11791248747057637,-0.012241129237673414,0.0175656248689156,-0.0442234648372076,0.9988672254012326,221121_012644
0,0,0,0,0.01030021765530731,-0.012593677947671841,0.2963924048316378,0.1166777569050384,-0.9913594618797297,-0.05993928916112376,0.992991291787492,0.11758841624986915,-0.011885234455210312,0.018830705717431215,-0.058132449676403894,0.9981312653237568,221121_012644
0,0,0,0,0.009783865484639222,-0.012171478292820805,0.2964283613118181,0.12394077813649318,-0.9907330188045962,-0.05555869837615657,0.9921546859174653,0.12465284186313652,-0.009526186406942642,0.016363457059450328,-0.05394213998142904,0.9984099773175784,221121_012644
0,0,0,0,0.009464916277996826,-0.011992634809381234,0.29694970263621784,0.1238918312414749,-0.9917301585022781,-0.03349786364353265,0.9921229919927433,0.12442952364348875,-0.01446590492231873,0.018514397397729348,-0.03144179325199542,0.9993340936474137,221121_012644
0,0,0,0,0.009253163676865067,-0.012145177007032682,0.2971904039785841,0.12283905411037017,-0.9918096213583527,-0.034989166412927,0.992311493907366,0.12328541362019882,-0.010890631195133713,0.0151150866554427,-0.0333823571591099,0.9993283506365163,221121_012644
0,0,0,0,0.010588067139942085,-0.013630049304466966,0.297892985118768,0.11387247562022629,-0.9916103697901785,-0.061171348037349964,0.9934644657675741,0.11316720212299713,0.014884207093464464,-0.007836743792504899,-0.06246646210758518,0.9980162957379465,221121_012644
0,0,0,0,0.011227429442968923,-0.01373447701793543,0.29693006222813473,0.11494293407688366,-0.9922896854482737,-0.046360565772680606,0.9933720330086881,0.11480100828443612,0.005721235274187832,-0.0003548830552587631,-0.046710905042000046,0.9989083868945011,221121_012644
0,0,0,0,0.0107679719423629,-0.01404387473374759,0.2984390183561314,0.1067556223346898,-0.9942827134833316,-0.002263353299034909,0.9942842665327276,0.10675850140650266,-0.0011915128674950682,0.0014263328534017323,-0.0021232158771461278,0.9999967287591147,221121_012644
0,0,0,0,0.010167963482826168,-0.015210829035571038,0.2985343865277038,0.09144905676272763,-0.9957737939080552,-0.00846294175598859,0.9958094159802797,0.09145274536923065,-4.908609780217342e-05,0.0008228379073216663,-0.008422988210161948,0.9999641874624259,221121_012644
0,0,0,0,0.0096879495094357,-0.015738028179243104,0.2969329490455094,0.08763637790256594,-0.9952233385793439,-0.04301594605611817,0.9961397194707899,0.08733449980430226,0.008851239268504153,-0.005052183762945363,-0.043625582986552856,0.9990351765319923,221121_012644
0,0,0,0,0.009746083431308315,-0.015969780569851884,0.29691990862399764,0.08712827856919994,-0.9954407906549303,-0.03881102129365249,0.9961536245075224,0.08669435589847255,0.01272969111468996,-0.009306957295184905,-0.03977085560605112,0.9991654815846414,221121_012644
0,0,0,0,0.009859207793672812,-0.016441942175490103,0.296793245837872,0.08434951870323106,-0.9955512518222095,-0.0419864703179947,0.9963747456018892,0.08380132142416213,0.01465281045856319,-0.011069102100151837,-0.043070216191642724,0.9990107263968198,221121_012644
0,0,0,0,0.009878182869630991,-0.016663367701380043,0.29640849433657784,0.0824982770903992,-0.9954663884738986,-0.04733607182529159,0.9964906416441766,0.08172209484466042,0.018108018383513978,-0.01415752071137548,-0.04866383290426082,0.9987148722104688,221121_012644
0,0,0,0,0.009901819683016304,-0.016739015128364173,0.2964955785093904,0.08335644888478311,-0.9956847147441729,-0.04078788121652764,0.9964601668054616,0.0828338606830355,0.014341809313156578,-0.010901302644639574,-0.041838981215589925,0.9990648934135817,221121_012644
0,0,0,0,0.010032714823952555,-0.01685665575030157,0.2962761725865963,0.08110391420144716,-0.9953332616900169,-0.05228626277252026,0.9966426750203697,0.08039741954709667,0.015480092325621659,-0.01120417018105155,-0.05336621687623026,0.9985121498844534,221121_012644
0,0,0,0,0.010015541844228452,-0.016838766902607362,0.2963403502584937,0.08082920666643084,-0.9957405121810885,-0.04435619180024085,0.9966966031777467,0.08039355796974468,0.011522024601025922,-0.007906994600778875,-0.0451409818048927,0.9989493336491464,221121_012644
0,0,0,0,0.010112012671262702,-0.01693362574124092,0.29616669933694684,0.079947609403128,-0.9955192983640226,-0.05049461689654422,0.9967652703964739,0.0794251202863408,0.012273793176700541,-0.008208256950713332,-0.051312540887235907,0.998648911112172,221121_012644
0,0,0,0,0.010052039650074241,-0.01708550105658103,0.29650332396355095,0.07625675057808146,-0.9963354346340506,-0.03873770364708777,0.9969755051683777,0.07560642533001577,0.017986398835643208,-0.014991667203162137,-0.03999212599242577,0.9990875235799291,221121_012644
0,0,0,0,0.009746084034109165,-0.017630536381401246,0.2968667787712527,0.07196648214759259,-0.9969318822486819,-0.030783885450040974,0.997293212313159,0.07145769031637875,0.0173218696666669,-0.015068978777632667,-0.031947154032080774,0.9993759578996534,221121_012644
0,0,0,0,0.009639237113960785,-0.018078132018878486,0.2964701781385479,0.07328823935814599,-0.995812400836922,-0.054648845469863316,0.9972758794343048,0.07271700821876126,0.012371621326503521,-0.008345913390212872,-0.055406669771052505,0.9984289892999725,221121_012645
0,0,0,0,0.009532667609743339,-0.01778080056177199,0.2969641989618496,0.07231128897675082,-0.9960667136639663,-0.051207220361843636,0.9973685974412063,0.07248221526559034,-0.0014863742307295049,0.005192140664697222,-0.05096499191462889,0.9986869435786471,221121_012645
0,0,0,0,0.009032659064502306,-0.016404824687903843,0.29697666998767747,0.08171662506215982,-0.9957177554619459,-0.0432266659167208,0.9966307021644525,0.0819442837483319,-0.0035182188908487737,0.007045331194593871,-0.042793525430819546,0.9990590960947007,221121_012645
0,0,0,0,0.009171522980728429,-0.016155346597531338,0.29711039980094706,0.08451620172730934,-0.995752515903916,-0.03652312577820868,0.9964040531931628,0.08467851416022232,-0.0029175366071380817,0.005997868440185149,-0.03614521144825512,0.9993285492086851,221121_012645
0,0,0,0,0.009603310212013896,-0.01595864162451526,0.29721168270512505,0.08652731049764278,-0.9955496140432041,-0.03733618240354327,0.9962474964422943,0.0865411204637439,0.001249120226369894,0.001987553899785244,-0.03730416125991885,0.9993019809758156,221121_012645
0,0,0,0,0.009424712515185708,-0.015334115621988187,0.2971871855610038,0.09171333479228871,-0.995131050209324,-0.036095112280822454,0.9957850097186773,0.09168714396182098,0.002383705455248774,0.0009373584429384525,-0.036161589309819,0.999345516234369,221121_012645
0,0,0,0,0.008556034416863001,-0.014006412932520093,0.29727340336323577,0.10477389382911773,-0.9939950776939456,-0.03156290056523642,0.9944945031052514,0.10477726761671702,0.0015516069776961888,0.0017647847809380106,-0.031551699018930915,0.999500563193286,221121_012645
0,0,0,0,0.008174828183803514,-0.013910105509582452,0.2975814452536688,0.10638171738211386,-0.9939826042275567,-0.026105798203409115,0.9942880995254351,0.10656836309143122,-0.005861666154864897,0.008608446371457672,-0.025333110369987033,0.999642000003027,221121_012645
0,0,0,0,0.00881312625702619,-0.014009685698477393,0.2972153898010874,0.10755438664727784,-0.9931126944174353,-0.04646751660966909,0.9941965709043629,0.10732902682901846,0.007325189549882195,-0.002287425394124909,-0.046985701940887185,0.9988929429614509,221121_012645
0,0,0,0,0.00958659032915024,-0.013852379750556284,0.29677646013365455,0.10487008742787912,-0.993576900443183,-0.04251126519625466,0.9943728779158525,0.10540685518325177,-0.010581802574320153,0.014994813377093134,-0.041162334555930255,0.9990399480429658,221121_012645
0,0,0,0,0.009656013080087532,-0.013847246308692135,0.2967091665397782,0.10477955460172797,-0.9934188796994277,-0.04626201891613814,0.9944444870998534,0.10513179408140991,-0.005240987495978112,0.010070104973255008,-0.04545586133776093,0.9989155908563394,221121_012645
0,0,0,0,0.009785123350539176,-0.013486470451051337,0.29636782069842776,0.10853383136508418,-0.9923270661212152,-0.05922331713504106,0.9939086790752526,0.10946742217702778,-0.012744455296460483,0.01912969179319515,-0.057479364342157516,0.9981634022376892,221121_012645
0,0,0,0,0.01012978531510285,-0.012587938499207158,0.2960932919639822,0.11893721956970305,-0.9911517660224716,-0.05892465113655507,0.9928572949207184,0.11928401451769316,-0.0023907746143194764,0.009398389422767283,-0.05821941764634212,0.99825957029481,221121_012645
0,0,0,0,0.01011400045649878,-0.012331573742356187,0.296417943582729,0.11941016587410108,-0.9913731977514617,-0.05404067973259508,0.9927395151288794,0.12001392470731953,-0.008056859066893586,0.014472988205539192,-0.05268624731736945,0.9985062303040554,221121_012645
0,0,0,0,0.009473809503361758,-0.011886828133524542,0.2966318489329797,0.12666934768467758,-0.9909074092209391,-0.04535838079324296,0.9918726161404715,0.12708000444067236,-0.006275812458591866,0.01198289229672678,-0.044194782750968414,0.9989510656032156,221121_012645
0,0,0,0,0.009223906387968873,-0.011731564038981816,0.29696180393206467,0.12789777985537532,-0.9909294807437624,-0.041242236856935476,0.9916915936578072,0.12835266170010423,-0.008566055272829803,0.013781907578581415,-0.039804000143153724,0.9991124564312565,221121_012645
0,0,0,0,0.009116960021119792,-0.012034078310803295,0.29748020822225585,0.12468529555424107,-0.9917609415601273,-0.029390676554348752,0.9921163010484201,0.12499677143644941,-0.009002906445432585,0.012602470652726499,-0.028036439257415058,0.9995274562548107,221121_012645
0,0,0,0,0.009228071184514696,-0.012743519847247918,0.29864644048219596,0.11663214105056435,-0.9931063123719704,-0.011695982254970635,0.9931026926498325,0.11647326098700189,0.013454416624505243,-0.01199939688539599,-0.013184528888098353,0.9998410787082044,221121_012645
0,0,0,0,0.01064204360956809,-0.013589951644750327,0.2979115947832745,0.11593584535297385,-0.9915995549260941,-0.05735156870271481,0.9932558247909655,0.11581913651284309,0.0053660167944401885,0.0013214692997125833,-0.0575868933681124,0.9983396232901405,221121_012645
0,0,0,0,0.010584059563482526,-0.014123894489982173,0.298997619104912,0.10663069067613697,-0.9940801520222161,0.020845794813768026,0.9942925801317558,0.10653306742610841,-0.005742006593551629,0.003487248322984401,0.02133909323921593,0.9997662137714307,221121_012645
0,0,0,0,0.010039445535379554,-0.015439107752927356,0.29846828979300694,0.09078572846502841,-0.9958089195419675,-0.01107010694316669,0.9958693567083757,0.09076355465001051,0.0024902844295538705,-0.001475085190628654,-0.011250462566206501,0.9999356235356989,221121_012645
0,0,0,0,0.009622918867135335,-0.015935332229584653,0.2968995741718616,0.08798023545179881,-0.9951991225422991,-0.042874055801656874,0.9961212446456192,0.08783837220375934,0.005185203395824827,-0.0013943225983375348,-0.04316395324378231,0.9990670292852528,221121_012645
0,0,0,0,0.009739980965678588,-0.01620326660463418,0.29701009859544636,0.0876491376234918,-0.9954523887222204,-0.03731180056072643,0.9960500548990516,0.08704442504092477,0.017537280430302327,-0.014209743468985814,-0.03870154850287138,0.9991497752259295,221121_012645
0,0,0,0,0.009787766809593281,-0.01665137413187255,0.29674674524901956,0.08459633460112403,-0.995536527426432,-0.04183877067714858,0.9963617119131254,0.08408168573062016,0.01391435080207052,-0.010334370111454981,-0.04286365225243382,0.9990274811585425,221121_012645
0,0,0,0,0.00985938885853874,-0.016852264487526476,0.29633977132469297,0.08399786735787249,-0.9953307023762245,-0.047551563450450994,0.9963973025429679,0.08333632464120538,0.01573125806771206,-0.011695031612893822,-0.04870164168227428,0.9987449005291715,221121_012645
0,0,0,0,0.00990376153770238,-0.016917657450035796,0.2965910249444531,0.08346186010151119,-0.9956975978128585,-0.04025433663717368,0.9964660545016153,0.08300643927850287,0.012858198329786337,-0.009461508039399592,-0.041185249155582394,0.9991067285919022,221121_012645
0,0,0,0,0.0100369159651536,-0.017075583590786484,0.2961598439952543,0.08139323196074638,-0.9952314606982132,-0.05375389685859163,0.9965831470225099,0.08050686633849347,0.018457398057847692,-0.014041825440232327,-0.05507253497757291,0.9983836151647572,221121_012645
0,0,0,0,0.010062361669642122,-0.017098449153796658,0.2963454980216276,0.08095536601567788,-0.9958012167446836,-0.04273365702904025,0.9966629807233274,0.08042711592454521,0.013942090221779077,-0.01044660561905738,-0.04371974100869934,0.9989892154959292,221121_012645
0,0,0,0,0.010145564632567546,-0.017191617012785515,0.29628203718234375,0.08036610245283149,-0.995715782573934,-0.045731498004319956,0.9967048592425122,0.07977088070672422,0.014697964268471008,-0.010986953121981925,-0.04676202438359295,0.9988456336875301,221121_012646
0,0,0,0,0.010102699829122076,-0.017337824880204758,0.2964647172655986,0.07717135757117226,-0.9958720435971281,-0.04778550357904088,0.9970146734296006,0.07696155010726928,0.006217778634917379,-0.00251446548769028,-0.04812268266386007,0.9988382676272193,221121_012646
0,0,0,0,0.009781174336716252,-0.01782349795186206,0.2966110893823594,0.07282804020667,-0.9963736508154787,-0.04399573297820727,0.9972914538746515,0.07229825598011413,0.013517330018075282,-0.010287496694496157,-0.04486100916016052,0.9989402671175552,221121_012646
0,0,0,0,0.00962284089049445,-0.018056243607127234,0.29637467878806917,0.07055282709621497,-0.9966313043481843,-0.04181317713315624,0.997460987244713,0.07008033441230443,0.012661976680665302,-0.009689040898545238,-0.04260035119452338,0.9990452104707622,221121_012646
0,0,0,0,0.009729796281279006,-0.017285274804212793,0.2964855881954722,0.074760025942396,-0.9964815762171704,-0.037886762606971366,0.997201285117585,0.07467814919521354,0.003573652559293193,-0.000731765624649959,-0.038047894718658576,0.9992756487709227,221121_012646
0,0,0,0,0.009549858883799327,-0.016155154192452507,0.2968673969957845,0.08329945929635474,-0.9957581084546826,-0.03907671336854976,0.9965091588908229,0.08345211955169018,-0.002289102233634335,0.005540426665942458,-0.038749621792775434,0.9992335915506825,221121_012646
0,0,0,0,0.00952343735485317,-0.015778222774391188,0.2972233122354135,0.08624942734731283,-0.9955421462492822,-0.038168983790943585,0.9962557926814792,0.08641347005794547,-0.002666034722644809,0.005952464267717837,-0.03779612723437685,0.9992677423669917,221121_012646
0,0,0,0,0.009134054540808208,-0.015079171118113384,0.29710648551956037,0.09319216046308137,-0.9950863774057385,-0.03344133265507625,0.9956401174387254,0.09327367252573104,-0.0008823605635754112,0.003997220887667564,-0.03321330328478058,0.9994402927189239,221121_012646
0,0,0,0,0.008580914556634452,-0.014187543144462314,0.29736123414679977,0.10467783095436412,-0.994049525761677,-0.030134565529888222,0.9944981487584772,0.1047507314044957,-0.0008463959977987301,0.0039979773200309035,-0.029880170735936826,0.9995454924985354,221121_012646
0,0,0,0,0.009355144904817887,-0.014287654015293574,0.29699207534470384,0.1031187973455438,-0.9936568831158481,-0.0448610328738165,0.9946689498933443,0.10303381355384755,0.004208726959816286,0.0004401727841771459,-0.045055875322181894,0.9989843714227326,221121_012646
0,0,0,0,0.009870846897916638,-0.013980380044467566,0.2966644334718136,0.1028809633125517,-0.9936794635876289,-0.04490691519223818,0.99460800048186,0.10335974231044248,-0.008466938466463854,0.013054990055811897,-0.04379369034142259,0.9989552942554147,221121_012646
0,0,0,0,0.009990805154256996,-0.013071592362889163,0.2961206857928869,0.11286241094623434,-0.9923585325097498,-0.04986601197708403,0.9934839015889684,0.11350732670128821,-0.010287082613078468,0.015868631918494337,-0.04838005519036053,0.9987029372044587,221121_012646
0,0,0,0,0.01027620765696788,-0.01258667975618958,0.2964167575792003,0.11668504539773389,-0.9924862782092208,-0.03681830722531715,0.9930131865316449,0.11724312505787725,-0.013373892512328213,0.017590098203167995,-0.03500053132556785,0.9992324810834218,221121_012646
0,0,0,0,0.01032878361563762,-0.012410911500898323,0.29633048516557603,0.11737676370701894,-0.9919430131343516,-0.047662920972288275,0.9929751777751579,0.11794993118785818,-0.009386695647210574,0.01493290541256288,-0.04622631746876891,0.9988193710122046,221121_012646
0,0,0,0,0.00961511345834986,-0.011974731758721264,0.2968499070168644,0.12352887807533203,-0.9914451480732118,-0.04215607481178847,0.9922980282446446,0.12380725938383674,-0.004047921152137579,0.00923251987489725,-0.04133135475581046,0.9991028373950347,221121_012646
0,0,0,0,0.00959965963822858,-0.012266003322525585,0.2975902874365027,0.12021198349842926,-0.9924120053120182,-0.025835842079444463,0.9926782778717209,0.12047177121954003,-0.008740078996303953,0.011786248979566448,-0.024596016990710012,0.9996279909462241,221121_012646
0,0,0,0,0.010988750844373405,-0.013830655891425408,0.29728038343347923,0.11157498155702594,-0.9924445997986884,-0.05103665174137544,0.9936867469215399,0.11081359162351045,0.01752132711826676,-0.01173339179593006,-0.05266938619273015,0.9985430703154693,221121_012646
0,0,0,0,0.01124804743017512,-0.013762535351131082,0.2969637620365243,0.11138779901739054,-0.99281352828901,-0.04374992887295298,0.9937658283934849,0.11148745082249761,0.00016317632043625838,0.004715564385285576,-0.043495360159771304,0.9990425001455644,221121_012646
0,0,0,0,0.009840561571275459,-0.015622470952858392,0.29792325179018364,0.08563539058914205,-0.9961515364655145,-0.018673410937471036,0.996308334135248,0.08550547254614876,0.007649673019627722,-0.006023554705704066,-0.019259557680649717,0.999796372381223,221121_012646
0,0,0,0,0.009703589004464391,-0.01599431193940225,0.2967227919044349,0.08532698261440069,-0.9952425321069848,-0.04702773993292622,0.9963216029834218,0.08485447490398362,0.01195748791820996,-0.007910086375428404,-0.04787504959836954,0.998822011250997,221121_012646
0,0,0,0,0.009843602689111377,-0.016172677004736954,0.29688517899292516,0.0857238949014983,-0.9952014664331934,-0.04717472895669496,0.9962888980059971,0.08525752132917669,0.011814684371615744,-0.007735990751853777,-0.04801245948736399,0.9988167790846635,221121_012646
0,0,0,0,0.009873556698801673,-0.01677825876383779,0.2968048125353736,0.08192352732959138,-0.9959152942066111,-0.03796396232266578,0.9965555288223438,0.08136538219718939,0.01602350003974013,-0.01286909645219404,-0.03914589819207712,0.9991506317924438,221121_012646
0,0,0,0,0.009968999038851406,-0.01701693809363217,0.2964247137382877,0.08036612894847184,-0.9956969783601378,-0.046139057232770384,0.9967058700180994,0.07976925115132733,0.014638143400699303,-0.010894677108592358,-0.04716348010111014,0.9988277690149847,221121_012647
0,0,0,0,0.01006966135589605,-0.017120211600712774,0.29634518560420775,0.07920181039182071,-0.9957832762798763,-0.04628973873306199,0.9968028460142897,0.0786208255725658,0.01424261085970345,-0.010543216229923132,-0.047269783875168774,0.9988265155290601,221121_012647
0,0,0,0,0.010155340427573772,-0.017226503188114754,0.29627913554649804,0.07857442794034115,-0.995520828779605,-0.05257697918117974,0.9968477199911752,0.07787913431927196,0.015148055521318215,-0.01098555516322951,-0.053601491617778566,0.998501976800299,221121_012647
0,0,0,0,0.010229886705302857,-0.017346461014025885,0.29622254058257724,0.07713161834388131,-0.9957829357224058,-0.0496694913978437,0.9969539547661957,0.076453289163772,0.015417738228502901,-0.011555324646921352,-0.050707390981072596,0.9986467017780597,221121_012647
0,0,0,0,0.010046386592885384,-0.017735335520688983,0.2967377332954044,0.07377889565294968,-0.9964320802601007,-0.04098516786301683,0.9971493260859289,0.07305585846393359,0.01886963249444109,-0.01580810053765841,-0.04226051316094278,0.9989815578802068,221121_012647
0,0,0,0,0.009820073756782823,-0.01807104665397439,0.29643552887144814,0.07211442883990735,-0.9962107020727183,-0.04861837336723325,0.9973701116369061,0.07167313129376318,0.010762093845206752,-0.007236682007666997,-0.04926661472365074,0.9987594460665647,221121_012647
0,0,0,0,0.009602015399876502,-0.018206333425033014,0.29648935720024494,0.06741622955985871,-0.9966955956008229,-0.045309399707495146,0.997719928238338,0.06720242681173694,0.00622724872627424,-0.0031617697604616954,-0.045625908654341074,0.9989535923512401,221121_012647
0,0,0,0,0.00900603076882598,-0.017195042179656207,0.29700340157305244,0.0737793612554939,-0.9970816347802279,-0.01961681515228987,0.9972483399215831,0.07362042782716682,0.008705235791816798,-0.007235632410334015,-0.020205103081468348,0.9997696731913255,221121_012647
0,0,0,0,0.009113831991943964,-0.016523621061762493,0.2972575671878903,0.07953829414503844,-0.9962484497187856,-0.03409818466448114,0.996765629231458,0.07988063256000955,-0.008795733319552183,0.011486520243890505,-0.033288300868750134,0.9993797821038598,221121_012647
0,0,0,0,0.00954453279905701,-0.01579633749732147,0.297134449351088,0.08802450217336272,-0.9954146080957241,-0.037435878602846986,0.9961183058276415,0.08796565212907803,0.0032194472468278826,8.838665483839984e-05,-0.03757395421221263,0.9992938457494162,221121_012647
0,0,0,0,0.008354413527418208,-0.014544473874734686,0.29774382526385906,0.10299917481205473,-0.9944857132671729,-0.019731601443341223,0.9946803978931742,0.1029500641049868,0.0034914678655035896,-0.0014408452770887205,-0.019986255483761855,0.9997992166213301,221121_012647
0,0,0,0,0.009545400353267123,-0.014540345839787357,0.29652680681083265,0.10012627681552039,-0.9938374762112208,-0.04755838064077039,0.9949489111380897,0.10035362914136475,-0.002411087573471935,0.007168885282331321,-0.0470767458122174,0.998865550055432,221121_012647
0,0,0,0,0.009623428802822381,-0.014454974786871768,0.29681143992787207,0.10092849293719985,-0.994004723469876,-0.04204817514472074,0.9948250260011309,0.10132786495232854,-0.007472042963719251,0.011687897812462907,-0.04107643489615674,0.999087643573349,221121_012647
0,0,0,0,0.009709905816421427,-0.014169385420329745,0.29643273811411675,0.10360023502501853,-0.993433389328302,-0.04854989464916085,0.9945466210583045,0.10405814686779974,-0.0069943271262699405,0.012000410170939809,-0.04756051974193615,0.9987962690747328,221121_012647
0,0,0,0,0.010090634885908731,-0.013258203856803525,0.2961699030232438,0.11485963938128235,-0.9919623790025791,-0.05308391361557056,0.9933730517526227,0.11491790306257932,0.001963570060057815,0.004152504410943279,-0.05295766421627006,0.9985881245578049,221121_012647
0,0,0,0,0.010349772658503061,-0.012729263400346972,0.29627326856417396,0.1161180773917187,-0.9920442791759343,-0.048628595056334684,0.993146784981158,0.11662252541460638,-0.0076583319012284825,0.013268593913478266,-0.047406062061951096,0.9987875698542396,221121_012647
0,0,0,0,0.009695291213616584,-0.01213386918471338,0.29669440708442457,0.12276504201762489,-0.9913442247747903,-0.046533562770111406,0.9923554922552895,0.12321644562123157,-0.0069487062991660485,0.012622260065960072,-0.045324778368341076,0.9988925582947789,221121_012647
0,0,0,0,0.009329310081594752,-0.012165116220025177,0.2969960596583802,0.1238805788715918,-0.9916774180619934,-0.03506423654292686,0.9922491131946054,0.12414485813601532,-0.005454499326999206,0.009762148480688793,-0.03411675108048168,0.9993701755369496,221121_012647
0,0,0,0,0.009428237001200887,-0.012174053688703591,0.29664787378934054,0.12296378010884657,-0.9915327929072139,-0.04174481250363453,0.9923406126462905,0.12334775886107918,-0.00674083650107162,0.011832889508837707,-0.040596194077393746,0.9991055658699446,221121_012647
0,0,0,0,0.009059368751188821,-0.012411317722119326,0.2977473178757408,0.11866022950725913,-0.9928339527568518,-0.014159526351181503,0.992931845254451,0.11868326937844936,-0.0007951410148698676,0.002469941877000873,-0.013965093012492573,0.99989943272525,221121_012647
0,0,0,0,0.011119104005057123,-0.01368525379413192,0.2970316594662045,0.11493487806221753,-0.992259789663769,-0.04701578055543256,0.9933292417697764,0.1143566317357016,0.014818172058181079,-0.00932690998690813,-0.04840527444895404,0.9987842300294982,221121_012647
0,0,0,0,0.010921480791675094,-0.01367032372268984,0.2978176621943104,0.11244431554596987,-0.9933527371373454,-0.02462956603644098,0.9936264970212688,0.1122087412781765,0.010750944052028406,-0.007915827097716106,-0.025681471969346215,0.9996388356195685,221121_012647
0,0,0,0,0.010236359648981242,-0.014739004473341907,0.2989483411730931,0.09525632618034832,-0.995385495754143,0.011573554549136552,0.9954311794414126,0.09532440847899519,0.005479429168051472,-0.006557386560286451,0.010998726763062502,0.9999180109844459,221121_012647
0,0,0,0,0.009703591636075455,-0.015587962481628548,0.2972771409993651,0.08753469658283153,-0.9955098894269765,-0.03602411618958873,0.9961584011221873,0.0873873880248941,0.005646617383318526,-0.002473210027190408,-0.036380000924628744,0.9993349682488276,221121_012647
0,0,0,0,0.009656528353128368,-0.015863929984802745,0.29672399682842193,0.08790302205124403,-0.9950335569541087,-0.04670416736771966,0.9961094285402796,0.08751043951322185,0.010388905108827905,-0.006250206989847521,-0.047435677621978395,0.9988547398902043,221121_012648
0,0,0,0,0.009796107197174758,-0.016324685815425698,0.2968670449751968,0.08460494840962461,-0.9956057565149046,-0.04013951044781253,0.9963027288708867,0.08392322007074181,0.018378399750317766,-0.014929003618104834,-0.041546007357424176,0.9990250517998173,221121_012648
0,0,0,0,0.00983047936648356,-0.016619007995425438,0.29642895490857835,0.08396106135930412,-0.9953413850736273,-0.047392692845334906,0.9964171401170853,0.0833762875140924,0.014187232332490831,-0.010169712695443058,-0.04841406655178302,0.9987755779471241,221121_012648
0,0,0,0,0.009933480705687139,-0.016876298895209734,0.29664037236958807,0.08241575266928669,-0.9959250643519273,-0.0366184367165545,0.9965844435232457,0.08216707918754268,0.008247304120186465,-0.005204866897213462,-0.03717307215441635,0.9992952877238964,221121_012648
0,0,0,0,0.00998567738817256,-0.01695324931101195,0.29629284660303046,0.08153327623699023,-0.9957526513077969,-0.04276660238499226,0.9966256847631888,0.08104705227174602,0.012985368241435572,-0.009464107795636088,-0.04368103400280596,0.9990006996654598,221121_012648
0,0,0,0,0.010058551337477023,-0.017054360049067067,0.29618601255846627,0.08037190016832113,-0.9955227291112817,-0.049747899314029946,0.9967018016347036,0.07970487821774806,0.015252901574111483,-0.011219459945511677,-0.0508097255564272,0.9986453301885567,221121_012648
0,0,0,0,0.01007900630376727,-0.01715461293794377,0.2963257350019335,0.07890587550068442,-0.9959956529754683,-0.04203001386439511,0.9968366578832611,0.07842968941365565,0.012863176847419147,-0.00951526729004801,-0.042912038782236456,0.9990335412867531,221121_012648
0,0,0,0,0.00979399161041058,-0.017561957722482004,0.2968311714881508,0.07453107597094472,-0.9967532696574292,-0.030463718450590115,0.997200677384634,0.07431132634945725,0.008284672583215063,-0.0059939751617610875,-0.03099590623627725,0.9995015387973908,221121_012648
0,0,0,0,0.009586510749406581,-0.017943849214742416,0.2962876938494235,0.07268393539015228,-0.9963142334017517,-0.04555210047056703,0.9972354976044142,0.0718923033621961,0.018784542447297242,-0.015440461582366371,-0.046791506049265096,0.9987853358493831,221121_012648
0,0,0,0,0.009542959645771159,-0.017949147126548833,0.29657285896126695,0.07126598914526439,-0.996379084500645,-0.04636678510317697,0.9974424742580597,0.07144173548374402,-0.0021421897746148077,0.005446956683030114,-0.046095535583479764,0.9989221852888068,221121_012648
0,0,0,0,0.009035001129720749,-0.016209049286795174,0.29708676503485626,0.08485713079180701,-0.9956085568906723,-0.039533135467019406,0.996360363728759,0.08510928568688952,-0.004736568395211891,0.008080404945131946,-0.03898731762944094,0.9992070336621854,221121_012648
0,0,0,0,0.009419443762519126,-0.015999905804580196,0.2973185512188818,0.08733704925288854,-0.9953945310789096,-0.03952173232534767,0.9961673920115139,0.08745731425384184,-0.0013210891279550416,0.004771469456868401,-0.039254880992083054,0.999217837809914,221121_012648
0,0,0,0,0.009473822054910583,-0.015686249799597457,0.2970299054313084,0.0903412742824461,-0.9950115973057886,-0.042312827700424493,0.9959077660506274,0.09036543509783573,0.0013452359003440733,0.002485091763414167,-0.04226120403586245,0.9991035056251012,221121_012648
0,0,0,0,0.008696608234573041,-0.014475798190094636,0.2971484660344193,0.10276369624578457,-0.9939342806393531,-0.03916973964473732,0.9947054278444065,0.1026500231735441,0.004907602199301173,-0.0008570593793925437,-0.03946667597357658,0.9992205196736189,221121_012648
0,0,0,0,0.008183070556529313,-0.01409284873225247,0.2976732769674331,0.10714138685481067,-0.9940582298563615,-0.01920830231086317,0.9942407820500178,0.1071686248416857,-0.0003913542016671253,0.0024475562091546515,-0.019055747279487684,0.999815426948506,221121_012648
0,0,0,0,0.008515461012954964,-0.014279092701509004,0.29722534420420554,0.10736419222741134,-0.9931735085530873,-0.045599475169212964,0.9940951943489638,0.10796377074986452,-0.010888929137744342,0.015737687239602515,-0.04416113804945407,0.9989004550437073,221121_012648
0,0,0,0,0.009457476784671452,-0.014082323092576409,0.29689441924754884,0.10621970109218998,-0.9936690080292723,-0.036596141627325635,0.9943076789283022,0.10645282513261872,-0.0044761194684756435,0.008343543857242954,-0.03591237256720316,0.9993201122625806,221121_012648
