0,0,0,0,-0.13898187936395956,0.02570116140234046,0.5921953948545348,-0.0459901768228011,-0.9988088220917144,-0.016304617369633283,0.9970145885428137,-0.046908730975532165,0.061330915459247175,-0.0620226883375083,-0.013435321731457908,0.9979843076228005,221208_151148
0,0,0,0,-0.13896651487886127,0.025777533498188863,0.5922842359798298,-0.04674377841656596,-0.9988441336564322,-0.011198921353158045,0.9975235830915372,-0.04726592724754125,0.052082946322677126,-0.0525520727998782,-0.008736634452773406,0.9985799671848394,221208_151148
0,0,0,0,-0.13890880499181085,0.025766984469949225,0.5920018104606524,-0.04624087241695296,-0.9989020375423059,-0.007516722154553082,0.9973118146974655,-0.04659281951059857,0.05655310278756477,-0.05684123488249631,-0.004881451001751358,0.9983712963888487,221208_151148
0,0,0,0,-0.13907148838559724,0.025823875537126745,0.5926852158364273,-0.04629079197370062,-0.998772406939477,-0.017630703751456145,0.9973576529249834,-0.04720008389833108,0.05522557588617055,-0.05598995204870465,-0.015027681667993464,0.9983182328562717,221208_151148
0,0,0,0,-0.13909707237702384,0.025814664260472686,0.5928552481464535,-0.04604709328782658,-0.9987722493081764,-0.018266340947995396,0.9973275100339729,-0.04700343498269799,0.05593312819128785,-0.05672303702357602,-0.015641966363391668,0.9982674120490505,221208_151148
0,0,0,0,-0.1390345247052574,0.02579024513568233,0.5925477975297961,-0.046591466887847655,-0.9988245362564551,-0.013370900692029009,0.9974618960763602,-0.04724105556330466,0.05327333803149048,-0.053842372616660424,-0.010854880991620675,0.9984904458579794,221208_151148
0,0,0,0,-0.13902116126009562,0.02580106419216072,0.5924440119616584,-0.04729137375408998,-0.9988079031008306,-0.012095398785131689,0.9975408152729268,-0.047851535003484214,0.05121086273863189,-0.05172859782630525,-0.009643821915129351,0.9986146147868024,221208_151148
0,0,0,0,-0.1391215693604267,0.025828429670632404,0.5928901594482613,-0.04600665293023626,-0.9988386025454747,-0.014312021211542639,0.9974232577865019,-0.04672154440026155,0.054442098741834075,-0.05504754956142886,-0.011770444080717153,0.998414354831412,221208_151148
0,0,0,0,-0.13906414226994396,0.025794331858884828,0.5925892277496907,-0.04659959365922384,-0.9988380137631084,-0.01229227938840912,0.9973292271638441,-0.047214974269724486,0.05572395220619723,-0.05623958139570845,-0.009662735972629309,0.9983705429438304,221208_151148
0,0,0,0,-0.13909350176938817,0.025794669067977588,0.5927547536393143,-0.04638640859911858,-0.9988231024359573,-0.014167255820548202,0.9973067962684105,-0.04711326074589489,0.05620938336904726,-0.05681069630021117,-0.011521749090244789,0.9983184832926748,221208_151148
0,0,0,0,-0.13912113848449242,0.025808316552883723,0.5927927058317797,-0.04629883771700871,-0.9988333834851132,-0.013721868011891299,0.9973145932762406,-0.04700003739620251,0.056165812760098986,-0.05674521710506564,-0.011084607365045917,0.9983271567052866,221208_151148
0,0,0,0,-0.13912951019881606,0.025788035528693992,0.5928518479636877,-0.0448710323743301,-0.9988913767959979,-0.014234037243826964,0.9967910149148522,-0.045713059052375105,0.06571140553277553,-0.06628923772891503,-0.011239821825586197,0.9977371414188451,221208_151148
0,0,0,0,-0.13925456663384286,0.02588310367186277,0.5937176441956008,-0.045504606685225935,-0.9986955890851192,-0.023161414299426475,0.9970462819307834,-0.04684103375864024,0.060865665562969726,-0.0618711763135652,-0.020323333839424217,0.9978772066959076,221208_151148
0,0,0,0,-0.1392884914988844,0.025936170303163617,0.5934797682873811,-0.04460309462064743,-0.9988812987201068,-0.01570716452752422,0.9972668409008107,-0.045447018966621344,0.05825303860542405,-0.058901714660772736,-0.01306596855501542,0.9981782748966942,221208_151149
0,0,0,0,-0.13938733567364714,0.026022860389056934,0.5937991374815945,-0.043594513771745336,-0.998844464059008,-0.020230051598522168,0.9967913694951107,-0.04484770440191582,0.06629969162778694,-0.06713035132536033,-0.017274838018117647,0.9975946551091688,221208_151149
0,0,0,0,-0.13946132936715153,0.02604497946128521,0.5940724003649056,-0.04410869225373748,-0.9987849861049027,-0.021976687627912064,0.9975346249039491,-0.04523400502737229,0.05365218454938003,-0.05458108999829614,-0.019555979152511213,0.9983178192810066,221208_151149
0,0,0,0,-0.13943767201760493,0.026353082550533553,0.5946396126876593,-0.036776784505343385,-0.9988113945369542,-0.03198853332982335,0.9983495760443215,-0.03813500304156453,0.04294002276598802,-0.04410886683617303,-0.030356542724189514,0.9985654150731755,221208_151149
0,0,0,0,-0.13950329467677441,0.026227358637410002,0.5948173554378405,-0.023339648653110667,-0.9994995314152252,-0.02135292723480827,0.9978545259361398,-0.024597447639732678,0.06067380520761617,-0.0611686673838042,-0.01989100978724548,0.9979292268794081,221208_151149
0,0,0,0,-0.1399887934867012,0.025550574806141754,0.5947750615847036,-0.023953787391696346,-0.9995851546133394,-0.01599170867103283,0.998648532073042,-0.024663226886975198,0.04574750952652362,-0.04612293852250943,-0.014874270272768723,0.9988250250298605,221208_151149
0,0,0,0,-0.1401967861117581,0.025705175943797724,0.5940168364156744,-0.0224248056456256,-0.9996163747962816,-0.016255193966730645,0.9993043057238984,-0.02289652489660715,0.029438982817622326,-0.02979987673520008,-0.015583721853240983,0.999434397526805,221208_151149
0,0,0,0,-0.14047924424201969,0.025914228676646354,0.5939593924336738,-0.02017272409210552,-0.9997508013121599,-0.009560150542678118,0.9992232193901567,-0.020484005784338344,0.03366546210283828,-0.03385290289287207,-0.008873600324675589,0.9993874324720137,221208_151149
0,0,0,0,-0.14084578788948718,0.025925779406072234,0.5952797479237694,-0.01896444247335838,-0.9994185607478037,-0.02833531991108116,0.9992500674128062,-0.01990292487582107,0.03321409876678785,-0.033758742529561125,-0.02768418346594409,0.9990465120747115,221208_151149
0,0,0,0,-0.14053979355743923,0.02598553434624907,0.5938504050055322,-0.016870364119407455,-0.9997571057790606,-0.01418168744387505,0.9992303114802404,-0.017360460672496303,0.035176682963872434,-0.03541433937800772,-0.013577328511745214,0.9992804815050194,221208_151149
0,0,0,0,-0.14094804010358364,0.026078815123989813,0.5957388592410048,-0.01445267157846411,-0.9992513926332275,-0.03588557655660184,0.9989815447757351,-0.015964348004773088,0.04220204722839393,-0.04274334429744739,-0.03523909637515119,0.9984644273107243,221208_151149
0,0,0,0,-0.14020957941695772,0.025983097622596766,0.5924496307824011,-0.012966343442233852,-0.9998847066649624,0.007902361372499576,0.9988798140659513,-0.012592820866139498,0.0456129138973178,-0.04550814201117038,0.00848494196543796,0.998927932721142,221208_151149
0,0,0,0,-0.14020802289162174,0.026077643624358708,0.592346238201908,-0.01442188448449419,-0.9998348243541403,0.011060436548410012,0.9984646144215239,-0.013808690453970845,0.0536445133823046,-0.053482922470577066,0.011817109488868433,0.9984988397225779,221208_151149
0,0,0,0,-0.1408366125733628,0.02612036249248289,0.5939939336048411,-0.023889919674398963,-0.9997145613452572,-0.00025994655324703547,0.999180414846174,-0.023885652760167186,0.03267987423550051,-0.032676755129268625,0.0005209860655443523,0.9994658364585262,221208_151149
0,0,0,0,-0.1413272530853383,0.025500708582295604,0.5946703452335298,-0.027193999788496244,-0.999614188560205,-0.005653353396579845,0.9983361413248579,-0.02744603228619054,0.05071157891782316,-0.05084717593039436,-0.004264896349121722,0.9986973392169596,221208_151149
0,0,0,0,-0.14099457427106135,0.02556873070149132,0.594132080912626,-0.026603460076480012,-0.9996395614915956,-0.003605969058175576,0.9991625549324534,-0.026702600129654197,0.031002580008243897,-0.031087694234389417,-0.0027781733576568747,0.9995127998279881,221208_151149
0,0,0,0,-0.1407620046329417,0.02595930818964269,0.5934887202122787,-0.026669561287082755,-0.9996439750449062,0.0008109606488323415,0.9992677626419939,-0.02663724229861919,0.02746626780594843,-0.027434887373888626,0.001542880145727548,0.9996224019476744,221208_151149
0,0,0,0,-0.14085840672036837,0.02604318147077943,0.5934280803624953,-0.024305644147570526,-0.9996962028524323,0.004091169148364271,0.9992087509414823,-0.02416451209164111,0.031590321260399075,-0.03148186310455481,0.004855755121690097,0.9994925282050208,221208_151149
0,0,0,0,-0.14084450245409133,0.02615032573355957,0.5936508713046914,-0.02383581333052054,-0.9997021241257119,0.00524566691783717,0.9991255102042801,-0.02364110701663935,0.03448641642828377,-0.034352130383860896,0.006063091420068927,0.9993913998331795,221208_151149
0,0,0,0,-0.1406946487711957,0.02623977924326288,0.59461758154612,-0.031100340911964397,-0.999476595622997,-0.008905256707347006,0.9993733547118332,-0.031245319396738302,0.01663213479420265,-0.016901677052183466,-0.008382411207997974,0.9998220184088584,221208_151149
0,0,0,0,-0.14040943567192585,0.02573906318022943,0.5940993373631935,-0.030690818857606217,-0.9995284205785047,0.001005034172728278,0.9985899925152544,-0.030618400074480745,0.04336519831919471,-0.04331397564566922,0.0023345305133609176,0.9990587817946692,221208_151149
0,0,0,0,-0.14065619753499398,0.025838807018627584,0.5938108495031467,-0.02951255027744143,-0.9995636775034122,0.0012099553612535327,0.998874689397795,-0.02944720403129447,0.03717817982630807,-0.03712632834767607,0.0023058166870049933,0.9993079199890424,221208_151149
0,0,0,0,-0.14071464748166826,0.0261492079526866,0.5935565867693845,-0.030070579298137223,-0.9995326864192258,0.005492635090687436,0.9993701532133872,-0.02996119049907159,0.019016412125561325,-0.01884295961162348,0.006061010100913293,0.9998040843233394,221208_151149
0,0,0,0,-0.14068908463761792,0.02584643266225454,0.5939645282107433,-0.029359437402716848,-0.9995654087831205,-0.002648961990994788,0.9991291007339703,-0.02942502281630971,0.029583916217908783,-0.029649005074784143,-0.0017780878756141934,0.9995587901177109,221208_151149
0,0,0,0,-0.14082086935498564,0.02575926976434758,0.5943131536337153,-0.02745655503399025,-0.9996145219454123,-0.004116442822435833,0.9988232263515926,-0.02759904954478737,0.0398805085827637,-0.03997874543130395,-0.0030166173223110625,0.9991959767401336,221208_151149
0,0,0,0,-0.1407381780197419,0.025843258314424758,0.5940074133637961,-0.0284101772849219,-0.999587598508056,-0.004182670861681087,0.9990104383453815,-0.028536522618542115,0.03411467358498971,-0.034219963524356356,-0.003209327926415685,0.9994091726168278,221208_151149
0,0,0,0,-0.1407375277658077,0.02586029171044642,0.5939539223534184,-0.026427018094878574,-0.9996501047140398,-0.0011317507769114526,0.9992354261807874,-0.026448653348766227,0.028792912345529057,-0.028812771125206044,-0.0003699746543379921,0.9995847574562358,221208_151149
0,0,0,0,-0.1405624711581182,0.025955792560631814,0.5938326522208149,-0.024431261538261306,-0.9996870556292272,-0.005376268874890889,0.9992157029621891,-0.02458667320025898,0.031039884901878815,-0.031162355710493014,-0.004613708736982504,0.9995036874760708,221208_151149
0,0,0,0,-0.14066397126380448,0.026056649071358868,0.5933760681981063,-0.023865808909984965,-0.999712333195413,0.0023820205826882088,0.9992671711662925,-0.0237837221593859,0.02999091845143802,-0.029925637744043856,0.00309603249811969,0.999547332940458,221208_151149
0,0,0,0,-0.14106506910933322,0.026024541041880737,0.5931864121503176,-0.022107685116906972,-0.9997350621488904,0.006407477579051232,0.9981889338247273,-0.021713931559307287,0.05610131519039557,-0.055947320298885286,0.007636143424012653,0.9984045205551615,221208_151149
0,0,0,0,-0.14158159883718524,0.02573353642771137,0.5940952997316095,-0.024873260411870435,-0.9996702621006259,-0.006378713675108505,0.9988659671557706,-0.025111352225391292,0.04044996473891547,-0.040596804978353274,-0.005365357497694973,0.9991612043932008,221208_151150
0,0,0,0,-0.14133416008451413,0.02570222487154863,0.5934431400262616,-0.02416184882724387,-0.9997080525525157,0.00012133798128692586,0.9987715128859376,-0.024133960845985153,0.04327836620553089,-0.0432628028308964,0.0011668742608885972,0.9990630452056939,221208_151150
0,0,0,0,-0.14133853837587876,0.02581706311388613,0.5938333440268817,-0.022615113364773898,-0.9997391519540714,-0.0031913473100358067,0.9987769925955264,-0.02273350311050021,0.043905659067602465,-0.04396675686622884,-0.00219451281147646,0.9990305843187115,221208_151150
0,0,0,0,-0.14117253387448012,0.025801569319421166,0.5938667772331693,-0.02214046211703946,-0.9997176615154462,-0.008625380648519018,0.9986672052313643,-0.02251788162345736,0.046440910871428605,-0.04662202411543248,-0.007585661558483524,0.9988837993511057,221208_151150
0,0,0,0,-0.14117349140239527,0.025893296419773594,0.5937700241692107,-0.021992076790709747,-0.9997290473555817,-0.007627609844080271,0.9986340031614821,-0.022328410057832204,0.047239494429582016,-0.047397007164005106,-0.006578295964098157,0.9988544687461253,221208_151150
0,0,0,0,-0.14130798376694384,0.025852889396921437,0.594420699487611,-0.0218209621844761,-0.9996635528534067,-0.01402236448848538,0.9987177302157907,-0.022436886727363714,0.045381510184245785,-0.04568085990831415,-0.01301411581659378,0.9988713089420225,221208_151150
0,0,0,0,-0.14134445881921123,0.025903887890433817,0.5945684800289645,-0.02244902249419986,-0.9995531930505888,-0.019734630764889655,0.9988001692484897,-0.023282715650247476,0.043082909153608656,-0.04352313520695954,-0.018743783351323297,0.9988765725991552,221208_151150
0,0,0,0,-0.14137202169959417,0.02589348302303314,0.5947034885505543,-0.021875955015851378,-0.9995639666223184,-0.019832277287314265,0.9986689775734696,-0.022774553295742683,0.04627734817964538,-0.04670884096726434,-0.018793518894444874,0.9987317396693963,221208_151150
0,0,0,0,-0.14123752963491806,0.02588917249249826,0.5940484802179249,-0.022509597174297333,-0.9996708628328953,-0.012307885195520459,0.998674576865928,-0.023053729020567168,0.04601755208511317,-0.046286148648496554,-0.011255735479367682,0.9988648060984568,221208_151150
0,0,0,0,-0.1413416665746059,0.025885341769914486,0.59456810096172,-0.021874414114661705,-0.9996423851604506,-0.015382190931945643,0.9985770977150805,-0.02259438993049362,0.0483039694289788,-0.048634246432603515,-0.014303682546650086,0.9987142307685104,221208_151150
0,0,0,0,-0.14125505694763038,0.02589206411190448,0.5941350037299903,-0.02210449697746375,-0.9996525702543023,-0.014357228052095383,0.9985885512124327,-0.022770120287703255,0.04798361188508314,-0.04829385676075247,-0.013276309956086793,0.9987449339011046,221208_151150
0,0,0,0,-0.14118785990412047,0.025871669791197514,0.5938266781100473,-0.022601543375665667,-0.9997131074951707,-0.007929245827077047,0.9987420363173147,-0.022933268533459505,0.04459159211236962,-0.04476064264263437,-0.006911432320477756,0.9989738319763425,221208_151150
0,0,0,0,-0.14132389252987082,0.025892262435562356,0.5944405530244032,-0.021102536158450813,-0.9996459325694864,-0.016207790255394948,0.9984706559679467,-0.021900745476494565,0.05076126986702,-0.05109825964374842,-0.015111811435277407,0.9985792913016596,221208_151150
0,0,0,0,-0.14126239881981636,0.025882087898454625,0.5941806027462948,-0.022981935623530347,-0.9996366013814448,-0.014088854231284368,0.9987680554865049,-0.023577356330755694,0.04366325237724218,-0.04397956314814973,-0.013068031489364976,0.9989469578402503,221208_151150
0,0,0,0,-0.1413385793525691,0.025906105969047712,0.5945180246405092,-0.02107034930532023,-0.9996293299966205,-0.017240736372328744,0.9985089000944436,-0.0219090837342856,0.049999684820087355,-0.05035888017356819,-0.016161517887637086,0.9986004148443118,221208_151150
0,0,0,0,-0.14131383517027388,0.025902540211970592,0.5944144188412986,-0.021730579789855237,-0.9996186219123244,-0.01704091042469705,0.998719955092544,-0.02248345253452466,0.04530944340945723,-0.045675301881254834,-0.016034496818846368,0.9988276436452,221208_151150
0,0,0,0,-0.14128900952315637,0.025896799307480622,0.5942941574776974,-0.02184050902119955,-0.9996505208517028,-0.014893902329970288,0.9986002303927427,-0.022530536233396722,0.04785347214776613,-0.048172315963178926,-0.013827910108016345,0.9987433188145932,221208_151150
0,0,0,0,-0.14124589550972474,0.025876186543011534,0.5940608226973805,-0.02228546169655571,-0.9996951968832237,-0.010624101165920927,0.9984179287562789,-0.02280320211974518,0.051397018504073355,-0.05162361605886742,-0.009461886793786251,0.9986217877471472,221208_151150
0,0,0,0,-0.14124675849428953,0.02589604417623121,0.594100259494572,-0.023414367604485398,-0.9996514110160238,-0.012199337824430286,0.9989367956330871,-0.023878871740103502,0.03943447495174143,-0.03971203495140813,-0.011263034142371939,0.9991476859513443,221208_151150
0,0,0,0,-0.14128403967411796,0.025890701806774823,0.5942581153198025,-0.022074083429606817,-0.9996396399353522,-0.01527498316408591,0.9984669073670448,-0.02281877514787528,0.05042953889973841,-0.050759922514049184,-0.014138379350939128,0.9986108033141323,221208_151150
0,0,0,0,-0.1412156297713563,0.025896268615504425,0.5939758336003242,-0.021857336780516545,-0.9997247009342296,-0.008531070907509243,0.9987194184988746,-0.022223197196186817,0.04544945125795841,-0.04562652673755955,-0.0075267422132854495,0.9989302118814514,221208_151150
0,0,0,0,-0.14130505880762867,0.025891958439777523,0.5943516521663958,-0.022659182807192813,-0.9996191074799091,-0.01575440876644486,0.9987408245741496,-0.02333915860989111,0.04440775837992518,-0.04475853844192937,-0.014728327686888972,0.9988892579260676,221208_151150
0,0,0,0,-0.1413561035117099,0.025910715936457624,0.5945658881576772,-0.021479008776265254,-0.9995696599225598,-0.019978667230016005,0.9986297657893088,-0.022404074310860354,0.047293216573457066,-0.04772046795222766,-0.018935480362854334,0.9986812326873117,221208_151150
0,0,0,0,-0.14129339119457052,0.02589914236756855,0.594304289719486,-0.021641532677214026,-0.9996567005711305,-0.014769057743202814,0.9986321004511874,-0.02231794059545783,0.04728464313100782,-0.04759802529339033,-0.013725543006329385,0.9987722650621368,221208_151150
0,0,0,0,-0.14124027900565717,0.025892067135180278,0.5940562401583179,-0.022805479780591886,-0.9996933661363238,-0.00964799435131735,0.9987904433343685,-0.023203254811077934,0.04335042410528094,-0.043560996268594984,-0.008647697335026676,0.9990133417201641,221208_151150
0,0,0,0,-0.1413191051893459,0.025900423910369903,0.5944091918194162,-0.0218383951237196,-0.9996099986462003,-0.017405031024506603,0.9986375857632134,-0.022635801502628283,0.047016941535514466,-0.0473925816920819,-0.016354543615685706,0.9987424453299669,221208_151150
0,0,0,0,-0.1412543236225758,0.02587989734005066,0.5940902758628235,-0.02134771062966878,-0.9996892138009235,-0.012874434393908042,0.9982818380691947,-0.022016972135287527,0.05430124049397244,-0.05456782048114245,-0.011693106861954374,0.9984415978012198,221208_151150
0,0,0,0,-0.14127826585009795,0.0258772137832771,0.5941984040301647,-0.022359254080946744,-0.9996426863808239,-0.014647980143152745,0.998612693915358,-0.023030089091736372,0.047352957115029536,-0.047673381546254855,-0.013568882111553313,0.9987708116130487,221208_151150
0,0,0,0,-0.1412694917168784,0.025890068792566234,0.5941756536055511,-0.022708426433682927,-0.9996661295926845,-0.012327072405405346,0.9988002307080673,-0.023220417062067955,0.04311509444469657,-0.04338693935296069,-0.011333206812095244,0.9989940600008274,221208_151150
0,0,0,0,-0.1412712981908246,0.025898538241493733,0.5942031589456424,-0.02225676424585815,-0.9996709539859071,-0.012752262631012722,0.9987103896047083,-0.02281394816638438,0.04535505996769469,-0.045631065524661424,-0.011726360303502548,0.9988895325976324,221208_151151
0,0,0,0,-0.14127406117568475,0.02590940787864597,0.594262022073472,-0.02314145934172679,-0.9996336279427385,-0.01403861622715297,0.9988964652979383,-0.023693894310120284,0.040551830879817466,-0.040869603311258815,-0.01308469558143948,0.9990788088367811,221208_151151
0,0,0,0,-0.1411846135579336,0.025872539544408657,0.5937855773782251,-0.02318155790258969,-0.9997006336349419,-0.007826779868124849,0.998808558549337,-0.023495736527626043,0.042771646374903806,-0.0429427379402422,-0.006825941321135818,0.9990542166385546,221208_151151
0,0,0,0,-0.1412869789603298,0.025883785558504246,0.594281497950287,-0.021821489714943743,-0.9996404765054339,-0.015580125757184708,0.9986706751778872,-0.0225229329029992,0.04636377932384406,-0.04669802058292962,-0.014547687975622853,0.9988031135555195,221208_151151
0,0,0,0,-0.1413300072157585,0.025904094913053687,0.5945162746374054,-0.022039419156338308,-0.9995618876884813,-0.0197559278165007,0.9987904647149496,-0.022882566031694786,0.04352006165322345,-0.04395306130119359,-0.01877287544423265,0.9988572007798757,221208_151151
0,0,0,0,-0.14120490916395168,0.02596719538013193,0.5941775871925404,-0.020777035302727676,-0.9997340829724134,-0.010003906603764393,0.9986975873558197,-0.021219787101868393,0.04639881081468076,-0.04659875334914422,-0.009026847659011262,0.9988729009276639,221208_151151
0,0,0,0,-0.14116871584573634,0.026029736753842746,0.5936612363398422,-0.02182666892903068,-0.9997608740572763,0.0013383675482275606,0.9987949794210773,-0.021746684374976455,0.043996258953975,-0.04395663325042729,0.0022970465660940853,0.9990307993101918,221208_151151
0,0,0,0,-0.14108904162469282,0.0260486962068319,0.5934696118545764,-0.02245013617527475,-0.9997401699913936,0.003947643764551,0.9990298775873077,-0.022284203042825135,0.03798312760470064,-0.037885288353138195,0.004796540453946044,0.9992705830384848,221208_151151
0,0,0,0,-0.14089454938282095,0.02613454182332975,0.593162308053818,-0.019534923073298946,-0.9997689783198912,0.0089653092373259,0.9992802587364861,-0.01923216808228484,0.032696914386475366,-0.03251693835621753,0.009597588241601684,0.9994251022562335,221208_151151
0,0,0,0,-0.14054485585188772,0.02640713327450671,0.5935556710071599,-0.01305513932791047,-0.9999147763818308,-5.7536089171947996e-05,0.9994275445901994,-0.013050573947006427,0.031213228510657973,-0.031211319285375926,0.00034998989475411475,0.9995127468199393,221208_151151
0,0,0,0,-0.14132882906319869,0.025771310064398353,0.5953560192262002,-0.01207154529438223,-0.9996702523450218,-0.022664164900704706,0.9993395187852188,-0.01283828878404486,0.033995654652101,-0.034275413758744475,-0.022238815560594087,0.9991649669069311,221208_151151
0,0,0,0,-0.1417902255010298,0.025993528200859855,0.5955613053535991,-0.009958356170322036,-0.9991979906757182,-0.03878410205214604,0.9999498316655783,-0.009992728222978309,0.000692484398696792,-0.001079488010931471,-0.038775260312059454,0.9992473737235271,221208_151151
0,0,0,0,-0.14189401798837797,0.02605182416437828,0.5955425414320223,-0.0033023132632166996,-0.9994895983106016,-0.03177479498003138,0.9992343864714991,-0.004536852055018359,0.038859463021989026,-0.03898378663031644,-0.03162214164699031,0.9987393576592543,221208_151151
0,0,0,0,-0.1416403213741204,0.026076126429617204,0.5945303724605554,-0.00406829199609493,-0.9998405213134492,-0.017389104056406805,0.9997153252599702,-0.00447537615976451,0.02343585817887257,-0.023509943440725718,-0.017288809903479474,0.9995740991099835,221208_151151
0,0,0,0,-0.1419134648450123,0.026033135333589835,0.5951227990260365,-0.0010373145934574057,-0.999985581183376,-0.005268909164065798,0.9988888049020237,-0.0012844073564786118,0.047111630614420724,-0.047117718746149,-0.0052141847960731035,0.9988757344420132,221208_151151
0,0,0,0,-0.1417168742868667,0.02609798230961932,0.594480036685549,0.0006470783911440847,-0.9999603764926606,-0.00887844210501073,0.9989434013910863,0.00023837968188766823,0.04595676220464423,-0.04595282479633507,-0.008898798783182827,0.9989039740002308,221208_151151
0,0,0,0,-0.14138165651807835,0.025959976462009263,0.5928335963696236,-0.004116906897047967,-0.9999746356397975,0.005811983710791405,0.9983968386736686,-0.003782169846573369,0.05647519559661832,-0.056451781229874994,0.00603516928554082,0.9983870858177549,221208_151151
0,0,0,0,-0.14227479480161673,0.025457779711580426,0.5947022523173275,-0.02040705271877183,-0.9997911165858904,-0.0011293339947023792,0.999093600599844,-0.020434995344209173,0.03734150781264452,-0.03735678572592843,-0.0003662802485159475,0.9993019245448328,221208_151151
0,0,0,0,-0.1424093489170842,0.02498411965143046,0.5946603822123743,-0.02075629345888283,-0.9997224772234968,-0.01114202925699155,0.9990233002558395,-0.021174016300624487,0.038782812941192686,-0.039007971336374216,-0.01032615939329847,0.9991855426318001,221208_151151
0,0,0,0,-0.14184189531402716,0.02532818480212327,0.5932600124276962,-0.017720425755094776,-0.9998355835102731,0.0038460964276613094,0.9991641843455946,-0.017566543495127512,0.03691001585798585,-0.03683638462255973,0.004496942995689507,0.999311191907522,221208_151151
0,0,0,0,-0.1422686663529786,0.025901973134217965,0.5950219988886578,-0.01892062588131338,-0.999731200937978,-0.013399096513163788,0.9993192440927452,-0.019333948598903083,0.03142048404273713,-0.0316710956893554,-0.012795479775478185,0.99941643842552,221208_151151
0,0,0,0,-0.1425143050094804,0.02588264259217976,0.5956556507517243,-0.019895253530150925,-0.9996377836423179,-0.018124028295220126,0.9994178549230894,-0.020386849322265477,0.027355577779353688,-0.02771516097557529,-0.017569231325990278,0.9994614509638237,221208_151151
0,0,0,0,-0.1421468412926728,0.02563127404119136,0.5948086439031316,-0.020609020735596513,-0.9997706245559289,-0.0058280819628912725,0.9994751140344402,-0.02074796556562436,0.024880079395581872,-0.024995293360201707,-0.005312268812295965,0.9996734542388845,221208_151151
0,0,0,0,-0.14163969111381858,0.025653240002670236,0.593845987395409,-0.024712460889305787,-0.9996920750890861,0.0022470604956831113,0.9993690120281202,-0.0246469874545579,0.025575453218927086,-0.025512194627926334,0.002877675014937263,0.9996703691276316,221208_151151
0,0,0,0,-0.14168726695263636,0.025707393220744848,0.594392104624799,-0.026345833245322414,-0.9996496854870442,-0.002530489332781126,0.9990891855762264,-0.026415890663994412,0.033511191937329265,-0.03356629760998832,-0.0016453042519647583,0.999435138785242,221208_151151
0,0,0,0,-0.14176949551986173,0.02572653539777016,0.5940624824450187,-0.02455512934865839,-0.9996983156574573,-0.0005685897591131348,0.9992444954190985,-0.024561113233348808,0.03011959646757847,-0.03012447505437739,0.00017143040024531452,0.9995461403128503,221208_151151
0,0,0,0,-0.14200808319943634,0.025865892134541726,0.594909331591973,-0.025693193037477136,-0.9996254462823411,-0.009424806436648817,0.9995040009411051,-0.025859529196695874,0.017973225988898042,-0.018210215107507307,-0.008958342176687008,0.9997940468772475,221208_151151
0,0,0,0,-0.1419698330523872,0.025628027789766333,0.5949212141086887,-0.024641499862600336,-0.9995946409807761,-0.01426009141049777,0.9994695074293363,-0.02493726277547237,0.020948428204214536,-0.021295544216609223,-0.013736325847231674,0.9996788550073153,221208_151151
0,0,0,0,-0.14179858385662852,0.025665659952492797,0.5939866387080617,-0.02395889180924876,-0.9997122558243577,-0.001173481080063616,0.9993965053717421,-0.02398082332841328,0.025130562334350653,-0.025151472203868583,-0.0005706724664611296,0.9996834887997871,221208_151152
0,0,0,0,-0.1419612830033193,0.025761590061333793,0.5947280550926104,-0.02338559615187419,-0.9996646641215513,-0.01112084526317795,0.9994004747803126,-0.02366059862898995,0.025275820093600097,-0.02553047006045266,-0.010523087914862082,0.9996186571484289,221208_151152
0,0,0,0,-0.14164660643358284,0.025679091486261244,0.5939008928132768,-0.022173163763906198,-0.9997540559719503,0.0004223462244144008,0.999382351516308,-0.022153395865841335,0.027278975958524663,-0.027262910454194454,0.0010269465641493357,0.9996277702696744,221208_151152
0,0,0,0,-0.14160399470028448,0.0256917566674321,0.5948116426817871,-0.016911816815640357,-0.9996666349656292,-0.0195092129131261,0.9985374508529254,-0.017888391385667002,0.05101925810685658,-0.051351238506340505,-0.018617851383246876,0.9985070985795426,221208_151152
0,0,0,0,-0.14194506316073233,0.02580211389937406,0.5944137404913169,-0.021430250173728904,-0.999722016852478,-0.009830228781908883,0.9994978633181634,-0.021652918872327842,0.023133791879724624,-0.023340214221754883,-0.009329529715997154,0.9996840472246022,221208_151152
0,0,0,0,-0.1422804672690784,0.025650858997436844,0.5945266271634898,-0.021038679444000286,-0.9997680935110123,-0.004597082184157282,0.9989439285846868,-0.021208747531099803,0.040758024632630376,-0.040846070937663265,-0.0037347323220521533,0.999158471046229,221208_151152
0,0,0,0,-0.14198749818192294,0.025583470847625037,0.5937755329534391,-0.02168479418512259,-0.9997623074590731,-0.0022579382761585033,0.9992444946879435,-0.0217463102186779,0.032210834011393526,-0.032252279562619945,-0.0015577470857283567,0.9994785459863715,221208_151152
0,0,0,0,-0.14204293306337049,0.025616269964740625,0.5940633203626421,-0.022742484608667256,-0.9997083382741467,-0.00812513255085456,0.9994467176234225,-0.022932331049555273,0.024090803730898863,-0.024270105594983236,-0.007572752325146427,0.9996767554547972,221208_151152
0,0,0,0,-0.14195419579156632,0.02561565994765521,0.5941879829217088,-0.0214343762285939,-0.9996820839964041,-0.013277742741045973,0.9992003179262093,-0.02186864281849099,0.033473677978968774,-0.03375340237447979,-0.012549637360639538,0.9993513968721227,221208_151152
0,0,0,0,-0.14189939208405764,0.02565415086073816,0.5937927081867637,-0.020897738172660385,-0.9997714490618331,-0.004509343640660857,0.9993716407991635,-0.0210181097141946,0.028540543625336954,-0.028628798536694006,-0.003910077345106835,0.9995824644267729,221208_151152
0,0,0,0,-0.14181662964007766,0.025598469445485612,0.5935854873203545,-0.021252092669037603,-0.9997716551425744,-0.002232964546330346,0.9992151345302049,-0.021314835131730547,0.0333885119328777,-0.03342848310904075,-0.0015216362198838956,0.9994399537442171,221208_151152
0,0,0,0,-0.14194943206862945,0.0256516797218495,0.5940063244731328,-0.02154422179607207,-0.9997445104985769,-0.006838145593865919,0.9993558055120092,-0.021731199286747327,0.02856096929383166,-0.028702273370678707,-0.006218416640989167,0.9995686623728427,221208_151152
0,0,0,0,-0.14194957061293736,0.025663686911656932,0.5940228391156486,-0.02222553830690005,-0.9997426103940441,-0.004553944385946175,0.9994375258728887,-0.02233271411594484,0.025017628930295174,-0.025112891590714108,-0.003995352639914672,0.9996766376350084,221208_151152
0,0,0,0,-0.14190283186014674,0.025666895602255043,0.5938355513710099,-0.022479357024128094,-0.9997400811640624,-0.0038011342856009295,0.9995322495263933,-0.02255321723715839,0.020655133719290644,-0.020735492868268948,-0.0033350421779815716,0.9997794340899302,221208_151152
0,0,0,0,-0.14185519938693175,0.025643460456289156,0.5935424515907164,-0.022642770649716204,-0.9997412507062938,0.002176367046292163,0.9994821330416497,-0.02258700834270319,0.02291926666891669,-0.022864178704222457,0.0026941956763535963,0.99973495019522,221208_151152
0,0,0,0,-0.14202711888661212,0.02567288814523675,0.5942758399904077,-0.021985531226306393,-0.999738439080925,-0.0062999873597810035,0.9994467527243373,-0.022135545314528188,0.024823498996042453,-0.024956459794513774,-0.0057507440966138275,0.9996719982358514,221208_151152
0,0,0,0,-0.14177139350307172,0.02561615297887379,0.593248184103231,-0.021088777716323476,-0.9997751755629698,0.0022049450022913544,0.9991971561630796,-0.021001341675532276,0.0341172502327183,-0.03406327303777285,0.0029226658822355265,0.9994154048513035,221208_151152
0,0,0,0,-0.1420336683713737,0.025685454293321107,0.5943235474292259,-0.021742027375430545,-0.999738755826198,-0.007050130828009562,0.9993798052856968,-0.0219285210879189,0.02755258154909369,-0.027699982540225373,-0.006446709391830721,0.9995954936399466,221208_151152
0,0,0,0,-0.14201156879683174,0.025672503051078904,0.5941901548573557,-0.02194429416795224,-0.9997530860082835,-0.0034949921865654807,0.9992951435314341,-0.022040474689570932,0.030388050117584282,-0.03045757816965751,-0.0028256844077444356,0.9995320662388311,221208_151152
0,0,0,0,-0.14206212479810554,0.02569827157503761,0.5944416801362887,-0.021522829578988878,-0.9997365531625718,-0.007974464090781869,0.9994328581198467,-0.021721544585147384,0.025732015296701275,-0.025898453955941262,-0.007416115658269377,0.9996370697964513,221208_151152
0,0,0,0,-0.14204941656218184,0.025687020000781803,0.5944772251437022,-0.020758884868626704,-0.9997324447473364,-0.010203314095214515,0.999220165333558,-0.021088939728046208,0.03338139919063305,-0.03358764489791863,-0.009502396574618453,0.999390601601571,221208_151152
0,0,0,0,-0.14203051891693563,0.025679920900704235,0.594255439981942,-0.02198082383336694,-0.9997455020896949,-0.005076852866767588,0.9993880899114168,-0.02211059808275495,0.027102900133242798,-0.027208254755058052,-0.004478002216078016,0.9996197568922578,221208_151152
0,0,0,0,-0.14191537398341614,0.02565721379261115,0.5937661958378655,-0.020469498157632937,-0.9997904292954004,-0.0003116640721819476,0.9992971474788342,-0.0204691884202986,0.031404193447372386,-0.03140399155904157,0.0003313830616098676,0.9995067180861898,221208_151152
0,0,0,0,-0.14213425323927928,0.025694565677825652,0.5947227329229501,-0.02138089974173568,-0.9997154691692305,-0.010575340655445367,0.9992551516942094,-0.021708549201545135,0.03190424272956118,-0.03212474029181411,-0.009885322215738243,0.999434981109764,221208_151152
0,0,0,0,-0.14217259620654268,0.025695794554211143,0.5948862902991963,-0.021080778401528263,-0.9996780909921482,-0.014117902545280251,0.9994081185831425,-0.021454845863171368,0.02689055780548996,-0.027184798915726494,-0.013542672530927655,0.999538684958532,221208_151152
0,0,0,0,-0.1420846577969258,0.0257029346920127,0.5945049448917377,-0.02157854330877704,-0.9997256066693987,-0.009114704502890477,0.9993871150453117,-0.02182079676775505,0.027372378592837036,-0.02756375790926417,-0.008518462180704464,0.9995837508943387,221208_151152
0,0,0,0,-0.14200396648669272,0.02567893727484399,0.5941364246224098,-0.022265953567958796,-0.9997504051601779,-0.0018315823132511212,0.9993511356228518,-0.0223088668985717,0.028277591605693375,-0.02831139419078609,-0.0012007663230281743,0.9995984309307471,221208_151152
0,0,0,0,-0.14187891808210984,0.02563078537997977,0.5935668037363814,-0.020936841731622136,-0.9997779569838807,0.0023844050497777436,0.9993803722454142,-0.020860904006086645,0.028349501841584888,-0.028293466187835473,0.0029764766394583296,0.9995952282588652,221208_151153
0,0,0,0,-0.14209012910395843,0.02570392509316002,0.59453642866033,-0.02167700016747958,-0.999719907788755,-0.009498085837789404,0.9994260159622762,-0.0219160570226727,0.02583263560598109,-0.026033560676779168,-0.008932660041772286,0.9996211588912404,221208_151153
0,0,0,0,-0.1420878649402107,0.02568922741173701,0.5945229203373772,-0.02179304535508067,-0.9997288707546319,-0.00820049716909595,0.9993289236605258,-0.0220244058589093,0.029268205993139975,-0.029440881604432777,-0.0075571506688035025,0.9995379552393809,221208_151153
0,0,0,0,-0.1422209895053827,0.025705053098782158,0.5951082626688012,-0.02042410917032378,-0.9996516470035072,-0.016716471151952517,0.9991274426940702,-0.021016942224549466,0.03609212372716981,-0.03643088003611859,-0.015964735597726966,0.9992086459779501,221208_151153
0,0,0,0,-0.14195418820132666,0.025647267333190737,0.5939279127517852,-0.02064580816666478,-0.999786155991218,-0.0011802090701158521,0.9992232905272913,-0.020673785969718306,0.03354713462415116,-0.033564360160115075,-0.00048668468455981273,0.9994364396323859,221208_151153
0,0,0,0,-0.14198759367658517,0.02567826062576748,0.5940358284743062,-0.022440313742305262,-0.9997449186597801,-0.0025553733770230028,0.9994816287352373,-0.022493277258738453,0.023033156512277005,-0.023084759905713344,-0.0020371774862824876,0.9997314358206333,221208_151153
0,0,0,0,-0.1420659965996992,0.02569178740071551,0.5944231224174485,-0.021899337451125156,-0.9997407481789777,-0.006233413971434142,0.9994377300275856,-0.02205018995327826,0.025258917639752375,-0.025389817181484767,-0.005676755548889267,0.9996615085267258,221208_151153
0,0,0,0,-0.14193889590256117,0.025663380142567832,0.5938272362224871,-0.021481453922207072,-0.999769243134845,8.72866935568116e-05,0.9993917276680515,-0.021470943241038376,0.027480416026814423,-0.027472200604515867,0.0006775528901192783,0.9996223382438122,221208_151153
0,0,0,0,-0.14201866940325306,0.025686974245224356,0.5943718278514111,-0.02170619357408686,-0.9997123787370509,-0.010198086116083084,0.99943236136518,-0.02196072563972458,0.025547633655528177,-0.025764242984116406,-0.009637755406915622,0.9996215871289355,221208_151153
0,0,0,0,-0.1420883761332375,0.02569834870078204,0.594518102599605,-0.022001657096585643,-0.9997307583945876,-0.007371418098865136,0.9994376961316763,-0.02218061770211301,0.02514580977737049,-0.025302542085949984,-0.006814023637815458,0.9996566162667319,221208_151153
0,0,0,0,-0.14199375204718864,0.02578187708770832,0.5943841849642572,-0.020138551241223268,-0.9997545811443177,-0.00923126399011211,0.9994389826238625,-0.020377617102551898,0.026579554793133345,-0.026761142832174553,-0.008690811364439537,0.9996040771386158,221208_151153
0,0,0,0,-0.14200688773614764,0.025966128258767165,0.5940264194402127,-0.019628982064124112,-0.9998053674564332,0.001982490462228235,0.9993823634796017,-0.019562792644400195,0.029192271406615733,-0.029147806590747307,0.002554280575568925,0.999571848854143,221208_151153
0,0,0,0,-0.14220865285300682,0.025961847605056463,0.5952531315704048,-0.018567405511670354,-0.9997244435595547,-0.014362743543756714,0.9994108146532991,-0.018972495437344916,0.028601887541016537,-0.0288665031930474,-0.013823218381349065,0.9994876905830243,221208_151153
0,0,0,0,-0.14221301806203898,0.02605719742076274,0.5956973372120095,-0.015223713375542458,-0.9995686161503572,-0.025116133426908854,0.9994351303891003,-0.01596475371167888,0.02957273715852987,-0.02996095284168023,-0.024651739212160965,0.999247033049703,221208_151153
0,0,0,0,-0.14162612066587144,0.02618628717515234,0.5944867370314213,-0.006435975625302404,-0.9999620648985948,-0.005869155091469292,0.999958874438428,-0.006473236792993636,0.006351900286852962,-0.006389651757553353,-0.005828033043749661,0.9999626024913422,221208_151153
0,0,0,0,-0.1418979318247047,0.025653291171206783,0.5959108017689663,-0.005451534856467544,-0.9997271244159679,-0.02271469732768544,0.9998792369820715,-0.00578012975424308,0.014425725360445842,-0.014553082830095408,-0.022633311887652514,0.9996379049301486,221208_151153
0,0,0,0,-0.14250562186911855,0.025255770309952214,0.5957474873440763,-0.007913873665422289,-0.9993046443693735,-0.03643622298492417,0.9997540811737549,-0.007152065313794587,-0.020991072820803106,0.02071588231354811,-0.03659338333014043,0.9991154970855094,221208_151153
0,0,0,0,-0.1418886730489556,0.02553084365536705,0.5917133432363932,-0.0002801645007928788,-0.9998357499306885,0.018121662958761508,0.9999359350233099,-0.0004851617115971818,-0.011308866750178479,0.011315801205048989,0.01811733365183886,0.9997718314017633,221208_151153
0,0,0,0,-0.14260138544417764,0.02569617084108549,0.5943512551765536,0.005101770957672336,-0.9999863294040657,0.0011458351004970503,0.9999617886122523,0.005109773345239432,0.007093062226275404,-0.007098820217542336,0.0011096041376807526,0.999974187431944,221208_151153
0,0,0,0,-0.14259787032274313,0.025753107333176966,0.5939440174130811,0.006071451613655854,-0.9998832755022562,-0.014020443865400523,0.9995942913266596,0.0056783302336279595,0.02791073830824146,-0.027827867731040977,-0.014184214346860135,0.9995120898923164,221208_151153
0,0,0,0,-0.14280351938390964,0.025883135636506942,0.5946818745726563,0.006992862017300705,-0.9997659436978197,-0.0204733412714319,0.9996241168942923,0.006446185705123619,0.026647168952087418,-0.02650895705441888,-0.020651985663964225,0.999435225857095,221208_151153
