0,0,0,0,-0.07725299016699211,-0.027817551490331587,0.6255623255074408,0.9836304976975593,-0.17998168028948805,-0.008811285912095262,0.17113399407139868,0.9177277292390698,0.35845358285121354,-0.05642871673556523,-0.35409378665245433,0.9335059668698982,221208_150629
0,0,0,0,-0.07723925422606194,-0.02777204538071674,0.625672192219619,0.9838026587884098,-0.1789081710751562,-0.011144275813117832,0.17097027209472745,0.9178370765898236,0.35825168094078874,-0.05386552348869415,-0.3543542960930324,0.9335585349723393,221208_150629
0,0,0,0,-0.07726046522421345,-0.027775008220818805,0.6256936546614017,0.9837505681010323,-0.17929392671589733,-0.009407847984008982,0.17072400171134217,0.9179384888009615,0.35810926547280547,-0.05557099063865466,-0.3538963388064378,0.9336322864912275,221208_150629
0,0,0,0,-0.07725393718312067,-0.027769145405819776,0.6256257420539456,0.9837903369620558,-0.17903931851649668,-0.010074488832319421,0.17072372279600262,0.9179482670347775,0.3580843329755193,-0.05486331538248243,-0.3539998608375396,0.9336348939238748,221208_150629
0,0,0,0,-0.07724042205248804,-0.027769200678368567,0.6256208915258342,0.9836072435963579,-0.1801543898256852,-0.007822158992906995,0.17094807105774668,0.917780856026652,0.3584062740977364,-0.05738943584328823,-0.3538681903442597,0.933532943455167,221208_150629
0,0,0,0,-0.07727830148470041,-0.02777949813922571,0.6257865068302373,0.9836969478913553,-0.1796495549690183,-0.008145680368476751,0.17066631001489313,0.9183128116079373,0.35717585397479823,-0.056686200570616074,-0.35274299062654624,0.934001636630637,221208_150629
0,0,0,0,-0.07730696643138882,-0.027785418524385527,0.6259958787244944,0.9837120494319315,-0.17945217662006635,-0.01036919036136244,0.17129652358278596,0.9183961219012673,0.35665959160684846,-0.054480315811141614,-0.352626544070398,0.9341768652702153,221208_150629
0,0,0,0,-0.07731805748042848,-0.02780216929999088,0.6261656115387365,0.9837600295853293,-0.17912730457338225,-0.011384768181464805,0.17127923800589315,0.9179108059155623,0.357915038817263,-0.053662154433003595,-0.3540524835949002,0.9336847498175663,221208_150629
0,0,0,0,-0.07733200989055493,-0.027809757230459746,0.6262693908694295,0.983651676888076,-0.17973676601301353,-0.011138828415038271,0.17189724444149712,0.9187134512085238,0.3555515882708777,-0.05367230113099865,-0.3516536499337192,0.9345902816633589,221208_150629
0,0,0,0,-0.07731826675514057,-0.027782926202450802,0.6261116143631522,0.9838169034026343,-0.17886282237500883,-0.010601478731669958,0.17071571968772392,0.9177500511501611,0.35859585422224166,-0.05440995892990992,-0.35460250194537934,0.9334327088672878,221208_150629
0,0,0,0,-0.07733872829001286,-0.027794129789603106,0.6262449809025058,0.9837027183722769,-0.17957819058691485,-0.008979717842056034,0.1708945946263592,0.9182755313482281,0.35716254850504797,-0.055892749033176564,-0.35287635510566306,0.9339990784860851,221208_150629
0,0,0,0,-0.07733874796007688,-0.027790930720226637,0.6262087394098987,0.9838344851927856,-0.1787520661143324,-0.010835340571693691,0.17070915293444627,0.9178446913960483,0.3583566764837742,-0.05411183650414273,-0.3544133481345616,0.933521873238222,221208_150629
0,0,0,0,-0.07742367084943193,-0.027822171092088954,0.6268533228455259,0.983764192488706,-0.17896362935861587,-0.013417635553122455,0.17190847768006057,0.9182321797457098,0.35678724666272277,-0.051531435830651395,-0.35330112290542537,0.9340893039078206,221208_150629
0,0,0,0,-0.07740070895601614,-0.027844651218492545,0.6269642644302216,0.9836488937955589,-0.17956188540902013,-0.013870221452150382,0.1728246798631849,0.9194625696426506,0.3531574904434577,-0.05066047537243845,-0.34978009139242217,0.9354610648768592,221208_150629
0,0,0,0,-0.07733739067280265,-0.027802332303241847,0.6262872459903673,0.9838141649702088,-0.17884710749350502,-0.011108597804302227,0.17090094807635686,0.917851878087259,0.35824683646655425,-0.05387536311314711,-0.3543467821681161,0.9335608192381084,221208_150629
0,0,0,0,-0.0774237657162769,-0.027839503034767264,0.627080798842013,0.9836740068133,-0.17928845107940372,-0.01552738321211921,0.17306399238710513,0.9187986405907301,0.35476458756147305,-0.04933865481449354,-0.35165993425207587,0.9348267153771986,221208_150629
0,0,0,0,-0.07736560695309008,-0.027802700999145027,0.6264619624977676,0.9837448696373354,-0.17922974064949132,-0.011078426284397216,0.17131464646445388,0.9182294258264019,0.3570798418467166,-0.0538267904391662,-0.3531733591499123,0.9340081664620418,221208_150629
0,0,0,0,-0.07734628103533052,-0.027804213486895376,0.6263211438061684,0.9837317922361515,-0.1793260106057294,-0.010674402282241945,0.17114775434571078,0.9174963620825077,0.3590388164917331,-0.05459127335270285,-0.35502479840934764,0.9332615846525198,221208_150629
0,0,0,0,-0.07740269149443081,-0.027834054380321244,0.6268509765822189,0.9836133166538966,-0.1796900097402772,-0.014708626742842644,0.1731601865819899,0.9188432735078327,0.3546020142530218,-0.050203516649849095,-0.35133821188272263,0.9349016353537091,221208_150630
0,0,0,0,-0.07740018258414268,-0.02782507011601986,0.6267989507318664,0.9836187364192003,-0.17965655834183913,-0.014754741944919166,0.17310648711763593,0.9185754843028232,0.3553212965129241,-0.05028245700925475,-0.3520548262452866,0.9346277728777984,221208_150630
0,0,0,0,-0.0774569399743781,-0.02785707437141678,0.627265306683654,0.9836158002236554,-0.17963070633414824,-0.015256699914219907,0.17333497583191132,0.9190846282733991,0.35389042403673154,-0.049547388465269765,-0.35073673234128455,0.9351624462534998,221208_150630
0,0,0,0,-0.07744037467026652,-0.02785347622336388,0.6272029456482029,0.9836641120796586,-0.17941357538922492,-0.014686169432222028,0.17295188022893443,0.9192987880318334,0.35352140734116694,-0.04992556190783745,-0.3502863218700637,0.9353111412674013,221208_150630
0,0,0,0,-0.0774306066289589,-0.02783801845414823,0.6271576765874362,0.9836558440071872,-0.17940671355377374,-0.015310508885808434,0.17314718751669794,0.9191393417102004,0.3538402492306348,-0.04940882517896625,-0.3507080005537007,0.935180552803607,221208_150630
0,0,0,0,-0.07744801535010856,-0.027846459950642513,0.6272188362871128,0.983601096650661,-0.17984389748119756,-0.013603499784639525,0.17298269305527325,0.9193456263522978,0.3533845033532833,-0.051047728362419054,-0.3499425550653622,0.9353792479969623,221208_150630
0,0,0,0,-0.07736398352638209,-0.027814524499322583,0.6265451032518882,0.9837238025528081,-0.17936404472376433,-0.010771246509811462,0.17126645634568421,0.917801667006261,0.35820092262767944,-0.05436249830384442,-0.35421552690538627,0.933582390192373,221208_150630
0,0,0,0,-0.07742055788510294,-0.02783881332336767,0.6269529033781375,0.983591915220544,-0.17994934782364186,-0.012852102187103635,0.17274604397660398,0.9188868286872313,0.3546911337425225,-0.05201681077512316,-0.35109148135915913,0.9348951936521099,221208_150630
0,0,0,0,-0.07741617215418839,-0.027821159490183007,0.6269480091379024,0.9836000149049342,-0.17981549719497636,-0.01404982731343378,0.17294828012615515,0.9181891542237078,0.3563952433287478,-0.05118498881917241,-0.3529802601201318,0.9342296467598881,221208_150630
0,0,0,0,-0.0774172780040814,-0.027842103046267854,0.6270268812416743,0.9838062536860697,-0.17883448785415565,-0.011978362247078843,0.17129595522655003,0.9184564723779408,0.3565044236332727,-0.052753681683880144,-0.3527831264403246,0.934216845688294,221208_150630
0,0,0,0,-0.0774391748641777,-0.02784866904209498,0.627099407781105,0.983600197804672,-0.1797601275740024,-0.014729134841794195,0.17329272670529028,0.9192485044883129,0.35348524419987587,-0.05000281741717108,-0.3502406080547753,0.9353241335065434,221208_150630
0,0,0,0,-0.07739328319278606,-0.027833374845889717,0.6267067295484441,0.9835799210587042,-0.1800391845804606,-0.012507234136919676,0.17269568921548267,0.9188046432181584,0.35492848086218914,-0.052409329479991704,-0.3512604726073727,0.9348097895118037,221208_150630
0,0,0,0,-0.07740417185444551,-0.027816055114250945,0.6268052417167991,0.9837231359040532,-0.179191762214437,-0.013382983284031716,0.17211252925264425,0.9182174885538329,0.3567266754647728,-0.05163399230500873,-0.3532236629507943,0.9341129346980857,221208_150630
0,0,0,0,-0.07741595874939203,-0.0278357904009725,0.6268839121403948,0.9836146873694855,-0.17971923355252445,-0.014252855234019382,0.17301339511251718,0.9187704150235739,0.3548623530174061,-0.05068048838230267,-0.3515137572965009,0.9348099093016868,221208_150630
0,0,0,0,-0.07738571279175946,-0.027828619466884478,0.6266867787251081,0.9836512594605755,-0.17957112828811828,-0.013579751358404585,0.17262039651970923,0.9187156482476875,0.3551953777433052,-0.051306904671810594,-0.35173252273590394,0.9346934438535635,221208_150630
0,0,0,0,-0.07739000583027651,-0.027831639883311617,0.6266847965530301,0.9836182779482907,-0.17987030864853415,-0.011906105690783632,0.172314548123558,0.9187915172022219,0.3551476375005375,-0.05294128626141431,-0.35138130283770114,0.9347344008995639,221208_150630
0,0,0,0,-0.0774144318730268,-0.027842482401359375,0.6269373802097008,0.9835394222867788,-0.18007074332380824,-0.014991070895705172,0.17361002082569954,0.9187224894857519,0.3546950069876964,-0.050097559588158244,-0.351459122391087,0.9348618720492338,221208_150630
0,0,0,0,-0.07739519563252112,-0.02783385428159719,0.6267133908606953,0.9836832054256244,-0.17950731466645115,-0.012019789715651506,0.17198691131034727,0.9186576593464976,0.3556523685594417,-0.05280012974885083,-0.35191650842956196,0.9345410196418616,221208_150630
0,0,0,0,-0.07737159418012136,-0.027811085930802764,0.6265251356961848,0.9836551788834043,-0.17985434116811266,-0.008654768560887857,0.17097327029853732,0.9178446049239324,0.35823096188835324,-0.05648566100597284,-0.3538554749823939,0.9335928839305185,221208_150630
0,0,0,0,-0.0773436679256977,-0.027803972178956488,0.6262742306169184,0.9837029519802186,-0.1795607177644334,-0.009297897683064334,0.17089842991197324,0.9176733581406065,0.35870507999269363,-0.055876908638771136,-0.3544482421946311,0.9334046360963237,221208_150630
0,0,0,0,-0.0773761625688581,-0.02780473036381147,0.6265148012071955,0.983716791205571,-0.17944242754775233,-0.010084140815390684,0.17108378953583575,0.9177522491545952,0.35841476829190216,-0.055060073177147645,-0.35430385880970827,0.933507988168434,221208_150630
0,0,0,0,-0.07743676221949956,-0.02784599496002225,0.6270475333992593,0.9835655208682884,-0.1800508476744384,-0.0134372024919139,0.17305531053999662,0.9188927081188113,0.35452510554258654,-0.05148519838747681,-0.3510240493439061,0.9349499404402405,221208_150630
0,0,0,0,-0.07735736460980838,-0.027801662346820875,0.6263274606488168,0.9836816029406755,-0.1796987529942518,-0.008880439649852717,0.17091219067617444,0.9178837238832154,0.35815987004207017,-0.056209671003616346,-0.35383305046673136,0.9336180403586216,221208_150630
0,0,0,0,-0.07738527716922892,-0.027817721803619716,0.6266208510184637,0.9837677752815892,-0.17904142892466918,-0.012047034744031862,0.17141475983451995,0.9177570620550606,0.35824426744741783,-0.05308431433469912,-0.3544942055614954,0.9335501667264268,221208_150630
0,0,0,0,-0.07737036340028768,-0.027820949122060446,0.6265095106463497,0.9836606829502166,-0.1796771833893122,-0.011303565242752993,0.1718254708080324,0.9182266570783353,0.35684144071610135,-0.05373703005853342,-0.3529531356993847,0.9340965772340994,221208_150630
0,0,0,0,-0.07735327319118394,-0.027808104544054146,0.6263696374625983,0.9836171577912852,-0.18007085189965527,-0.008472024240172626,0.17110071142446426,0.9177568960560767,0.35839479110550493,-0.05676119668079459,-0.353972835169097,0.9335316805088703,221208_150630
0,0,0,0,-0.07739062547548985,-0.027824394147040805,0.6266966166977179,0.9835465616839163,-0.1801978243579298,-0.01284153793027109,0.17292646110596327,0.9185205582605315,0.35555087273430863,-0.05227427712664923,-0.3519214800909848,0.9345687089783483,221208_150630
0,0,0,0,-0.07739616632854887,-0.027804948952786485,0.6265861444288646,0.9836703271852879,-0.1797411355197534,-0.009263456010481792,0.17111728288358966,0.9180416932912697,0.3576567137318068,-0.05578138501082645,-0.35340143403920654,0.9338071875421105,221208_150630
0,0,0,0,-0.07738337678720157,-0.027836003144088208,0.6265907690940548,0.9836078300955147,-0.1798847936109057,-0.012533858239024628,0.1725277164109702,0.9186078751672032,0.3555189991418359,-0.052438760900787584,-0.35185370924342785,0.9345850114606115,221208_150630
0,0,0,0,-0.07733209131087831,-0.027797483759808037,0.6261216244674636,0.9836476577325673,-0.17990585880880575,-0.008436077494848093,0.17087487097847937,0.9174188190187982,0.3593667889194012,-0.056912774535433086,-0.3549318138409397,0.9331582628998467,221208_150631
0,0,0,0,-0.07738310234057938,-0.0278341384544854,0.6266292982969898,0.9836273835306807,-0.17977898245604917,-0.012517501174518858,0.17243765659746674,0.9187249222404964,0.35526014671134826,-0.0523681673897477,-0.35160209715139945,0.9346836578880457,221208_150631
0,0,0,0,-0.07738921782772294,-0.027833210040265843,0.6266141182006166,0.9836479715610609,-0.1797527538504869,-0.011207833286470494,0.17185769277780227,0.9181899158474852,0.35692045594092664,-0.05386651535881591,-0.3530102348645925,0.9340675417784005,221208_150631
0,0,0,0,-0.07739131258082335,-0.027839256457915084,0.6266561330159615,0.9835883862425978,-0.17997769002941816,-0.012724682328293095,0.1726951378705892,0.9186702664427064,0.355276414795502,-0.052252041151895995,-0.3516432462678078,0.9346746768526997,221208_150631
0,0,0,0,-0.07744574214311067,-0.02783281338368334,0.6269429252266708,0.9836471212563294,-0.17973038360855642,-0.011633144547262345,0.17198696831076718,0.9181664025342615,0.35691867419422607,-0.0534679677508647,-0.3530827756563807,0.9340630224772729,221208_150631
0,0,0,0,-0.07737109952920636,-0.027816349341224934,0.6264318764067996,0.9836674038510882,-0.17968444255462665,-0.010580156175289103,0.17152557606867114,0.9179388510421698,0.35772509347499165,-0.054565697605463995,-0.35369728137379575,0.9337670040184622,221208_150631
0,0,0,0,-0.07743015988442341,-0.02782786345906013,0.6268924650629429,0.9837021323689814,-0.17952481669458045,-0.010047634721489111,0.1712464865291786,0.9183753730231873,0.3567370391141553,-0.05481565126978777,-0.35264360821557483,0.9341508068618092,221208_150631
0,0,0,0,-0.07734364985531725,-0.0278044805886171,0.626217045466035,0.9836742045715029,-0.17971663367780288,-0.009326888020092239,0.17102201448752946,0.9174406365467037,0.3592410736168765,-0.056004730347071596,-0.35497128051758947,0.9331981891251474,221208_150631
0,0,0,0,-0.07734760705336878,-0.027805778352105154,0.6262532588430827,0.983717214178119,-0.17946996088818973,-0.009538116608265812,0.1708991832532064,0.917675288281867,0.3586997831615996,-0.05562294214645805,-0.3544892077561505,0.9334042478430171,221208_150631
0,0,0,0,-0.07737553022919767,-0.027829823788998096,0.6263216780532097,0.9837067556836292,-0.179520256115552,-0.009669357093170641,0.1709838804364055,0.9176022172935545,0.35884632288608054,-0.055547560282136726,-0.3546528562723819,0.9333465701895216,221208_150631
0,0,0,0,-0.07756625072814016,-0.028392347585143567,0.6262824091053191,0.983279614531553,-0.18198617136735462,-0.0064986981567250815,0.17161364279875863,0.9141188698377417,0.3673356086903515,-0.06090941841801163,-0.36230888098088737,0.9300657597774239,221208_150631
0,0,0,0,-0.0777660252406217,-0.029568375788044783,0.6256929695963498,0.9829187093139722,-0.1839577206777656,-0.00551070627022307,0.17228571485095562,0.9091982580688489,0.37904638236351246,-0.06471818398912865,-0.373521196891973,0.9253612657408657,221208_150631
0,0,0,0,-0.07792413182315032,-0.03064785339219783,0.625216834879607,0.9828439982285171,-0.18437027392372746,-0.00502764750883497,0.1722452813338456,0.9077787026631481,0.38245181402293726,-0.06594875438101758,-0.37675645858365936,0.9239617593337354,221208_150631
0,0,0,0,-0.07867345707005415,-0.03115891274223716,0.6253506579427454,0.9820192103636985,-0.18871174066348112,-0.005113649618144908,0.17664865151000914,0.9090166672233785,0.3774704659040171,-0.06658471593656809,-0.3715865681720202,0.9260075042664542,221208_150631
0,0,0,0,-0.08020842652257647,-0.031032357511826533,0.6252474060021511,0.9817808362369617,-0.18994365968521193,-0.0052721668449138975,0.17853101636325974,0.9125805746538106,0.36786325035374545,-0.06506201498688546,-0.36210233485840615,0.9298649543325832,221208_150631
0,0,0,0,-0.08153997241570456,-0.030821243687618245,0.6236357591129364,0.9824621452687976,-0.18613949495399768,-0.010964557998501323,0.17686570041065502,0.9116647656000996,0.37092570574383765,-0.0590479223350007,-0.36635971883053164,0.9285978135265738,221208_150631
0,0,0,0,-0.08292472562404724,-0.031107639969863835,0.6241028246292022,0.9835564082087254,-0.1803098035263896,-0.010255077953211032,0.17037963573381226,0.9075604855897861,0.38380300249378557,-0.059896340445515575,-0.37923915903860206,0.9233580500829182,221208_150631
0,0,0,0,-0.08343599039640803,-0.0321734877395542,0.6251531649976622,0.9850553698632923,-0.17176861831931986,-0.012706693675518174,0.16246271429744844,0.9021171756061857,0.3997379991187037,-0.05719951718849778,-0.39582842651455813,0.9165413640400589,221208_150631
0,0,0,0,-0.08298560959015731,-0.032978285073677116,0.6246636026902812,0.9860537653567092,-0.16611560463643227,-0.010177314092105691,0.15579984783808665,0.8998596904702865,0.4074051360505276,-0.058518195798280215,-0.40330899241523543,0.9131908220068364,221208_150631
0,0,0,0,-0.08219357465466609,-0.032507293596107344,0.6274898738170096,0.9869733359943931,-0.1606548658178525,-0.008581848585627536,0.15145039640710078,0.9097817583527704,0.38647112388466265,-0.0542808572540156,-0.38273641877614684,0.9222615801811215,221208_150631
0,0,0,0,-0.08086917236332494,-0.030992030434824357,0.6278885068884899,0.9879578949479193,-0.15439553764378589,-0.010060604641994347,0.14703589868917127,0.9166457948211009,0.3716731512141549,-0.048162665071027816,-0.36867669412708826,0.9283091364953688,221208_150631
0,0,0,0,-0.07961095481462507,-0.029197231376531928,0.628202774448821,0.9888025826391175,-0.14877022807229806,-0.011699222432617257,0.1430666698721667,0.922752288207972,0.35785491833792094,-0.04244267354797451,-0.35552163625617494,0.9337039068226244,221208_150631
0,0,0,0,-0.0783555263937922,-0.027437099429869608,0.6266341509207037,0.9891843792547543,-0.14624089903671192,-0.011307664980889393,0.1409733159338692,0.9265970493909008,0.3486322306595961,-0.04050664183804074,-0.3464556357010382,0.9371913915833809,221208_150631
0,0,0,0,-0.07775718845037202,-0.02685598745073622,0.6262025302735967,0.9889205129571583,-0.14834604459877918,-0.005447027120155178,0.14061437936611854,0.9243557716788487,0.3546745038475151,-0.04757956880880668,-0.3515108226156014,0.9349739708762331,221208_150631
0,0,0,0,-0.07759198458269177,-0.026663883092591007,0.6258790344224259,0.9888565514567855,-0.1488122989554721,-0.004197656558185527,0.14042595579670114,0.9230254662549445,0.35819623055446265,-0.04942946064419658,-0.35479414922519525,0.9336368887827825,221208_150631
0,0,0,0,-0.07768106537428121,-0.02664133393557108,0.6264552277656072,0.9890100535191512,-0.14774866588014374,-0.005426395551756107,0.14006544626402528,0.9245654983671908,0.3543449025905232,-0.04733692851153241,-0.3512107215898534,0.9350990558435125,221208_150631
0,0,0,0,-0.07758935567806863,-0.02660950106146249,0.6259561572307961,0.9889701007328909,-0.14806053679810952,-0.004027070825140394,0.1397190312253192,0.9235390448755607,0.35714734340856463,-0.049160270237594436,-0.353770702621617,0.934039377005474,221208_150631
0,0,0,0,-0.07760417586120491,-0.026602998848823174,0.626156211827948,0.9890467919895802,-0.14752824330211767,-0.004675540964636245,0.13953244310089416,0.9241728630520045,0.35557730034488594,-0.04813668639838567,-0.35233497786403867,0.9346351816597377,221208_150631
0,0,0,0,-0.07767430410913582,-0.026623577439078783,0.6265374448453237,0.9889793689860282,-0.14793404254162942,-0.005943633340717347,0.1403692499703746,0.9241290962348845,0.3553616287035646,-0.04707739779078721,-0.35227962267123397,0.9347100010526587,221208_150632
0,0,0,0,-0.07763731484046177,-0.026615076091670915,0.6262685308272989,0.9889525368029668,-0.14815389450705668,-0.004827369197502998,0.1401915773387593,0.9242300649628191,0.35516912684254376,-0.04815808960338595,-0.3519221654872227,0.9347895954943743,221208_150632
0,0,0,0,-0.07759737970273066,-0.02659695001786433,0.6259340390874579,0.9890345125356852,-0.14763376769946324,-0.003873454292979535,0.13927584919712147,0.9236771718078582,0.35696319153584644,-0.049121999589995816,-0.3535883947698194,0.9341104197258389,221208_150632
0,0,0,0,-0.07763804689125625,-0.02662071521854151,0.6263135662861845,0.9889752292497153,-0.14798151368827545,-0.005428400961578324,0.1402532490325294,0.924305947248882,0.3549472383554574,-0.0475081263184753,-0.3517953772960546,0.934870574168871,221208_150632
0,0,0,0,-0.07765509642654164,-0.02661162262747021,0.6264118283862973,0.9890562915155189,-0.14748155043722969,-0.004104204454014347,0.13930301725565966,0.9243215932258197,0.3552805394050626,-0.04860371999177483,-0.3519641808154826,0.9347507121290936,221208_150632
0,0,0,0,-0.07764771306809838,-0.02661402074872217,0.6262539058248556,0.989006860589903,-0.14780758934281074,-0.004283250958318607,0.1396539594541974,0.9241446100198658,0.35560302498712704,-0.048602482599865965,-0.35229200431445634,0.934627274575931,221208_150632
0,0,0,0,-0.07765003545586764,-0.026604403858690923,0.6263822783266989,0.9890426625666044,-0.1475712001899862,-0.0041656329229977085,0.13937846184955638,0.9240886976447686,0.35585632389722516,-0.04866473051003087,-0.35253768558791276,0.9345313928620611,221208_150632
0,0,0,0,-0.0776442118213495,-0.026616382702943694,0.6263638144318922,0.9890539451048781,-0.14744145202447365,-0.005771645986265311,0.13990364595059115,0.9246217841261497,0.35426194569711644,-0.04689630606143293,-0.3511916493088779,0.9351284200223532,221208_150632
0,0,0,0,-0.07758863602436225,-0.02658958942869103,0.625852812721837,0.9890182435358903,-0.14775090776705327,-0.003547281662632608,0.13923717294725785,0.923443814869737,0.3575815018264829,-0.04955727618461009,-0.3541485423277065,0.9338751984844244,221208_150632
0,0,0,0,-0.07760856173491448,-0.026592823800621532,0.626090065658176,0.9890133570531194,-0.14777349640310888,-0.003946306034610381,0.13946770077560944,0.9239099843200693,0.3562851404620385,-0.04900346937598912,-0.35292114506570704,0.9343689449862013,221208_150632
0,0,0,0,-0.07765742419783779,-0.026610162591060207,0.6263885919061397,0.9890005530099915,-0.14784104760226227,-0.004575018010498762,0.13984142682891545,0.9245138283166671,0.35456812687227407,-0.04819005590766495,-0.35130785060275205,0.9350189905111502,221208_150632
0,0,0,0,-0.0776147128425178,-0.026599411641819972,0.6259815709656134,0.9889186232887446,-0.1484370885381145,-0.002527302716777362,0.13960004700402281,0.9239823604176127,0.3560455371347485,-0.05051517978953339,-0.3524528739894525,0.9344651883443311,221208_150632
0,0,0,0,-0.07757648009141963,-0.02658991102954159,0.6258598868419071,0.9890092676431469,-0.14781043275664166,-0.0035699417727740324,0.13937018601666765,0.9239303199805686,0.35627056441738697,-0.0493621288605558,-0.35285243344619055,0.9343760166257777,221208_150632
0,0,0,0,-0.07760025566864119,-0.02658661859926041,0.6260100016878082,0.9890303305669713,-0.14764986864139482,-0.004303662250402067,0.1394978333240357,0.9240500770224751,0.3559098335992655,-0.0485732407451495,-0.352605971936007,0.9345103899040276,221208_150632
0,0,0,0,-0.07763099740446759,-0.026608270672314367,0.6261996041828152,0.9890582133293377,-0.14745755135698685,-0.004485665344127539,0.13938670317711338,0.9240995151904638,0.3558250033403558,-0.04832388253434562,-0.3525568841655918,0.9345418373750083,221208_150632
0,0,0,0,-0.07763771821180468,-0.02660524201908063,0.6262272446566574,0.9889880949756743,-0.14796137872450552,-0.003158860922884893,0.13939266360718486,0.9241184921798201,0.3557733797571004,-0.04972155798927551,-0.3522959591270374,0.9345669178041132,221208_150632
0,0,0,0,-0.07765308380578873,-0.02660865262655324,0.6263644924357749,0.9890003326190314,-0.14786334635359283,-0.0038435510354447103,0.1395827349201371,0.9243866640719611,0.35500134562861346,-0.04893875960483011,-0.351632942272235,0.9348578885142446,221208_150632
0,0,0,0,-0.07764499803179985,-0.026610477403417716,0.6263305664071755,0.9889841949621193,-0.14796421623425315,-0.004105219764117957,0.13981849966331875,0.9247156852982509,0.35405040391910897,-0.04859062941583545,-0.35072423936416036,0.9352173323112676,221208_150632
0,0,0,0,-0.07761472243261776,-0.026594641144610992,0.6259766369590002,0.9889746884971454,-0.1480418478234904,-0.0035604501092394297,0.13957893016534934,0.9238689734767955,0.35634792282378963,-0.04946501557535797,-0.352916039788417,0.9343465529952952,221208_150632
0,0,0,0,-0.07763563972466411,-0.026596966828074404,0.626161111778105,0.9889701796233134,-0.1480671237066336,-0.003756420247563376,0.13970571478513383,0.924098578220419,0.355702306693919,-0.04919651483801174,-0.352303767519231,0.9345917602459102,221208_150632
0,0,0,0,-0.07764620403700145,-0.026607222502316074,0.6263085210322641,0.9889693621783414,-0.1480730891684644,-0.0037364336837693926,0.13974642426749545,0.9244007220175453,0.3549003269058656,-0.049097225756802365,-0.3515077031837981,0.9348966771924246,221208_150632
0,0,0,0,-0.07760822889796552,-0.02659413676618469,0.626121555893878,0.9890473851744839,-0.1475212750320741,-0.004768992810653162,0.13954256322282074,0.9240494399510147,0.3558939527098208,-0.048095144544143015,-0.35266146080784927,0.9345141792033718,221208_150632
0,0,0,0,-0.07766302523699017,-0.02660991378628977,0.6264353311846089,0.9889639142194405,-0.14809267859989825,-0.004351426992333235,0.13998841581006283,0.9244197693359565,0.35475531497053797,-0.048514119705002634,-0.3514493542545838,0.934949052934589,221208_150632
0,0,0,0,-0.07764620869152704,-0.026595455820659537,0.6262901149587388,0.9889873862829484,-0.14796835340934014,-0.0030522389406706235,0.13937268736382338,0.9242013906366692,0.3555658076393632,-0.04979160361153557,-0.35207549749247713,0.9346462647842854,221208_150632
0,0,0,0,-0.07761355360938967,-0.026601980658331244,0.6261860970104656,0.9889905995355038,-0.1478435239190215,-0.006315573260630869,0.14044852707326771,0.9243700087600181,0.3547031126843312,-0.04660263161404338,-0.3516850570328649,0.9349576543279574,221208_150632
0,0,0,0,-0.07763051118408723,-0.026593303223952366,0.6261393115596042,0.9890170424684988,-0.14776909563975987,-0.0030958166403807774,0.139182667192913,0.9240913855308371,0.3559259703095091,-0.04973404125878128,-0.35244773451038997,0.9345090259481519,221208_150632
0,0,0,0,-0.07765157511221318,-0.02660306196020304,0.6263330788866363,0.9889568936873299,-0.14814218159268983,-0.004261039927816977,0.13998437464687796,0.9242834465958158,0.35511193334451935,-0.048668647844689855,-0.35178687352133875,0.9348140768810936,221208_150633
0,0,0,0,-0.07765624000765868,-0.026603803007660066,0.626357649025008,0.9889282497385268,-0.1483426417415084,-0.003921416867024088,0.1400977311573376,0.924599033824109,0.35424462222606784,-0.04892384483726553,-0.350871895843303,0.9351445717714804,221208_150633
0,0,0,0,-0.07755371223255465,-0.026570508171770306,0.6255946981451878,0.9890082201812048,-0.1478408451064263,-0.002413489636014045,0.13893970473459546,0.9236309381185497,0.3572137295772813,-0.05058160596767265,-0.35362264445092495,0.9340195535797233,221208_150633
0,0,0,0,-0.07764811971808473,-0.026601688250159225,0.6263806977273776,0.9890559276492504,-0.14736908734312903,-0.007122083791604075,0.14029319915668914,0.9244289544402653,0.3546109508501673,-0.045674831715759825,-0.3517292428674809,0.9349868177999119,221208_150633
0,0,0,0,-0.07759963289714014,-0.026582996612154658,0.625991079071505,0.9889166961507673,-0.14844596519060477,-0.002750180517998156,0.13970065510371252,0.9240656976213382,0.3557897039589309,-0.05027419853011442,-0.3522305805835432,0.9345619953025774,221208_150633
0,0,0,0,-0.07759094257810618,-0.026577295835121216,0.6259349814755324,0.9890048369650574,-0.14785290096103818,-0.0029920122202403143,0.13921056285079184,0.9239873487020279,0.35618506233328256,-0.04989841330630007,-0.35268526920755294,0.9344106427227323,221208_150633
0,0,0,0,-0.07764445049292602,-0.026595259436167543,0.6262177174098192,0.9889626608761308,-0.1481302206394786,-0.003208290214699712,0.13959439875657317,0.9242801744595412,0.35527392662117974,-0.0496614460984898,-0.3518005071547508,0.934756729816409,221208_150633
0,0,0,0,-0.0776062647772619,-0.026581318401509357,0.6260480653951594,0.9890297393769271,-0.1476402532638923,-0.004746603436278245,0.13964879015250642,0.9240555258747366,0.3558364800147743,-0.04814966289548432,-0.35259571851702537,0.9345361786718125,221208_150633
0,0,0,0,-0.07762736804938683,-0.02658251828974419,0.626127903358641,0.9889497850714254,-0.14823005191387356,-0.002484817255370718,0.13940641876617987,0.9241170629162898,0.3557717026883367,-0.050439795935062454,-0.3521867483829851,0.9345695914427395,221208_150633
0,0,0,0,-0.0776273594570253,-0.02658928140978758,0.6261248661975272,0.9890050266748756,-0.1478644838137931,-0.0022697220773876536,0.1389653930310574,0.9240148284729378,0.356209511807099,-0.05057347873690132,-0.35260841054717984,0.9344033561903765,221208_150633
0,0,0,0,-0.07764913382204955,-0.02659397214554969,0.6263199177667563,0.9890217472024715,-0.14771202292762922,-0.004140270908839616,0.13952005048406102,0.9242072879294566,0.3554926784773553,-0.04868407412589951,-0.35216764079157925,0.9346698955812138,221208_150633
0,0,0,0,-0.07764621611231615,-0.026585205079102205,0.6262109515737189,0.9889727507005353,-0.1480632017725858,-0.003191653594590199,0.13951740268778515,0.9242302304215313,0.35543406635017044,-0.04967688314570212,-0.3519598975108009,0.9346959066055199,221208_150633
0,0,0,0,-0.07766166629545025,-0.02659432877369272,0.6262892898219636,0.9889835679427212,-0.1479846939849947,-0.0034688161455796868,0.1395376767959418,0.9241988113099628,0.35550779728107584,-0.049403836831522024,-0.3520754003326827,0.9346668782977738,221208_150633
0,0,0,0,-0.0776293862691748,-0.02659222319786688,0.6261837577671225,0.9889595642623695,-0.14816987660554526,-0.0021605371278605873,0.13926391990980855,0.9243366002159754,0.35525682275295817,-0.05064129604717684,-0.3516355175005361,0.9347662392099922,221208_150633
0,0,0,0,-0.07761295759420182,-0.02659329920227468,0.6260037804142526,0.9889682942201712,-0.1480999423015572,-0.0028495819904810066,0.13935381685799014,0.9236975060103414,0.3568801355040439,-0.05022177569894154,-0.35334023897732114,0.9341458391306439,221208_150633
0,0,0,0,-0.0776499444241369,-0.02659995767915516,0.6262752200936315,0.9890768813685076,-0.14732296433714032,-0.00478193697840127,0.1393842626288871,0.9242413612881551,0.3554573580833841,-0.04794736774578076,-0.3522411819522746,0.9346802660071066,221208_150633
0,0,0,0,-0.07761012643272751,-0.02656269160540727,0.6259324796029748,0.9889434195907869,-0.1482445675566072,-0.0038027671549224276,0.1398688910427351,0.9239353647065176,0.35606198219286134,-0.049270743515351906,-0.352657043080935,0.9344546023209773,221208_150633
0,0,0,0,-0.07759964900710387,-0.02657847889632275,0.6259091658044366,0.9889902942023879,-0.14793029285876175,-0.0038505101213701792,0.13959226588245421,0.9239783458541402,0.356059005922402,-0.0491141250484623,-0.3526764024532517,0.9344555408757317,221208_150633
0,0,0,0,-0.07759911603725037,-0.0265907904225937,0.6259476220486548,0.9890052793247481,-0.1478254456716817,-0.004024311089732578,0.1395358311026968,0.9238413742982046,0.3564363435079045,-0.04897253624489853,-0.3530789610650483,0.9343109428594787,221208_150633
0,0,0,0,-0.07762377281150001,-0.02658603402509739,0.6261215966121646,0.9889678349584908,-0.14811681837453186,-0.00200736945297815,0.13913112661071808,0.9241488910661756,0.35579679137000353,-0.05084438047166211,-0.3521508700198871,0.93456118778745,221208_150633
0,0,0,0,-0.07759215489495695,-0.02658113985850375,0.6260441673299084,0.9889978034928002,-0.14789694975493667,-0.003136389580711073,0.13935276846425299,0.9243287545911547,0.35524239521390655,-0.04964021160072318,-0.3517710131451295,0.9347689573916566,221208_150633
0,0,0,0,-0.07763658519000571,-0.026595752637470653,0.6262438661761289,0.9888840985766298,-0.1486373162794029,-0.003897151721782552,0.14031832556707702,0.9242266822552223,0.35512787459949713,-0.049183402610409266,-0.3517271499568396,0.9348096088995348,221208_150633
0,0,0,0,-0.07766412687493147,-0.02660787406954033,0.6264278020895455,0.9889876320241158,-0.14790724682765394,-0.005187488717670066,0.14016443137901358,0.9248110734651324,0.35366426250395633,-0.04751206035871615,-0.3504966829117402,0.9353580487643952,221208_150633
0,0,0,0,-0.07764154929095007,-0.026588556386677096,0.6262510495252956,0.9889559161312447,-0.14818084097687279,-0.002938420731792832,0.1395844487634978,0.9245526981952221,0.35456803285593,-0.04982346447609537,-0.35106231160197215,0.935025601660339,221208_150633
0,0,0,0,-0.07760061336367101,-0.026587215435619475,0.6260126122502322,0.9890079803801837,-0.14780675216316275,-0.004047067986531247,0.1395426419697609,0.9239599520244155,0.3561261828722223,-0.048898525707932766,-0.3527763754420324,0.9344291108016557,221208_150633
0,0,0,0,-0.07757904693870799,-0.026582847635033987,0.6258033308403181,0.9889763042076165,-0.1480434386388659,-0.003001664842013349,0.13937868675916748,0.9238661684777679,0.3564335624201219,-0.04999451363033038,-0.352922715361578,0.9343158489443907,221208_150633
0,0,0,0,-0.07761630032933202,-0.026581588351970525,0.6260854062977361,0.9889389866015885,-0.14828511898788221,-0.003347277427001083,0.13976632348813664,0.9240967448488009,0.35568325934524914,-0.04964932625961045,-0.35221687870770735,0.9346005642815368,221208_150633
0,0,0,0,-0.07760358296634282,-0.02658510487613714,0.6259958184010169,0.9889236373991608,-0.14839005334289473,-0.0032297774081358754,0.1398270265757791,0.9241166435615316,0.3556076935775511,-0.049783953561259225,-0.3521204639913193,0.9346297324643318,221208_150633
0,0,0,0,-0.07761154134772207,-0.026593890329590406,0.6261179732415789,0.9890092862942337,-0.14781169241948006,-0.003512151457485957,0.13937949113687984,0.924136839855422,0.355730879559898,-0.049335474804604054,-0.3523106651892947,0.9345818348971271,221208_150633
0,0,0,0,-0.07764527394737611,-0.026588495170797623,0.6262933920134857,0.988995671429599,-0.14790318728132684,-0.0034941501887918378,0.13948911920980595,0.9243423193919187,0.3551535755180303,-0.0492985549036645,-0.3517327448122984,0.9348014381199983,221208_150634
0,0,0,0,-0.0776411228006102,-0.02659365535651376,0.6262087719293153,0.9889429524150909,-0.1482781455770145,-0.0023298954408230363,0.1394493079311498,0.9244839272515708,0.35480044922608917,-0.05045520177391859,-0.35120230608262387,0.934939149258496,221208_150634
0,0,0,0,-0.07763658264659198,-0.02657539775993751,0.6262664928837022,0.9890048827701734,-0.1478005457406905,-0.0049336128252904995,0.1399328674491389,0.9245250703055761,0.35450273198373555,-0.047834448509599656,-0.35129530747680726,0.9350419629516945,221208_150634
0,0,0,0,-0.07762949695935036,-0.02659551839457503,0.6261012193205713,0.9890109567912003,-0.1477968509408018,-0.0036630859853591727,0.1394048323435394,0.9240309381731809,0.3559959522495452,-0.04923027591049438,-0.3525945492357664,0.9344803174936342,221208_150634
0,0,0,0,-0.0776348754582956,-0.026586591220304923,0.6261114354594401,0.9889945115941544,-0.14792546767863385,-0.0028128364149389296,0.13922191450865318,0.9240340738545147,0.3560593895354755,-0.050071095026821714,-0.35253239052303786,0.9344590943829094,221208_150634
0,0,0,0,-0.07758566503073003,-0.02655259220354917,0.6256885579578156,0.9889223925474204,-0.14842797029447857,-0.0012802939298534044,0.1390844784804225,0.9235883750382539,0.3572674367193659,-0.051846015894321834,-0.3534878373133349,0.9340012524121297,221208_150634
0,0,0,0,-0.07759200911379845,-0.026569938906555797,0.6258828868199573,0.9890142578465717,-0.14778665072635103,-0.003147005446979871,0.13923589251518448,0.9242194312380652,0.3555725090013105,-0.04964034661135816,-0.3521044572127348,0.9346434010890088,221208_150634
0,0,0,0,-0.07761121749743483,-0.026583838479346252,0.6259560027150335,0.9890142867214695,-0.14778668329273575,-0.0031363836110296986,0.1391571335406739,0.9236878311582691,0.3569819081618516,-0.04986013282739965,-0.3534966574261577,0.9341060327087968,221208_150634
0,0,0,0,-0.0776406217050076,-0.026593324909682928,0.626249587122257,0.9889719683069205,-0.14806852890404026,-0.0031869501609422327,0.13956249894863715,0.9245256745366927,0.35464712886147115,-0.04956566140329971,-0.3511808478130132,0.934994790006333,221208_150634
0,0,0,0,-0.07766305014873018,-0.026602200146823518,0.6263939520937424,0.9889975064570437,-0.14787712397133476,-0.004035892431176892,0.13968584166078563,0.9245375390190753,0.35456763047981266,-0.04870110739261968,-0.35123025944601854,0.93502166124011,221208_150634
0,0,0,0,-0.07761737475584057,-0.02657641489817315,0.62603574395607,0.9889537149720582,-0.1482059892003601,-0.0023525322758344777,0.13937390725959595,0.9243821475303483,0.3550951411979264,-0.05045258782420985,-0.351500540671454,0.9348272066481141,221208_150634
0,0,0,0,-0.07762715481443314,-0.026584023841100583,0.6260612482447502,0.9889752184599513,-0.14805053017280578,-0.0030096158630635653,0.13939972153504168,0.9239466740842974,0.3562165929382262,-0.049957330873906025,-0.35270892243338026,0.9343985665270675,221208_150634
0,0,0,0,-0.07762960629905477,-0.026585992301275844,0.6261276375744048,0.9889890793924678,-0.1479420378881981,-0.003708674685867455,0.13961108035492598,0.9243985510963546,0.35495924410147506,-0.04908510043352296,-0.3515685881253431,0.9348744197799959,221208_150634
0,0,0,0,-0.07763619933526499,-0.026581590868365534,0.6262009753044268,0.98900607212703,-0.14783576580087487,-0.0034023000944040788,0.13935959476784288,0.9241129423008875,0.3558007493220596,-0.04945596669772147,-0.3523632447092991,0.9345556436809573,221208_150634
0,0,0,0,-0.07764639893278436,-0.026592956349833233,0.6262216796035684,0.9890227465981462,-0.1477150458250291,-0.003777823231455299,0.13939701026242057,0.9242386253902863,0.35545947288906593,-0.049015102176341335,-0.3520841214448381,0.9346840595543818,221208_150634
0,0,0,0,-0.07762652176374711,-0.026590953717720547,0.6260879049624172,0.9890141271775118,-0.14780585682124675,-0.0021177659552981953,0.13893634422917753,0.9245827255116473,0.3547442401754889,-0.05047522655259488,-0.3511412997281729,0.9349609826777123,221208_150634
0,0,0,0,-0.07762340971374274,-0.026573336305470506,0.6261163472006344,0.9888653125743918,-0.14877786591321995,-0.0032465676426376502,0.1401980798768263,0.9240802029415649,0.35555629221028723,-0.04989881748099165,-0.3520524465840056,0.9346492298548235,221208_150634
0,0,0,0,-0.07761702851281123,-0.026567931774161047,0.6259775820537408,0.9890044644249262,-0.1478498854256384,-0.0032528029744215356,0.1393119184759326,0.9240606210036626,0.35595527539408695,-0.049622159547120806,-0.352494510723147,0.9344973307569848,221208_150634
0,0,0,0,-0.0776463463104208,-0.02659357044035452,0.6262782942968974,0.988982606922491,-0.14799010062985607,-0.003511882737019502,0.13958718580506324,0.9244047167652765,0.3549525844125272,-0.04928306771921,-0.3515321460943147,0.9348777083118996,221208_150634
0,0,0,0,-0.07763316292138854,-0.026586953348894327,0.6261727835253862,0.9889952206187869,-0.1478972560980228,-0.0038542485484138952,0.13959563934953184,0.9242192945622509,0.3554317839381433,-0.04900521469999399,-0.3520583718611609,0.9346942771487777,221208_150634
0,0,0,0,-0.07759215101306295,-0.026579538552408626,0.6259467657925968,0.9889856786550819,-0.14797861475870178,-0.0031075696682194218,0.13937145232398263,0.9239825464592419,0.35613459831333355,-0.04982896439071287,-0.3526451239033248,0.9344295002272551,221208_150634
