0,0,0,0,0.011099167821367292,-0.015400113315214292,0.29639434286768346,0.0683893944538122,-0.996676916825078,-0.04424945416947511,0.9976284929596959,0.06866519424910428,-0.004741427390404725,0.007764068598782408,-0.043820252929306094,0.999009261554669,221121_012845
0,0,0,0,0.011283421316720794,-0.017672243725801628,0.29654286569645827,0.06050235000628362,-0.9973160723599803,-0.04123248059696213,0.9981265437626818,0.06007146787805995,0.011611261057187666,-0.009103201638987663,-0.04185774192950395,0.99908210931859,221121_012845
0,0,0,0,0.011257427933801864,-0.017820310374503705,0.29658220808770797,0.061245781371976116,-0.9974751267898438,-0.03594893183004731,0.9980581713882877,0.06079250112201218,0.01357049492087916,-0.01135080566319158,-0.03671026073069292,0.9992614852819461,221121_012845
0,0,0,0,0.01126117148964558,-0.01786806088847931,0.296502300717984,0.06129572411044254,-0.9972169651957858,-0.042440058099433436,0.9980882222832888,0.060900945635213505,0.010534484331049844,-0.007920526823443184,-0.04300464098726481,0.9990434755847193,221121_012845
0,0,0,0,0.011262941367889428,-0.01796994899439643,0.29648341270185546,0.0610967263437846,-0.9974123648362732,-0.03789148323551339,0.9980798659183274,0.06066206625494869,0.01251778599169515,-0.010186818861960038,-0.038583522252312395,0.9992034530224957,221121_012845
0,0,0,0,0.011253651496592758,-0.018013829062641817,0.29647959494016246,0.06129194404782656,-0.9974416704102327,-0.03678874452985839,0.9981007313883208,0.06102080482885608,0.008449341994377689,-0.00618284699288427,-0.03723674941887009,0.9992873445089651,221121_012845
0,0,0,0,0.011282545024864785,-0.01805758165373359,0.2965742612066129,0.061439762865689626,-0.9973993682409107,-0.037678319649897096,0.9980786899779529,0.06109122805129276,0.010333947313494017,-0.008005257703592422,-0.038240843189147465,0.9992364854033714,221121_012845
0,0,0,0,0.011350814071558812,-0.018149762712501717,0.2964864726311814,0.06204768563709665,-0.9970767965606089,-0.04458639330013877,0.9980392659390971,0.06161533857398587,0.011007892448640637,-0.008228508420593372,-0.0451819854903226,0.9989448832825184,221121_012846
0,0,0,0,0.011326025094825972,-0.018166350648464565,0.2964244666356979,0.06274974753070828,-0.9971206238523772,-0.04257852361318893,0.9979938238377619,0.06233071276977442,0.01109999222045239,-0.008414081442119276,-0.04318962530351908,0.9990314607156409,221121_012846
0,0,0,0,0.011358291326455907,-0.018166206794522827,0.2963489852486931,0.062280175840337404,-0.9971550405158018,-0.04246180485125114,0.9980189702579367,0.061841676392437483,0.01156469049564372,-0.008905880225086421,-0.04309793771054692,0.9990311572030746,221121_012846
0,0,0,0,0.011520665087737072,-0.017371547390567448,0.29658400697389126,0.0644113411317819,-0.9970188653623615,-0.042480127649926744,0.9979233935980905,0.06434091454835525,0.0030244379233690527,-0.0002822114035891509,-0.04258672124770898,0.9990927341994303,221121_012846
0,0,0,0,0.011478651954227998,-0.01649009607905349,0.29679413651486375,0.06940505321167562,-0.9968258201874555,-0.03900285625810464,0.9975846971732637,0.06924289155073718,0.00549490085626546,-0.0027767885068466416,-0.039290026435455656,0.9992239905388028,221121_012846
0,0,0,0,0.011499366142374299,-0.016527470211184194,0.29696075397618316,0.068029426005161,-0.9968567642208176,-0.040602817939257047,0.9976797730407899,0.06786437954953836,0.0054310637662805215,-0.002658507604920782,-0.040878082337071985,0.9991606050689539,221121_012846
0,0,0,0,0.011330743198879056,-0.01616457150966538,0.29711933120727585,0.06762577235466088,-0.9971406634113857,-0.03372317133570435,0.9976432842782658,0.06797565160107172,-0.009337458106226167,0.011603113716217474,-0.03301224259136792,0.9993875922739772,221121_012846
0,0,0,0,0.010632340200364337,-0.01566320037640371,0.29719740610846884,0.06552393636236886,-0.9971019350503909,-0.0386567572663134,0.9978168183091137,0.06579314869824177,-0.005732249457996158,0.008258986805773921,-0.038196762992921574,0.9992361064502246,221121_012846
0,0,0,0,0.010524586837052012,-0.015605500743815833,0.2974586777655513,0.06819118175515798,-0.9971941237616484,-0.03088433690518137,0.9976504611709104,0.06836170508206374,-0.004498288979426087,0.006596973268432584,-0.030505029315028707,0.9995128429040743,221121_012846
0,0,0,0,0.010900440237541215,-0.01571420560537044,0.2969710573023443,0.065970212246657,-0.997356352938189,-0.030466971460351367,0.9978201313705192,0.0659916151434658,0.0003035827346408288,0.0017077844861620815,-0.03042058488246832,0.9995357279695195,221121_012846
0,0,0,0,0.010844070471709977,-0.015642822372552014,0.2969497840684462,0.06640338631603675,-0.9970616390059882,-0.038192647308833004,0.9977520441790886,0.066698220115552,-0.006496596791247993,0.009024889041642952,-0.03767539589853031,0.9992492761677013,221121_012846
0,0,0,0,0.010930387591687074,-0.015629681780174935,0.2970525808583098,0.06584535325775871,-0.9972712054332781,-0.03338461124554705,0.9977834099313208,0.06612818107383,-0.007438449683386956,0.009625815299831057,-0.03282082390072077,0.999414897426635,221121_012846
0,0,0,0,0.010943359457428078,-0.01558002790735918,0.29684854999336546,0.0660413084310966,-0.997031219299177,-0.03958905560259374,0.9978000229390982,0.06621888297633258,-0.003189633223732652,0.0058017069422670094,-0.03929131303689466,0.9992109551623185,221121_012846
0,0,0,0,0.010956260248495981,-0.015569912683401339,0.29690592968085655,0.06642017683208365,-0.9971170432624767,-0.0366873567471347,0.9977562252968477,0.06668313093517075,-0.0059895684376611415,0.008418728584613433,-0.03620721038936262,0.9993088426131529,221121_012846
0,0,0,0,0.011013696820636383,-0.015567774607991785,0.296792576848195,0.06659560087756207,-0.9970001221034855,-0.03944340844033626,0.997746978185237,0.06686319139256756,-0.005502831909896496,0.008123636253803182,-0.03898807718310381,0.9992066534864449,221121_012846
0,0,0,0,0.011026093729137628,-0.015556193756488632,0.2968637152832863,0.0663971733000599,-0.997037272646494,-0.03883416448700344,0.9977383516117442,0.06675156390392456,-0.007900027813884825,0.010468863397796896,-0.03822179574564834,0.9992144400623604,221121_012846
0,0,0,0,0.011084977198233967,-0.015525648584525922,0.29678361770850875,0.06658696431400704,-0.996953734970088,-0.040613132268230066,0.9977695385149629,0.06672292263354825,-0.001999901716539787,0.004703636368116607,-0.04038937885668829,0.9991729449301995,221121_012846
0,0,0,0,0.011123058108124736,-0.015460678567950118,0.2967971905170061,0.06716566133384921,-0.9969244044579539,-0.04037952121732734,0.9976914827857578,0.0675138423021081,-0.007320264637420706,0.010023927091836521,-0.03979463398198312,0.9991575991763749,221121_012846
0,0,0,0,0.010921107051922287,-0.015659912942736044,0.29774619447710987,0.0647139798119501,-0.9973984825070913,-0.031754809233421874,0.9978387746759599,0.06504040446021703,-0.00935550858211004,0.011396515698977407,-0.031080747742033357,0.999451903069737,221121_012846
0,0,0,0,0.010608476734455639,-0.015947368723719702,0.29758092497056116,0.06652858750464752,-0.9972439799966313,-0.0328388703385959,0.9977575094289692,0.06673290880802352,-0.0051644225350146716,0.007341622622866353,-0.03242164774496661,0.999447315937546,221121_012846
0,0,0,0,0.011094982444413343,-0.016284954168952724,0.2970541559092129,0.06651266903783692,-0.9967831839990378,-0.04471408004423642,0.9977855792366787,0.0664435044813807,0.003032916015643673,-5.2199505074939506e-05,-0.04481679159614173,0.9989952214431457,221121_012846
0,0,0,0,0.010914465440775933,-0.016249992329467645,0.2974025344371316,0.06643204536293201,-0.9972692614994533,-0.03226148504380504,0.9977909416230265,0.06640191244342755,0.0020057015951985805,0.00014199975654172713,-0.03232346039937218,0.9994774503428676,221121_012846
0,0,0,0,0.011283083301759325,-0.01709864652878913,0.29791775922629693,0.06002301610571607,-0.9978390775555488,-0.026728502402204875,0.9981101917099173,0.05964315855225364,0.01478982226744833,-0.013163690301922156,-0.02756572039694343,0.9995333152609935,221121_012846
0,0,0,0,0.01143095842977163,-0.017734457616796647,0.29737098027473025,0.05940316184643579,-0.9975877841499042,-0.03591486151342807,0.9981574172416452,0.058914277521189606,0.014521649687422441,-0.012370722215539719,-0.03671131731549396,0.9992493404615421,221121_012846
0,0,0,0,0.011454839752471463,-0.017831531255732086,0.2968525324345821,0.056931782392937225,-0.9976968879702628,-0.03687400016293558,0.9983591424801732,0.05666443067324772,0.008256205104660332,-0.006147745913485822,-0.037283535654892105,0.9992858165656379,221121_012846
0,0,0,0,0.011408972681734976,-0.01799559312641161,0.29685058745867954,0.057508898014761556,-0.997597723222536,-0.03862006305459022,0.9982919893268338,0.05706418251133129,0.0125213066485067,-0.010287404677575225,-0.03927418612175516,0.9991755139160855,221121_012846
0,0,0,0,0.01141997143058653,-0.01805480337488981,0.29676268589078636,0.05710988786620913,-0.997716865367234,-0.03604881786815297,0.9983155286394765,0.056699820424164105,0.012297790092158225,-0.010225751082064652,-0.03669042008003864,0.9992743602680687,221121_012846
0,0,0,0,0.011442334402169496,-0.018142717397959255,0.2966232387660579,0.057482310625515926,-0.997549250332993,-0.03989081504851403,0.9983004023137443,0.05704967512385117,0.01190131540959255,-0.009596390225872189,-0.04050713182078118,0.9991331650817555,221121_012846
0,0,0,0,0.011424207234309753,-0.018214312540751943,0.2966025074128279,0.058016738908413336,-0.9975539050990321,-0.03899056845064103,0.9982115844681604,0.05740262248100714,0.016690463320951195,-0.014411475982635012,-0.0398891633651807,0.9991001771624444,221121_012846
0,0,0,0,0.011424617768454838,-0.01823891550642098,0.29661003383239604,0.058191951599796066,-0.9975900043054952,-0.03778730049591268,0.9982355947686745,0.05769853040220163,0.014020589369089724,-0.011806528102595259,-0.03853651384320673,0.9991874413717253,221121_012847
0,0,0,0,0.011430916737251587,-0.018258255503946847,0.29662715744379564,0.05826240864934257,-0.9975443300025792,-0.0388690290344761,0.9982139230510201,0.05769799766021716,0.015488863518469525,-0.013208162834746955,-0.03970202445351535,0.999124263387104,221121_012847
0,0,0,0,0.0114482135844151,-0.018288844697613004,0.2966484146093522,0.058984083003978116,-0.9974884744497131,-0.03921251448408184,0.9981593711417044,0.05837794192906515,0.016428198261668418,-0.014097792528544706,-0.040109341008188124,0.9990958377501684,221121_012847
0,0,0,0,0.011480095774651962,-0.01836916734323934,0.29659082368934075,0.058322340506849146,-0.9976392773620839,-0.036254335771909015,0.9982312526507822,0.057860654114094856,0.01365690070035548,-0.0115269609634737,-0.03698671342452915,0.9992492743059653,221121_012847
0,0,0,0,0.011489367055580462,-0.01837441150824756,0.29653998809112875,0.05861688525064229,-0.9974551883289218,-0.040585810811524,0.998245465054302,0.05822549995367082,0.010760234833196812,-0.008369722936483664,-0.04114533303864316,0.9991181157936762,221121_012847
0,0,0,0,0.011503568552363742,-0.01834549872317961,0.2964686039551986,0.05874802347985897,-0.997497377587717,-0.03934020135736639,0.9982393271706523,0.05837749205111431,0.010503052494634933,-0.00818018502803558,-0.03988796970830043,0.9991706733313668,221121_012847
0,0,0,0,0.011505574393019476,-0.017744215562799957,0.29648853509893314,0.0546563946018561,-0.9976949264670979,-0.04021830716151378,0.9985048014230631,0.054575044912579494,0.003118654818787369,-0.0009165501704587917,-0.040328627234281725,0.9991860496229835,221121_012847
0,0,0,0,0.011532825368782838,-0.016708310807133996,0.2967574452429951,0.06570687483066534,-0.9966420381955223,-0.048859536443395093,0.9978386389862579,0.06566781581765807,0.0024059326238070394,0.0008106454461488666,-0.048912019659940346,0.9988027619038436,221121_012847
0,0,0,0,0.011531122572098516,-0.01675398647555668,0.29710317855545487,0.0635111991347162,-0.9974470204915628,-0.032646116108577226,0.997980065288339,0.0634294506348172,0.0035346964859762366,-0.0014549472681514818,-0.032804665897850215,0.9994607231021023,221121_012847
0,0,0,0,0.011358328736776351,-0.01629695563092409,0.29678645432552586,0.06496501097437885,-0.9971552572568323,-0.038222248418402646,0.9978808945115304,0.06505671902770288,-0.001159171349745787,0.003642487881423592,-0.038065945862540154,0.9992685905439157,221121_012847
0,0,0,0,0.010689105131918591,-0.015729714663976786,0.2971190938369959,0.0629261175473072,-0.9975203375249249,-0.03151951704236,0.9979056947042902,0.06336181263899765,-0.01301941534204598,0.014984265319684591,-0.030634244290689165,0.9994183382695995,221121_012847
0,0,0,0,0.010559482387198274,-0.015789339077952314,0.29741511801308834,0.06534597668639286,-0.9975375038719487,-0.025472175011630422,0.9978620831156897,0.06535227282642525,0.00058610275236678,0.0010800050542340862,-0.02545601707538496,0.9996753596962068,221121_012847
0,0,0,0,0.01100127389996044,-0.015858335062724476,0.2969079936091115,0.06339147152447039,-0.9972087344082989,-0.03944947854865564,0.9979850532725656,0.0634491098882205,-0.00020952075654721153,0.0027119702279353626,-0.03935670812188257,0.9992215443750659,221121_012847
0,0,0,0,0.01097814181916416,-0.01579831159494875,0.29700402172781026,0.06323691545272037,-0.9974526937843446,-0.03300327538867065,0.9979620365105598,0.06348286913043902,-0.00645747711287543,0.008536170553663167,-0.032527664984171825,0.9994343824398659,221121_012847
0,0,0,0,0.011067519430527842,-0.015829604579681557,0.2968485747813432,0.06327905934948769,-0.9971891628620283,-0.040118999468726636,0.9979883246490331,0.06338377088432556,-0.001342182066616382,0.003881302881851765,-0.03995336104773871,0.9991940074024306,221121_012847
0,0,0,0,0.011064438663338564,-0.015781617222332713,0.2968553295220755,0.06324226453356374,-0.9972416815388044,-0.03885157111783905,0.9979345952943559,0.06362981959866876,-0.008819839711187698,0.011267630245840494,-0.03821354026387203,0.9992060677603717,221121_012847
0,0,0,0,0.011102373905172498,-0.015815508855529035,0.296772763147658,0.06302610676012083,-0.997397530519784,-0.03501251175933606,0.9980094792035814,0.06306408672209662,1.96393448599827e-05,0.002188443843884825,-0.03494405641799011,0.9993868738554647,221121_012847
0,0,0,0,0.011164625673348123,-0.015788542313915188,0.29666160383798607,0.0628681869924651,-0.9972631912816746,-0.03890653388532948,0.9980014005589344,0.06306859868150277,-0.003944152983391135,0.006387139162821912,-0.03858081356116576,0.9992350700802456,221121_012847
0,0,0,0,0.011170745346268407,-0.01579015981108149,0.29672252975660424,0.06310684129345107,-0.997190030467222,-0.040367929334375545,0.997994350661204,0.06325625614182967,-0.002433538008910914,0.004980223919139553,-0.04013339252668757,0.9991819194591214,221121_012847
0,0,0,0,0.011185080001397498,-0.0157642930877354,0.29667051203500233,0.06323154473282089,-0.997221904533501,-0.0393731490901828,0.997995046458471,0.0632914758737787,-0.00027627173758952746,0.002767488944043807,-0.03927673866673949,0.9992245387322357,221121_012847
0,0,0,0,0.011242902852957676,-0.01568846579097177,0.29684813737810467,0.06371735676094062,-0.9973357248714122,-0.03551830996279257,0.9979399380617103,0.06394202613064712,-0.005224683310678168,0.007481876020636087,-0.03511223703385645,0.9993553683958926,221121_012847
0,0,0,0,0.011249566553055954,-0.015696458446718336,0.29681471034934653,0.06314166260173193,-0.9973578742423826,-0.03592215375787393,0.9979324763613846,0.06352883434119344,-0.009739601146039062,0.01199596045024505,-0.0352329092463909,0.9993071294846804,221121_012847
0,0,0,0,0.011261710024731437,-0.015640291787425323,0.2968664968906547,0.06395703657458043,-0.9971669101875401,-0.03959356891758761,0.9978756656586276,0.06439455540024258,-0.009874063052042588,0.012395699211759183,-0.03887794312767929,0.9991670792110859,221121_012847
0,0,0,0,0.010597444309615223,-0.01575054770541141,0.2972079626123794,0.06494960918976739,-0.9974219432226482,-0.030512545682927845,0.9978881849669522,0.06494519063093523,0.0011368892971788248,0.000847684763991734,-0.030521949345801856,0.9995337373188927,221121_012847
0,0,0,0,0.011146878696646358,-0.016304696985119,0.2975641649079555,0.06633171086117057,-0.9970221972547121,-0.03932991629300555,0.9977534841281365,0.06590646425255181,0.012013445795933966,-0.009385576401841643,-0.0400384334247965,0.999154059594662,221121_012847
0,0,0,0,0.011092358623933844,-0.016203085964973548,0.2970350701052174,0.0646161569460923,-0.9972260109691541,-0.036946384235370736,0.9978966522985155,0.06476384721292888,-0.002813436616749086,0.005198422158124955,-0.03668687968102535,0.9993132888470642,221121_012847
0,0,0,0,0.011262991253615576,-0.016733657505199867,0.29831933954188883,0.06209196632939912,-0.998038196306499,-0.008021622692334071,0.9979042756582511,0.061932976265523576,0.01874468121560769,-0.018211104862950106,-0.009168705697292268,0.9997921236414633,221121_012847
0,0,0,0,0.011488057782486266,-0.017617329605444022,0.29722799592826593,0.05688173001076759,-0.9977688640871029,-0.03495372153739573,0.9983123491041318,0.056432619357693246,0.013704491913940561,-0.011701385267208705,-0.035674267066912756,0.9992949635878622,221121_012847
0,0,0,0,0.011577993155513541,-0.01778692560716448,0.2968923773201655,0.05739386762900736,-0.9977889142887134,-0.033514571176349345,0.9983066557680299,0.05704035452411166,0.011411354214803805,-0.009474439710930482,-0.03411276122383309,0.9993730807430474,221121_012847
0,0,0,0,0.011524128213520515,-0.017976348950832576,0.2967574651328325,0.0552815458588517,-0.9977499130797971,-0.03793496588521673,0.998337022172229,0.05461230441754966,0.01845769125572194,-0.016344443941057482,-0.038892250583654066,0.9991097297078013,221121_012847
0,0,0,0,0.011584423434604491,-0.018046885891153715,0.29667814347807325,0.056285835874878176,-0.9976505182705591,-0.03905570476066607,0.9983741181275626,0.05588779665234023,0.011210461112666392,-0.00900138505332563,-0.039623194972549666,0.9991741477276567,221121_012848
0,0,0,0,0.011528679558697165,-0.018148808784404648,0.2967507865648285,0.055743253203161036,-0.9976497856324732,-0.039844635144617745,0.9983760598102014,0.05522558196127028,0.013977778610926323,-0.011744484670912821,-0.04055909669258514,0.9991081156488002,221121_012848
0,0,0,0,0.011547170574428127,-0.018173667966575744,0.2966384204623909,0.05639262544992212,-0.9977786684864024,-0.03546266358249885,0.9983711988717228,0.056047198588844216,0.010661181631585276,-0.008649916664557165,-0.03600611397864755,0.9993141341429396,221121_012848
0,0,0,0,0.011505656577995835,-0.018223174521213838,0.2967123120435334,0.05678294259249694,-0.997703212433729,-0.0369323344774584,0.9983509371423345,0.05642962219544087,0.010540590396292142,-0.008432303217970151,-0.03746995647578842,0.9992621771207708,221121_012848
0,0,0,0,0.011537835422410058,-0.01824453896927279,0.29665456335032764,0.0566796158129728,-0.9976754841105417,-0.037829215642028326,0.9983004288704652,0.056119357007260715,0.01571214454290626,-0.013552670155339163,-0.03865548051555999,0.9991606872559446,221121_012848
0,0,0,0,0.011530917855147801,-0.01828677669140747,0.2966148849624654,0.057320268272837024,-0.9975194502861852,-0.040857473562087514,0.9982905693437311,0.056800534498535546,0.013770927348951884,-0.011416041542471118,-0.041576983794250455,0.9990700818331382,221121_012848
0,0,0,0,0.01157962845851893,-0.01836620457597863,0.29652138345170204,0.05774087526368782,-0.9976598444553962,-0.03661729215846651,0.998165893877647,0.05702418486915989,0.020324631348332158,-0.018188997312137887,-0.03772369416219917,0.9991226567721982,221121_012848
0,0,0,0,0.011589119278314394,-0.018389789108803945,0.29638948389062203,0.057998475292564966,-0.9974475190467095,-0.04164881284384593,0.998231336989835,0.05739756037347504,0.015482826442860732,-0.01305276657357402,-0.04247313045605706,0.9990123415023653,221121_012848
0,0,0,0,0.011609518913610293,-0.018388873314303427,0.29654194533923633,0.057631455935558296,-0.9974971078799548,-0.04096504678226847,0.9982558099919775,0.05705189975167768,0.015179543866186111,-0.012804417363112788,-0.041768415170438646,0.999045267437938,221121_012848
0,0,0,0,0.011719851321336044,-0.01793757047044934,0.2963959261885294,0.058307596165901324,-0.9974113242910575,-0.04208175858152161,0.9982891192410226,0.05807087259941075,0.0068270169566816506,-0.004365619582374649,-0.0424078286581885,0.9990908454360693,221121_012848
0,0,0,0,0.011716130126336991,-0.01675212666004909,0.2966405205522468,0.06346713366270679,-0.996939319781251,-0.04564992463013733,0.9979835025427047,0.06344297131084187,0.001979404922438515,0.0009228202617043817,-0.04568349882997995,0.9989555377179786,221121_012848
0,0,0,0,0.011574118929552119,-0.016606511245357714,0.2972015087831254,0.06467330822491946,-0.9973277959905644,-0.033979855029824584,0.9978956017047896,0.06447602968854377,0.006870931074994693,-0.004661684403712153,-0.03435271372403365,0.9993988992180824,221121_012848
0,0,0,0,0.011618913396964779,-0.01648938754581529,0.2967850065055475,0.06406989125162066,-0.9970742572108903,-0.041689023043933134,0.9979447424906113,0.06406237527484732,0.0015175669647903619,0.0011575708848960663,-0.041700571716664164,0.9991294822735188,221121_012848
0,0,0,0,0.010941959572947472,-0.015844739957464087,0.2969592528246869,0.06251620804835051,-0.9974420499758583,-0.03465661078659351,0.9980240162731346,0.0626967181731351,-0.004145415824818814,0.00630766781763273,-0.03432897420949958,0.9993906817938748,221121_012848
0,0,0,0,0.010513091523224202,-0.015550838260506862,0.2971537635009667,0.06594840235611887,-0.9971294544094531,-0.03719757217589719,0.9977829779823927,0.06623394355068529,-0.0064956578044733666,0.008940753618325954,-0.03668672608492462,0.9992868192135359,221121_012848
0,0,0,0,0.01093840478473671,-0.015770701818604762,0.2971369008989188,0.06364078618136543,-0.9973958960144709,-0.03393047225885605,0.9979728660504582,0.06360076714477092,0.002258549452846833,-9.466388996754761e-05,-0.034005426509424806,0.9994216437553571,221121_012848
0,0,0,0,0.010942304190416986,-0.015794481730480127,0.29688857800296053,0.061962706812938306,-0.9973388313126028,-0.03841716439855378,0.9980762091110523,0.061998492365856694,0.00026028997628208764,0.002122208972934036,-0.03835938607919136,0.9992617543610397,221121_012848
0,0,0,0,0.010990313095041511,-0.015748147384957698,0.2969460074243334,0.06290028601558417,-0.9974186697277618,-0.03463453908544807,0.9979968904809352,0.0630961761334803,-0.0045912032973176465,0.0067646588636976175,-0.03427637430996061,0.9993894984212218,221121_012848
0,0,0,0,0.011037337358384351,-0.015726764700868857,0.2967972155343742,0.06345986985455168,-0.9972936307715821,-0.03712490997265885,0.997978563984355,0.06354269776503227,-0.0010542241061126402,0.003410387920378695,-0.03698296341799111,0.9993100768385437,221121_012848
0,0,0,0,0.011119386226900509,-0.015714387613526653,0.2967761944951926,0.06282576761683234,-0.9972658326125744,-0.03890735183618435,0.9980060769548623,0.0630137866330231,-0.003623955757605736,0.006065746823021096,-0.0386020957684519,0.9992362508024628,221121_012848
0,0,0,0,0.011114481934027105,-0.015665221509626435,0.29676573213347407,0.06319905735974617,-0.9971090734650935,-0.04218263579272993,0.9979458883319402,0.06358304937536165,-0.007823029688334876,0.010482514498617552,-0.04160157984635851,0.9990792888675419,221121_012848
0,0,0,0,0.01114683550081677,-0.015666690658365956,0.2967246496326405,0.0630309610137012,-0.9972973053050836,-0.037751593143970655,0.9979940481446177,0.06320890567162285,-0.003537529040811929,0.005914205069830944,-0.037452891410603616,0.9992808929942458,221121_012848
0,0,0,0,0.011171678100630621,-0.015617710453575259,0.29685023352395856,0.06339840357340244,-0.9973161403238382,-0.03662183329525949,0.9979739445039884,0.0635515996407949,-0.0030331953854873155,0.00535243080239455,-0.0363553356834715,0.9993245924382366,221121_012848
0,0,0,0,0.01120320730266657,-0.015608014708799713,0.29678049750466823,0.0634481805370441,-0.9973039987174502,-0.03686546525845087,0.9979111864101979,0.06384985837870821,-0.009821385971945129,0.012148762238585626,-0.03616531110335268,0.9992719739134427,221121_012848
0,0,0,0,0.0111945437462638,-0.015654879783745343,0.29713939014343727,0.062308754066650596,-0.9975976533331194,-0.030274431966852346,0.9980393053962137,0.06245920753638706,-0.0040487378490595815,0.005929928406446685,-0.02996280124054483,0.9995334243990612,221121_012848
0,0,0,0,0.01065947562825474,-0.01602189551509212,0.2973135971623942,0.06211980060411853,-0.9975065446596377,-0.03349363721806575,0.9980523888649817,0.062275655427825836,-0.003629300475093273,0.005706089186858738,-0.03320295321542235,0.9994323411036717,221121_012848
0,0,0,0,0.011204242389466528,-0.016428242727694848,0.29737509253576244,0.0630773299071849,-0.997198214237901,-0.040211590027276436,0.9980075078626964,0.0629652807515707,0.004048168668226366,-0.0015048925113546364,-0.040386816420924246,0.9991829864233637,221121_012848
0,0,0,0,0.011046943541117515,-0.016338717583945086,0.29703485709006006,0.06261608954882653,-0.9973680916996993,-0.03655290670949227,0.9980344007974603,0.062479882856410984,0.004857886691068501,-0.002561279849493961,-0.03678524021327959,0.9993199117139536,221121_012848
0,0,0,0,0.011412676486726793,-0.017044656468948077,0.2983382720524862,0.05847897773826974,-0.9981808264156746,-0.01467129642557683,0.9981844197922111,0.0582542016861507,0.015307255469101586,-0.014424744253330827,-0.015539812161975556,0.9997751952270053,221121_012848
0,0,0,0,0.011512303205654951,-0.017697947161259192,0.2970946471837437,0.056163439524578876,-0.9976308644606326,-0.039728155460583364,0.9983914823222212,0.05580826212586619,0.009994293618275179,-0.00775345646835185,-0.040225565925440354,0.9991605415341278,221121_012849
0,0,0,0,0.011672263864428519,-0.017962760152851632,0.29677100153003516,0.055136236635476954,-0.997691695422437,-0.03963932762773867,0.9984279843140482,0.05468928169553622,0.012273654965507506,-0.010077477276712148,-0.04025373712748775,0.9991386696044792,221121_012849
0,0,0,0,0.01156465618958062,-0.018075068185234685,0.2967934201551316,0.054510142031971826,-0.9978808661367892,-0.03553057012977828,0.998473545800443,0.054156266833954136,0.010847907600109027,-0.008900716395057857,-0.036067655325822665,0.9993097124950565,221121_012849
0,0,0,0,0.01162378170984155,-0.018169241914794337,0.29662317384142745,0.054725421945590214,-0.9978022581673439,-0.03736016312901625,0.9984363245583115,0.05425622822182519,0.013459847756592801,-0.011403244948984429,-0.03803833980723689,0.999211214263202,221121_012849
0,0,0,0,0.011566664703197642,-0.018240227635650506,0.2968929643396826,0.054177984999005946,-0.9979524674588647,-0.03399439121694927,0.9984869672392805,0.05382339349670345,0.011261374951688174,-0.009408623424865923,-0.03455307519255807,0.9993585756874189,221121_012849
0,0,0,0,0.011594016672378749,-0.018262135943780768,0.29662891031461025,0.05481603158346868,-0.9976772940468054,-0.04043784891513129,0.9984799427059271,0.054537131794558075,0.007969019361941356,-0.0057451453774553084,-0.04081321108496471,0.999150276537782,221121_012849
0,0,0,0,0.01157616127342567,-0.018353759882297392,0.29657806634262035,0.05443533912244808,-0.997791699439936,-0.038059405977873,0.9984585859629385,0.05397925114925442,0.012910947380228133,-0.010828017894026378,-0.03870355247429129,0.9991920681502413,221121_012849
0,0,0,0,0.01157414368835524,-0.01836374967239953,0.29663723790436697,0.055153716164759226,-0.9978124693682595,-0.036446447926159656,0.9984532064439134,0.05485901168908636,0.009037885724253158,-0.0070186989595783095,-0.0368885457793302,0.9992947378302365,221121_012849
0,0,0,0,0.011573347806675618,-0.01839983040569418,0.29657430800887213,0.054604566898731666,-0.9977698633053282,-0.038388033988069274,0.9984204701979105,0.05405020382223813,0.015334280438221368,-0.013225201835339552,-0.03916472068637425,0.9991452440411117,221121_012849
0,0,0,0,0.011635821499138855,-0.01844540860468455,0.29663466640437597,0.05521380775088758,-0.9976972338437913,-0.0393911793945611,0.9984327883126083,0.054807675376820394,0.01131750600172949,-0.009132505458968819,-0.03995432767843282,0.9991597715299623,221121_012849
0,0,0,0,0.011624740856743313,-0.01849689830909232,0.2964730016399656,0.055823729881143314,-0.9975231755262575,-0.042792820310990076,0.9983797686340826,0.05529577132588254,0.013424427571834416,-0.011024915614772424,-0.043472887659865206,0.9989937733911057,221121_012849
0,0,0,0,0.011644086169790152,-0.018504848946596375,0.2965064690704112,0.055945091725065677,-0.9976070864164911,-0.040623242650912494,0.9983079285488075,0.05524555408447823,0.018144105116772457,-0.01585643429222005,-0.04156957884679507,0.9990097815367158,221121_012849
0,0,0,0,0.011789360112746184,-0.01788970347033421,0.29634292603504053,0.0573397260597458,-0.9973391748101088,-0.04501917596406496,0.9983528380110438,0.057193629716067174,0.004527643448400962,-0.0019407861004514118,-0.04520463592367036,0.9989758626915471,221121_012849
0,0,0,0,0.011696065496032877,-0.016733072266207585,0.2966898807054303,0.061739693608920565,-0.9972970168589996,-0.03983554188430764,0.9980922372569329,0.06167809697337151,0.0027745776603873428,-0.0003100976084207917,-0.039930846696297345,0.9992023975759816,221121_012849
0,0,0,0,0.01162592082899571,-0.01669436112263916,0.29716987555423496,0.06246109963308716,-0.9975056397010219,-0.032880234142731335,0.9980165468350058,0.0621662264540373,0.009916276115366652,-0.007847501268331971,-0.0334343992486863,0.9994101048472158,221121_012849
0,0,0,0,0.011594868640845071,-0.016491309731822442,0.2968613697007569,0.06231297589706991,-0.9972953504903751,-0.0389753373959946,0.998033106416326,0.06253225077604424,-0.004431265040604439,0.006856495593912619,-0.03862255174328017,0.9992303472998647,221121_012849
0,0,0,0,0.010840622335057804,-0.015838839941626066,0.2970535316416775,0.06010596617482045,-0.9977651512077759,-0.029188625618818395,0.9981691682013444,0.06027667437131351,-0.005003416729644458,0.006751628131580912,-0.028834450958165878,0.9995613987922473,221121_012849
0,0,0,0,0.010578999745237502,-0.015663852517385845,0.297212101662275,0.0640096167443801,-0.9973919054977829,-0.03334900016101276,0.9979492791971404,0.06397147111741391,0.002210663470861321,-7.151325102185829e-05,-0.033422114394148654,0.9994413225173749,221121_012849
0,0,0,0,0.010985784409382285,-0.015807289475834468,0.2969016727782936,0.06130184789070042,-0.9971579332468004,-0.043796570735094895,0.9981192422450629,0.06123188268769855,0.0029385034730370144,-0.00024840556863731274,-0.04389433568797563,0.9990361482895325,221121_012849
0,0,0,0,0.010938375358345985,-0.01574194111205197,0.2969554510511628,0.06170767698042484,-0.9975327430076288,-0.03347520320110645,0.9980512534227133,0.06198166859403931,-0.007208904192005648,0.009265966923659687,-0.03296512378218121,0.9994135492732701,221121_012849
0,0,0,0,0.011032059095918596,-0.015758763114992122,0.29680769063275636,0.06193010975773387,-0.9974326073681604,-0.035956296585534786,0.9980554739157419,0.062143414057380664,-0.004844282827871107,0.007066292678517158,-0.03558637166170333,0.9993416220991381,221121_012849
0,0,0,0,0.011063956013993195,-0.015715966656985932,0.2967306225053724,0.06185363737228075,-0.9972402847990977,-0.04106022305874342,0.9980781956780046,0.061955297731148024,-0.001206811991850109,0.003747379878963365,-0.04090666763328662,0.9991559446288565,221121_012849
0,0,0,0,0.01109040623716132,-0.015685912033527188,0.2968441412934063,0.06247215782414001,-0.9973907405902154,-0.03617927696482571,0.998022300918247,0.06268308158813829,-0.004724209189159745,0.006979711071665158,-0.035812593699934434,0.9993341492042787,221121_012849
0,0,0,0,0.011094411173052746,-0.0156806655480584,0.296827679156436,0.06197516181823082,-0.9974984576897414,-0.03399862091601309,0.9980596252625933,0.06214303280359623,-0.0039022935132012678,0.006005309175731787,-0.03369080557893811,0.9994142613957168,221121_012849
0,0,0,0,0.011125515287419636,-0.015635698642752452,0.29675781917257504,0.061759323795768525,-0.9972116686718403,-0.04188882654135999,0.9980581011646334,0.0620439944840115,-0.0055289644703248216,0.00811249800835379,-0.04146601757090636,0.9991069796387541,221121_012849
0,0,0,0,0.011153716766235841,-0.015619334151420012,0.29663247264760567,0.06165974836930521,-0.9972874900498008,-0.040196238893753136,0.9980684755217721,0.061913633326344475,-0.0051009977432755005,0.007575856432106894,-0.0398040726371144,0.9991787839024703,221121_012849
0,0,0,0,0.011213143529866895,-0.015594747536957738,0.2967336283552039,0.061992021993479585,-0.9974886776128427,-0.03425386464826241,0.9980624375278371,0.062137740191719804,-0.003205002317966902,0.005325411265970966,-0.03398881107140885,0.9994080251412835,221121_012849
0,0,0,0,0.011228555920211663,-0.015583946697551266,0.2967638347862385,0.06206581971799474,-0.9974354698962971,-0.03564151253085378,0.9980295780877966,0.062353064759568755,-0.00700404004726546,0.009208435514682013,-0.03513657222670771,0.999340095266636,221121_012849
0,0,0,0,0.011167257302362617,-0.015641097827932247,0.2973106215594384,0.06069435667426831,-0.9977268357038529,-0.029280648631359263,0.99805059837322,0.061088904975861835,-0.012772970512300521,0.014532658213648925,-0.028448321659220625,0.9994896171746952,221121_012849
0,0,0,0,0.010713556637899349,-0.01602260672678,0.29745309670959624,0.06106848009351165,-0.9976496886658239,-0.03107634862807502,0.9981182518018809,0.06121047566904009,-0.0036377312059302073,0.005531379486627616,-0.03079572004930514,0.9995103938767319,221121_012849
0,0,0,0,0.011246538357673601,-0.016420318586040823,0.2972952871208801,0.061205958997102364,-0.9975973717061205,-0.03245480778380438,0.9981149309437114,0.06102577528242273,0.006514551282260757,-0.004518319430379401,-0.032792357588589914,0.9994519728697858,221121_012850
0,0,0,0,0.01106310714454565,-0.01631855493604593,0.2971336288788414,0.06098979174218383,-0.9975600823265007,-0.033972451368589125,0.9981381160590685,0.06092922857315736,0.0028160922451994355,-0.0007393059573329308,-0.03408095148651336,0.9994188021907909,221121_012850
0,0,0,0,0.011467046271290133,-0.017104873461211388,0.29827049201989425,0.05585196841329981,-0.9983627050208767,-0.012347746667267224,0.9982721455963988,0.05561223509944535,0.01897373536250771,-0.018255983970254994,-0.013386132026962719,0.9997437324227817,221121_012850
0,0,0,0,0.011533859802163903,-0.017645513699883604,0.29701852565352527,0.05424428239089117,-0.9976919215888534,-0.04084589849960429,0.9985095475906792,0.053951273903989884,0.008242779530841243,-0.006020066291551543,-0.041232143292331484,0.9991314573975569,221121_012850
0,0,0,0,0.011679445541688744,-0.017907847688468287,0.29688083735505877,0.052513862183077575,-0.9980949976285134,-0.03238317445147506,0.9985931181783292,0.052246022353829025,0.009062972750938873,-0.007353815710075904,-0.03281354685402309,0.9994344363375525,221121_012850
0,0,0,0,0.011577372259596238,-0.018036855876442458,0.2968083173711822,0.05279380290911857,-0.9979162147613854,-0.03709504940961167,0.9985708468262663,0.05244636723540866,0.010278250458232892,-0.008311332207697121,-0.03758466283096061,0.9992588828110642,221121_012850
0,0,0,0,0.01162158433885393,-0.018108022886296805,0.29673664710541875,0.052446457479843,-0.9980919023247103,-0.03258716943300669,0.9985938370603,0.052164437507053574,0.00944563628134737,-0.007727721721297452,-0.03303673672464004,0.9994242624349207,221121_012850
0,0,0,0,0.011578787963951937,-0.01817111802849904,0.2968180468086901,0.052410842532958565,-0.9979934872688064,-0.0355260883581729,0.9985877481093443,0.05206591084569014,0.010566468365422264,-0.008695568462970546,-0.03602971408235111,0.9993128873342172,221121_012850
0,0,0,0,0.011580026757195445,-0.01823852649412841,0.2966253194302269,0.05283897477252192,-0.9980352860615183,-0.03366913306118802,0.9984984080262967,0.05231532044213866,0.01624919739516161,-0.014455860885445143,-0.03447716669245848,0.9993009321835545,221121_012850
0,0,0,0,0.011576718547898067,-0.018294636853395635,0.29659453632198207,0.05306340406533927,-0.9978575341108946,-0.0382703118242181,0.9985293301429515,0.052594720815205664,0.013151889090115311,-0.01111089525045683,-0.03891191283520971,0.9991808700361704,221121_012850
0,0,0,0,0.011576004120531934,-0.01831278661842159,0.29657841074930197,0.05295395012179338,-0.9979406547163135,-0.03619846448225765,0.9985056881684252,0.05242423087536574,0.01543018834707553,-0.013500735602124994,-0.03696146211259789,0.9992254902957093,221121_012850
0,0,0,0,0.011576134532381155,-0.01833479595190046,0.2964538288142781,0.05357018644385225,-0.9977518460497661,-0.040267714470196794,0.998466303629705,0.052957045682797355,0.016142856890381682,-0.013974106068155471,-0.04107073187602799,0.9990585164757685,221121_012850
0,0,0,0,0.011650485786811812,-0.018394821914415393,0.2966882819988572,0.05368564673020121,-0.9977627414309485,-0.039841726209577655,0.9985367806853583,0.05338235445529539,0.008638394024940214,-0.006492222553254566,-0.04024718679619834,0.9991686619391698,221121_012850
0,0,0,0,0.011611334110719412,-0.018452346996845302,0.2965411775151471,0.05375956064927806,-0.9978881952321107,-0.03645626770800616,0.9984378470421614,0.0531608510360434,0.017198532232061924,-0.015224166072738122,-0.037323902978182416,0.9991872452317758,221121_012850
0,0,0,0,0.011652847163614293,-0.018453891241716428,0.29644103593253035,0.05440410458432143,-0.9976796709884928,-0.04093247489061287,0.9984309953212798,0.05380934125878267,0.01549523717322406,-0.0132567336149153,-0.041711256149728856,0.9990417559463043,221121_012850
0,0,0,0,0.011873120725590167,-0.017784997404630007,0.2963025300467711,0.05571630969814237,-0.9973588216230916,-0.04659478258580969,0.9984239001475238,0.05533937825388535,0.009341778667936292,-0.006738579065943001,-0.04704183398924429,0.9988701904687617,221121_012850
0,0,0,0,0.011815254356117775,-0.01690015695789479,0.29675512174499696,0.059188426593648036,-0.9974735284532823,-0.0392847323056631,0.9982453262511749,0.05921075524233188,0.0005958870009719836,0.0017316971598921784,-0.03925107003117187,0.9992278792779726,221121_012850
0,0,0,0,0.011670686157792662,-0.016665754634830294,0.2969064045565631,0.06097960514080175,-0.9974940071549241,-0.035877478268177825,0.998124152734279,0.06074315930200003,0.007644888912812593,-0.00544641949809771,-0.036276359905916114,0.9993269546182706,221121_012850
0,0,0,0,0.01161944476934932,-0.016535541532359928,0.29700118537645553,0.059009676031330394,-0.99746895275062,-0.03966795221912012,0.9982145601211422,0.059328721176801935,-0.006913378745579159,0.009249329534184118,-0.03918917123525697,0.999189000520453,221121_012850
0,0,0,0,0.01092593464265059,-0.01587880615154019,0.2968920502636715,0.05868005295518858,-0.997283188898735,-0.04452968139507204,0.9980982302034536,0.059454923306140495,-0.016279894329971,0.018883173724518792,-0.043489691130557485,0.9988754038995347,221121_012850
0,0,0,0,0.011043376325574715,-0.01590269754590727,0.2968746989872307,0.05988408389784916,-0.9974471131315268,-0.038899267361971135,0.9982024263283695,0.05993254294921824,-7.979847063038087e-05,0.002410926766027041,-0.0388245644048054,0.9992431338923005,221121_012850
0,0,0,0,0.011009709328715941,-0.015832902073877737,0.29692855690829323,0.05929518898735285,-0.9977189609656056,-0.032263841877039824,0.9982112038403007,0.059510056022524724,-0.005739839709744777,0.007646769948920202,-0.03186578356024662,0.9994629051382747,221121_012850
0,0,0,0,0.011141365906108548,-0.01586451867914311,0.29685596699124595,0.059291197742931664,-0.9974448535182212,-0.039853708236795134,0.9982335590686126,0.05939482194462822,-0.0014200969605488358,0.003783572309353916,-0.03969910976559602,0.9992045162349894,221121_012850
0,0,0,0,0.011256022189247993,-0.015845214395147595,0.29678801901430174,0.05914888930949719,-0.9974175037133535,-0.04073981074668012,0.9982275915617479,0.05936668268159216,-0.004156011575438354,0.006563866108083799,-0.04042177969369532,0.9991611458559172,221121_012850
