0,0,0,0,-0.071123395492634,-0.0100021057864868,0.6192928384869718,0.9995560978357796,-0.022789174850767202,-0.019190122170816393,0.028223079664755818,0.9306173202220993,0.36490390663416433,0.009542801137325842,-0.36528352934708025,0.9308473978768992,221208_154019
0,0,0,0,-0.07107875183714213,-0.009975698558590144,0.6192709451591051,0.9996358008336939,-0.024248402893037355,-0.011844013201464427,0.02689814042848003,0.9307432869616682,0.36468263437855064,0.002180764331443062,-0.3648683991974735,0.931056547978695,221208_154019
0,0,0,0,-0.07114783935642133,-0.009960295522890168,0.6197552102222216,0.9996004849559934,-0.023276039920766045,-0.016034227182789726,0.02749881834315282,0.9320235318944319,0.3613529451723903,0.006533411472782455,-0.3616495015351703,0.9322912380656005,221208_154019
0,0,0,0,-0.07111699400232135,-0.009956432956506325,0.6196000111957611,0.9996054136429824,-0.024394255141372168,-0.013926138436054905,0.02778378697360645,0.931599932203715,0.3624218915841572,0.004132577530765624,-0.3626658057139258,0.9319101003684965,221208_154019
0,0,0,0,-0.071164163780746,-0.009980151306614476,0.6199781009745473,0.9995842166972866,-0.023081110709513963,-0.01728166826690001,0.027773484594415587,0.9317727191845697,0.36197822218591574,0.007747727612388955,-0.36230768983256156,0.932026346518722,221208_154019
0,0,0,0,-0.07109583751333036,-0.010028947398229867,0.6198193163438959,0.9995781850395287,-0.023043846611100538,-0.017675777958709074,0.02790803996103508,0.9305775263398497,0.36502959986381794,0.008036995621174714,-0.3653689212351946,0.9308281034094402,221208_154019
0,0,0,0,-0.07097136042866067,-0.010224622584737029,0.6206732050911985,0.9994576558926992,-0.024549543468715407,-0.021947983801442125,0.030851888377842196,0.9311022423343758,0.36345120071808573,0.01151325588145588,-0.36393122184744564,0.9313546642947751,221208_154019
0,0,0,0,-0.07102210888551877,-0.010035970304214466,0.6204140780505162,0.999124631853818,-0.025401192090760027,-0.03323777163619687,0.03554302289170613,0.9344646401513886,0.3542774757594047,0.022060452096258506,-0.35514872342035,0.9345494747236256,221208_154019
0,0,0,0,-0.07120592568483383,-0.009467653582675024,0.6195299934768421,0.999361741933713,-0.014826855076709056,-0.03250035580957921,0.025416210691720786,0.9344307977292372,0.3552366823530142,0.025102290598450067,-0.3558359855658735,0.9342112322077243,221208_154019
0,0,0,0,-0.07142466111340394,-0.008642917827020506,0.6204177436947709,0.9992269940431427,-0.003856275840222828,-0.03912216139414944,0.017277841239858455,0.9369865438165326,0.3489379499407292,0.03531133780524337,-0.34934416532037954,0.9363288757584117,221208_154019
0,0,0,0,-0.07144146838661429,-0.008204433915225743,0.6193185605982333,0.9996745764685687,0.002549127767864201,-0.02538194456715486,0.006393434269811482,0.9382011693407353,0.34603134228840393,0.02469544817622507,-0.3460810133412408,0.9378795589221866,221208_154019
0,0,0,0,-0.0713686543616533,-0.00761207295042774,0.6190780582637341,0.9993012413601241,0.00486919293253546,-0.037058332076605666,0.008270601759853446,0.9380944862160671,0.3462807128292646,0.036450324589009375,-0.34634524089584284,0.9373987134331668,221208_154019
0,0,0,0,-0.07090744255884564,-0.007346848648585342,0.6189532044264503,0.9991566636448594,0.00406583811105482,-0.040858664375229,0.010667524166996234,0.93521252675172,0.3539261698925489,0.03965054126010725,-0.3540635518760968,0.934380455601819,221208_154019
0,0,0,0,-0.07080369777170133,-0.007313435062685306,0.6185711029483607,0.9995174097432586,0.0008130420243193659,-0.031052964154707544,0.010304569944697639,0.9343748029306873,0.3561425887007823,0.029304666153732173,-0.35629070519858697,0.9339155047062405,221208_154019
0,0,0,0,-0.07149279250048854,-0.006927017595747662,0.6173026571011618,0.9999676194214113,-0.0010244711762518177,-0.0079818899694687,0.0036807860901929,0.9402569446004637,0.34044578121098473,0.007156250584902574,-0.3404641370091841,0.9402302693958313,221208_154019
0,0,0,0,-0.0721859755050428,-0.0062883036299733975,0.6175538938204123,0.9999884278023594,0.0034477131474640044,-0.003355225092022359,-0.00210785957099624,0.9409174317340578,0.33862950785041523,0.004324487182810505,-0.3386185168195004,0.9409138105467298,221208_154019
0,0,0,0,-0.07273412585240767,-0.005443804422109483,0.6163308606214443,0.9999970778864946,0.002394370440900212,-0.0003334796297477671,-0.002136098495958666,0.9397453402661619,0.34186858956512894,0.0011319459736561233,-0.3418668782409709,0.9397477088347095,221208_154019
0,0,0,0,-0.07298745646818897,-0.005185134916996302,0.6169124373961921,0.999981721583361,0.003569148686053847,-0.004880335729670306,-0.0017036591613801555,0.9408000750517486,0.33895769105905543,0.005801210618422842,-0.3389431810204788,0.9407889593288602,221208_154019
0,0,0,0,-0.07290777673691379,-0.00583531098715749,0.6176359039249409,0.9999501204731281,0.0041754156356949845,-0.009073173096855161,-0.0009556573633909549,0.9442538214131578,0.329216961084408,0.009941996015896376,-0.32919186905347164,0.9442107127459961,221208_154019
0,0,0,0,-0.07295486735728617,-0.006212364851428183,0.6168181390240376,0.9999710477125694,0.007573762957496788,-0.0007361054883922328,-0.006860869665162528,0.9392103644517942,0.34327368057246405,0.0032912313902311863,-0.343258691690381,0.9392351347638908,221208_154019
0,0,0,0,-0.07305988484156657,-0.006825392899294811,0.6180945903013472,0.9999228273587605,0.006885911019491708,-0.010340384726647209,-0.002966774456650223,0.9406072499808444,0.3394837249895741,0.01206389556431936,-0.3394268485445797,0.9405550897799172,221208_154019
0,0,0,0,-0.07312330368412817,-0.00730415691166055,0.6185412533950335,0.9998976323128349,0.004089807165768011,-0.013711249853080691,0.0009735590200765643,0.9366107049819388,0.35037043182333294,0.014275050893821722,-0.35034791392354714,0.9365108446416398,221208_154020
0,0,0,0,-0.07319079454565533,-0.00815715996736528,0.6188297779765937,0.999913634541959,0.0027871140272176537,-0.012843498452104595,0.0019243890772525788,0.9356715302288416,0.35286694977837935,0.013000776275641293,-0.3528611901507691,0.9355853570367663,221208_154020
0,0,0,0,-0.07315191561727374,-0.008438468908654642,0.6186201668127023,0.9999628471093902,0.0010917081129704909,-0.008550589118736613,0.002065475314782239,0.9327048167817205,0.3606347994355255,0.008368883593730198,-0.3606390618410237,0.9326679092055332,221208_154020
0,0,0,0,-0.07280156863415096,-0.008278380426289183,0.6184489108940894,0.9999997519521988,0.0006206760541966894,-0.00033295161376029834,-0.0004623958897427838,0.9350961360847588,0.35439385218905045,0.0005313055453386728,-0.3543936103269768,0.9350961911342749,221208_154020
0,0,0,0,-0.07247963214675573,-0.007768042122378371,0.6183037521209943,0.9999826510581709,-0.0027215252156146397,-0.005224067684556892,0.004360569715075147,0.938262351888469,0.34589701424048097,0.003960178585875607,-0.34591379320463683,0.9382579414299395,221208_154020
0,0,0,0,-0.07244735605032396,-0.00752549539108782,0.6184932836756776,0.9999924032275709,-0.003527994824895242,-0.0016573290752846769,0.0038843488012179073,0.9373566364620026,0.3483496058775313,0.0003245328007293047,-0.3483533971890562,0.9373632195394189,221208_154020
0,0,0,0,-0.0724572079043945,-0.0077146305309575775,0.6182410712835864,0.9999962944657463,-0.002484570969099542,-0.0011126373517555874,0.002716726765796207,0.9369828625068577,0.3493647589041233,0.00017450059318036004,-0.34936648705271617,0.936986140385218,221208_154020
0,0,0,0,-0.07261159458763601,-0.007963347209681846,0.6188347592481218,0.9999675936786137,-0.002291020565911017,-0.007717695081384849,0.004837632969912298,0.9372695206166186,0.3485720055172856,0.0064349747358538045,-0.348598044957026,0.9372502302759324,221208_154020
0,0,0,0,-0.07240730930787889,-0.0076345572924259595,0.6188259857503473,0.9999497397608089,0.005486590849961892,0.008391380883705123,-0.008042826807825754,0.938691745868854,0.34466377699813655,-0.005985890846784386,-0.34471394453739035,0.9386886946971521,221208_154020
0,0,0,0,-0.07231250022294883,-0.006956548453036919,0.6208208966799349,0.999901625340932,0.012707199138047687,-0.005938579849416591,-0.009978606582815741,0.9419872725855214,0.3355002320380055,0.009857334894751407,-0.3354079685650836,0.942021405049703,221208_154020
0,0,0,0,-0.07149980283157134,-0.005964899711339277,0.618344329174586,0.9998492283355782,0.01665105824271662,0.004925734071856482,-0.017331310887558515,0.9394631595265674,0.34221133463881376,0.0010706351702547412,-0.34224510829485505,0.939610099769354,221208_154020
0,0,0,0,-0.07154136217677746,-0.005498278837270436,0.6186405440995097,0.9996114487962462,0.026030695626300504,0.009967663752345247,-0.027871839198166326,0.9377387966154345,0.34622118638515975,-0.0003346866900227896,-0.3463644788477117,0.9380999604399164,221208_154020
0,0,0,0,-0.0718723464555856,-0.00573482580913327,0.6193806770934448,0.9993930258418591,0.0347193682772584,0.0028540085985760653,-0.03350058718778949,0.9353684131127409,0.35208470913833606,0.009554609187505086,-0.351966613782304,0.9359637878817174,221208_154020
0,0,0,0,-0.07240243019003435,-0.00660232314858808,0.6205943671222802,0.9993341590297226,0.03161151035048612,0.018219522763185975,-0.036030586083717314,0.9336735577658508,0.35630813125063904,-0.0057476484601078105,-0.3567273467821326,0.934190860903145,221208_154020
0,0,0,0,-0.07247963300284078,-0.007476713364666065,0.6195688285790822,0.999433021645248,0.029405432511429408,0.01639987145877988,-0.03334560341410392,0.9318627108385593,0.36127546122254295,-0.00465896748196748,-0.36161748946563355,0.9323149067426598,221208_154020
0,0,0,0,-0.07226167769059205,-0.007842216685018022,0.6193343002660515,0.999531533910218,0.03048090906436196,0.002761684576067531,-0.029439537114926917,0.932850806313521,0.3590580549363475,0.008368176237773292,-0.3589711511289235,0.9333111411976336,221208_154020
0,0,0,0,-0.0723800415057294,-0.007765567976145959,0.6219263145489643,0.999568258465678,0.026688204611793775,0.012289686834523285,-0.02928917057207392,0.9382697717370339,0.34466212430688425,-0.002332628365510153,-0.344873274086487,0.9386463570833135,221208_154020
0,0,0,0,-0.07154637204204843,-0.007664173713795748,0.6199377550903585,0.9996961229733227,0.02210955221755939,0.010900890461198175,-0.024530229233045098,0.9359352344556457,0.3513168153650344,-0.002435069995356906,-0.3514774595976169,0.9361931776235731,221208_154020
0,0,0,0,-0.07141924048096793,-0.007662449004057516,0.6208558851255281,0.9997433493422028,0.020307947216358632,0.010041052031150122,-0.022533154991656437,0.9372242336762492,0.34799855277872876,-0.0023435810539984073,-0.3481354953029427,0.937441296582361,221208_154020
0,0,0,0,-0.07140936660232021,-0.0076311721664646575,0.6200859114321301,0.9997664561832625,0.01847930788798298,0.011204832472735921,-0.021229865588935852,0.9367539297132155,0.3493441969947748,-0.004040531875466994,-0.3495004869049962,0.9369274698477646,221208_154020
0,0,0,0,-0.07147128238515946,-0.007518075866251585,0.6210130623771607,0.9998290540006605,0.01716311731670117,0.006876785594839281,-0.018480574159742635,0.9392287853029506,0.342794044926499,-0.0005754605724897222,-0.34286253260208754,0.939385412162022,221208_154020
0,0,0,0,-0.07113680452020896,-0.007223896518791953,0.6207363427139301,0.9998249562035797,0.01384014931067018,-0.01258996503437897,-0.008789373657011323,0.9414770091274587,0.3369625916850899,0.016516775206618428,-0.33679295056677416,0.9414338556612996,221208_154020
0,0,0,0,-0.07082997627266804,-0.006851431655093889,0.6192664346590109,0.9999165497188328,0.01275232583381769,0.0020668295073592922,-0.012699253299905067,0.9409027550788813,0.33843867162396757,0.002371194637560553,-0.33843667601310445,0.9409861814953457,221208_154020
0,0,0,0,-0.07072450829864416,-0.006583854208469753,0.6189843029833307,0.9999437371651672,0.010560652000073445,0.0009975637787187487,-0.010290724971840137,0.9429518877830068,0.3327699480211774,0.0025736129688073983,-0.3327614910950431,0.9430075114019454,221208_154020
0,0,0,0,-0.07068236467428432,-0.006540108172277449,0.619122906534293,0.9999090210965595,0.013043599213779955,-0.00343715714974141,-0.011091787101563333,0.9400819197342081,0.3407681857916595,0.007676052932030372,-0.340699058860449,0.9401410689375234,221208_154020
0,0,0,0,-0.07059181006829694,-0.006584804479540554,0.6186637160557681,0.9999372236431868,0.011036004901386912,0.0019378773364788734,-0.011031489236474151,0.9393246705275324,0.34285196453216993,0.0019634199704163698,-0.34285181920788943,0.9393874467161355,221208_154020
0,0,0,0,-0.07076252345921169,-0.007040779565547706,0.6201668939616033,0.9998273937465423,0.0116736738144948,-0.014453651914598927,-0.0061321177891921486,0.9417026471254557,0.3363904301973065,0.017537954425048685,-0.336243735609427,0.9416116877025278,221208_154020
0,0,0,0,-0.07084518148116818,-0.00741358154139664,0.6191538627691515,0.9999190483227787,0.011513710883055445,0.005415834466631383,-0.012674223429362363,0.9388503514502138,0.3440921121477118,-0.0011228809959843988,-0.3441328988102014,0.9389202772838366,221208_154020
0,0,0,0,-0.07091566670155898,-0.007501004197892187,0.6193035452669007,0.9999135134459822,0.0116296958414972,0.006141319300150433,-0.013024359558871684,0.940452360443208,0.3396759099419312,-0.001825290714753458,-0.3397265192937284,0.9405224932995354,221208_154020
0,0,0,0,-0.07083889094755409,-0.007628876173108768,0.6183563297523325,0.999918056193874,0.009550412678218878,0.008524700296253568,-0.011922582958513436,0.9372489116173545,0.3484570700784834,-0.004661857254635228,-0.3485301526263681,0.9372859754616932,221208_154021
0,0,0,0,-0.07091664797546943,-0.007819569677983085,0.6183596375513953,0.9999224273145222,0.010656751748266746,0.00644771243231586,-0.01224565829273594,0.935727134149908,0.3525120909537393,-0.0022766656345571956,-0.3525637021273966,0.9357850462236575,221208_154021
0,0,0,0,-0.07139509934622414,-0.008237302259722797,0.6212665779666519,0.99979205985062,0.012144001933452275,-0.016381705549024,-0.005636916864733443,0.9366194111787761,0.3503031598078762,0.019597505655432224,-0.350137975404215,0.9364931051278074,221208_154021
0,0,0,0,-0.07109334274834476,-0.008346174180198774,0.6191329613221793,0.9996001550267756,0.01329196166012482,-0.024957039601508677,-0.003568684057733612,0.9348707488571553,0.3549703472479901,0.028049858547621553,-0.35473935034964516,0.9345443802992826,221208_154021
0,0,0,0,-0.07133180336731293,-0.00870892974000323,0.6196799176410378,0.9998916845389572,0.014277377036568784,0.0035743103952446055,-0.014605059620011213,0.9324892730601697,0.3609022691272705,0.0018197316675302166,-0.36091538084802177,0.9325967919974771,221208_154021
0,0,0,0,-0.07138096533186956,-0.009052888821582748,0.620422600753467,0.9999231122911102,0.012317089169311402,-0.0014348590366982652,-0.010977733846631754,0.933073389321381,0.359518482834893,0.005767049995663465,-0.35947508878183193,0.9331368611729158,221208_154021
0,0,0,0,-0.07123500489738564,-0.009286497957668225,0.6196468021610997,0.9994735306149038,0.014927224841826597,-0.0288069359478079,-0.0036016824262947167,0.9334356756338125,0.3587267307265352,0.03224421628571043,-0.35843411865023334,0.9329980134510206,221208_154021
0,0,0,0,-0.07115313950929099,-0.009390719128500861,0.6192692523930147,0.9995503616406123,0.013206021805931244,-0.026919798145264212,-0.00262052058590527,0.9328271987491887,0.36031451559103295,0.02986984124462915,-0.3600819604781711,0.9324423705099514,221208_154021
0,0,0,0,-0.07111364241595895,-0.009373123190585158,0.6186614723677006,0.9996869135964666,0.011484129959182507,-0.02223037433448228,-0.0026518130054117087,0.9320748722360375,0.36225598743700294,0.024880568155790393,-0.3620836192169625,0.9318135060316473,221208_154021
0,0,0,0,-0.07113994735041153,-0.00937819131105671,0.6191599890257511,0.9995664064111159,0.013326001773157396,-0.02625674867742123,-0.0029877957819388207,0.9330270036751426,0.3597939458764555,0.02929287030546655,-0.3595594917252584,0.932662264519982,221208_154021
0,0,0,0,-0.07115243281683464,-0.009296422615707976,0.6191051208120038,0.9995369900879159,0.013088657624622954,-0.027468026641445174,-0.0023631414717498467,0.9334170555085459,0.35878547357458673,0.030335144772594032,-0.3585544415111064,0.9330158045093794,221208_154021
0,0,0,0,-0.07124911053506976,-0.009217463361002622,0.6197478457250423,0.9995425469040642,0.012675600870303116,-0.027459535158335803,-0.002087274545479273,0.9346813792319842,0.3554804672580013,0.03017184471501376,-0.3552605360289431,0.9342802638003872,221208_154021
0,0,0,0,-0.07128112293605658,-0.008955990071539792,0.6199159659653866,0.9999527728470218,0.00950221455814651,0.0020396063453100664,-0.009606881697600489,0.9347048455312178,0.35529503171942844,0.001469659688903946,-0.355297846403482,0.934751988733614,221208_154021
0,0,0,0,-0.07090591624016972,-0.008615597784285348,0.6183331509155737,0.9999647370390972,0.008335528427007327,0.0010215890421582728,-0.008145788692827116,0.9331586509915691,0.35937247836495106,0.0020422548568469426,-0.3593681274757654,0.9331936445077526,221208_154021
0,0,0,0,-0.07071282160535564,-0.008462411327128926,0.6187973083934741,0.9999835948528275,0.004606251888971125,0.0034047714683481125,-0.005507266559931168,0.9365833648148835,0.35040158499508656,-0.0015748143554690786,-0.350414587589567,0.936593367883939,221208_154021
0,0,0,0,-0.0705807451043527,-0.008303332487471712,0.6194820652137677,0.99988218380347,0.007398146000587746,-0.013449384675782874,-0.002224053349208055,0.9367674396018764,0.3499454495895678,0.015187893175258788,-0.3498743081986713,0.9366735270965001,221208_154021
0,0,0,0,-0.07042605381147857,-0.00822381145482236,0.6191002703053274,0.9997672425396715,0.013375152200331808,-0.01692826181980999,-0.006418076987344368,0.9334999690621668,0.35852003577027364,0.02059779193036468,-0.35832794066964935,0.9333685327366901,221208_154021
0,0,0,0,-0.07051303494081702,-0.0077146305807257246,0.6191184806181803,0.9997553837905319,0.021081125871093676,0.006690195352443539,-0.022086148592552923,0.9355453072442846,0.35251550339459714,0.0011724428320473712,-0.3525770330370452,0.9357820585759272,221208_154021
0,0,0,0,-0.07048685889596179,-0.007108388375153845,0.6185731110961229,0.9995357962452616,0.02972370686692183,0.006685302868271157,-0.030171798377630732,0.9353159764987642,0.3525247320243256,0.004225471217604193,-0.35256279633031673,0.9357786170012312,221208_154021
0,0,0,0,-0.07071052128743757,-0.006605367829307743,0.61916070906088,0.9992603836532422,0.03805206927484201,0.005543075416900458,-0.03759326011135519,0.9363756152275737,0.3489805925855812,0.008089033030888947,-0.34893086311056803,0.9371135578538704,221208_154021
0,0,0,0,-0.07068112564525585,-0.006347722554196548,0.6185797950346459,0.9988222417661675,0.046977006713433744,0.012136317128950823,-0.04822765530502299,0.9338690016408829,0.3543483893543757,0.005312496304784482,-0.3545163587403356,0.9350347206219164,221208_154021
0,0,0,0,-0.07057138715180843,-0.006319478609665047,0.6184787435531288,0.9986090805598853,0.05201674678587748,0.008611752269728244,-0.05166501918968952,0.9328123879536675,0.35663955847929324,0.010518080408053937,-0.3565884279305627,0.9342023672901603,221208_154021
0,0,0,0,-0.07053731663060792,-0.006440894094128889,0.6204310762080578,0.9987533307536075,0.049905293046260395,0.0011162591727392757,-0.04715612669150337,0.9359275848179671,0.34902128257781223,0.016373271634854608,-0.3486388069374565,0.9371141330025912,221208_154021
0,0,0,0,-0.07050070230110204,-0.006839737990152111,0.6206191868919967,0.9990864914643359,0.04267767638646984,-0.0021905505552064428,-0.03924173835796288,0.9365324693590872,0.3483776970571106,0.016919472335990397,-0.3479734900454666,0.9373516851648847,221208_154021
0,0,0,0,-0.0705082973017938,-0.007260106918400474,0.6202066161818227,0.9990344733438782,0.04391036177879172,0.0014146374008414744,-0.041591855835610064,0.9349321066517243,0.3523805804523261,0.014150568846165217,-0.35209918500363524,0.9358557182178809,221208_154021
0,0,0,0,-0.07037386721467065,-0.007351909153670267,0.6194173066759103,0.9992674455815931,0.03585554086456949,0.01337730877819665,-0.03826957359770601,0.935228373571608,0.35197063656398175,0.00010925881105033203,-0.35222474282184374,0.9359154441543307,221208_154021
0,0,0,0,-0.07053683354607529,-0.007310868995352493,0.6211521918564199,0.9994545924315805,0.03231453715172167,0.006803554665981529,-0.03267186609884831,0.9376504017582387,0.3460408548831073,0.004802794295191981,-0.34607440640891496,0.938194776363456,221208_154021
0,0,0,0,-0.07046755943093266,-0.00726288194128822,0.6212591262321023,0.9994916781675994,0.029222466178811995,0.012744910519288128,-0.03182080229530762,0.9389404585016763,0.3426050961821,-0.001954946290673186,-0.34283649580972453,0.939393056886152,221208_154021
0,0,0,0,-0.07016922834037202,-0.007141003283989967,0.6199438456207242,0.9995742984189281,0.029001923892773826,0.003179677786507476,-0.02829364053211287,0.9369847253160729,0.34822276552488984,0.007119820626099758,-0.34816449120334,0.9374064194464276,221208_154021
0,0,0,0,-0.0700526028670789,-0.006969019919330728,0.6198139870964098,0.9996323045474602,0.02411494323999,0.012398597407178141,-0.026906153991464198,0.9388667794573841,0.3432276639618467,-0.003363715582631724,-0.34343505928173784,0.9391704027883483,221208_154021
0,0,0,0,-0.06983226141113763,-0.006786851098453395,0.6189001507763716,0.999632886962804,0.024393267791142537,0.011792361463231768,-0.026964034089333705,0.9382629903961209,0.344870267953846,-0.0026518235309225674,-0.34506163121882716,0.9385762827242988,221208_154022
0,0,0,0,-0.0701371970030141,-0.006672510056906245,0.6203086808276305,0.9996479855598281,0.02510829490332636,0.008571959707374628,-0.026525287909020423,0.9389995317470772,0.3428939901487252,0.0005604172738528923,-0.3430006602119274,0.9393349951038028,221208_154022
0,0,0,0,-0.07033938116499958,-0.006433166808641233,0.6201703779943766,0.9996413413405234,0.023658937278087933,0.012547643993584687,-0.0265125887055922,0.940389132891427,0.33906542345075347,-0.003777740468367735,-0.33927648522493004,0.9406791138589032,221208_154022
0,0,0,0,-0.07012520526661833,-0.006013658298547576,0.6180277887931706,0.9996731613990844,0.024506535782063743,0.007280115543185419,-0.025516671178815536,0.9389647326068681,0.3430657814653986,0.001571582104729255,-0.3431394186398218,0.9392831679026369,221208_154022
0,0,0,0,-0.07003750956905264,-0.005726330567871539,0.6185679724996418,0.999626127078088,0.024923757460240448,0.011243325883634307,-0.027260237408352123,0.9403158305834305,0.33920940171320896,-0.0021179044602564895,-0.3393890762358977,0.9406436995018046,221208_154022
0,0,0,0,-0.06979639110322507,-0.0057891551740664815,0.6183192735666339,0.9996176763964,0.02601938670788312,0.009353745303772717,-0.027647870066838415,0.9368236610612748,0.34870764740182736,0.0003103492056292373,-0.34883293937226684,0.9371848718861583,221208_154022
0,0,0,0,-0.06979788795856237,-0.00605468075674872,0.6188858153869589,0.9995379139882166,0.03024963648653419,0.002986300808192296,-0.029409344839357168,0.9375563796096539,0.34658783228693746,0.007684330563181585,-0.34651550404804554,0.9380127699120757,221208_154022
0,0,0,0,-0.06973808278241647,-0.005950193715241427,0.618824406279245,0.9994686247682658,0.03259484764322518,-0.00020978785849769602,-0.030537500022789155,0.9385952790458927,0.34366606356333956,0.011398648875581091,-0.34347704153244085,0.9390918979226331,221208_154022
0,0,0,0,-0.06950655529941654,-0.005643985610636245,0.6184146448810371,0.999433238560621,0.033199466477870566,-0.005567502655043598,-0.02925292992010669,0.9383776864523531,0.34437128750727447,0.016657363276296036,-0.344013245375688,0.9388170318303606,221208_154022
0,0,0,0,-0.06941117172063899,-0.0055618105000377425,0.6178036676619993,0.9994439600669005,0.03299834667451565,-0.004783283656626442,-0.029321212451573514,0.9380993991846296,0.34512285312596647,0.01587567907715952,-0.34479069936149115,0.9385453299908603,221208_154022
0,0,0,0,-0.069427975371581,-0.00547344305006717,0.6181454170191046,0.9994616604992738,0.03242140206848096,-0.005024129770296473,-0.02874495179146558,0.93916492650353,0.3422615499470031,0.015815085789877968,-0.3419328786670455,0.9395912885653668,221208_154022
0,0,0,0,-0.06940196174081296,-0.00553400671224597,0.617625494096824,0.9994500476521446,0.032913193582102734,-0.004040289142254025,-0.02948859111325744,0.9378912481123088,0.34567387767734226,0.015166583078633701,-0.3453646310822261,0.9383460163261508,221208_154022
0,0,0,0,-0.06941686221359666,-0.005496365408610475,0.6177026418090382,0.9994724602254195,0.03235596593817079,-0.002809398361745796,-0.029385638378335563,0.9377641470626548,0.34602729479182504,0.013830600422423435,-0.3457621956664129,0.938220239890345,221208_154022
0,0,0,0,-0.06939398731215134,-0.005459610676731524,0.6175563315702937,0.999463660739216,0.03260640052954346,-0.0030353758041429847,-0.029543170835015307,0.9377762561069951,0.3459810609541526,0.014127700406594456,-0.34570582310174486,0.938236586344173,221208_154022
0,0,0,0,-0.06943680983119221,-0.00551657764239697,0.617861905820124,0.9994473797881613,0.032913398065637825,-0.004652231975177461,-0.029282548850262463,0.9380101555038302,0.3453686154017361,0.015731095556571616,-0.34504152851425457,0.9384555803196745,221208_154022
0,0,0,0,-0.06943569921443357,-0.005467906477239996,0.6177954099370652,0.9994611274350365,0.03262451467130366,-0.003618810404992165,-0.0293703169040024,0.9380610448581803,0.34522291436771224,0.014657395104310241,-0.3449305976019527,0.9385137418315812,221208_154022
0,0,0,0,-0.06941673432923735,-0.005473211277583907,0.6176773148184309,0.9994555820080846,0.032236446014457854,-0.00702503674284638,-0.027843727990970957,0.9383513915731426,0.3445597085329491,0.017699333446382123,-0.34417652081614014,0.9387381190270537,221208_154022
0,0,0,0,-0.06942599996683294,-0.005487237371783893,0.6176504323902389,0.9994738173327289,0.032402726094946974,-0.0014669042091537965,-0.02988666460787484,0.9375538349376725,0.34655388307199747,0.012604592217100571,-0.34632769155133863,0.9380289197672754,221208_154022
0,0,0,0,-0.06948205530249768,-0.0054783761092366025,0.6181283916932038,0.9994402663150073,0.03269100075928767,-0.007102994970017927,-0.028263436432682122,0.93871885819769,0.34352304642489495,0.01789782749954822,-0.34313000995742277,0.9391173856538997,221208_154022
0,0,0,0,-0.0694683457248766,-0.005469398657548927,0.6181226427281381,0.9994542357691553,0.03244804131409659,-0.0061931589655703796,-0.028324705441924253,0.9382551074370099,0.34478263359686934,0.016998284169949966,-0.34441904416458086,0.9386621225723525,221208_154022
0,0,0,0,-0.06946873620335335,-0.005465217353536212,0.6180465629274147,0.9994453445393552,0.03258683727246506,-0.0068630397920250615,-0.028256701564599,0.9388895568981329,0.34305678650089066,0.01762277206622797,-0.34267258131371753,0.939289593214199,221208_154022
0,0,0,0,-0.0694642243424064,-0.005478988482745974,0.6180943021910488,0.9994539543099438,0.03229546728581417,-0.006985413875152672,-0.027945861544312084,0.9389925569208227,0.3428002433923311,0.017630145681825977,-0.3424178453878919,0.9393823487393999,221208_154022
0,0,0,0,-0.06944917390099613,-0.005453603898040593,0.617884645431711,0.9994831141096439,0.032040927995806046,-0.002623650673411814,-0.029187054303866977,0.9386073106626116,0.34375053779123377,0.01347666393257774,-0.34349628135376786,0.9390573380925051,221208_154022
0,0,0,0,-0.06945041988936619,-0.005460738768693647,0.6178330983798711,0.9994504048978972,0.03232952804145617,-0.007327330076236474,-0.02783709767696011,0.9385435000429846,0.34403661799289204,0.01799955950441015,-0.3436435655496555,0.9389276413621908,221208_154022
0,0,0,0,-0.06950247612310344,-0.00546128435627674,0.6182863868252038,0.9994310045082909,0.03296662895161498,-0.007132222873330648,-0.02850664123245597,0.9386037787798169,0.34381727394924777,0.018028827837448608,-0.343418327751759,0.9390094853253577,221208_154022
0,0,0,0,-0.06947985280972684,-0.005452624176882761,0.6181189288630677,0.9994516967283662,0.03242228280601004,-0.006715763875975342,-0.02816472617033926,0.9391311807410858,0.3424023562413132,0.017408449285923114,-0.3420254682585793,0.9395294167592406,221208_154022
0,0,0,0,-0.06944048144377708,-0.005438923569055803,0.6175911310628334,0.9994753888257658,0.03218080686856149,-0.0036527798829281578,-0.02893660413890206,0.9379427423275465,0.34558079381816037,0.014547167163858923,-0.34529379922664366,0.9383818903533556,221208_154022
0,0,0,0,-0.06950474208363422,-0.005451519698636813,0.6183838104177468,0.9994556817962887,0.03234037825447013,-0.006514603554523974,-0.028178373023886344,0.9395647806676487,0.34120961625176943,0.017155740113487833,-0.3408403187173003,0.9399646576961538,221208_154022
0,0,0,0,-0.0694614492425768,-0.005441503358282618,0.6179388116760481,0.9994692341326263,0.03224603619311123,-0.004630677291151044,-0.028717208403501816,0.9392212852191627,0.342109192119672,0.015380896067917055,-0.34179463211276057,0.9396487947606013,221208_154022
0,0,0,0,-0.06945701012234926,-0.005450922914413999,0.6178191128412192,0.9994595065172682,0.03218888521314792,-0.006676114213593553,-0.027951557709560634,0.9389905147740407,0.34280537274959905,0.017303330715999723,-0.34243348088806563,0.9393827260031001,221208_154023
0,0,0,0,-0.06955318580960833,-0.005455731733086023,0.6184168732745273,0.99947923087422,0.03205319140511867,-0.003722898309676082,-0.02886096755986174,0.9395639341370272,0.3411548889001299,0.014433003934939202,-0.3408697795195377,0.939999724365766,221208_154023
0,0,0,0,-0.06950218704741098,-0.0054482881432435645,0.6182835822022151,0.9994213099264078,0.03345695657915843,-0.0061381855171836995,-0.029347222940261767,0.9393475889200209,0.34170871761756205,0.017198423493960974,-0.34133083547579535,0.939785866558291,221208_154023
0,0,0,0,-0.069534944661018,-0.005437169113310327,0.6185672135997472,0.9994324679835239,0.03288843975322659,-0.007286458053140274,-0.028433784609867625,0.9396192192448335,0.3410384768885897,0.018062719427634436,-0.3406377450552534,0.940021098066714,221208_154023
0,0,0,0,-0.06951395356358589,-0.005450562459777111,0.6182612270211096,0.9994219624665415,0.0331863095734386,-0.00737629964299889,-0.02867206792933359,0.939403385199261,0.3416126350075828,0.01826618351443699,-0.3412036763182135,0.9398118949059715,221208_154023
0,0,0,0,-0.06947384764445504,-0.005440131735298865,0.6179995084492301,0.9994651117436216,0.03237771838598939,-0.0046014953468744985,-0.028856307119859495,0.9393365720409022,0.3417808039750784,0.015388435486237386,-0.3414652072738366,0.9397684333253175,221208_154023
0,0,0,0,-0.06952800252280007,-0.005443554111041347,0.6184486235662093,0.9994508848189122,0.03269290256152996,-0.0053947156362379005,-0.028919503610968927,0.9401304117264346,0.3395857347680851,0.01617377957030193,-0.33924325058752075,0.9405596343588343,221208_154023
0,0,0,0,-0.06950364262099287,-0.005439203966319772,0.6182426776302159,0.9994114957426395,0.03354340719048356,-0.007176490194653377,-0.02905034563460744,0.9389114137999304,0.3429306554607306,0.01824115116900204,-0.34252035978941425,0.9393333080082702,221208_154023
0,0,0,0,-0.06973391162438292,-0.005465278866964074,0.6189552470279682,0.9995343780808601,0.030487823214796678,0.0012327490142267621,-0.02909854137243567,0.940272900291443,0.3391756887919801,0.009181607947708371,-0.3390536323550315,0.9407222398042653,221208_154023
0,0,0,0,-0.06983287677578467,-0.005788932665509402,0.6186754715990783,0.9994529745203928,0.033071441996968036,0.00017733183513048145,-0.031144697444801018,0.9393940412662912,0.34142179639627107,0.011124726666771523,-0.34124055292070155,0.9399101688453867,221208_154023
0,0,0,0,-0.0694685011842889,-0.005754369790729326,0.6193927314029225,0.9995399837812904,0.0303138562601864,-0.0009438967814017919,-0.028264958314628108,0.9423627304059863,0.3333970252915365,0.010996042650404589,-0.3332169780494533,0.9427860481496427,221208_154023
0,0,0,0,-0.06822880560876908,-0.005133721359090799,0.6161995212307795,0.9997189460271048,0.023086468363906043,0.005389242334231762,-0.023548457467704453,0.9407696014570442,0.3382277740299374,0.0027384494420058803,-0.3382596221141936,0.9410488451413224,221208_154023
0,0,0,0,-0.06821946367669329,-0.004454513914769068,0.6186681212098909,0.999720361076211,0.019566756751266845,0.013279370462764417,-0.02280284778192615,0.9464000839057521,0.3221907995524076,-0.006263368317837692,-0.3224035099272683,0.9465816113805998,221208_154023
0,0,0,0,-0.06803730242626654,-0.004429873122426104,0.6194268589063235,0.9996820445053759,0.01877374809773809,0.01683318971302293,-0.023226072888169316,0.9454731317407702,0.3248709077379712,-0.009816284009002134,-0.3251585821390275,0.9456085538052159,221208_154023
0,0,0,0,-0.06755169948796955,-0.004833622354274909,0.6169431641953517,0.9996853218648908,0.01882205292955466,0.016582749211400204,-0.0233164145588918,0.941030996025074,0.3375159393749818,-0.009252138131753684,-0.33779638074374846,0.9411737369351184,221208_154023
0,0,0,0,-0.06784804275797465,-0.004951279774785888,0.6182828222412546,0.9996687990120887,0.01913843364211293,0.01720501785684178,-0.023758854302478483,0.9432567949125852,0.3312131272964147,-0.009889849541899254,-0.3315122006939772,0.9433990945867368,221208_154023
0,0,0,0,-0.06790819368365583,-0.0048538666378182506,0.6176030622268924,0.9996661890758279,0.018438168476170247,0.018098186700722933,-0.02344954426920065,0.9415731575357025,0.3359912318525789,-0.01084570385805654,-0.3363034685391915,0.9416912167777357,221208_154023
0,0,0,0,-0.06816621011974634,-0.0051264909703731005,0.6194496756406747,0.9996767279771375,0.02108255488760319,0.014211453843124562,-0.02459875921286858,0.9433394511509393,0.3309162748301015,-0.006429664541123231,-0.3311588829876909,0.9435531005895924,221208_154023
0,0,0,0,-0.06754437179840948,-0.005526785391872782,0.61735105856293,0.9997109081654867,0.022183444057266397,0.009273343771074754,-0.024020833653087825,0.9383066623178321,0.34496899425974686,-0.0010486398567104635,-0.34509201998847894,0.9385682703430381,221208_154023
0,0,0,0,-0.06734145311709624,-0.005883763864402412,0.6173168783743868,0.9997034381390477,0.024248352573928322,0.002247925803367368,-0.02350679671654854,0.9367601815168443,0.349181604373221,0.006361311271572995,-0.3491308919617113,0.9370523752688138,221208_154023
0,0,0,0,-0.0670763760170059,-0.0062318583946030315,0.616686838883994,0.9996899361409957,0.02478865398679958,-0.0023567375617008692,-0.02234895517460017,0.9349608054667214,0.35404634787499706,0.010979789661724915,-0.3538839002759838,0.9352249084281501,221208_154023
0,0,0,0,-0.06723657219598131,-0.006508929623407811,0.6186811360436916,0.99973684466716,0.022178718389189334,0.005860534579946626,-0.022824367680140456,0.9360783967865333,0.35105025752669017,0.002299924988228369,-0.3510916397753823,0.9363382779876521,221208_154023
0,0,0,0,-0.06729043807409095,-0.006914678128484701,0.6193357228634033,0.9997303253438605,0.022973731244496864,0.0033888435438249372,-0.022681843166154764,0.9347080011904106,0.3546921009850844,0.004981021827381624,-0.35467331473249153,0.9349770207006278,221208_154023
0,0,0,0,-0.06721586408757388,-0.007200883365345426,0.6168596768866428,0.9997110177071142,0.024039156563474315,-5.169402281388069e-06,-0.022399821878230877,0.9316143811397086,0.3627573470427604,0.00872519654961873,-0.3626524007991604,0.931883633904886,221208_154023
0,0,0,0,-0.06758116194767594,-0.007149627861774935,0.6182642250434899,0.9996350805306198,0.02616375146476957,-0.006720407862039717,-0.022032655325211425,0.9336369772946069,0.3575423845189696,0.015629071369177044,-0.35726384191166066,0.9338727319022958,221208_154023
0,0,0,0,-0.06759317414482542,-0.007311441576526991,0.6183648229821904,0.9996611444670744,0.02588670678999113,-0.002733981409523205,-0.023181565427916405,0.9330989534770345,0.3588717849655702,0.011841083864656233,-0.35868680130670016,0.9333828621210473,221208_154023
0,0,0,0,-0.0677065834138886,-0.007266805439004917,0.6186443710172423,0.999714596454844,0.023662140493613038,-0.0032907054545701503,-0.02092893269217244,0.9338816916261401,0.35696913847259315,0.011519783482979828,-0.3567983872619933,0.9341103818263374,221208_154023
0,0,0,0,-0.06745273678451696,-0.007065170968763527,0.6177988174182162,0.9995652726452895,0.02753626954310523,-0.010536582994390895,-0.02190687127956481,0.9328331682532311,0.35964200143667824,0.019732073187802998,-0.3592548316533662,0.9330308736700103,221208_154023
0,0,0,0,-0.06740577257604892,-0.0068738508853045535,0.6183126151217645,0.9997301166090247,0.02319046132779573,0.0013771159390371423,-0.022147587343496145,0.9335231956002552,0.35783226189256634,0.0070127255591352355,-0.35776618870386845,0.9337848659624659,221208_154023
0,0,0,0,-0.06733151267170473,-0.006692129892837809,0.619502263307839,0.9997436364517741,0.02196630265759869,0.005490256982794087,-0.02248904757383767,0.9352149047411945,0.3533657095547611,0.0026275679637285387,-0.35339859011811703,0.9354691509553498,221208_154024
0,0,0,0,-0.06733981063664009,-0.006575006968327828,0.6214165579426422,0.9997010704223934,0.02443481337715385,0.0008424319230629597,-0.023209660259753823,0.9376165910219283,0.34689543080162494,0.007686446965154754,-0.34681128605574796,0.9379034334074111,221208_154024
0,0,0,0,-0.06676265910002495,-0.005690974481283168,0.6184742067163355,0.9992190546252314,0.03874390647723468,0.0077582591308344735,-0.03898442983087372,0.9346514393722717,0.35342170435628734,0.006441669396947375,-0.3534481526196233,0.9354319367571089,221208_154024
0,0,0,0,-0.06689212359971579,-0.005168571974571912,0.6177939769964107,0.9989124700553362,0.0442368532853642,0.014730172414328332,-0.04658353368657647,0.9336127001650485,0.35524259384229073,0.0019625384628758347,-0.3555424403667392,0.9346580773421077,221208_154024
0,0,0,0,-0.0675506864571787,-0.004554013982476154,0.6192417476275799,0.9985374739559236,0.0527438246328954,0.011874429199689493,-0.05357428518667079,0.9358370793792709,0.34833713098895186,0.007260101408473843,-0.34846384291913457,0.937294105980384,221208_154024
0,0,0,0,-0.06774333536927457,-0.003869617186946544,0.6151811655612618,0.9983578541106994,0.054661730078059245,0.017137397712401012,-0.057156434088389524,0.9304469713519483,0.36194139794210767,0.0038389032000296225,-0.3623265499061046,0.9320433112550939,221208_154024
0,0,0,0,-0.06813432587266978,-0.0032649711180788195,0.6182545831708799,0.9986907866033751,0.05061234777515094,0.007423139916392462,-0.05004542615793982,0.9366646491045069,0.34663351026494776,0.01059094302700949,-0.34655118723013584,0.9379712717110168,221208_154024
0,0,0,0,-0.06769077146977234,-0.00308573007491397,0.617305693935949,0.9989958477892661,0.04110503828812098,0.01782335342008753,-0.04475720846215091,0.9335632099044637,0.35560726286670513,-0.002021976874448786,-0.356047902592062,0.9344655171108845,221208_154024
0,0,0,0,-0.06755188102366928,-0.0036314302354286264,0.6193620373746919,0.9990797359117299,0.04241423992489167,0.006380716428473276,-0.04194497297862197,0.9350798899585352,0.3519463291994337,0.008961056431556275,-0.3518900846098498,0.935998433663702,221208_154024
0,0,0,0,-0.06765790806301941,-0.004458115846141825,0.6195748096180491,0.9988916622694876,0.04516096154360141,0.0132640341132476,-0.04692239758951661,0.9332442729842624,0.35616487129772617,0.0037061641830021252,-0.3563925006148865,0.9343289837378036,221208_154024
0,0,0,0,-0.06774189917390655,-0.005098551702537922,0.6199899631812031,0.998861194879707,0.04625900012905714,0.011679823223943998,-0.04740664609127267,0.9347009036749108,0.3522596067897677,0.00537803587376582,-0.3524121529918695,0.9358294455475183,221208_154024
0,0,0,0,-0.06761462796839668,-0.005363572605187107,0.6208016808521499,0.9987075939771134,0.05079092763671182,-0.001850243834464381,-0.04697574389836168,0.9363619591111229,0.347878658464089,0.019401577710078274,-0.34734214141013897,0.937537740884589,221208_154024
