motor1,motor2,motor3,motor4,leg_trans_x,leg_trans_y,leg_trans_z,R_0_0,R_0_1,R_0_2,R_1_0,R_1_1,R_1_2,R_2_0,R_2_1,R_2_2,221121_012423
0,0,0,0,0.00947312283343831,-0.009832137976714672,0.29681554743631194,0.016819000640025727,-0.9991103921387253,-0.03867228384609407,0.9998048587756946,0.01720633849239364,-0.009704961833933769,0.010361736629722753,-0.038501509529981305,0.9992048179317037,221121_012424
0,0,0,0,0.009432285755538842,-0.009826507609103929,0.2968503507476192,0.016190935665499506,-0.9994449217232628,-0.029115323179688044,0.9998000880430925,0.016524623485826118,-0.0112570319212676,0.011731903140600054,-0.028927240798833485,0.9995126698488949,221121_012424
0,0,0,0,0.009445774685609783,-0.00984191040937651,0.2968710988720187,0.01647649735076359,-0.9992735223521506,-0.034364990338646526,0.9998547705403853,0.016616294372818183,-0.0037863688343072978,0.004354636917568667,-0.0342976134336025,0.9994021767287058,221121_012424
0,0,0,0,0.009433239747405897,-0.009829280054183277,0.29698825661170924,0.016132295698501498,-0.9994552717572756,-0.028790776163331894,0.9998325825581154,0.016373666012144128,-0.00816761387994386,0.008634575303116579,-0.028654193722974328,0.9995520903341762,221121_012424
0,0,0,0,0.009456403178106625,-0.009835120547848705,0.29698225077018303,0.016309626593263328,-0.9992313213495511,-0.03564775609232996,0.9998386209193307,0.016567358917084392,-0.006946562937407137,0.007531812432553465,-0.03552870744260815,0.99934027375511,221121_012424
0,0,0,0,0.0094460033491132,-0.009850086736723523,0.2970462831540582,0.01611285795089379,-0.9993336952168872,-0.032749678056668806,0.9998682890091657,0.016167875000127757,-0.0014157866588454487,0.0019443360145374408,-0.03272255219479971,0.9994625826589614,221121_012424
0,0,0,0,0.009444833068743703,-0.009868315379088761,0.2970943161375599,0.016495458292823395,-0.9994128667916686,-0.03003034377041644,0.9998520666416921,0.01634144755078748,0.005366742427437154,-0.004872852147081064,-0.030114428156691447,0.9995345799564657,221121_012424
0,0,0,0,0.009466167348380272,-0.009846443816109267,0.29708878787740406,0.016736713329794872,-0.9991931181254742,-0.03651020566374976,0.9998597916922949,0.016706245638963113,0.0011394356898366135,-0.0005285678356836306,-0.036524157038098214,0.9993326305933873,221121_012424
0,0,0,0,0.009467841239873983,-0.00985380031211514,0.2971080202034696,0.016631409641185202,-0.9992791200321276,-0.03412677074035518,0.9998594679236217,0.016693616910125608,-0.0015386870867053588,0.002107277115126904,-0.03409638429915435,0.9994163276437324,221121_012424
0,0,0,0,0.009452259434768191,-0.009868492868447107,0.29708524946544324,0.016274888777195434,-0.9993746172738722,-0.031392711638069434,0.999867066686501,0.016235820217635644,0.0014990322186479305,-0.0009884083274927045,-0.03141293508352359,0.99950600326282,221121_012424
0,0,0,0,0.009461763281418211,-0.009841114344182987,0.2970946800722351,0.01645282139450585,-0.9993380915342612,-0.0324450840162385,0.9998497005658267,0.016621315311217716,-0.00493033018688661,0.005466346731329872,-0.032359089696488375,0.9994613591167132,221121_012424
0,0,0,0,0.009446370379084799,-0.009847588171373212,0.2971125178071182,0.01604769033948622,-0.9993306079613615,-0.032875638797482704,0.9998709204227467,0.016064778659585444,-0.00025569432425617724,0.0007836630250852347,-0.03286729192058757,0.9994594173822516,221121_012425
0,0,0,0,0.009455251061943743,-0.009867416145349441,0.2971551878280426,0.016687024718140764,-0.9993363762033867,-0.03237823964854809,0.9998523106738696,0.016544989155192924,0.0046497498833889235,-0.004110966574868544,-0.032451048219390405,0.9994648715304021,221121_012425
0,0,0,0,0.009446552317452431,-0.00986208861106551,0.29714526923690676,0.015921872135673032,-0.9993354818919362,-0.03278854402845503,0.9998732384664509,0.015912278940876656,0.0005535137927806846,-3.140551419632612e-05,-0.03279320067816515,0.9994621578644063,221121_012425
0,0,0,0,0.00946878531779693,-0.00984827309394668,0.2972121692439569,0.01625477247307136,-0.9993306709765918,-0.03277182352759109,0.9998420317438296,0.016481305780420064,-0.006654180501281677,0.007189849109685367,-0.032658484429733806,0.9994407083286796,221121_012425
0,0,0,0,0.009462233706203263,-0.009863580430259086,0.2971075023732381,0.016553737093753407,-0.9992663164622939,-0.034536973986003666,0.9998629448691642,0.016535032591914467,0.0008271485641913234,-0.00025547170842186474,-0.03454593291638444,0.9994030784689143,221121_012425
0,0,0,0,0.009442809300578165,-0.009852392021423712,0.29716689867357154,0.016207748972191294,-0.9993228233167852,-0.03303337208678158,0.9998684837216223,0.016217710369492933,-3.362432412205407e-05,0.0005693272155448872,-0.03302848268601773,0.999454248676737,221121_012425
0,0,0,0,0.00946219717400139,-0.009837885364120514,0.29715181729362367,0.016516773839498844,-0.9992003634364306,-0.03641194708387252,0.9998523630137068,0.016678198468338012,-0.004133989810975133,0.004737969801652302,-0.03633829115897732,0.9993283145382222,221121_012425
0,0,0,0,0.00946007611882783,-0.009868260464710291,0.29706113912702364,0.016849761731751192,-0.9992440233109883,-0.035035230937618074,0.9998567556666567,0.01678338984076437,0.0021876867236492077,-0.0015980229444960158,-0.035067074339356075,0.9993836833868897,221121_012425
0,0,0,0,0.009462030416765807,-0.009859276850312708,0.29708523016943383,0.016452750197360172,-0.9993141902626979,-0.03317312391908043,0.9998616859231664,0.016524352333102066,-0.001885418482637327,0.0024322898319115846,-0.03313751528975756,0.9994478420841153,221121_012425
0,0,0,0,0.009465754567885286,-0.009859792956635152,0.2970919785500538,0.016561709146241797,-0.9992762254417706,-0.03424521947661265,0.999861887954992,0.01659937686500798,-0.0008159061046793894,0.0013837648765161234,-0.03422697699972268,0.9994131274103952,221121_012425
0,0,0,0,0.009458981202417492,-0.009855259922880886,0.29708971851960597,0.016730527381543667,-0.9992413106792387,-0.0351694823045947,0.999859849207484,0.0166987321532322,0.0011976173271244406,-0.0006094229426757268,-0.035184590043261375,0.9993806448131586,221121_012425
0,0,0,0,0.009457191596078288,-0.009853550053896567,0.29717722826824783,0.0168613010627906,-0.999355691101011,-0.03168436823563603,0.9998565921383668,0.016902840220254012,-0.0010436234668005492,0.001578506864680345,-0.03166222759867023,0.9994973795161086,221121_012425
0,0,0,0,0.009460171394325746,-0.009848596224054883,0.29715600176619983,0.016602176108415884,-0.9992577312662804,-0.034761390263220816,0.9998546005758944,0.016727332738275424,-0.0033127098698479285,0.003891716290265598,-0.03470133778444013,0.9993901498915658,221121_012425
0,0,0,0,0.009450975738333865,-0.009859877448923663,0.2970721221061444,0.016257105355129475,-0.9993818988089811,-0.031169325601103075,0.9998678255608531,0.016255276252741646,0.00031209318872699025,0.00019476571470225523,-0.031170279544822904,0.9995140698056301,221121_012425
0,0,0,0,0.009465006590884908,-0.009841177946672983,0.29712256401351095,0.01610304671032886,-0.9992420698976288,-0.035439774736111755,0.9998386919252918,0.01637441555004862,-0.0073802875631847915,0.007954999419605707,-0.03531521289891536,0.9993445620616236,221121_012425
0,0,0,0,0.009443496099073936,-0.00986140309153156,0.2971099742409372,0.01643501415090981,-0.9993975572040897,-0.03056816913649205,0.9998646584345068,0.01645010863510274,-0.00024236241511059974,0.0007450661086911056,-0.030560048762904878,0.9995326549423499,221121_012425
0,0,0,0,0.00945667024330918,-0.009848332929053712,0.29708042458942546,0.01670519615000199,-0.999241200783658,-0.035184642644528474,0.9998591302386896,0.01675218604563472,-0.0010411248837550813,0.0016297545585394896,-0.035162293996917574,0.9993802864680458,221121_012425
0,0,0,0,0.00945174623436163,-0.00985455394734674,0.2971508893405254,0.016993113690625505,-0.9993779669949188,-0.030901669407984975,0.9998551100047633,0.01695418396966092,0.0015213951772540062,-0.0009965362311273648,-0.03092304530646709,0.9995212715017696,221121_012425
0,0,0,0,0.009444825801822126,-0.009855769550313235,0.2970398665283273,0.016444801789946784,-0.9993687704376151,-0.031490143983467715,0.9998629509082956,0.016376453245868228,0.002427175321456002,-0.0019099463459890872,-0.03152574270490794,0.9995011153829991,221121_012425
0,0,0,0,0.009440472716501027,-0.00985075272122279,0.29713147969886583,0.016438965195426314,-0.9993430398861527,-0.03229936616106237,0.9998507011880796,0.01660213315735165,-0.0047900426230517296,0.005323134134008773,-0.032215800560103786,0.9994667610467409,221121_012425
0,0,0,0,0.00946888161065446,-0.00985791872539535,0.2970448927144338,0.01670031753554449,-0.9991720520057403,-0.03709865071469903,0.999859143101283,0.016750816112310885,-0.0010507694039940862,0.0016713320977103938,-0.0370758769311094,0.9993110556772643,221121_012425
0,0,0,0,0.009446289776258374,-0.009843778440484553,0.2970856234045342,0.016599206805758604,-0.999343107138547,-0.0322152223039644,0.999835282002419,0.01682666567252089,-0.0068023661683544396,0.007339972517852209,-0.03209700199425784,0.9994578066463925,221121_012425
0,0,0,0,0.009465261551871084,-0.009841389552535437,0.29707821325153516,0.01676933579460138,-0.9991708352876907,-0.037100286892521595,0.9998435492916325,0.016966354796698224,-0.005001974092678489,0.005627283262746769,-0.0370106027431606,0.9992990288035253,221121_012425
0,0,0,0,0.009444824616965861,-0.009848755680741627,0.2970615424329672,0.01687163719821283,-0.9992878955835204,-0.03374980886629529,0.9998543590586836,0.016948752716150428,-0.0020001131759299863,0.002570706051196128,-0.03371114832850308,0.9994283115605501,221121_012425
0,0,0,0,0.009446794494004538,-0.009838219122280138,0.2971319749269684,0.016699135421750277,-0.999269082569372,-0.03438661799495298,0.9998323478661866,0.016947135724990237,-0.006933307371503689,0.007510994378577816,-0.034265072766354134,0.9993845554899082,221121_012425
0,0,0,0,0.009445146540587528,-0.00983868350268802,0.29707476972285474,0.016508569914198218,-0.9993396571681215,-0.032368452704596186,0.9998504034524309,0.016666802443415202,-0.004624760785571224,0.005161185464563852,-0.032287262309056375,0.9994653044789432,221121_012425
0,0,0,0,0.009451501120195818,-0.00985017594706165,0.29709421511160083,0.016964613470185352,-0.999309704258029,-0.03305021732966763,0.9998541097190778,0.017021107046383793,-0.0014287031832322047,0.001990268242582801,-0.03302115822690971,0.9994526711864229,221121_012425
0,0,0,0,0.009438181566225515,-0.00986155364671169,0.2970508248460088,0.01644202214298544,-0.999377351788797,-0.031218081931138297,0.9998646090056439,0.016413679775241462,0.0011639476905807,-0.0006508193606182709,-0.031232992937685562,0.9995119191817146,221121_012425
0,0,0,0,0.009452264380048493,-0.00984218891779971,0.29706559130270777,0.016427112644751662,-0.9991811104086222,-0.03697645971085756,0.9998484805393518,0.0166286078518353,-0.00514833604759706,0.005758987177075805,-0.03688628476143858,0.9993028750399913,221121_012426
0,0,0,0,0.009434043090850448,-0.009842619470606858,0.297104605461659,0.016374706114107546,-0.9993725965934752,-0.03140512979899601,0.9998552058344794,0.01651189438187234,-0.004113965193459327,0.0046299422639726395,-0.03133321754842713,0.9994982706901974,221121_012426
0,0,0,0,0.009443574640231048,-0.009829736341862174,0.29711522593220313,0.016569589764062184,-0.9993430617477976,-0.03223187291465615,0.9998401060776484,0.016777387415891354,-0.00618720858980223,0.0067239105948342,-0.03212419972595339,0.9994612672926748,221121_012426
0,0,0,0,0.009439830199771364,-0.009836014731629768,0.29707709583251773,0.016425170374085647,-0.9993102824001968,-0.0333042529930139,0.999860861041952,0.016512952412551907,-0.0023624053561657424,0.0029107275084229514,-0.03326081616348622,0.9994424674654918,221121_012426
0,0,0,0,0.009436641365267512,-0.009842445117958598,0.29707463251678934,0.016266001444284122,-0.9993234511070674,-0.032985713035726325,0.9998596796156146,0.016389152657489962,-0.0034665190220590247,0.004004781638910997,-0.03292469806437446,0.9994498116370799,221121_012426
0,0,0,0,0.009448284950577885,-0.009850811972030703,0.2969732543736087,0.01641035060919155,-0.9992801559283755,-0.0342033676798705,0.999864377076238,0.016448233524708256,-0.0008264791970037589,0.0013884692397834455,-0.03418516610574921,0.9994145519110138,221121_012426
0,0,0,0,0.009440380304822448,-0.009848776537988754,0.29704262684587607,0.01653650256677003,-0.9993348507263392,-0.03250231078899036,0.9998609463838023,0.016597695714023863,-0.0016138133324419364,0.0021522033701543352,-0.03247110439682614,0.9994703574393309,221121_012426
0,0,0,0,0.009428898913561941,-0.009843316705861546,0.29703519684070073,0.016620621304511113,-0.9992885636134942,-0.033854417418313285,0.9998615897822875,0.01663634247251912,-0.00018272157430835603,0.000745805261910469,-0.033846694674937144,0.9994267582139739,221121_012426
0,0,0,0,0.009438074973404657,-0.009853807983809406,0.29701146038755777,0.01726890453336602,-0.9993175134890085,-0.03265412945344276,0.9998427502786219,0.017127840752728024,0.004594756405983121,-0.004032325817517213,-0.032728341010413366,0.999456150135266,221121_012426
0,0,0,0,0.00943104610963852,-0.00984707782433391,0.29704142560593544,0.01649407142300688,-0.9993141691391147,-0.03315323461886109,0.9998631005859954,0.016528551440166905,-0.0007662074455619193,0.001313656900655681,-0.033136058080137476,0.9994499867229261,221121_012426
0,0,0,0,0.009435056857927723,-0.009850129725491805,0.29699779626057826,0.016516522895582003,-0.9993284387150089,-0.032708959733724285,0.9998588765908683,0.016608083334516827,-0.0025295197964460762,0.0030710541979242128,-0.03266256486218469,0.9994617178675415,221121_012426
0,0,0,0,0.009441244984042816,-0.009845336142483157,0.2969863862867829,0.016358296776229235,-0.9992722633909532,-0.0344579416695546,0.9998547562708199,0.016513232638832358,-0.004216575676470056,0.004782519127030144,-0.03438396087331151,0.9993972537211928,221121_012426
0,0,0,0,0.009424933082130568,-0.009845357728936644,0.2970871417197563,0.016567058503412113,-0.9993967678571116,-0.030522663207908432,0.9998585967775963,0.016647328297959313,-0.0023775850091581298,0.002884271568408252,-0.030478957615030944,0.9995312471955146,221121_012426
0,0,0,0,0.009442953095670658,-0.009853131903866321,0.29699343374883125,0.016838924370711772,-0.9992551374168266,-0.03472205310918675,0.9998567307576466,0.016768901151270194,0.002306927135931225,-0.0017229581158684558,-0.034755924678515515,0.9993943451486367,221121_012426
0,0,0,0,0.009433460715084059,-0.009862874940717437,0.29698726925795116,0.016592744914157243,-0.9993385596759591,-0.03235929481605298,0.9998553397740144,0.016462911278391078,0.004274585082725089,-0.0037390295001948517,-0.03242554081304371,0.9994671600214678,221121_012426
0,0,0,0,0.009435600653363196,-0.009849276948548528,0.2969952349049105,0.016359648469312787,-0.9992466061080907,-0.035193494902080256,0.9998642193674804,0.016419041644111704,-0.0013992498519209379,0.001976039124028335,-0.03516582507138371,0.9993795375213709,221121_012426
0,0,0,0,0.009442154147292242,-0.009844165404354852,0.2970359290147884,0.01615554643417952,-0.9993418433070076,-0.03247889368751316,0.99986202106291,0.01627245946436262,-0.003338547434627024,0.0038648616282654534,-0.03242047622618148,0.9994668456561538,221121_012426
0,0,0,0,0.009445492176244847,-0.009848586479539775,0.2969992435122874,0.01653572009363012,-0.9992334490811235,-0.035483576460473835,0.9998596449859734,0.016620880406526706,-0.002106338774993856,0.0026944924398158024,-0.03544376633419636,0.9993680398824742,221121_012426
0,0,0,0,0.009426866190591868,-0.009849496396049751,0.29703893026963113,0.01647593354080734,-0.9993200620286666,-0.03298419683696003,0.9998602855840036,0.01655994438060679,-0.0022754239133090273,0.0028200932312485343,-0.03294209873598902,0.9994532831528622,221121_012426
0,0,0,0,0.009425716435017873,-0.009861699407422467,0.296986552471484,0.016782400221634686,-0.9993783992439592,-0.031002680003260764,0.9998459508509264,0.016614692173538226,0.005659202327688955,-0.005140584578434585,-0.03109287906518573,0.9995032802655676,221121_012426
0,0,0,0,0.009439552264154919,-0.009841443573161223,0.29703183484547363,0.016697610604697377,-0.9992222834495094,-0.035721394962151064,0.9998591276807766,0.016747927898819487,-0.001109821847160518,0.0017072180676132448,-0.03569783143335238,0.9993611710675103,221121_012426
0,0,0,0,0.009451025699061562,-0.009860768892149548,0.29691270790440333,0.016720282451440527,-0.9991689849161436,-0.03717219036305797,0.9998499175566733,0.01653989446957166,0.0051550220996956185,-0.004535914092765352,-0.03725280489545484,0.9992955789008396,221121_012426
0,0,0,0,0.009437538136752618,-0.009850793041095433,0.2970077834963203,0.016380725968145327,-0.9992868763703128,-0.03402073677654616,0.9998533010076469,0.016541349533048366,-0.004445246870197988,0.005004825758007741,-0.03394292959790046,0.9994112413063223,221121_012426
0,0,0,0,0.009432532460487017,-0.009851253568796523,0.2970311561015852,0.016402114608680185,-0.9992969501492905,-0.03371314370820005,0.9998652957081476,0.016413048874720393,-4.7593001873502835e-05,0.0006008950170238014,-0.03370782177717944,0.999431549269992,221121_012426
0,0,0,0,0.009435704556709449,-0.009850102726361581,0.2970863632536537,0.016321568362814676,-0.999434523225954,-0.029397962349236282,0.9998663288767516,0.01628613460199463,0.0014443677693111627,-0.0009647718410404037,-0.02941760703787572,0.9995667429498942,221121_012426
0,0,0,0,0.0094437808320875,-0.00986735559123103,0.2969622219550371,0.01666668829470752,-0.9992140226973625,-0.035966072154764175,0.9998237760240148,0.01634447048906479,0.009234456210967999,-0.008639351733042859,-0.036113641873767845,0.9993103454244061,221121_012426
0,0,0,0,0.009436998469749797,-0.009863861476279658,0.29688843345752464,0.0165370040516003,-0.9992413558979609,-0.035259610891256704,0.9998537811183107,0.016373053809121185,0.0049335071076389726,-0.004352456825158171,-0.03533604069741099,0.9993660092015418,221121_012426
0,0,0,0,0.009433456351868074,-0.00985049443693802,0.2969838749048517,0.016249789553524456,-0.9993739632451947,-0.031426516304833424,0.9998600200634612,0.016366917133578972,-0.003473370443546031,0.003985551174143594,-0.031365675684326355,0.9995000299003016,221121_012427
0,0,0,0,0.009442340372847398,-0.009839981639521734,0.2970199457466349,0.01630568242558303,-0.9993415775633759,-0.03241197423451418,0.9998532569596863,0.01646717891706259,-0.0047219239321503025,0.005252548690264311,-0.03233022381079704,0.9994634397318394,221121_012427
0,0,0,0,0.009435742045872483,-0.009844209930976282,0.2970176250753823,0.016425798191512048,-0.999265652895774,-0.034617164767692006,0.9998597590316834,0.016528893267349937,-0.002694059475994287,0.0032642645228829256,-0.03456805794571602,0.9993970151781454,221121_012427
0,0,0,0,0.009431644582470618,-0.009868724472355615,0.29700209858616755,0.016837615658156224,-0.9993574404693429,-0.03164175844532508,0.999845330884568,0.01666817116423447,0.005611272437607163,-0.005080256615319224,-0.031731344891193246,0.9994835229978124,221121_012427
0,0,0,0,0.009439328176647058,-0.009835116536133032,0.297007757767158,0.016329506697321916,-0.999254109689531,-0.03499387774460549,0.9998518022618998,0.016510086080123942,-0.004877557919497773,0.005451671730147642,-0.03490904361636335,0.9993756240519065,221121_012427
0,0,0,0,0.009449711582217652,-0.009833241328873985,0.2970027989778916,0.016589639210582402,-0.9991623506847104,-0.037408299146934366,0.999844646875752,0.01680057046354011,-0.0053313174734516975,0.005955332464759728,-0.03731404301738745,0.9992858430944225,221121_012427
0,0,0,0,0.009430260172979838,-0.009853964583513078,0.2970068387928604,0.016304344587145886,-0.9993988063369853,-0.030597291380010255,0.9998669986060706,0.016308696319402557,0.00010734453662836061,0.0003917219315396805,-0.03059497207992098,0.9995317875072094,221121_012427
0,0,0,0,0.009437199353523044,-0.009846857267550474,0.29698996571342856,0.016260925398465777,-0.9993154169670959,-0.033230704432252116,0.9998671626563115,0.016288936347153286,-0.0005723585370967601,0.001113259539421545,-0.03321698307427354,0.9994475437403613,221121_012427
0,0,0,0,0.009432710413630136,-0.009865310334159846,0.29697449294802397,0.016924749061619837,-0.9993361593014796,-0.032261332609917086,0.9998422871136413,0.016742047900291934,0.005924924595866377,-0.005380870613901496,-0.03235652244402747,0.9994619060708445,221121_012427
0,0,0,0,0.009427062986600693,-0.009847913726827235,0.2970601265169638,0.01644873925001744,-0.9993648846002134,-0.03161117531960817,0.9998591591897829,0.016545775359814552,-0.0028105341205931712,0.0033317805127895082,-0.031560493433161335,0.9994962903847467,221121_012427
0,0,0,0,0.009434142342449143,-0.009855925842932708,0.2969574784080418,0.016608582836741714,-0.999340389592795,-0.03229459249900982,0.999862030504808,0.016591074074957635,0.0008100715041187306,-0.0002737351961523901,-0.03230359097006513,0.9994780653318417,221121_012427
0,0,0,0,0.009441731933799926,-0.009839416739212152,0.2969721490760749,0.01638087882398065,-0.9991839185186351,-0.03692104796318145,0.9998536644840916,0.016551620816583762,-0.004323594115777526,0.004931168896724183,-0.036844820831285235,0.9993088325193681,221121_012427
0,0,0,0,0.009421960265520666,-0.009861915837049286,0.2969860932676315,0.016581431897161242,-0.9994212641795324,-0.029701730960074297,0.999855576089674,0.016463300082907473,0.004217429639713139,-0.003726000352332849,-0.029767372342297573,0.9995499089416243,221121_012427
0,0,0,0,0.009438011765561605,-0.009851950862843984,0.29696601243011794,0.016611347537438897,-0.9992490951841206,-0.035004412674783776,0.9998543374223174,0.016463778832813275,0.0044997693633752455,-0.0039200855564397764,-0.035074061074536624,0.9993770275371402,221121_012427
0,0,0,0,0.009437542921876003,-0.00984273429403216,0.29706418421605124,0.016534896400084223,-0.9993041691906112,-0.0334331368450498,0.9998508643275338,0.016692141400728305,-0.0044296183742071685,0.004984606756956033,-0.03335490749079435,0.999431140120098,221121_012427
0,0,0,0,0.009444258747965738,-0.009865794295110716,0.29690958283603136,0.01668470173494843,-0.9992137258041949,-0.0359659685329811,0.999855283211027,0.01655431232136198,0.003920124814791473,-0.0033216506457700193,-0.036026169766801286,0.9993453265658079,221121_012427
0,0,0,0,0.009431555474725633,-0.009852219724487877,0.2969864043668757,0.016533887913752904,-0.9992984142467914,-0.03360520546436533,0.9998624093177862,0.01656954242410469,-0.0007827496961706115,0.0013390234077480054,-0.03358763980547856,0.9994348790534634,221121_012427
0,0,0,0,0.009435378491334662,-0.009828599975521348,0.29707647395737147,0.016693873453323488,-0.9993014713895443,-0.03343477034191093,0.9998434250636047,0.016880518455627824,-0.005307867156354455,0.00586855571710155,-0.033340926432256016,0.9994268070641462,221121_012427
0,0,0,0,0.009437666830255776,-0.009860288721102384,0.29699509946622293,0.01673843324649754,-0.9992641817728329,-0.03450970701589098,0.9998444808173256,0.016536506271945473,0.006128469584676892,-0.005553290158540564,-0.03460692107350784,0.9993855722303715,221121_012427
0,0,0,0,0.009432617262299693,-0.009842473818663698,0.29699667867171337,0.01632029554426151,-0.9993363747904879,-0.032564673711769014,0.9998614660586765,0.016418083686076224,-0.0027377397741931786,0.00327057247927153,-0.03251548167693369,0.9994658807618071,221121_012427
0,0,0,0,0.009429248262097666,-0.00985595427363974,0.29698647836240316,0.01637021944394254,-0.9993156622619647,-0.03316961068942091,0.9998651803816554,0.016403645727999377,-0.0007358445418473555,0.001279443518342964,-0.03315309283854047,0.999449466186021,221121_012427
0,0,0,0,0.009434702405414762,-0.009857229825645327,0.29683761312837026,0.01654400220635116,-0.9993355979015449,-0.032475510123135994,0.9998538198247597,0.016394889811040703,0.004852480800637984,-0.004316824392185175,-0.03255104230044722,0.9994607519419267,221121_012428
0,0,0,0,0.00944181110143618,-0.009845397533005751,0.29700794289693233,0.016396944330935137,-0.9993170417396621,-0.03311480492617322,0.9998645248059079,0.016435614724610637,-0.0008958812868599161,0.0014395316127819961,-0.03309562897596076,0.9994511529291571,221121_012428
0,0,0,0,0.00943384110334514,-0.009861483332441075,0.2969614366929669,0.016618426676946213,-0.9993434631414747,-0.03219426301668235,0.9998590827596527,0.016533267606736318,0.0029095850683287516,-0.0023753984526319162,-0.03223807901610138,0.9994773953139424,221121_012428
0,0,0,0,0.00942918970133327,-0.009865992672151108,0.29689047549048664,0.016802967585222844,-0.9993205810694195,-0.032802995768818316,0.9998546783630554,0.01669942159747645,0.0034280422723234724,-0.0028779221395050904,-0.032855830066959135,0.9994559580065397,221121_012428
0,0,0,0,0.009439485741738354,-0.009862395558857227,0.2969136711259219,0.016732344361255036,-0.9992849085220068,-0.03390723008947389,0.9998583458905297,0.016660923094455826,0.002387843105038708,-0.0018212098259167689,-0.03394238120410513,0.9994221320107761,221121_012428
0,0,0,0,0.009436197446769464,-0.009860882424700393,0.2970149280987553,0.016606298960056998,-0.9993592668304561,-0.031706255454437504,0.9998558255442487,0.016485449658389245,0.004069161435661169,-0.003543862310806955,-0.031769257933630786,0.9994889470575793,221121_012428
0,0,0,0,0.0094267857775167,-0.009844739678223647,0.29706280873125196,0.016500862021516946,-0.9993688405099048,-0.03145857864613262,0.9998589762085611,0.016590864726040086,-0.002602095849512067,0.0031223785348139907,-0.03141120541351911,0.9995016692966326,221121_012428
0,0,0,0,0.009433919121584169,-0.009852416448217324,0.29700948055903387,0.016331871285328318,-0.9993952182920477,-0.030699635752080068,0.9998611404820652,0.016425787856934673,-0.002809492335408387,0.003312058909984133,-0.030649488548259763,0.9995247066068487,221121_012428
0,0,0,0,0.00944354529585379,-0.009848280626896196,0.29701492895588305,0.016471428581880852,-0.999264281437828,-0.03463506724424434,0.9998504815952434,0.016643673297835088,-0.004690692157352602,0.005263695871924756,-0.034552626263371904,0.9993890181126025,221121_012428
0,0,0,0,0.009423437407512263,-0.00987290718991286,0.2969645097913874,0.016571422118429713,-0.9993388621471676,-0.03236088026270861,0.9998226928443138,0.016272606727627703,0.0094755022997796,-0.008942641808659706,-0.03251216499546752,0.9994313324510041,221121_012428
0,0,0,0,0.009428393111358633,-0.009858354967075452,0.29699228787377974,0.016202619831073933,-0.9993228164252109,-0.03303609666098304,0.999868085435275,0.01615627740620726,0.001669259827495966,-0.0011343890900856104,-0.03305878510105599,0.9994527652115605,221121_012428
0,0,0,0,0.009432153237506704,-0.009855539584737638,0.29692207230425766,0.01683518419805794,-0.9992930659685747,-0.033614652759516105,0.999857749449677,0.01679108213698028,0.0015938714176587227,-0.0010283182602207578,-0.03363670417556646,0.9994335969406677,221121_012428
0,0,0,0,0.009433111731461576,-0.009866229900311791,0.2969494124477016,0.016503682997668096,-0.9992948947921784,-0.033724496879881105,0.9998452209459441,0.01628834166376427,0.006650118600538808,-0.006096113439662884,-0.03382902848343572,0.999409042501016,221121_012428
0,0,0,0,0.009423455531411188,-0.009849040593146667,0.29697094447573125,0.016540283539060507,-0.9992777407258399,-0.03421134183731435,0.999854546444824,0.016672811032653778,-0.00359211997084031,0.0041599247665045375,-0.03414695099319275,0.9994081652477157,221121_012428
0,0,0,0,0.009437408842604645,-0.0098508253945642,0.29698207543089555,0.016860665946343972,-0.9992070745010705,-0.03606854877669837,0.9998487342263295,0.01669550837381574,0.004875311902486518,-0.004269263385231054,-0.03614529384513457,0.9993374260593848,221121_012428
0,0,0,0,0.009430303945644852,-0.009858622199310722,0.2969988729810966,0.01639299842298597,-0.9992946224915954,-0.033786492302144484,0.9998654494314941,0.016403702696384248,-3.963589076938544e-05,0.0005938315073815634,-0.033781296559302565,0.9994290727044682,221121_012428
0,0,0,0,0.00942062818120691,-0.009865396744106046,0.29696065817346606,0.016665330997721717,-0.9994545009577895,-0.028512580696116393,0.9998602535642316,0.016696161102588647,-0.0008435323986069156,0.0013191228932443212,-0.02849453841795945,0.9995930778047335,221121_012428
0,0,0,0,0.009416865444246426,-0.009848569890064008,0.29700279382809835,0.016240397004835178,-0.9993302008627761,-0.03279327901702062,0.9998661568619737,0.016296554930135487,-0.0014459112960942574,0.001979360298795768,-0.03276540768816846,0.9994611098946451,221121_012428
0,0,0,0,0.009441171435058243,-0.009845391367012343,0.2969011422497605,0.01625318374791926,-0.9993521982103338,-0.032109468233370304,0.999865120885799,0.016168926752457513,0.002881986068706496,-0.0023609434730476695,-0.032151978785871144,0.9994802030085788,221121_012428
0,0,0,0,0.009429831480097144,-0.009833242300591134,0.2970762994302231,0.016485943395289318,-0.9993764269377045,-0.031224524841778633,0.99986087484609,0.01655713842291258,-0.0020228987261151645,0.002538626080956808,-0.03118683133106111,0.9995103485853205,221121_012428
0,0,0,0,0.009423988090421602,-0.009874794070598639,0.2969646187185364,0.01657503611383479,-0.9993353129584598,-0.032468453182157075,0.9998474412389913,0.01638708594083397,0.006046293261953938,-0.005510211036511413,-0.03256371736433946,0.9994544721425526,221121_012428
0,0,0,0,0.009414250297402971,-0.009877770283241752,0.2969309695572301,0.01681041536052788,-0.9993998410160956,-0.030288078717695583,0.99985021642188,0.016677808717390163,0.0046255180797184735,-0.004117603250216735,-0.030361298941068565,0.9995305082237785,221121_012428
0,0,0,0,0.009441131002155843,-0.009834762129090634,0.29703307169612486,0.016653257912692676,-0.9993564764477538,-0.03176951341810236,0.9998555117427776,0.0167531005661688,-0.0028791073284048143,0.003409492408261258,-0.03171697657957751,0.9994910748766938,221121_012429
0,0,0,0,0.00943074365365249,-0.009856687117774989,0.2969587266137696,0.016616459920451812,-0.9993165194175829,-0.033021012686476205,0.9998589152116278,0.01652614965540712,0.0030060022279392046,-0.0024582374863559024,-0.03306630303943083,0.9994501371613119,221121_012429
0,0,0,0,0.009415958506660447,-0.009881985414043193,0.2968526788907924,0.0167809657392185,-0.9993505354981639,-0.031888969697884725,0.9998223465483026,0.01649801832639977,0.009115411891304569,-0.008583386948375842,-0.03203626992699365,0.9994498501063769,221121_012429
0,0,0,0,0.0094257495499521,-0.009850042559045898,0.2969101408650389,0.01678453069413849,-0.9993013578121944,-0.03339275077142288,0.9998545049717572,0.01667350982599819,0.003600410777158241,-0.0030411210201914587,-0.03344832349740702,0.99943582147037,221121_012429
0,0,0,0,0.009433358373245545,-0.009828033974220747,0.2970915658439136,0.016292224226036933,-0.999421414396527,-0.029856320527040053,0.9998411591187428,0.016500343065736334,-0.006737596812056795,0.00722633806691608,-0.029741807684769778,0.9995314927073508,221121_012429
0,0,0,0,0.009404370107904658,-0.009851552838799573,0.2969489814788883,0.016401296076884675,-0.9994316832603553,-0.029450093079171593,0.999859160787148,0.016498874378469253,-0.003073391329388281,0.0035575380557957897,-0.02939553775009048,0.9995615270124019,221121_012429
0,0,0,0,0.00943246725408679,-0.00984063560408952,0.2969963371525304,0.01643965403087764,-0.9992013965884324,-0.03641849572773709,0.9998623761922932,0.016509887148985748,-0.0016285887845344195,0.0022285534425758088,-0.036386710239507764,0.999335299520386,221121_012429
0,0,0,0,0.009434798368693435,-0.009865001499928952,0.29694030355471945,0.016897830161087056,-0.9993135092395106,-0.032969282480254485,0.9998325514821503,0.016656592169452644,0.007578056082779889,-0.007023697924903509,-0.0330918145274066,0.9994276359390626,221121_012429
0,0,0,0,0.009418589919139558,-0.00985091026587117,0.2969988693715813,0.01628198409143089,-0.9993721101956834,-0.03146875207365041,0.999862813191196,0.016369585895520455,-0.0025281327094631256,0.0030416757608053534,-0.03142327195941987,0.9995015388622124,221121_012429
0,0,0,0,0.009419990693780467,-0.009848303817417258,0.2969504762357089,0.016587888600879126,-0.9993123733006333,-0.03316055669044266,0.999847420316197,0.01676012613257894,-0.0049228303917710076,0.005475220434915526,-0.03307383770104838,0.9994379136399187,221121_012429
0,0,0,0,0.009424487315515696,-0.009846788800810382,0.29702022151583246,0.01620409434285644,-0.9993197106184669,-0.0331291909945087,0.999867708427612,0.016241962697930573,-0.0008742376304888916,0.0014117259802573605,-0.033110642052697585,0.9994506953385017,221121_012429
0,0,0,0,0.009427064939296454,-0.009868349710522707,0.29699168809658316,0.01679428502021809,-0.9993092229035136,-0.033151606456323514,0.9998331863092891,0.01654652468455882,0.007733826703354551,-0.007179940478437344,-0.03327596040445067,0.9994204114955265,221121_012429
0,0,0,0,0.009426873819125249,-0.009859351056629218,0.2969557730694042,0.016916475712645207,-0.999269167200053,-0.034277752738106626,0.9998488240276724,0.01676855257933718,0.004598340447841637,-0.004020191530726574,-0.034350358480011646,0.9994017665245298,221121_012429
0,0,0,0,0.009435083182381367,-0.009839792986721106,0.2970315828091104,0.016668564693509354,-0.9992288824617648,-0.03554995647355109,0.9998510293940891,0.01681719640668223,-0.003885990813084491,0.004480844857679812,-0.03547988668572883,0.9993603452559688,221121_012429
0,0,0,0,0.00943146146599608,-0.009856194809918282,0.29698254222203774,0.016277396768280272,-0.9993474843394666,-0.032243633461934484,0.9998634592561232,0.016360708346422836,-0.0023216517356896282,0.002847665504673455,-0.032201440445776726,0.9994773424317285,221121_012429
0,0,0,0,0.009428354121491865,-0.009846622111506042,0.2969851776561374,0.01634962875911119,-0.9992948776115723,-0.03379995885665555,0.9998563751569594,0.016491012391224663,-0.003908397151978391,0.004463036793971654,-0.03373120350039199,0.9994209759720829,221121_012429
0,0,0,0,0.009438057546730345,-0.009847679527589283,0.29687461834944756,0.01674676949571038,-0.9993132787519717,-0.03305323919743675,0.9998573729983089,0.016665295835454997,0.0027389004432549274,-0.0021861775725789687,-0.03309439264742872,0.9994498395632064,221121_012429
0,0,0,0,0.009423848276188702,-0.00985363914951282,0.2970093646022681,0.016390172026697125,-0.9993219611455342,-0.03296938326962649,0.9998656276657707,0.016371427225666257,0.0008384408920544255,-0.0002981165376786492,-0.03297869528709342,0.9994560104295191,221121_012429
0,0,0,0,0.009415302570069794,-0.009869459863626952,0.2969114270084009,0.016727413141867375,-0.9993530733213111,-0.031837532769216415,0.9998424241425838,0.016529368723216586,0.006473550362273285,-0.005943108131458225,-0.031940801694096736,0.999472092983529,221121_012429
0,0,0,0,0.009429009912027091,-0.009857220683340936,0.29692998238285734,0.016701585016874423,-0.9993036030384732,-0.03336713970734165,0.9998551838990714,0.016583177965936835,0.003822229546263812,-0.003266234541240414,-0.033426144899991024,0.9994358531436854,221121_012429
0,0,0,0,0.009422805180265562,-0.009864728406696117,0.29692888082048624,0.016998528743476002,-0.9992984647111752,-0.03337107200023194,0.9998482420618973,0.016861637042648453,0.004379274137990025,-0.0038135110188507876,-0.03344044889246311,0.9994334362585533,221121_012429
0,0,0,0,0.009431291635184576,-0.00984814537794322,0.29681194538056604,0.016779679742892684,-0.9993087361895318,-0.03317366610742339,0.999858136884097,0.016819061976572014,-0.0009084387105087076,0.0014657606859549638,-0.03315371667715508,0.9994491896120095,221121_012429
0,0,0,0,0.00941948506338434,-0.009841574925732167,0.2969984527618239,0.016165915651207508,-0.9993309630893761,-0.03280684962042386,0.9998690467034218,0.0161816013356105,-0.0002126560722276907,0.0007433811591011251,-0.03279911567518939,0.9994616878076806,221121_012429
0,0,0,0,0.009436026412991787,-0.00983245704278453,0.2969556322199272,0.016330852005603788,-0.9993371078135347,-0.032536874767738186,0.9998578599636332,0.01645845294107312,-0.0036577582930370387,0.004190840215859013,-0.032472515665819573,0.9994638425599088,221121_012429
0,0,0,0,0.009418918068159358,-0.009869530201391793,0.2969464182982947,0.016550328095914446,-0.999397561132113,-0.0305057608182857,0.9998564133650082,0.016431485594046613,0.004142334370223502,-0.003638583897574002,-0.03056993759165211,0.9995260074769755,221121_012430
0,0,0,0,0.009425510305081774,-0.009867734800218948,0.29689611350323913,0.01693326364406409,-0.9992203386635623,-0.035664819969216714,0.9998564013773776,0.016898787424141873,0.0012679149316564082,-0.0006642341762262201,-0.03568116848800904,0.999363003621952,221121_012430
0,0,0,0,0.009427142774195376,-0.009845433551237225,0.2968788086023028,0.016368616784569856,-0.9991322476329266,-0.038299087776826356,0.9998656585641508,0.016389401632930678,-0.00022877541707974256,0.0008562760284193168,-0.038290197885250815,0.9992662946068338,221121_012430
0,0,0,0,0.009426005797173417,-0.009846377243589463,0.2969781644004857,0.016155198520862356,-0.9992693645125094,-0.03463735999635749,0.9998677707133743,0.016081115251554007,0.0024163652317262885,-0.0018575923714262595,-0.034671816782972036,0.9993970254466188,221121_012430
0,0,0,0,0.009423173011350646,-0.009867905948292304,0.29690163389144575,0.016731680012148677,-0.9993315073457643,-0.032505219734893544,0.9998582734820866,0.01666211872518384,0.0024097196951202897,-0.0018665029847943497,-0.03254093154214422,0.9994686608098211,221121_012430
0,0,0,0,0.009424406605682138,-0.009854974912733658,0.2969622830271096,0.01652159517171794,-0.9994099693484765,-0.030112290843776743,0.9998576104623678,0.016410555047377155,0.003930964706193999,-0.003434485910032856,-0.03017294897611648,0.9995387923720712,221121_012430
0,0,0,0,0.009420120037197936,-0.009849334357264376,0.2969797717164062,0.016290642494840094,-0.9994074859913217,-0.03031982703795747,0.9998661873659321,0.01623792154044122,0.0019842546108782243,-0.0014907479396623921,-0.030348094644521605,0.9995382788177887,221121_012430
0,0,0,0,0.009413161672064482,-0.009856750660738378,0.2969897601501267,0.01621009928264433,-0.9993900294666889,-0.030932211104547264,0.9998661996282352,0.016134405033299326,0.002695146602883675,-0.0021944298203366783,-0.03097176095721602,0.9995178510166653,221121_012430
0,0,0,0,0.009416493226507769,-0.009872791536776582,0.2969053618252875,0.01682089588740364,-0.9993027667463726,-0.03333223416740719,0.9998509585337628,0.01668177977965038,0.004447352302103453,-0.003888210470243405,-0.03340207473240219,0.9994344316776914,221121_012430
0,0,0,0,0.009420122990415027,-0.009874073809409006,0.2968622800934701,0.016867080520302478,-0.9992901739497261,-0.033684563857167636,0.9998251673734095,0.01658502123381934,0.008635494045354663,-0.008070705139901218,-0.03382433026978854,0.9993952063124703,221121_012430
0,0,0,0,0.009416407323998876,-0.009864105256859981,0.2969738094585427,0.01662249542090799,-0.9994135415162682,-0.02993769663637916,0.9998500090463981,0.016469208683326214,0.005359531254003385,-0.004863337938028008,-0.030022295036439915,0.9995373978720583,221121_012430
0,0,0,0,0.009415304342291111,-0.009858593329267392,0.2969633904606412,0.01682221840563669,-0.9993259603730418,-0.032628789318809664,0.9998556413456315,0.01673522399123878,0.00293747294099201,-0.0023894428700134453,-0.03267349388206394,0.9994632226151744,221121_012430
0,0,0,0,0.00942339997368552,-0.009857786883091595,0.29693243534998165,0.016915028747858468,-0.999313897631341,-0.032948684394307905,0.9998569286942922,0.016907911917270382,0.0004946277538631155,6.280506493931345e-05,-0.03295233702568634,0.9994569223033424,221121_012430
0,0,0,0,0.009419458263480026,-0.009857932374132874,0.2969904551316149,0.01643029975654306,-0.9993669696794285,-0.031554796207024075,0.9998638661480164,0.01646990685139496,-0.0009956605083688173,0.0015147347793224618,-0.0315341415304596,0.9995015275108313,221121_012430
